0 0.82875 0.6601153846153847 0.021051136363636355 0.03261538461538463
0 0.9367258522727273 0.7378365384615384 0.026036931818181817 0.03113461538461538
0 0.6210369318181819 0.2005961538461538 0.050142045454545474 0.08269230769230769
0 0.7141477272727272 0.2698653846153847 0.028494318181818187 0.0416538461538462
0 0.727137784090909 0.23453846153846158 0.028025568181818207 0.03950000000000004
0 0.7421803977272727 0.24131730769230775 0.027571022727272722 0.04567307692307692
0 0.7934659090909091 0.2569038461538462 0.03761363636363635 0.06450000000000004
0 0.7693039772727273 0.28328846153846154 0.05082386363636364 0.043807692307692256
0 0.7758025568181819 0.3110576923076923 0.036463068181818166 0.031461538461538485
0 0.8217258522727273 0.24533653846153847 0.02166193181818182 0.03148076923076924
0 0.8405326704545455 0.2476442307692307 0.01595170454545453 0.02313461538461544
0 0.8424644886363637 0.22187500000000004 0.023934659090909083 0.03394230769230765
0 0.947684659090909 0.7059519230769231 0.02147727272727273 0.0467115384615385
0 0.8633238636363636 0.2332980769230769 0.03099431818181817 0.052442307692307656
0 0.8480539772727272 0.27249038461538466 0.02872159090909091 0.04505769230769232
0 0.8683380681818182 0.2805096153846154 0.03008522727272728 0.03763461538461537
0 0.8159090909090909 0.2078365384615386 0.04056818181818182 0.06140384615384617
0 0.6785724431818182 0.07278846153846164 0.031718749999999976 0.03719230769230764
0 0.6519247159090908 0.07522115384615391 0.024843749999999973 0.05621153846153849
0 0.6233167613636365 0.019000000000000017 0.02387784090909091 0.02876923076923084
0 0.5790056818181819 0.032721153846153817 0.03661931818181814 0.05267307692307679
0 0.5410795454545454 0.010153846153846069 0.030738636363636343 0.019038461538461494
0 0.587784090909091 0.13223076923076926 0.030369318181818174 0.03857692307692308
0 0.9321661931818181 0.6955192307692307 0.02214488636363636 0.03173076923076923
0 0.5687571022727272 0.14805769230769228 0.039474431818181846 0.049961538461538495
0 0.40671164772727275 0.221548076923077 0.03884943181818185 0.047249999999999986
0 0.43443892045454546 0.25011538461538463 0.03350852272727269 0.037346153846153765
0 0.6015980113636363 0.28874038461538454 0.033934659090909154 0.048980769230769175
0 0.6742542613636364 0.2889615384615385 0.026235795454545453 0.033807692307692275
0 0.6827343749999999 0.3036923076923077 0.028480113636363612 0.035538461538461574
0 0.6672159090909091 0.33380769230769225 0.03264204545454548 0.03942307692307692
0 0.6974644886363637 0.31906730769230773 0.03296875000000001 0.04636538461538464
0 0.7088210227272727 0.35916346153846146 0.03008522727272728 0.04159615384615384
0 0.6876988636363637 0.41700961538461545 0.029460227272727246 0.08971153846153852
0 0.9560440340909091 0.7130096153846154 0.01214488636363636 0.018519230769230816
0 0.6588920454545455 0.41982692307692304 0.03264204545454544 0.08146153846153849
0 0.5980823863636364 0.36132692307692305 0.03264204545454548 0.05719230769230771
0 0.5860795454545455 0.414625 0.0310511363636363 0.05024999999999999
0 0.5310227272727273 0.38732692307692307 0.06690340909090904 0.07280769230769223
0 0.4924502840909091 0.372375 0.01856534090909098 0.025557692307692236
0 0.42620028409090915 0.30737500000000006 0.09282670454545458 0.0819038461538461
0 0.4727627840909091 0.351576923076923 0.06305397727272725 0.14084615384615387
0 0.41083096590909096 0.37757692307692314 0.06785511363636369 0.09576923076923079
0 0.9768039772727273 0.617326923076923 0.04639204545454545 0.06476923076923079
0 0.9715980113636363 0.6669326923076924 0.05680397727272728 0.051173076923076946
0 0.8501207386363636 0.8581538461538462 0.044275568181818166 0.04965384615384615
0 0.8595525568181819 0.362923076923077 0.0220880681818182 0.055461538461538416
0 0.8491477272727272 0.3382211538461538 0.027528409090909086 0.03205769230769223
0 0.010035511363636451 0.04452884615384611 0.020071022727272722 0.05971153846153848
0 0.05694602272727256 0.012134615384615244 0.02857954545454546 0.02426923076923078
0 0.1104261363636364 0.013423076923076982 0.03701704545454538 0.026846153846153808
0 0.10729403409090921 0.07529807692307688 0.03348011363636371 0.05786538461538457
0 0.07218749999999996 0.11066346153846152 0.03292613636363629 0.04163461538461534
0 0.08783380681818187 0.1480673076923077 0.029928977272727343 0.04275000000000004
0 0.11382812499999995 0.13424999999999998 0.026946022727272766 0.04457692307692298
0 0.15329545454545446 0.14401923076923073 0.0351136363636364 0.060423076923076954
0 0.8454616477272727 0.8922403846153846 0.03842329545454545 0.04848076923076923
0 0.18649857954545468 0.109201923076923 0.03509943181818171 0.06890384615384612
0 0.22923295454545456 0.014711538461538387 0.025312499999999908 0.029423076923076944
0 0.23902698863636362 0.04857692307692307 0.024218749999999935 0.04569230769230768
0 0.2837997159090908 0.03660576923076919 0.04299715909090915 0.04386538461538462
0 0.30134943181818175 0.027394230769230754 0.03184659090909093 0.028365384615384615
0 0.3114275568181818 0.008076923076923204 0.023678977272727216 0.01615384615384611
0 0.340546875 0.016000000000000014 0.03947443181818177 0.03199999999999997
0 0.30965909090909094 0.13756730769230763 0.03755681818181826 0.060057692307692236
0 0.056825284090909034 0.2565384615384615 0.031860795454545544 0.03996153846153852
0 0.0630397727272729 0.2935 0.029289772727272734 0.039653846153846165
0 0.8114985795454546 0.9651153846153846 0.02734375000000002 0.042
0 0.006860795454545321 0.26764423076923083 0.013721590909090864 0.04059615384615387
0 0.007975852272727235 0.3039615384615385 0.015696022727272663 0.03646153846153853
0 0.163075284090909 0.24560576923076927 0.02413352272727274 0.03648076923076917
0 0.14949573863636345 0.2547980769230769 0.017571022727272734 0.02948076923076931
0 0.13215198863636357 0.25241346153846156 0.030213068181818157 0.03805769230769224
0 0.13226562500000005 0.2869903846153846 0.031860795454545544 0.03744230769230775
0 0.11470170454545459 0.30920192307692307 0.03795454545454549 0.04694230769230774
0 0.07732954545454551 0.34488461538461546 0.03772727272727281 0.06184615384615389
0 0.010958806818181732 0.35915384615384616 0.021917613636363565 0.04092307692307687
0 0.2251633522727272 0.29048076923076915 0.028821022727272674 0.037423076923076885
0 0.8133380681818182 0.9918557692307692 0.040142045454545444 0.016173076923076922
0 0.18534090909090917 0.32918269230769226 0.03491477272727262 0.03805769230769235
0 0.2433238636363636 0.32489423076923074 0.02718749999999998 0.039634615384615414
0 0.14644886363636356 0.3567692307692307 0.029289772727272734 0.03488461538461536
0 0.12266335227272729 0.35106730769230765 0.02154829545454556 0.03744230769230775
0 0.13215198863636357 0.38596153846153847 0.026946022727272766 0.03488461538461536
0 0.07475142045454541 0.3930865384615384 0.033963068181818296 0.0377500000000001
0 0.02473011363636357 0.43718269230769236 0.027642045454545506 0.03836538461538459
0 0.008970170454545512 0.48190384615384607 0.017940340909090902 0.03773076923076924
0 0.14351562499999992 0.47699038461538457 0.03092329545454543 0.04378846153846161
0 0.14761363636363645 0.523451923076923 0.027414772727272826 0.047903846153846144
0 0.9092684659090909 0.8675576923076923 0.04146306818181818 0.04553846153846153
0 0.10825994318181809 0.5255192307692307 0.025071022727272695 0.03680769230769233
0 0.06350852272727281 0.5402692307692307 0.03536931818181815 0.053615384615384606
0 0.020802556818181772 0.5375769230769232 0.041605113636363586 0.06915384615384616
0 0.031413352272727235 0.5573942307692308 0.044275568181818284 0.07390384615384617
0 0.09947443181818183 0.6017980769230769 0.023892045454545527 0.036480769230769226
0 0.07756392045454552 0.6100480769230769 0.025525568181818222 0.03521153846153847
0 0.021803977272727315 0.6282884615384615 0.03161931818181817 0.05392307692307691
0 0.005987215909090904 0.6855384615384617 0.01171875 0.041538461538461524
0 0.02918323863636374 0.6687307692307692 0.044985795454545396 0.04915384615384616
0 0.05507102272727271 0.6588942307692307 0.04193181818181815 0.10498076923076918
0 0.9025426136363637 0.9015 0.034062499999999996 0.04526923076923077
0 0.07979403409090902 0.6443076923076924 0.0562357954545455 0.07961538461538463
0 0.03351562500000005 0.7137692307692307 0.058338068181818255 0.06057692307692308
0 0.023792613636363646 0.7649903846153847 0.0398295454545454 0.054557692307692286
0 0.016761363636363602 0.8176538461538462 0.033267045454545396 0.06915384615384614
0 0.006512784090909163 0.860625 0.013025568181818124 0.03648076923076921
0 0.004637784090909092 0.8931442307692308 0.009275568181818144 0.029826923076923074
0 0.306590909090909 0.34488461538461546 0.029659090909090902 0.040769230769230745
0 0.32852272727272724 0.3673557692307692 0.026562499999999985 0.033711538461538515
0 0.3165553977272727 0.38550000000000006 0.022059659090909133 0.03596153846153844
0 0.28144886363636357 0.39031730769230777 0.052414772727272615 0.09055769230769226
0 0.82484375 0.6908173076923076 0.021931818181818177 0.03113461538461538
0 0.9218607954545455 0.9110480769230769 0.022784090909090907 0.04378846153846155
0 0.2416051136363635 0.3906346153846154 0.028210227272727293 0.04688461538461538
0 0.21065340909090902 0.4230673076923077 0.015170454545454475 0.022480769230769228
0 0.22002130681818177 0.4458653846153846 0.03248579545454546 0.044307692307692347
0 0.24196022727272715 0.4623942307692308 0.02323863636363638 0.029865384615384565
0 0.21942471590909096 0.4868076923076923 0.02419034090909087 0.041423076923076965
0 0.23686079545454541 0.4996538461538461 0.018267045454545314 0.024076923076923096
0 0.2414843750000002 0.4943461538461539 0.033196022727272734 0.050730769230769225
0 0.21551846590909096 0.5351346153846155 0.03154829545454551 0.050730769230769225
0 0.28323153409090907 0.4657692307692307 0.028934659090909018 0.03338461538461541
0 0.3193963068181819 0.4550096153846154 0.026803977272727278 0.03563461538461544
0 0.9430184659090909 0.9072307692307693 0.025184659090909087 0.036730769230769234
0 0.3076562500000001 0.47541346153846165 0.0232386363636363 0.030826923076923134
0 0.284296875 0.49675 0.03012784090909096 0.04142307692307691
0 0.33777698863636363 0.4912980769230769 0.022769886363636405 0.030519230769230778
0 0.31987215909090905 0.5169807692307692 0.024914772727272674 0.030500000000000027
0 0.3364701704545454 0.5261442307692308 0.02964488636363637 0.0410961538461538
0 0.3779829545454546 0.5128173076923077 0.02252840909090903 0.029211538461538455
0 0.20536221590909098 0.6162307692307692 0.020411931818181826 0.028269230769230748
0 0.22553267045454561 0.6102211538461538 0.024730113636363592 0.039673076923076915
0 0.2482173295454545 0.619 0.03504261363636374 0.0422692307692308
0 0.25050426136363635 0.6623942307692308 0.03433238636363647 0.052980769230769255
0 0.9536505681818181 0.9542403846153846 0.028210227272727276 0.04436538461538462
0 0.26934659090909097 0.654423076923077 0.02593749999999999 0.03380769230769233
0 0.03328125000000004 0.9697692307692307 0.04355113636363632 0.059423076923076926
0 0.06475852272727256 0.9675 0.04457386363636363 0.06499999999999999
0 0.09708806818181803 0.9909903846153846 0.04593750000000005 0.018019230769230767
0 0.20920454545454537 0.7967884615384615 0.01769886363636369 0.02580769230769231
0 0.17671164772727266 0.8502307692307692 0.018707386363636305 0.028576923076923076
0 0.20784090909090902 0.8577307692307692 0.03985795454545463 0.04673076923076923
0 0.24210937499999996 0.8457211538461539 0.024786931818181722 0.03125
0 0.2167116477272728 0.8764903846153846 0.029417613636363527 0.04871153846153846
0 0.19276988636363646 0.9008365384615384 0.01701704545454548 0.03290384615384615
0 0.9672230113636364 0.9720192307692308 0.026690340909090907 0.037038461538461534
0 0.2123366477272728 0.910875 0.03475852272727276 0.03521153846153847
0 0.2737784090909091 0.9027307692307692 0.03838068181818179 0.060961538461538484
0 0.3062571022727273 0.9015673076923076 0.036406249999999994 0.05063461538461537
0 0.3236008522727273 0.8417788461538461 0.030752840909090876 0.04228846153846153
0 0.32865056818181815 0.8762596153846154 0.033465909090909095 0.029980769230769238
0 0.35202414772727275 0.9132307692307693 0.048224431818181805 0.05396153846153846
0 0.3405752840909091 0.9337115384615384 0.01845170454545456 0.023653846153846147
0 0.3334446022727273 0.9358846153846154 0.025838068181818177 0.04730769230769231
0 0.35473011363636364 0.9485384615384616 0.018693181818181855 0.02330769230769231
0 0.34082386363636363 0.9745192307692307 0.02829545454545449 0.03196153846153846
0 0.9894176136363636 0.9709903846153847 0.021164772727272727 0.05728846153846154
0 0.3664133522727272 0.9698557692307692 0.024360795454545423 0.03598076923076923
0 0.3869602272727273 0.9602019230769231 0.02755681818181815 0.03798076923076923
0 0.26934659090909097 0.9535384615384616 0.026079545454545393 0.04196153846153846
0 0.29198863636363637 0.9720288461538461 0.028551136363636397 0.037634615384615384
0 0.250284090909091 0.9882596153846154 0.03911931818181829 0.023480769230769232
0 0.34685369318181813 0.9861730769230769 0.04526988636363637 0.026653846153846153
0 0.4838991477272727 0.9578653846153846 0.02953125000000003 0.037307692307692306
0 0.4874644886363636 0.9873365384615385 0.02535511363636367 0.02498076923076923
0 0.39340909090909093 0.7670673076923077 0.02562500000000003 0.03986538461538462
0 0.41617897727272724 0.7720865384615385 0.024573863636363654 0.04128846153846154
0 0.9781321022727273 0.8662307692307692 0.04373579545454545 0.05465384615384614
0 0.43046874999999996 0.7154615384615384 0.035795454545454526 0.04099999999999999
0 0.4460369318181818 0.703125 0.028806818181818142 0.04271153846153842
0 0.45959517045454545 0.6850576923076923 0.019048295454545408 0.02838461538461542
0 0.4878693181818182 0.7114423076923077 0.0302840909090909 0.036999999999999963
0 0.4812002840909091 0.7307884615384614 0.03007102272727275 0.04415384615384617
0 0.4653125 0.7416923076923077 0.024147727272727272 0.04184615384615383
0 0.4552485795454545 0.7531634615384616 0.027741477272727234 0.047596153846153816
0 0.44805397727272733 0.7755288461538461 0.025198863636363648 0.0361346153846154
0 0.4584303977272728 0.8006153846153846 0.05697443181818184 0.08515384615384614
0 0.47187500000000004 0.8212596153846154 0.027954545454545465 0.03471153846153845
0 0.9634161931818181 0.8267211538461539 0.039502840909090904 0.07963461538461537
0 0.49824573863636357 0.8096442307692308 0.04257102272727276 0.06021153846153847
0 0.44659090909090904 0.6156634615384615 0.027159090909090914 0.04763461538461541
0 0.46463778409090917 0.6251634615384616 0.02316761363636364 0.0330576923076923
0 0.48077414772727267 0.6071442307692307 0.047769886363636355 0.07009615384615382
0 0.4936221590909091 0.5761634615384617 0.029715909090909112 0.042211538461538495
0 0.5272585227272728 0.5841923076923077 0.03355113636363637 0.051846153846153806
0 0.5143110795454546 0.5235961538461539 0.03646306818181821 0.05403846153846147
0 0.5463139204545455 0.486826923076923 0.03299715909090912 0.040730769230769244
0 0.5504119318181818 0.5201442307692308 0.026619318181818195 0.030865384615384638
0 0.5754900568181818 0.5292692307692308 0.022059659090909133 0.027884615384615386
0 0.985887784090909 0.8176153846153846 0.027997159090909093 0.07257692307692307
0 0.6190553977272728 0.608625 0.03481534090909089 0.06813461538461535
0 0.5567045454545454 0.6598365384615386 0.022784090909090938 0.04813461538461539
0 0.5734801136363636 0.6576249999999999 0.01877840909090905 0.03382692307692308
0 0.5883380681818182 0.6720576923076923 0.026988636363636364 0.03307692307692305
0 0.5884303977272727 0.6951442307692308 0.03080965909090909 0.02344230769230769
0 0.5769389204545454 0.7547403846153846 0.026803977272727278 0.049365384615384617
0 0.5962642045454545 0.8274423076923076 0.03664772727272729 0.06392307692307692
0 0.625625 0.9173942307692308 0.025340909090909136 0.0345576923076923
0 0.6493181818181819 0.9185192307692308 0.025710227272727263 0.04369230769230768
0 0.6184161931818182 0.9460288461538462 0.031718749999999976 0.04098076923076923
0 0.9566761363636364 0.6053365384615385 0.04428977272727273 0.08078846153846152
0 0.6061150568181818 0.9577596153846154 0.021690340909090885 0.029865384615384617
0 0.6700994318181819 0.9356730769230769 0.029715909090909112 0.050346153846153846
0 0.686875 0.9109807692307692 0.02460227272727272 0.03653846153846154
0 0.6974431818181819 0.9299903846153846 0.023153409090909106 0.03651923076923077
0 0.6450355113636363 0.9649134615384616 0.032457386363636355 0.04567307692307692
0 0.6657244318181819 0.9905384615384616 0.025340909090909094 0.018923076923076924
0 0.6710085227272726 0.9668942307692308 0.023153409090909068 0.030365384615384614
0 0.688877840909091 0.977875 0.024971590909090888 0.03751923076923077
0 0.6974502840909091 0.9785673076923077 0.041377840909090906 0.04286538461538461
0 0.7150497159090909 0.9485 0.036463068181818166 0.050346153846153846
0 0.9938707386363637 0.5480769230769231 0.012258522727272729 0.04373076923076925
0 0.7515056818181818 0.9535576923076923 0.03718750000000001 0.04961538461538461
0 0.7087215909090909 0.8581634615384616 0.03190340909090906 0.04436538461538463
0 0.709375 0.7495865384615384 0.024090909090909104 0.03409615384615388
0 0.73 0.7798557692307693 0.02755681818181819 0.04055769230769229
0 0.6987428977272727 0.6768653846153846 0.032769886363636355 0.05319230769230774
0 0.7237073863636363 0.67525 0.033636363636363645 0.039961538461538465
0 0.7668963068181818 0.7131538461538461 0.03538352272727272 0.049961538461538495
0 0.7918536931818182 0.7081538461538461 0.017571022727272734 0.024692307692307697
0 0.7772017045454546 0.6548173076923076 0.0794318181818182 0.09021153846153845
0 0.8095383522727273 0.6689326923076924 0.021264204545454544 0.029096153846153838
0 0.8439417613636364 0.6820096153846154 0.018877840909090917 0.034673076923076925
0 0.9299147727272727 0.6244903846153846 0.032613636363636365 0.03748076923076919
0 0.8863920454545454 0.6263653846153846 0.03599431818181819 0.04538461538461537
0 0.8725426136363637 0.6132403846153847 0.02306818181818181 0.027480769230769215
0 0.8507102272727273 0.6222019230769231 0.028607954545454548 0.03955769230769235
0 0.8774644886363636 0.5868076923076924 0.027997159090909104 0.03373076923076922
0 0.8420951704545454 0.5870096153846154 0.05012784090909092 0.07413461538461541
0 0.8614772727272727 0.5412019230769232 0.0372159090909091 0.04498076923076926
0 0.9099147727272727 0.4999807692307693 0.0744318181818182 0.12992307692307697
0 0.8993110795454545 0.46499999999999997 0.02921875 0.03580769230769232
0 0.9385227272727272 0.4233461538461538 0.023380681818181818 0.03580769230769232
0 0.8515411931818182 0.6980192307692308 0.02626420454545456 0.032615384615384574
0 0.9889275568181818 0.4281153846153847 0.022144886363636363 0.048192307692307694
0 0.9765340909090909 0.4385192307692307 0.023295454545454543 0.0392692307692308
0 0.9878267045454545 0.3837884615384617 0.02434659090909091 0.034499999999999996
0 0.9805965909090909 0.35449038461538473 0.030539772727272728 0.0354038461538462
0 0.9957599431818182 0.3654903846153845 0.008139204545454545 0.0306346153846154
0 0.9830113636363637 0.3304038461538461 0.024829545454545455 0.028846153846153848
0 0.9620383522727273 0.37085576923076924 0.02768465909090909 0.0330192307692308
0 0.9637926136363636 0.4020865384615385 0.028125 0.0306346153846154
0 0.9599431818181818 0.3393173076923077 0.01647727272727273 0.03540384615384609
0 0.943359375 0.3446730769230769 0.01845170454545454 0.040153846153846144
0 0.7932670454545454 0.775 0.02605113636363637 0.0238076923076923
0 0.9205113636363637 0.3927211538461539 0.04789772727272726 0.07317307692307695
0 0.9271022727272727 0.3439326923076924 0.01889204545454545 0.03390384615384626
0 0.8831605113636364 0.3852788461538462 0.02856534090909091 0.03805769230769235
0 0.8831605113636364 0.33426923076923076 0.03779829545454545 0.06930769230769224
0 0.8274573863636363 0.34170192307692304 0.023948863636363636 0.045519230769230694
0 0.8420667613636363 0.3672884615384615 0.020213068181818186 0.024692307692307753
0 0.8420667613636363 0.39003846153846156 0.03427556818181818 0.02676923076923069
0 0.8114275568181818 0.397625 0.02921874999999999 0.0330192307692308
0 0.8720596590909091 0.4542884615384616 0.024829545454545462 0.0404615384615385
0 0.8510795454545454 0.4599423076923076 0.03954545454545455 0.0392692307692308
0 0.7890340909090909 0.7949903846153846 0.020625000000000015 0.02967307692307691
0 0.854921875 0.4281153846153847 0.02086647727272727 0.02676923076923069
0 0.8384517045454545 0.43584615384615377 0.025710227272727263 0.032115384615384594
0 0.7912144886363637 0.46796153846153854 0.023508522727272704 0.0279615384615385
0 0.8063707386363637 0.437326923076923 0.01691761363636363 0.0279615384615385
0 0.8003267045454545 0.446701923076923 0.03735795454545454 0.04848076923076919
0 0.800078125 0.3491826923076923 0.04115056818181816 0.04305769230769228
0 0.8005255681818182 0.3750769230769231 0.027357954545454533 0.028615384615384605
0 0.7902911931818182 0.3381826923076924 0.042031250000000006 0.051788461538461554
0 0.9293039772727273 0.2949807692307692 0.022017045454545456 0.028000000000000004
0 0.9146235795454546 0.2674326923076923 0.03092329545454545 0.036134615384615314
0 0.82875 0.7614903846153847 0.030596590909090917 0.06317307692307692
0 0.9058380681818181 0.2812692307692307 0.03201704545454545 0.04396153846153849
0 0.9591122159090909 0.2480000000000001 0.026463068181818185 0.03523076923076922
0 0.9792755681818182 0.2800673076923077 0.04144886363636364 0.06986538461538458
0 0.99484375 0.22977884615384614 0.0103125 0.03794230769230773
0 0.9821306818181819 0.23867307692307693 0.021789772727272727 0.03703846153846152
0 0.9851278409090909 0.1992211538461539 0.024687499999999998 0.044865384615384585
0 0.9616619318181818 0.2074999999999999 0.025795454545454545 0.040346153846153775
0 0.9822372159090909 0.1579711538461538 0.02646306818181818 0.03944230769230767
0 0.960546875 0.16339423076923087 0.026690340909090914 0.043673076923076884
0 0.9430965909090909 0.1694134615384616 0.028693181818181812 0.03763461538461537
0 0.8512144886363636 0.7525192307692308 0.02691761363636364 0.048769230769230766
0 0.931640625 0.1403557692307693 0.025355113636363627 0.03313461538461542
0 0.9043892045454546 0.19997115384615383 0.04292613636363636 0.049980769230769245
0 0.8795951704545455 0.1126538461538461 0.03024147727272726 0.03915384615384618
0 0.872137784090909 0.0810384615384615 0.029133522727272713 0.03853846153846158
0 0.9782386363636364 0.028192307692307628 0.036704545454545455 0.05388461538461546
0 0.9078409090909091 0.0040865384615385025 0.02403409090909091 0.008173076923076924
0 0.8770383522727273 0.009971153846153769 0.03401988636363637 0.019865384615384694
0 0.7658309659090909 0.013865384615384668 0.023792613636363636 0.02773076923076926
0 0.7781747159090908 0.02699038461538461 0.02802556818181817 0.03582692307692307
0 0.7868465909090909 0.043538461538461526 0.024460227272727272 0.033423076923076916
0 0.9268465909090909 0.7127115384615386 0.021051136363636355 0.030269230769230732
0 0.774090909090909 0.08101923076923079 0.02622159090909092 0.029923076923076927
0 0.7752343749999999 0.11372115384615378 0.025752840909090944 0.034865384615384604
0 0.7666761363636364 0.14813461538461536 0.029630681818181796 0.03703846153846163
0 0.8048579545454546 0.13300961538461542 0.027585227272727275 0.04444230769230772
0 0.7846946022727272 0.16355769230769235 0.02552556818181818 0.05553846153846153
0 0.765546875 0.1934903846153846 0.03464488636363634 0.049365384615384644
0 0.7225781250000001 0.1694326923076923 0.044446022727272716 0.060480769230769206
0 0.7049147727272727 0.20969230769230762 0.05059659090909092 0.054615384615384684
0 0.6717471590909091 0.18870192307692313 0.018920454545454535 0.0324038461538462
0 0.6530681818181818 0.19025000000000003 0.02028409090909091 0.03176923076923074
