0 0.7201704545454546 0.5153846153846153 0.036931818181818184 0.038461538461538464
0 0.7954545454545454 0.5269230769230769 0.022727272727272728 0.03076923076923077
0 0.7026278409090909 0.27504807692307687 0.025539772727272713 0.04236538461538467
0 0.0368750000000001 0.9906057692307693 0.02593749999999999 0.01878846153846154
0 0.9863778409090909 0.15269230769230768 0.027244318181818182 0.036269230769230686
0 0.6908735795454546 0.99175 0.0247869318181818 0.0165
0 0.9480752840909091 0.549826923076923 0.02384943181818182 0.0279615384615385
0 0.5293536931818181 0.1756826923076923 0.020525568181818166 0.03355769230769229
0 0.5293536931818181 0.004884615384615265 0.017514204545454524 0.009769230769230848
0 0.2908451704545455 0.3577596153846153 0.018224431818181876 0.027057692307692293
0 0.41619318181818177 0.4913461538461539 0.022727272727272728 0.032692307692307694
0 0.9528693181818182 0.5715865384615384 0.02448863636363636 0.028249999999999997
0 0.05849431818181816 0.6712115384615385 0.028409090909090908 0.032692307692307694
0 0.22550426136363633 0.48549038461538474 0.01177556818181813 0.012557692307692365
0 0.13327414772727275 0.77925 0.024218750000000098 0.02996153846153846
0 0.008735795454545392 0.8999903846153846 0.017471590909090843 0.03751923076923076
0 0.7073863636363636 0.9144230769230769 0.028409090909090908 0.03653846153846154
0 0.9663849431818182 0.5854134615384616 0.027684659090909083 0.030557692307692338
0 0.4850852272727273 0.7375 0.029829545454545456 0.04038461538461539
0 0.4438920454545454 0.4740384615384615 0.024147727272727272 0.028846153846153848
0 0.22267045454545453 0.34207692307692306 0.014204545454545454 0.023076923076923078
0 0.5113636363636364 0.8038461538461539 0.02556818181818182 0.03076923076923077
0 0.9754332386363637 0.6078942307692308 0.02660511363636364 0.03344230769230772
0 0.9815340909090909 0.40865384615384615 0.03409090909090909 0.04423076923076923
0 0.8629190340909091 0.7534423076923077 0.025553977272727266 0.038615384615384614
0 0.2920667613636364 0.6022019230769231 0.024474431818181843 0.027480769230769215
0 0.8444602272727273 0.9230769230769231 0.024147727272727272 0.03461538461538462
0 0.26211647727272724 0.8770384615384615 0.02556818181818182 0.03076923076923077
0 0.4289772727272727 0.05192307692307696 0.022727272727272728 0.03461538461538462
0 0.09889204545454544 0.39086538461538467 0.02556818181818182 0.03653846153846154
0 0.395909090909091 0.09280769230769226 0.021534090909090944 0.03184615384615385
0 0.0037286931818182323 0.9594230769230769 0.007457386363636364 0.028076923076923072
0 0.3991477272727273 0.24807692307692308 0.028409090909090908 0.038461538461538464
0 0.7559659090909091 0.5860865384615384 0.03480113636363636 0.036942307692307705
0 0.2873863636363636 0.5749423076923077 0.02465909090909093 0.03088461538461539
0 0.08088068181818187 0.4615865384615384 0.028238636363636358 0.03628846153846155
0 0.15732954545454547 0.13557692307692304 0.02556818181818182 0.03076923076923077
0 0.5639204545454546 0.676923076923077 0.02556818181818182 0.04230769230769231
0 0.9417613636363636 0.9048076923076923 0.02556818181818182 0.032692307692307694
0 0.29297585227272727 0.6679230769230768 0.01001420454545448 0.010653846153846139
0 0.11789772727272729 0.6538461538461539 0.02556818181818182 0.03461538461538462
0 0.7478693181818181 0.9144230769230769 0.024147727272727272 0.03653846153846154
0 0.20935369318181818 0.8531634615384616 0.023480113636363598 0.04032692307692307
0 0.2272301136363637 0.8614615384615385 0.022784090909090858 0.03796153846153845
0 0.2515909090909091 0.387423076923077 0.030852272727272766 0.04080769230769225
0 0.06302556818181815 0.1384615384615384 0.02556818181818182 0.032692307692307694
0 0.2526633522727273 0.4817596153846153 0.01001420454545448 0.013903846153846188
0 0.42542613636363635 0.32307692307692304 0.026988636363636364 0.038461538461538464
0 0.54984375 0.9664807692307692 0.015511363636363658 0.031076923076923085
0 0.23178977272727286 0.8429615384615384 0.013664772727272734 0.022769230769230774
0 0.16673295454545456 0.2764615384615384 0.02556818181818182 0.03461538461538462
0 0.34801136363636365 0.2586538461538461 0.028409090909090908 0.032692307692307694
0 0.7138920454545454 0.28809615384615384 0.017528409090909094 0.02711538461538466
0 0.2746875 0.4229711538461538 0.041193181818181816 0.05224999999999992
0 0.6782670454545454 0.40192307692307694 0.024147727272727272 0.03076923076923077
0 0.037642045454545414 0.9125 0.026988636363636364 0.03653846153846154
0 0.23579545454545459 0.7134615384615385 0.028409090909090908 0.038461538461538464
0 0.734375 0.9317307692307693 0.02556818181818182 0.04038461538461539
0 0.27556818181818177 0.23269230769230764 0.022727272727272728 0.03076923076923077
0 0.2906960227272727 0.48187499999999994 0.013778409090909076 0.020673076923076922
0 0.8351846590909091 0.43792307692307697 0.0428125 0.05423076923076921
0 0.23792613636363635 0.948076923076923 0.026988636363636364 0.03076923076923077
0 0.8366477272727273 0.04711538461538467 0.03409090909090909 0.04423076923076923
0 0.14246448863636374 0.5893076923076923 0.026406250000000044 0.0363076923076923
0 0.990674715909091 0.550923076923077 0.01859375 0.03946153846153848
0 0.9474715909090909 0.2609903846153847 0.021534090909090916 0.037288461538461624
0 0.9962144886363636 0.5965673076923077 0.007514204545454545 0.02809615384615387
0 0.823984375 0.9734038461538461 0.060980113636363624 0.05319230769230769
0 0.17641335227272714 0.1532596153846154 0.02504261363636363 0.03198076923076922
0 0.9410511363636364 0.4144230769230769 0.029829545454545456 0.032692307692307694
0 0.46377840909090906 0.12884615384615383 0.015625 0.023076923076923078
0 0.5653409090909092 0.3317307692307693 0.022727272727272728 0.028846153846153848
0 0.05441761363636355 0.004692307692307773 0.021278409090908956 0.009384615384615377
0 0.9693821022727273 0.22726923076923078 0.013764204545454543 0.022038461538461607
0 0.3055681818181818 0.39430769230769225 0.030142045454545494 0.04507692307692307
0 0.22511363636363635 0.0071153846153847455 0.020738636363636397 0.014230769230769187
0 0.7439204545454545 0.7354326923076924 0.02767045454545457 0.03428846153846156
0 0.5344886363636363 0.9678942307692308 0.019375000000000062 0.03390384615384616
0 0.41761363636363635 0.8076923076923077 0.022727272727272728 0.03461538461538462
0 0.14559659090909094 0.22403846153846152 0.024147727272727272 0.028846153846153848
0 0.2904829545454546 0.10961538461538467 0.041193181818181816 0.038461538461538464
0 0.5157173295454545 0.9783846153846154 0.02055397727272731 0.027423076923076925
0 0.1321022727272727 0.6336538461538461 0.022727272727272728 0.028846153846153848
0 0.49786931818181823 0.48942307692307696 0.024147727272727272 0.032692307692307694
0 0.16974431818181823 0.523076923076923 0.024147727272727272 0.03076923076923077
0 0.7173295454545454 0.55 0.028409090909090908 0.03461538461538462
0 0.5951704545454546 0.5951923076923077 0.017045454545454544 0.028846153846153848
0 0.5539772727272727 0.1576923076923077 0.019886363636363636 0.03076923076923077
0 0.32528409090909094 0.20961538461538465 0.02556818181818182 0.03076923076923077
0 0.3188920454545454 0.9538461538461538 0.024147727272727272 0.03461538461538462
0 0.5930397727272727 0.7490384615384615 0.024147727272727272 0.032692307692307694
0 0.7166193181818181 0.20480769230769236 0.024147727272727272 0.03653846153846154
0 0.5202130681818182 0.1575384615384614 0.025284090909090926 0.03592307692307694
0 0.7672372159090909 0.5749038461538462 0.027798295454545444 0.03761538461538462
0 0.07245028409090903 0.15949999999999998 0.022372159090909092 0.030538461538461528
0 0.39559659090909094 0.47980769230769227 0.026988636363636364 0.03653846153846154
0 0.5639204545454546 0.5528846153846154 0.022727272727272728 0.028846153846153848
0 0.5686221590909091 0.9865673076923077 0.022642045454545453 0.026865384615384617
0 0.2421875 0.22980769230769227 0.024147727272727272 0.032692307692307694
0 0.8472088068181818 0.3999615384615385 0.05933238636363634 0.05626923076923075
0 0.5666832386363636 0.9582115384615385 0.025923295454545456 0.03146153846153846
0 0.625 0.8028846153846154 0.028409090909090908 0.04807692307692308
0 0.31747159090909094 0.5894230769230769 0.02130681818181818 0.028846153846153848
0 0.2696803977272727 0.595701923076923 0.02231534090909088 0.031211538461538443
0 0.6896306818181819 0.19711538461538458 0.024147727272727272 0.03653846153846154
0 0.022017045454545414 0.7711538461538462 0.026988636363636364 0.03461538461538462
0 0.096796875 0.47523076923076923 0.01947443181818187 0.03030769230769229
0 0.0038707386363636687 0.5439134615384615 0.00711647727272726 0.0315192307692308
0 0.8701136363636364 0.5976057692307692 0.029659090909090902 0.03751923076923075
0 0.3258948863636364 0.9845961538461538 0.02803977272727274 0.030807692307692307
0 0.5122088068181818 0.008105769230769333 0.020781250000000074 0.016211538461538475
0 0.06688210227272728 0.6424807692307692 0.042769886363636385 0.04792307692307696
0 0.23579545454545459 0.39903846153846156 0.028409090909090908 0.04038461538461539
0 0.1803977272727273 0.8913461538461538 0.017045454545454544 0.025
0 0.24644886363636365 0.8634615384615385 0.018465909090909092 0.03461538461538462
0 0.08998579545454544 0.7389038461538462 0.02556818181818182 0.034615384615384645
0 0.6511079545454546 0.02109615384615393 0.02130681818181818 0.03653846153846154
0 0.5553977272727273 0.7528846153846154 0.02556818181818182 0.03653846153846154
0 0.078125 0.8144230769230769 0.019886363636363636 0.04038461538461539
0 0.4367897727272727 0.09615384615384615 0.026988636363636364 0.03461538461538462
0 0.9637784090909091 0.8932692307692308 0.04403409090909091 0.05576923076923077
0 0.11221590909090906 0.8211538461538461 0.056818181818181816 0.07307692307692308
0 0.1710795454545455 0.431673076923077 0.02681818181818181 0.032807692307692315
0 0.6001420454545454 0.573076923076923 0.026988636363636364 0.03461538461538462
0 0.165028409090909 0.5919615384615384 0.022727272727272728 0.03076923076923077
0 0.5823863636363636 0.21346153846153848 0.02556818181818182 0.03461538461538462
0 0.4324147727272727 0.9947307692307692 0.01786931818181816 0.010076923076923077
0 0.12215909090909094 0.9293269230769231 0.03835227272727273 0.04423076923076923
0 0.6754261363636364 0.6028846153846155 0.03551136363636364 0.032692307692307694
0 0.8899147727272727 0.7823557692307692 0.026988636363636364 0.03163461538461539
0 0.2507102272727273 0.27211538461538465 0.03835227272727273 0.04423076923076923
0 0.9424715909090909 0.6096153846153847 0.02130681818181818 0.026923076923076925
0 0.421875 0.08653846153846156 0.022727272727272728 0.03461538461538462
0 0.45099431818181823 0.06442307692307692 0.026988636363636364 0.04423076923076923
0 0.2586079545454545 0.7882403846153846 0.028238636363636358 0.04275000000000001
0 0.39417613636363635 0.2009615384615384 0.026988636363636364 0.03653846153846154
0 0.23082386363636365 0.6055480769230769 0.026988636363636364 0.031211538461538443
0 0.4672869318181818 0.9930288461538461 0.022642045454545453 0.013942307692307693
0 0.7152414772727274 0.40294230769230766 0.03409090909090909 0.046153846153846156
0 0.89609375 0.3309519230769231 0.03420454545454545 0.03882692307692307
0 0.11196022727272736 0.7414038461538461 0.022727272727272728 0.026923076923076925
0 0.17329545454545459 0.6563269230769231 0.022727272727272728 0.046153846153846156
0 0.8352272727272727 0.2173076923076923 0.02556818181818182 0.03076923076923077
0 0.7673792613636363 0.7658653846153847 0.027286931818181828 0.03592307692307694
0 0.40404829545454557 0.1087403846153846 0.025284090909090926 0.033903846153846146
0 0.7653551136363637 0.739048076923077 0.017528409090909094 0.028942307692307715
0 0.15345170454545454 0.541798076923077 0.022812499999999923 0.03313461538461537
0 0.1473863636363636 0.9591346153846154 0.028409090909090908 0.03653846153846154
0 0.49155539772727275 0.00603846153846177 0.02203124999999999 0.01084615384615382
0 0.8982954545454546 0.6277884615384615 0.04687499999999999 0.03461538461538462
0 0.23161931818181813 0.9183269230769231 0.025397727272727266 0.03257692307692307
0 0.05815340909090916 0.9956153846153846 0.0184090909090908 0.008461538461538463
0 0.1650710227272728 0.9384615384615385 0.023977272727272722 0.033923076923076924
0 0.7319034090909091 0.8397115384615385 0.01471590909090907 0.019461538461538443
0 0.16051136363636365 0.8913461538461538 0.02556818181818182 0.032692307692307694
0 0.29403409090909094 0.9076923076923077 0.017045454545454544 0.019230769230769232
0 0.002563920454545565 0.9325576923076924 0.005127840909090928 0.021307692307692305
0 0.7798295454545454 0.5490384615384616 0.028409090909090908 0.028846153846153848
0 0.6768465909090908 0.5365384615384615 0.03835227272727273 0.05384615384615385
0 0.9689772727272727 0.2882692307692307 0.06204545454545454 0.11353846153846157
0 0.034083806818181794 0.864423076923077 0.06535511363636362 0.08653846153846154
0 0.40198863636363635 0.0509615384615385 0.02556818181818182 0.032692307692307694
0 0.29357954545454545 0.9381730769230769 0.02130681818181818 0.028846153846153848
0 0.9005681818181819 0.7245673076923077 0.06534090909090909 0.0931730769230769
0 0.8817613636363637 0.2804423076923077 0.028409090909090908 0.032692307692307694
0 0.30154119318181816 0.34922115384615393 0.019985795454545444 0.029903846153846177
0 0.6271306818181819 0.3730769230769231 0.024147727272727272 0.03076923076923077
0 0.9808380681818182 0.3536538461538461 0.024801136363636365 0.028846153846153848
0 0.4906818181818182 0.9776923076923076 0.03190340909090914 0.04461538461538461
0 0.9503409090909091 0.37197115384615387 0.025994318181818184 0.031557692307692245
0 0.6669034090909092 0.17307692307692313 0.03835227272727273 0.05
0 0.655703125 0.3084903846153847 0.08612215909090909 0.11151923076923079
0 0.6803977272727273 0.027884615384615397 0.02556818181818182 0.032692307692307694
0 0.6051136363636364 0.7846153846153846 0.022727272727272728 0.03076923076923077
0 0.32599431818181823 0.5538461538461539 0.024147727272727272 0.03461538461538462
0 0.01784801136363645 0.545423076923077 0.02328124999999998 0.0357307692307692
0 0.8622159090909091 0.9442307692307692 0.03125 0.04230769230769231
0 0.010937500000000044 0.5058365384615384 0.021874999999999967 0.0329807692307693
0 0.34161931818181823 0.725 0.026988636363636364 0.03461538461538462
0 0.49816761363636364 0.9727403846153846 0.017187499999999953 0.02894230769230769
0 0.7833806818181819 0.7461538461538462 0.026988636363636364 0.046153846153846156
0 0.9139914772727273 0.7769230769230769 0.023579545454545447 0.023076923076923078
0 0.4128196022727273 0.9836442307692308 0.023139204545454494 0.032711538461538466
0 0.7606534090909091 0.9490384615384615 0.026988636363636364 0.04807692307692308
0 0.49644886363636365 0.45288461538461533 0.026988636363636364 0.028846153846153848
0 0.3678977272727273 0.6721153846153847 0.02556818181818182 0.03653846153846154
0 0.24861505681818175 0.014923076923076928 0.028394886363636376 0.029423076923076944
0 0.5319602272727273 0.9822115384615384 0.018465909090909092 0.023000000000000003
0 0.7634943181818181 0.8307692307692307 0.02130681818181818 0.03076923076923077
0 0.5621732954545454 0.21244230769230776 0.019886363636363636 0.03461538461538462
0 0.008465909090909163 0.41475961538461537 0.016931818181818124 0.03490384615384611
0 0.7357954545454546 0.19615384615384612 0.022727272727272728 0.03461538461538462
0 0.5130610795454545 0.9513846153846154 0.029446022727272755 0.028000000000000004
0 0.5106534090909092 0.6317307692307692 0.024147727272727272 0.032692307692307694
0 0.9779403409090909 0.37884615384615383 0.022727272727272728 0.023076923076923078
0 0.7009943181818181 0.0740384615384615 0.024147727272727272 0.03653846153846154
0 0.5990198863636363 0.08405769230769222 0.028409090909090908 0.038461538461538464
0 0.5510369318181818 0.9904038461538461 0.020255681818181805 0.019192307692307693
0 0.1282173295454545 0.5553173076923077 0.029161931818181778 0.039365384615384615
0 0.7953764204545455 0.4411346153846154 0.050326704545454556 0.07219230769230774
0 0.007002840909090979 0.025740384615384637 0.014005681818181837 0.0514807692307692
0 0.6047443181818182 0.3351153846153846 0.02767045454545457 0.04319230769230776
0 0.5861860795454545 0.32209615384615387 0.029048295454545438 0.039653846153846165
0 0.7269105113636364 0.2875961538461539 0.024531249999999973 0.03288461538461543
0 0.1633522727272727 0.625 0.04261363636363636 0.03461538461538462
0 0.19691051136363635 0.011730769230769322 0.029446022727272755 0.02346153846153844
0 0.6178977272727273 0.6605769230769231 0.02556818181818182 0.032692307692307694
0 0.26917613636363635 0.6884615384615385 0.026988636363636364 0.03076923076923077
0 0.22063210227272734 0.8279423076923077 0.024644886363636397 0.03257692307692307
0 0.5516761363636364 0.23048076923076932 0.02130681818181818 0.025
0 0.26988636363636365 0.5538461538461539 0.02556818181818182 0.03461538461538462
0 0.7670454545454546 0.8980769230769231 0.022727272727272728 0.03076923076923077
0 0.7791193181818181 0.8442307692307692 0.02130681818181818 0.026923076923076925
0 0.715518465909091 0.31098076923076934 0.02177556818181816 0.028807692307692232
0 0.6811079545454546 0.05384615384615388 0.018465909090909092 0.019230769230769232
0 0.6342329545454546 0.46923076923076923 0.02130681818181818 0.026923076923076925
0 0.9481534090909091 0.7115384615384616 0.032670454545454544 0.046153846153846156
0 0.6432670454545455 0.26414423076923077 0.03755681818181822 0.03490384615384622
0 0.8110795454545454 0.7740384615384616 0.03977272727272727 0.03653846153846154
0 0.6136363636363636 0.5961538461538461 0.022727272727272728 0.026923076923076925
0 0.9542258522727273 0.23302884615384611 0.02203125 0.03763461538461537
0 0.4623579545454546 0.4913461538461539 0.02130681818181818 0.032692307692307694
0 0.23487926136363635 0.6345000000000001 0.02990056818181812 0.03461538461538462
0 0.19176136363636365 0.3653846153846154 0.022727272727272728 0.026923076923076925
0 0.34375 0.16923076923076918 0.028409090909090908 0.03461538461538462
0 0.7684659090909091 0.5 0.02556818181818182 0.03076923076923077
0 0.7102272727272727 0.5913461538461539 0.03125 0.03653846153846154
0 0.07448863636363645 0.48704807692307694 0.023977272727272722 0.02794230769230764
0 0.28471590909090905 0.38196153846153846 0.025596590909090965 0.032730769230769195
0 0.75 0.7774038461538462 0.022727272727272728 0.035576923076923075
0 0.0859375 0.7730769230769231 0.026988636363636364 0.03076923076923077
0 0.8140269886363636 0.37725 0.03555397727272727 0.04000000000000002
0 0.07296875000000003 0.9165769230769231 0.02556818181818182 0.03076923076923077
