0 0.7644886363636363 0.8066153846153846 0.07440340909090909 0.12034615384615384
0 0.8397230113636364 0.9572211538461538 0.10467329545454547 0.0855576923076923
0 0.6776065340909091 0.006509615384615364 0.0283096590909091 0.013019230769230734
0 0.22113636363636358 0.4006057692307692 0.05860795454545453 0.07132692307692313
0 0.6095880681818182 0.25620192307692313 0.09019886363636367 0.1390576923076923
0 0.04060369318181822 0.6164519230769231 0.07870738636363632 0.12786538461538463
0 0.145390625 0.6565576923076923 0.04805397727272717 0.10784615384615381
0 0.48745738636363634 0.2493749999999999 0.03423295454545458 0.05705769230769234
0 0.1281107954545455 0.3369134615384616 0.07221590909090914 0.07521153846153848
0 0.04784090909090921 0.03866346153846156 0.0956818181818182 0.07732692307692304
0 0.030255681818181723 0.5067692307692307 0.06051136363636367 0.15669230769230771
0 0.36792613636363636 0.8031826923076923 0.10863636363636366 0.07309615384615382
0 0.7740625 0.20747115384615378 0.09349431818181818 0.11140384615384617
0 0.6451349431818182 0.1499903846153846 0.09677556818181818 0.13459615384615387
0 0.20266335227272725 0.4962692307692308 0.050696022727272645 0.062384615384615434
0 0.7128338068181819 0.07201923076923078 0.08032670454545456 0.1440384615384615
0 0.46704545454545443 0.545451923076923 0.055312499999999994 0.12925000000000006
0 0.11745738636363645 0.47041346153846153 0.07130681818181808 0.14667307692307688
0 0.7011008522727273 0.20836538461538467 0.07044034090909092 0.09626923076923077
0 0.6808877840909091 0.7280288461538461 0.10186079545454542 0.13790384615384618
0 0.5225568181818181 0.4309326923076924 0.08889204545454552 0.09778846153846148
0 0.41338778409090904 0.3300480769230769 0.06913352272727274 0.10428846153846158
0 0.23262784090909083 0.14715384615384608 0.03423295454545458 0.04634615384615378
0 0.8600213068181818 0.7962211538461539 0.044758522727272716 0.0784423076923077
0 0.47487926136363634 0.025259615384615408 0.14419034090909089 0.05051923076923073
0 0.21649147727272722 0.11758653846153844 0.053323863636363586 0.07398076923076917
0 0.6003693181818182 0.33835576923076927 0.06781249999999993 0.05794230769230768
0 0.4840127840909091 0.7842115384615385 0.13507102272727278 0.06096153846153847
0 0.5521732954545455 0.6310384615384614 0.13562500000000002 0.11319230769230766
0 0.6240696022727272 0.39139423076923074 0.06649147727272728 0.08913461538461531
0 0.38492187499999997 0.9583653846153846 0.06603693181818183 0.08088461538461539
0 0.6523721590909091 0.3040384615384616 0.07176136363636365 0.05169230769230768
0 0.39477982954545443 0.7430673076923077 0.2222301136363636 0.08021153846153847
0 0.5783096590909091 0.18638461538461537 0.07374999999999994 0.16876923076923075
0 0.9197159090909091 0.9772788461538462 0.06846590909090909 0.04544230769230769
0 0.15493607954545463 0.7791250000000001 0.11720170454545453 0.1693653846153846
0 0.37289062500000003 0.43655769230769226 0.07637784090909089 0.10873076923076916
0 0.15990767045454557 0.36405769230769236 0.06518465909090908 0.08023076923076929
0 0.03862215909090916 0.8060096153846154 0.07724431818181818 0.12032692307692307
0 0.035511363636363646 0.7098557692307692 0.06852272727272729 0.12159615384615385
0 0.34592329545454537 0.9585384615384616 0.09372159090909085 0.08292307692307692
0 0.9733167613636363 0.039336538461538506 0.053366477272727274 0.07867307692307697
0 0.21356534090909096 0.35514423076923063 0.06187499999999992 0.05705769230769234
0 0.5539488636363636 0.015346153846153898 0.03292613636363637 0.030692307692307654
0 0.6492968750000001 0.011673076923076842 0.04805397727272729 0.022269230769230847
0 0.66640625 0.7478076923076924 0.06781250000000005 0.14884615384615385
0 0.4584872159090909 0.3692596153846154 0.10796874999999999 0.13101923076923075
0 0.4623721590909091 0.9530192307692308 0.13147727272727272 0.09396153846153846
0 0.4584872159090909 0.303298076923077 0.09217329545454551 0.10251923076923078
0 0.31034801136363643 0.4979134615384616 0.08296875000000004 0.07398076923076922
0 0.1727130681818182 0.6975576923076923 0.05397727272727273 0.06149999999999998
0 0.3195667613636364 0.1539903846153846 0.11720170454545453 0.11944230769230772
0 0.2253835227272727 0.5977307692307692 0.07636363636363636 0.1666923076923077
0 0.6797372159090909 0.9362884615384616 0.05595170454545453 0.08646153846153846
0 0.20661931818181822 0.9686346153846154 0.07571022727272737 0.06273076923076923
0 0.47362926136363637 0.1736057692307692 0.03686079545454552 0.04813461538461544
0 0.6549857954545455 0.5003846153846154 0.04082386363636361 0.13992307692307696
0 0.06769886363636379 0.5864423076923077 0.02568181818181824 0.04188461538461539
0 0.0892187499999999 0.429048076923077 0.09073863636363635 0.19178846153846152
0 0.3182528409090909 0.37430769230769223 0.15406249999999988 0.1845
0 0.025788352272727244 0.9210769230769231 0.04907670454545448 0.10530769230769232
0 0.41240056818181814 0.6307211538461539 0.09744318181818185 0.11855769230769232
0 0.11049005681818191 0.6394711538461539 0.08887784090909098 0.1354807692307692
0 0.5931178977272726 0.01356730769230785 0.05069602272727272 0.02713461538461541
0 0.02183238636363638 0.19706730769230774 0.04366477272727274 0.1283653846153846
0 0.6513920454545454 0.3548461538461538 0.05267045454545452 0.06061538461538458
0 0.7182173295454546 0.2661634615384615 0.08228693181818182 0.12924999999999995
0 0.7938139204545455 0.14685576923076926 0.08558238636363637 0.08824999999999997
0 0.17995738636363645 0.12560576923076927 0.040823863636363485 0.09359615384615377
0 0.6543536931818181 0.32453846153846155 0.05859374999999996 0.03030769230769229
0 0.5577414772727272 0.7443173076923078 0.13147727272727272 0.1303653846153846
0 0.22110795454545462 0.19305769230769232 0.098096590909091 0.1274615384615384
0 0.8771377840909091 0.6286538461538461 0.1198153409090909 0.13192307692307692
0 0.20296875000000003 0.46461538461538465 0.03585227272727274 0.035769230769230706
0 0.054794034090909105 0.30807692307692314 0.10958806818181815 0.2131153846153846
0 0.4858522727272727 0.7201442307692307 0.1424147727272727 0.1691730769230769
0 0.4841619318181819 0.202125 0.028977272727272775 0.06417307692307693
0 0.21653409090909104 0.46790384615384617 0.12315340909090908 0.17926923076923076
0 0.8849857954545455 0.26602884615384625 0.1310227272727273 0.08378846153846152
0 0.7845880681818183 0.04031730769230779 0.0671590909090909 0.0806346153846154
0 0.7934730113636363 0.00867307692307695 0.025667613636363627 0.01734615384615381
0 0.9460582386363636 0.35733653846153846 0.03490056818181818 0.09982692307692302
0 0.8517400568181819 0.3302115384615384 0.08032670454545456 0.07307692307692308
0 0.6403977272727273 0.8580384615384615 0.0671590909090909 0.07753846153846156
0 0.9675355113636364 0.6060769230769231 0.06492897727272727 0.10696153846153847
0 0.7995667613636364 0.8582884615384616 0.0651846590909091 0.16757692307692307
0 0.9772230113636363 0.23216346153846157 0.045553977272727274 0.09805769230769233
0 0.9226846590909091 0.3109807692307692 0.03687499999999999 0.10338461538461537
0 0.7460653409090909 0.6418846153846154 0.13102272727272724 0.13192307692307698
0 0.8267684659090909 0.5586730769230769 0.07044034090909092 0.09715384615384617
0 0.8632670454545455 0.23350000000000004 0.10204545454545455 0.10965384615384612
0 0.8026917613636364 0.3172884615384616 0.05728693181818181 0.11676923076923082
0 0.7455752840909091 0.90375 0.07438920454545456 0.1051923076923077
0 0.8616193181818181 0.08360576923076923 0.16460227272727276 0.12655769230769232
0 0.8336292613636364 0.1607115384615384 0.05859375 0.1684615384615385
0 0.7082102272727273 0.6735384615384615 0.1553693181818182 0.09180769230769233
0 0.9529474431818182 0.8021346153846154 0.09410511363636363 0.12300000000000001
0 0.8234303977272728 0.3987019230769232 0.10796875 0.09359615384615387
0 0.9343607954545454 0.21062499999999995 0.0678125 0.05794230769230768
0 0.9603764204545454 0.1216346153846154 0.0776846590909091 0.10338461538461537
0 0.8663920454545455 0.4809326923076924 0.12312500000000001 0.10875000000000003
0 0.9332173295454546 0.8935 0.06649147727272728 0.14350000000000002
0 0.9274502840909091 0.1786826923076923 0.04740056818181819 0.08913461538461531
0 0.6583380681818181 0.9839615384615384 0.0763636363636364 0.03207692307692308
0 0.9778835227272727 0.15862500000000002 0.04423295454545455 0.10605769230769227
0 0.9738494318181818 0.46875 0.05230113636363636 0.13726923076923075
0 0.7473863636363637 0.7469230769230769 0.07835227272727273 0.1025
0 0.7256605113636363 0.3453653846153847 0.12970170454545454 0.10519230769230767
0 0.9618323863636363 0.9768365384615385 0.07633522727272728 0.044557692307692305
0 0.7087073863636364 0.9581153846153846 0.06517045454545455 0.08376923076923078
0 0.5722514204545455 0.9180576923076923 0.10336647727272724 0.09003846153846153
0 0.9684446022727273 0.3274711538461538 0.04410511363636364 0.17025000000000007
0 0.8769247159090909 0.4179423076923078 0.08098011363636365 0.10161538461538457
0 0.871328125 0.8970673076923077 0.1020596590909091 0.15955769230769232
0 0.9286079545454545 0.5317403846153845 0.05136363636363637 0.04636538461538464
0 0.6130752840909091 0.839326923076923 0.04279829545454545 0.05615384615384616
0 0.781953125 0.57875 0.08558238636363637 0.14350000000000002
0 0.7210511363636364 0.829076923076923 0.05201704545454546 0.10696153846153846
0 0.7801420454545455 0.9527692307692308 0.09085227272727271 0.09269230769230768
0 0.865234375 0.0296249999999999 0.10995738636363638 0.059250000000000004
0 0.926640625 0.4067980769230769 0.06583806818181817 0.12924999999999995
0 0.6430326704545455 0.779451923076923 0.0579403409090909 0.07667307692307693
0 0.5730184659090909 0.5994711538461539 0.13234375 0.10875000000000003
0 0.21758522727272733 0.29220192307692305 0.0741193181818181 0.08409615384615388
0 0.3642258522727272 0.8765673076923077 0.1240767045454545 0.09401923076923076
0 0.696356534090909 0.5393846153846154 0.09612215909090907 0.16757692307692304
0 0.4565127840909091 0.11477884615384615 0.11061079545454545 0.1515192307692307
0 0.2737002840909092 0.5442884615384616 0.07311079545454541 0.0747307692307692
0 0.5341264204545455 0.0918365384615385 0.09166193181818186 0.1366346153846153
0 0.33504971590909094 0.6647211538461538 0.11944602272727277 0.09151923076923073
0 0.07764204545454556 0.9505096153846154 0.15463068181818185 0.09898076923076923
0 0.17765624999999996 0.3141153846153847 0.04644886363636354 0.05723076923076932
0 0.18489346590909084 0.03435576923076922 0.05200284090909093 0.06871153846153849
0 0.5019318181818182 0.8735673076923076 0.06982954545454549 0.10448076923076922
0 0.47895596590909095 0.8275384615384616 0.10842329545454552 0.04976923076923079
0 0.8385511363636364 0.6904423076923076 0.11857954545454547 0.13146153846153846
0 0.5877272727272727 0.8736346153846154 0.05397727272727273 0.057038461538461545
0 0.7421306818181819 0.1328942307692308 0.11653409090909089 0.10428846153846158
0 0.5776491477272727 0.8013557692307692 0.08796875000000001 0.08398076923076923
0 0.08551846590909085 0.7493365384615385 0.07592329545454536 0.12786538461538463
0 0.2481321022727272 0.3288461538461539 0.0809801136363637 0.07219230769230763
0 0.5818181818181818 0.06739423076923068 0.11110795454545454 0.11532692307692313
0 0.3029900568181818 0.05196153846153839 0.2192471590909091 0.10392307692307697
0 0.6622514204545454 0.26750000000000007 0.04410511363636365 0.055269230769230786
0 0.1493394886363636 0.04880769230769233 0.06518465909090908 0.09626923076923077
0 0.15311079545454542 0.2165673076923077 0.11852272727272718 0.1579423076923077
0 0.16374999999999995 0.4534903846153846 0.05463068181818187 0.0777115384615384
0 0.7618750000000001 0.4662884615384616 0.10863636363636363 0.12299999999999996
0 0.5295880681818181 0.3138461538461538 0.08295454545454542 0.10338461538461537
0 0.08350142045454545 0.5824326923076923 0.0230539772727273 0.04278846153846154
0 0.08551136363636369 0.15514423076923078 0.10184659090909082 0.1454038461538462
0 0.42289062499999996 0.19825000000000004 0.09819602272727272 0.17976923076923068
0 0.5725568181818183 0.9617884615384615 0.13147727272727272 0.07642307692307693
0 0.31514914772727276 0.5807307692307693 0.10740056818181828 0.09653846153846157
0 0.044545454545454555 0.11194230769230773 0.08909090909090912 0.10784615384615381
0 0.41005681818181816 0.8759423076923077 0.12315340909090908 0.06519230769230767
0 0.6851704545454546 0.8780961538461538 0.05661931818181816 0.06596153846153847
0 0.944609375 0.05500961538461546 0.11078125 0.11001923076923073
0 0.6302982954545455 0.5959038461538462 0.13232954545454548 0.08734615384615388
0 0.9477840909090909 0.7170384615384615 0.10443181818181818 0.10073076923076925
0 0.4028551136363636 0.49478846153846157 0.08625000000000003 0.11053846153846152
0 0.3146235795454545 0.2428365384615384 0.1375994318181819 0.13725
0 0.18620738636363643 0.07748076923076919 0.06386363636363641 0.05615384615384613
0 0.29484374999999996 0.9677403846153846 0.12048295454545462 0.06451923076923076
0 0.6873579545454546 0.42828846153846145 0.06917613636363634 0.10123076923076921
0 0.6535795454545454 0.05939423076923078 0.08426136363636366 0.11878846153846151
0 0.10865767045454544 0.8690576923076923 0.09444602272727275 0.14165384615384616
0 0.9316477272727273 0.614576923076923 0.13670454545454544 0.17926923076923076
0 0.8935511363636364 0.798625 0.06874999999999999 0.15471153846153846
