0 0.37519886363636357 0.13974999999999993 0.02210227272727273 0.044884615384615335
0 0.31002130681818185 0.9039807692307692 0.03248579545454546 0.04084615384615384
0 0.6457954545454545 0.7013750000000001 0.03977272727272727 0.05236538461538465
0 0.6783948863636363 0.6931442307692308 0.0403409090909091 0.05086538461538459
0 0.7400568181818181 0.4642307692307692 0.0409943181818182 0.03769230769230763
0 0.6043536931818183 0.7709423076923076 0.0353551136363637 0.04488461538461539
0 0.7324005681818182 0.8599615384615384 0.031761363636363615 0.03815384615384615
0 0.6341974431818183 0.7498173076923077 0.03757102272727271 0.09686538461538463
0 0.5874573863636364 0.6183942307692307 0.02707386363636364 0.06282692307692311
0 0.5323437499999999 0.6466634615384614 0.08315340909090913 0.11413461538461538
0 0.5145454545454546 0.6861923076923077 0.02900568181818184 0.05707692307692309
0 0.4911505681818181 0.5964038461538461 0.06343750000000004 0.13403846153846152
0 0.6248792613636365 0.39255769230769233 0.02376420454545453 0.026923076923076925
0 0.5302130681818182 0.5555576923076924 0.03636363636363631 0.08376923076923072
0 0.5833877840909091 0.4835673076923077 0.04757102272727274 0.07278846153846158
0 0.22508522727272728 0.8108461538461539 0.03235795454545451 0.04896153846153848
0 0.026718749999999902 0.7886826923076924 0.037698863636363746 0.04382692307692309
0 0.20090198863636355 0.8183269230769231 0.025894886363636228 0.042269230769230746
0 0.27724431818181816 0.7894615384615384 0.02627840909090917 0.03711538461538461
0 0.25382812499999996 0.7752788461538462 0.03427556818181818 0.0355576923076923
0 0.14969460227272724 0.8708942307692308 0.027798295454545364 0.03194230769230769
0 0.15464488636363638 0.8322307692307692 0.03159090909090911 0.042269230769230774
0 0.13865767045454547 0.8170288461538462 0.041491477272727326 0.05309615384615385
0 0.19790482954545463 0.9909230769230769 0.027826704545454592 0.018153846153846152
0 0.12429687499999997 0.747423076923077 0.029559659090909015 0.04638461538461539
0 0.20454545454545459 0.7281538461538462 0.028181818181818065 0.04299999999999997
0 0.17166903409090917 0.7483557692307692 0.02154829545454556 0.05571153846153846
0 0.19045454545454554 0.7511634615384616 0.029829545454545456 0.06282692307692306
0 0.14625710227272715 0.7360096153846154 0.05137784090909085 0.1185576923076923
0 0.10504261363636369 0.8117596153846154 0.01144886363636372 0.015980769230769236
0 0.11294744318181815 0.6939903846153845 0.018906249999999923 0.02805769230769226
0 0.10931818181818187 0.7128076923076923 0.027272727272727174 0.04011538461538464
0 0.20049715909090926 0.017278846153846228 0.027215909090909044 0.03455769230769236
0 0.22978693181818177 0.06053846153846154 0.026392045454545352 0.037423076923076885
0 0.057556818181818126 0.9291442307692308 0.03235795454545451 0.03609615384615384
0 0.20627130681818184 0.05829807692307687 0.03546875000000004 0.059750000000000095
0 0.2425710227272727 0.02481730769230761 0.035482954545454574 0.04963461538461539
0 0.263203125 0.007788461538461466 0.025582386363636432 0.01557692307692312
0 0.22566761363636367 0.11023076923076924 0.03877840909090902 0.038538461538461466
0 0.19760653409090911 0.16720192307692305 0.03299715909090912 0.035173076923076856
0 0.21451704545454542 0.1987596153846154 0.03877840909090902 0.04913461538461541
0 0.22792613636363646 0.15183653846153844 0.07136363636363638 0.06701923076923082
0 0.1877769886363635 0.4568365384615385 0.040213068181818266 0.05236538461538465
0 0.21938920454545463 0.46952884615384605 0.028806818181818305 0.038480769230769325
0 0.19463778409090904 0.5054038461538461 0.016434659090909 0.030615384615384593
0 0.023295454545454564 0.988798076923077 0.03616477272727278 0.022403846153846156
0 0.17394886363636364 0.5023942307692308 0.02687499999999994 0.046596153846153884
0 0.28422585227272723 0.6745000000000001 0.027855113636363657 0.033499999999999974
0 0.1753551136363637 0.6087884615384616 0.03286931818181816 0.05811538461538461
0 0.2925426136363636 0.6519807692307693 0.07928977272727279 0.08169230769230773
0 0.39348721590909086 0.49258653846153844 0.03231534090909091 0.04713461538461542
0 0.4282954545454545 0.48940384615384613 0.025142045454545438 0.03403846153846152
0 0.34251420454545456 0.27528846153846154 0.046420454545454556 0.09126923076923073
0 0.3543963068181818 0.21245192307692307 0.039786931818181805 0.06282692307692311
0 0.3481747159090909 0.3384903846153846 0.04669034090909092 0.04413461538461536
0 0.3237286931818182 0.36467307692307693 0.0287357954545454 0.04561538461538467
0 0.04385653409090906 0.9621346153846154 0.02322443181818169 0.033
0 0.3793963068181818 0.4346153846153846 0.051661931818181746 0.059846153846153854
0 0.43776988636363634 0.13097115384615388 0.040596590909090964 0.038519230769230826
0 0.42063920454545456 0.15265384615384614 0.06105113636363639 0.040769230769230856
0 0.3478480113636363 0.02081730769230772 0.01990056818181817 0.026173076923076948
0 0.12095170454545467 0.872951923076923 0.01894886363636368 0.015749999999999997
0 0.12657670454545444 0.8570576923076922 0.021107954545454565 0.02084615384615385
0 0.1413352272727273 0.8589134615384615 0.010426136363636247 0.012788461538461523
0 0.23600852272727268 0.6146153846153847 0.05431818181818183 0.07673076923076924
0 0.7035298295454546 0.7872211538461539 0.024303977272727293 0.03178846153846154
0 0.36047585227272727 0.5668269230769231 0.02044034090909097 0.025807692307692337
0 0.005078125000000044 0.9906057692307693 0.010156249999999967 0.01878846153846154
0 0.3972088068181818 0.5333461538461539 0.02044034090909089 0.029923076923076927
0 0.4022727272727272 0.012278846153846112 0.03590909090909087 0.024557692307692273
0 0.006413352272727213 0.9059519230769231 0.012826704545454507 0.027826923076923075
0 0.1767258522727272 0.8652307692307692 0.02626420454545456 0.037115384615384626
0 0.12665482954545448 0.10576923076923073 0.018963068181818213 0.03296153846153844
0 0.8715909090909091 0.037432692307692306 0.038863636363636364 0.03125
0 0.697705965909091 0.28391346153846153 0.048735795454545455 0.07486538461538463
0 0.8436292613636364 0.7443557692307692 0.0379403409090909 0.040826923076923115
0 0.5033522727272728 0.029721153846153925 0.019062500000000024 0.03028846153846143
0 0.8941122159090908 0.09813461538461532 0.027201704545454553 0.055230769230769174
0 0.848934659090909 0.32161538461538464 0.02707386363636364 0.0392692307692308
0 0.9712642045454546 0.16582692307692315 0.05747159090909091 0.0863461538461539
0 0.8416193181818181 0.5288461538461539 0.025142045454545438 0.03403846153846152
0 0.9771875 0.7818942307692308 0.045625 0.05444230769230767
0 0.5851704545454546 0.13443269230769228 0.01937499999999998 0.028096153846153764
0 0.8791761363636363 0.5345096153846154 0.026306818181818178 0.035096153846153846
0 0.9641122159090909 0.4703750000000001 0.04086647727272727 0.026788461538461553
0 0.7085227272727272 0.06101923076923077 0.0358522727272727 0.02750000000000002
0 0.897734375 0.5541442307692308 0.03248579545454546 0.06282692307692311
0 0.4411931818181819 0.10508653846153848 0.04502840909090908 0.04113461538461536
0 0.7681036931818181 0.4312403846153846 0.0204971590909091 0.030365384615384544
0 0.7294744318181818 0.09189423076923076 0.026732954545454577 0.04340384615384614
0 0.7887855113636364 0.13023076923076926 0.01353693181818182 0.019884615384615337
0 0.9644602272727273 0.12237500000000001 0.047130681818181815 0.1050576923076923
0 0.9882173295454545 0.5065961538461539 0.023565340909090907 0.04126923076923079
0 0.8019389204545455 0.27841346153846147 0.028224431818181826 0.07748076923076927
0 0.7431605113636364 0.4362211538461538 0.02938920454545454 0.03194230769230772
0 0.8087357954545454 0.06427884615384616 0.03630681818181818 0.05555769230769228
0 0.9175852272727273 0.25530769230769224 0.020880681818181823 0.031423076923076984
0 0.8419105113636364 0.09362499999999996 0.030468750000000003 0.02548076923076923
0 0.9097727272727273 0.020875000000000088 0.03789772727272727 0.041403846153846104
0 0.8219318181818182 0.5758749999999999 0.041761363636363645 0.04451923076923078
0 0.6774147727272728 0.15875961538461536 0.018380681818181813 0.02548076923076923
0 0.4950639204545454 0.011778846153846168 0.023480113636363677 0.023557692307692307
0 0.8823863636363636 0.2029423076923076 0.024744318181818183 0.046076923076923036
0 0.9456107954545454 0.30500961538461546 0.015482954545454543 0.021980769230769245
0 0.7627556818181819 0.5682788461538462 0.0471875 0.04817307692307694
0 0.593125 0.17938461538461536 0.04289772727272734 0.043076923076923145
0 0.7868607954545455 0.17709615384615396 0.018948863636363642 0.02984615384615392
0 0.8484232954545454 0.5761346153846154 0.022812499999999982 0.04188461538461539
0 0.7406392045454546 0.2354711538461539 0.0208806818181818 0.03351923076923078
0 0.5248934659090909 0.15463461538461531 0.04061079545454542 0.046000000000000034
0 0.605575284090909 0.24307692307692308 0.024900568181818142 0.05150000000000006
0 0.4144247159090909 0.11731730769230764 0.02044034090909089 0.03067307692307701
0 0.6702485795454545 0.13357692307692315 0.0498153409090909 0.07988461538461543
0 0.61578125 0.2533846153846153 0.04116477272727275 0.07211538461538461
0 0.6866690340909091 0.3143942307692308 0.029105113636363648 0.05890384615384615
0 0.9922443181818181 0.2715384615384615 0.015511363636363636 0.026192307692307702
0 0.03963778409090901 0.31290384615384625 0.022940340909090876 0.046000000000000034
0 0.5858593750000001 0.12319230769230771 0.033196022727272734 0.05899999999999991
0 0.6035014204545455 0.20115384615384624 0.038735795454545426 0.03980769230769229
0 0.7690625 0.2689903846153846 0.038295454545454556 0.0586346153846154
0 0.8367613636363637 0.05667307692307699 0.0315625 0.04996153846153839
0 0.8034801136363636 0.17002884615384617 0.018948863636363642 0.026173076923076948
0 0.6103053977272728 0.016403846153846047 0.014957386363636405 0.032807692307692315
0 0.7099076704545455 0.14732692307692308 0.03975852272727274 0.040230769230769264
0 0.6506178977272727 0.1428846153846154 0.04112215909090908 0.06753846153846155
0 0.7091264204545454 0.40296153846153837 0.04563920454545454 0.046076923076923036
0 0.7503196022727273 0.057163461538461635 0.021803977272727263 0.04051923076923076
0 0.8827059659090909 0.790673076923077 0.03049715909090909 0.03688461538461537
0 0.9888636363636364 0.46642307692307694 0.022272727272727274 0.042576923076923054
0 0.7421875 0.21740384615384611 0.047954545454545444 0.04869230769230768
0 0.6506321022727273 0.24774999999999991 0.028281249999999994 0.03315384615384617
0 0.7145383522727273 0.3291153846153846 0.027201704545454553 0.041230769230769224
0 0.9602201704545454 0.44490384615384615 0.04475852272727272 0.029423076923076944
0 0.06298295454545444 0.2667115384615385 0.03923295454545455 0.0673076923076923
0 0.7208167613636363 0.12431730769230764 0.027372159090909107 0.03590384615384618
0 0.6934517045454545 0.23285576923076934 0.027840909090909124 0.03455769230769225
0 0.9672798295454546 0.28148076923076926 0.05453125 0.04607692307692315
0 0.9172301136363636 0.4335096153846153 0.03178977272727272 0.03425
0 0.6288494318181819 0.016778846153846172 0.024005681818181825 0.03324999999999993
0 0.8373366477272728 0.4822788461538461 0.024303977272727272 0.0306730769230769
0 0.8812571022727272 0.01477884615384606 0.026633522727272728 0.029557692307692316
0 0.9234517045454546 0.5240384615384616 0.0390625 0.04449999999999998
0 0.8247585227272727 0.16504807692307688 0.035965909090909104 0.05601923076923076
0 0.8674999999999999 0.22702884615384622 0.039829545454545444 0.0586346153846154
0 0.7811079545454546 0.07747115384615377 0.02235795454545456 0.034596153846153756
0 0.7025355113636363 0.12459615384615386 0.027144886363636343 0.04399999999999999
0 0.7071803977272728 0.18782692307692306 0.021264204545454544 0.05026923076923074
0 0.7787286931818183 0.15327884615384624 0.026690340909090896 0.03455769230769225
0 0.5881107954545455 0.07472115384615385 0.030795454545454556 0.043557692307692374
0 0.9435085227272727 0.7379807692307692 0.06323863636363636 0.06761538461538463
0 0.7044815340909092 0.43961538461538463 0.048735795454545455 0.047115384615384615
0 0.48455965909090903 0.02224038461538458 0.022926136363636343 0.031057692307692265
0 0.7863707386363636 0.454375 0.037940340909090924 0.04609615384615379
0 0.849140625 0.11796153846153856 0.04410511363636363 0.026461538461538554
0 0.8206960227272727 0.3995576923076922 0.02900568181818182 0.05707692307692309
0 0.6915553977272728 0.37275 0.044872159090909094 0.032038461538461585
0 0.6924857954545454 0.09450000000000003 0.055369318181818165 0.03184615384615385
0 0.8565696022727273 0.14005769230769238 0.027428977272727275 0.0356923076923077
0 0.8056107954545455 0.13860576923076928 0.0208806818181818 0.0282884615384615
0 0.8940482954545454 0.05246153846153845 0.03559659090909091 0.040769230769230745
0 0.7309659090909091 0.2998749999999999 0.03017045454545456 0.06598076923076923
0 0.7034943181818182 0.08122115384615392 0.026136363636363645 0.030134615384615416
0 0.6559019886363636 0.02480769230769231 0.037286931818181816 0.04961538461538464
0 0.5666619318181818 0.06769230769230772 0.021107954545454565 0.0725769230769231
0 0.5687357954545454 0.12342307692307697 0.030795454545454556 0.04353846153846151
0 0.842578125 0.018778846153846174 0.041235795454545456 0.03755769230769226
0 0.6133593749999999 0.14776923076923087 0.03492897727272732 0.08476923076923074
0 0.5654403409090909 0.009846153846153838 0.03034090909090911 0.01969230769230771
0 0.4660511363636364 0.09516346153846156 0.02900568181818184 0.07667307692307693
0 0.5896661931818181 0.019307692307692248 0.02921875000000007 0.038615384615384586
0 0.9597443181818182 0.2917019230769231 0.0471875 0.041365384615384596
0 0.7518536931818182 0.24830769230769234 0.04717329545454547 0.02984615384615381
0 0.7785369318181818 0.2202884615384616 0.03403409090909088 0.040846153846153865
0 0.8689275568181818 0.5638269230769231 0.026690340909090917 0.05707692307692309
0 0.45652698863636365 0.00840384615384615 0.024303977272727293 0.016807692307692326
0 0.08867187499999996 0.3923749999999999 0.04640624999999994 0.05086538461538459
0 0.8159375 0.5439326923076924 0.029772727272727284 0.036134615384615425
0 0.7863494318181818 0.6177692307692308 0.0471875 0.039269230769230744
0 0.5146235795454546 0.03484615384615386 0.02509943181818184 0.03769230769230773
0 0.719559659090909 0.23259615384615384 0.023579545454545447 0.03611538461538456
0 0.7802769886363636 0.1359903846153847 0.04833806818181818 0.07224999999999998
0 0.9954048295454545 0.9707307692307692 0.009190340909090908 0.03103846153846154
0 0.9641761363636364 0.3416634615384615 0.023977272727272722 0.03351923076923078
0 0.2091548295454545 0.007788461538461466 0.03134943181818173 0.01557692307692312
0 0.9697798295454545 0.3749038461538462 0.026690340909090907 0.03088461538461539
0 0.9628551136363637 0.0059615384615384626 0.04380681818181818 0.01192307692307701
0 0.012982954545454506 0.2936346153846153 0.025965909090909053 0.08676923076923078
0 0.9881818181818182 0.15936538461538463 0.023636363636363636 0.057038461538461475
0 0.8306818181818182 0.9714134615384615 0.03187499999999998 0.04213461538461538
0 0.5300213068181818 0.06543269230769222 0.024872159090909077 0.04694230769230774
0 0.16501420454545468 0.009740384615384734 0.03877840909090919 0.01948076923076922
0 0.1357315340909092 0.01057692307692304 0.02311079545454559 0.021153846153846155
0 0.0026065340909091628 0.6958942307692308 0.0052130681818181234 0.04278846153846154
0 0.16233664772727263 0.12001923076923071 0.017741477272727287 0.027923076923077
0 0.15347301136363645 0.13788461538461538 0.026406250000000044 0.03126923076923075
0 0.28587357954545456 0.7011057692307692 0.02069602272727272 0.02659615384615387
0 0.8147514204545454 0.9814615384615385 0.028110795454545465 0.03707692307692308
0 0.7890198863636364 0.9814615384615385 0.025340909090909056 0.03707692307692308
0 0.18424715909090916 0.6388942307692308 0.025909090909090923 0.0345576923076923
0 0.33693892045454543 0.005923076923076809 0.03231534090909091 0.011846153846153784
0 0.06685369318181822 0.340951923076923 0.052485795454545354 0.053480769230769235
0 0.0778480113636365 0.9808557692307692 0.06609375000000012 0.03828846153846154
0 0.15557528409090904 0.9925192307692308 0.02526988636363631 0.014961538461538462
0 0.40821022727272727 0.07654807692307686 0.02900568181818176 0.037403846153846135
0 0.32160511363636357 0.09150961538461533 0.01877840909090905 0.020211538461538444
0 0.3073721590909091 0.029423076923076885 0.022926136363636343 0.02392307692307692
0 0.13016335227272724 0.0820384615384615 0.02515625000000005 0.03238461538461534
0 0.36352982954545443 0.17393269230769226 0.04765625000000002 0.04763461538461535
0 0.3082102272727273 0.055413461538461495 0.019062500000000024 0.02805769230769237
0 0.3906676136363636 0.13676923076923075 0.02210227272727273 0.06507692307692314
0 0.3286434659090909 0.04625000000000001 0.028451704545454506 0.0351538461538461
0 0.5419957386363636 0.04273076923076924 0.03103693181818185 0.048499999999999946
0 0.6452698863636364 0.43800961538461536 0.022812500000000003 0.03821153846153847
0 0.22907670454545448 0.9937211538461539 0.02465909090909093 0.012557692307692308
0 0.5048792613636364 0.454375 0.023934659090909124 0.038480769230769214
0 0.2565909090909091 0.33269230769230773 0.040227272727272716 0.03926923076923069
0 0.36932528409090903 0.23371153846153836 0.044872159090909136 0.058653846153846154
0 0.5404829545454546 0.4422980769230769 0.03286931818181816 0.03290384615384618
0 0.4165482954545454 0.23152884615384617 0.0508238636363636 0.029173076923076954
0 0.5450355113636363 0.41893269230769237 0.02873579545454548 0.02805769230769226
0 0.6107102272727273 0.7408365384615385 0.023210227272727316 0.031057692307692317
0 0.4785369318181818 0.41040384615384606 0.03352272727272731 0.04215384615384619
0 0.3448082386363637 0.1283557692307692 0.04032670454545453 0.08340384615384616
0 0.7642258522727272 0.01665384615384613 0.03603693181818179 0.033307692307692295
0 0.04074573863636355 0.5266442307692307 0.02348011363636376 0.0321730769230769
0 0.3388281249999999 0.9018942307692308 0.02745738636363634 0.10367307692307692
0 0.21803267045454544 0.2699711538461538 0.01691761363636375 0.024019230769230786
0 0.3213636363636364 0.14178846153846159 0.03630681818181818 0.08711538461538464
0 0.5550497159090909 0.9154326923076923 0.04330965909090911 0.04032692307692307
0 0.13694602272727263 0.9038846153846154 0.04721590909090911 0.05669230769230769
0 0.5746946022727273 0.5246634615384616 0.02552556818181814 0.026173076923076896
0 0.21740767045454557 0.23784615384615382 0.026406250000000044 0.0547307692307693
0 0.5732173295454546 0.45987500000000003 0.023196022727272704 0.02394230769230767
0 0.38969460227272734 0.05653846153846154 0.01850852272727277 0.03403846153846152
0 0.8133877840909091 0.10142307692307695 0.040838068181818184 0.06084615384615382
0 0.3209517045454545 0.20880769230769225 0.035482954545454574 0.04803846153846157
0 0.06436079545454543 0.44716346153846154 0.05082386363636376 0.05648076923076924
0 0.20727982954545443 0.2889807692307692 0.0336505681818181 0.03246153846153845
0 0.024623579545454577 0.9208942307692307 0.025127840909090825 0.05463461538461539
0 0.28038352272727274 0.3070384615384615 0.019715909090909003 0.07696153846153854
0 0.46955965909090913 0.4932788461538461 0.050284090909090876 0.038480769230769214
0 0.4778125 0.7003365384615385 0.05917613636363632 0.07698076923076923
0 0.013259943181818223 0.44099999999999995 0.026519886363636305 0.038884615384615434
0 0.16108664772727266 0.43982692307692317 0.038281250000000065 0.046076923076923036
0 0.27578125 0.02478846153846148 0.02681818181818173 0.03407692307692313
0 0.6974076704545454 0.35360576923076925 0.037542613636363645 0.02982692307692306
0 0.24537642045454544 0.29866346153846157 0.0425426136363637 0.035096153846153846
0 0.2057386363636362 0.3507596153846153 0.04525568181818184 0.06178846153846153
0 0.4264914772727273 0.3291442307692307 0.053039772727272776 0.049365384615384644
0 0.33681107954545453 0.8235384615384616 0.04032670454545453 0.052730769230769234
0 0.6450852272727272 0.3683653846153845 0.03713068181818184 0.04030769230769227
0 0.41641335227272724 0.2586442307692308 0.05330965909090913 0.02805769230769237
0 0.40605113636363643 0.4852884615384616 0.01877840909090913 0.029538461538461454
0 0.42911931818181825 0.19300961538461536 0.038948863636363656 0.057596153846153825
0 0.6528693181818181 0.98475 0.022642045454545453 0.0305
0 0.06060369318181813 0.8801730769230769 0.05901988636363646 0.05669230769230769
0 0.9378551136363636 0.09624038461538453 0.06704545454545453 0.10232692307692304
0 0.2580468749999999 0.04125961538461531 0.025980113636363586 0.04355769230769226
0 0.44367187500000005 0.8955673076923076 0.03436079545454545 0.036403846153846155
0 0.2707173295454546 0.35442307692307695 0.0204971590909091 0.03246153846153845
0 0.37387073863636366 0.27341346153846147 0.021264204545454503 0.02467307692307689
0 0.35848721590909094 0.7110865384615384 0.025610795454545417 0.031326923076923065
0 0.5183664772727272 0.8671346153846153 0.043920454545454485 0.05980769230769231
0 0.12485795454545456 0.6499230769230769 0.03508522727272734 0.057115384615384596
0 0.25215198863636357 0.35024038461538465 0.026690340909090858 0.03455769230769236
0 0.009076704545454506 0.9379038461538461 0.018153409090909053 0.040192307692307694
0 0.45970170454545456 0.7321153846153846 0.0449431818181818 0.04765384615384616
0 0.9587784090909091 0.0327115384615384 0.06826704545454544 0.06434615384615391
0 0.03770596590909081 0.49802884615384624 0.023480113636363598 0.033288461538461545
0 0.35352982954545453 0.8082019230769231 0.034531250000000006 0.03778846153846155
0 0.5656178977272728 0.439875 0.021264204545454583 0.02805769230769226
0 0.42151988636363635 0.46472115384615376 0.02210227272727265 0.027288461538461536
0 0.40351562500000004 0.047009615384615344 0.014644886363636367 0.029173076923076843
0 0.35531250000000003 0.03615384615384609 0.019886363636363636 0.023192307692307696
0 0.6193607954545455 0.44691346153846145 0.03906250000000004 0.042403846153846174
0 0.5408451704545454 0.740125 0.060724431818181816 0.09267307692307689
0 0.20938920454545462 0.5187211538461538 0.049886363636363645 0.054980769230769236
0 0.033196022727272734 0.9464134615384615 0.028551136363636234 0.03659615384615385
0 0.9709303977272727 0.25184615384615394 0.04473011363636364 0.04515384615384608
0 0.868671875 0.395048076923077 0.02140624999999999 0.025903846153846208
0 0.48617187500000003 0.47342307692307695 0.020042613636363657 0.031192307692307745
0 0.014218749999999947 0.5912115384615384 0.028437499999999973 0.04607692307692309
0 0.5694886363636362 0.3854519230769231 0.02071022727272725 0.06655769230769233
0 0.25370738636363643 0.26159615384615376 0.059403409090909 0.04299999999999992
0 0.0731036931818182 0.6443461538461539 0.0355823863636363 0.058653846153846154
0 0.02610795454545456 0.41275961538461536 0.022926136363636506 0.03401923076923077
0 0.7317329545454545 0.9886826923076923 0.02403409090909089 0.022634615384615385
0 0.8566619318181818 0.24987499999999996 0.040227272727272716 0.051826923076923166
0 0.35713068181818175 0.6074807692307692 0.03596590909090908 0.058653846153846154
0 0.9766122159090909 0.869625 0.04677556818181818 0.05898076923076922
0 0.19224431818181809 0.23561538461538456 0.02639204545454551 0.055846153846153886
0 0.5487642045454546 0.8877692307692308 0.03536931818181815 0.056115384615384616
0 0.4030113636363637 0.45181730769230766 0.028181818181818145 0.04113461538461536
0 0.4106107954545455 0.3962788461538461 0.03397727272727267 0.03778846153846149
0 0.7259375 0.9388365384615385 0.02568181818181816 0.035903846153846154
0 0.2643323863636362 0.38086538461538466 0.027840909090909124 0.035076923076923096
0 0.28521306818181813 0.4018173076923077 0.026306818181818237 0.037173076923077
0 0.3673792613636363 0.3929038461538461 0.021548295454545476 0.03926923076923069
0 0.4679829545454546 0.9140192307692308 0.024971590909090888 0.05138461538461538
0 0.01910511363636369 0.9703846153846154 0.024744318181818124 0.03607692307692308
0 0.8681605113636364 0.8502115384615385 0.03208806818181819 0.06530769230769232
0 0.4469602272727272 0.9168076923076923 0.02301136363636362 0.036
0 0.015866477272727386 0.7007884615384615 0.027414772727272826 0.0577307692307692
0 0.38215198863636357 0.4048846153846153 0.024588068181818187 0.03253846153846157
0 0.6624857954545454 0.4748173076923077 0.036278409090909076 0.03078846153846163
0 0.08838068181818182 0.5981923076923077 0.03730113636363635 0.035153846153846154
0 0.41617897727272724 0.9194326923076923 0.03974431818181821 0.03882692307692308
0 0.36941051136363634 0.8624326923076924 0.01933238636363638 0.03851923076923076
0 0.4354758522727272 0.5213846153846153 0.038394886363636326 0.04488461538461539
0 0.8855326704545454 0.4069038461538462 0.017514204545454545 0.019769230769230827
0 0.4097443181818182 0.6599134615384615 0.03150568181818183 0.04113461538461536
0 0.49809659090909086 0.10358653846153842 0.040056818181818166 0.057596153846153825
0 0.7321519886363637 0.9652115384615385 0.0292755681818182 0.032538461538461544
0 0.02059659090909094 0.658625 0.03616477272727278 0.04686538461538457
0 0.758622159090909 0.4576826923076923 0.0208806818181818 0.03298076923076919
0 0.6573437499999999 0.3905192307692309 0.043323863636363674 0.05130769230769232
0 0.7516264204545454 0.9057403846153846 0.028451704545454547 0.03401923076923077
0 0.751015625 0.7416538461538462 0.020582386363636376 0.0381153846153846
0 0.3399147727272728 0.5883653846153846 0.027840909090909124 0.0371923076923077
0 0.19409801136363636 0.2247307692307693 0.021860795454545435 0.03407692307692313
0 0.21229403409090897 0.5674230769230769 0.055696022727272615 0.06023076923076922
0 0.3532528409090909 0.8620673076923078 0.01906249999999994 0.04001923076923076
0 0.5135724431818183 0.21971153846153846 0.08609375000000002 0.08611538461538457
0 0.6911363636363637 0.9713846153846154 0.02900568181818184 0.056846153846153845
0 0.24463778409090908 0.2484615384615384 0.04291193181818187 0.022346153846153856
0 0.6398650568181818 0.5361826923076922 0.054531250000000024 0.07540384615384617
0 0.39666193181818177 0.5307307692307692 0.03977272727272727 0.036653846153846155
0 0.7275994318181818 0.8832980769230769 0.03397727272727271 0.03851923076923077
0 0.37754261363636366 0.020317307692307662 0.027897727272727255 0.04063461538461537
0 0.23370028409090904 0.08761538461538465 0.03754261363636373 0.03461538461538462
0 0.5247727272727274 0.8311057692307693 0.03914772727272728 0.02990384615384615
0 0.21250000000000002 0.3177788461538462 0.03403409090909096 0.02513461538461537
0 0.3867897727272728 0.853201923076923 0.04525568181818184 0.10367307692307692
0 0.14645596590909093 0.10549038461538462 0.02311079545454543 0.0312884615384615
0 0.5441477272727273 0.09269230769230774 0.031278409090909065 0.05565384615384615
0 0.6340838068181818 0.9433269230769231 0.038678977272727295 0.09873076923076923
0 0.04480823863636363 0.7371346153846154 0.03654829545454548 0.04276923076923079
0 0.2473153409090909 0.397625 0.07116477272727284 0.07175000000000001
0 0.5489701704545455 0.5175961538461538 0.021264204545454503 0.026692307692307737
0 0.5856463068181817 0.44099038461538465 0.026519886363636388 0.02805769230769237
0 0.250575284090909 0.48678846153846156 0.041775568181818136 0.0434615384615385
0 0.4970383522727272 0.9085865384615385 0.017315340909090905 0.04690384615384614
0 0.35936789772727273 0.6742788461538461 0.03859374999999994 0.04701923076923075
0 0.6557173295454546 0.6115384615384616 0.07473011363636366 0.09749999999999998
0 0.3090482954545455 0.9471923076923077 0.048352272727272674 0.04869230769230769
0 0.5439701704545454 0.1376442307692307 0.03092329545454543 0.04186538461538458
0 0.834424715909091 0.29437500000000005 0.042940340909090914 0.045557692307692306
0 0.4282954545454545 0.36841346153846166 0.025142045454545438 0.04413461538461536
0 0.3764559659090909 0.7433173076923076 0.03896306818181819 0.039634615384615386
0 0.4963707386363637 0.7854230769230769 0.04447443181818182 0.06807692307692309
0 0.3267684659090909 0.6174230769230769 0.02862215909090906 0.04188461538461539
0 0.7643110795454545 0.7292403846153845 0.027627840909090932 0.041519230769230774
0 0.026235795454545463 0.4299615384615384 0.011051136363636326 0.016076923076923103
0 0.24897017045454561 0.21775 0.04495738636363633 0.05696153846153847
0 0.003934659090909065 0.967798076923077 0.00786931818181813 0.024749999999999998
0 0.3622088068181818 0.016394230769230744 0.02044034090909089 0.03278846153846156
0 0.5153338068181819 0.28965384615384615 0.06359374999999998 0.07753846153846153
0 0.3805823863636364 0.10160576923076925 0.027897727272727255 0.032173076923076846
0 0.4819105113636364 0.5459326923076924 0.07038352272727275 0.08063461538461535
0 0.27949573863636357 0.056346153846153824 0.04248579545454557 0.03461538461538462
0 0.47030539772727276 0.47179807692307696 0.021860795454545515 0.032019230769230834
0 0.2631747159090909 0.30547115384615386 0.025525568181818222 0.04344230769230764
0 0.33311789772727274 0.3790769230769231 0.032599431818181805 0.051230769230769205
0 0.31002130681818185 0.008346153846153892 0.021860795454545435 0.016692307692307704
0 0.05395596590909091 0.6666057692307692 0.04061079545454534 0.05759615384615388
0 0.5741903409090909 0.8112307692307692 0.029772727272727242 0.04765384615384616
0 0.3814630681818182 0.3725288461538462 0.025965909090909053 0.03590384615384618
0 0.47703125 0.2986923076923077 0.022840909090909068 0.059461538461538385
0 0.4082670454545454 0.3577596153846154 0.03093750000000004 0.04375
0 0.3070667613636364 0.25939423076923074 0.04757102272727274 0.05394230769230771
0 0.37685369318181816 0.07859615384615382 0.03424715909090911 0.04750000000000009
0 0.0371306818181818 0.6969711538461538 0.03480113636363636 0.051326923076923076
0 0.276875 0.5472596153846154 0.08741477272727276 0.14032692307692313
0 0.4686647727272728 0.4572115384615385 0.049090909090909095 0.05550000000000003
0 0.58375 0.41819230769230775 0.031221590909090855 0.02865384615384622
0 0.05621448863636369 0.3908846153846154 0.04723011363636364 0.08226923076923072
0 0.4157315340909091 0.8838365384615384 0.02151988636363633 0.034788461538461546
0 0.4902130681818182 0.35995192307692314 0.03113636363636366 0.042557692307692296
0 0.5661079545454546 0.20425961538461546 0.04920454545454544 0.10086538461538459
0 0.41359375 0.6087788461538461 0.05607954545454548 0.041365384615384596
0 0.055085227272727244 0.7592980769230769 0.04187500000000002 0.05309615384615385
0 0.6628125 0.9418269230769231 0.03204545454545455 0.04188461538461539
0 0.5211221590909091 0.4764903846153846 0.04602272727272724 0.06178846153846153
0 0.4896306818181819 0.9286346153846154 0.013039772727272737 0.018346153846153845
0 0.0705042613636363 0.8528557692307692 0.05367897727272722 0.06390384615384614
0 0.15102982954545463 0.9229519230769231 0.030468749999999902 0.03917307692307692
0 0.05795454545454537 0.5955288461538462 0.024176136363636337 0.033480769230769224
0 0.3923224431818182 0.5551250000000001 0.058394886363636385 0.0345576923076923
0 0.2520596590909091 0.10298076923076926 0.023096590909090896 0.03296153846153844
0 0.9143252840909091 0.7024230769230769 0.03794034090909091 0.05530769230769229
0 0.7415198863636363 0.7832884615384615 0.022386363636363624 0.047884615384615394
0 0.20784090909090902 0.6310384615384614 0.027471590909090956 0.04503846153846151
0 0.7066051136363636 0.987375 0.0328693181818182 0.02525
0 0.37097301136363636 0.26630769230769236 0.030383522727272707 0.044884615384615335
0 0.03433238636363645 0.7214134615384615 0.02247159090909098 0.03609615384615387
0 0.5814985795454546 0.33552884615384615 0.03757102272727279 0.026557692307692313
0 0.5601917613636364 0.5089615384615385 0.02359375000000002 0.032461538461538396
0 0.734609375 0.6939807692307692 0.048735795454545455 0.04923076923076922
0 0.28733664772727263 0.009182692307692308 0.021036931818181823 0.018365384615384638
0 0.43409801136363635 0.5666442307692308 0.026690340909090938 0.05340384615384612
0 0.9810795454545455 0.7175769230769231 0.03784090909090909 0.04523076923076925
0 0.38919744318181815 0.32016346153846154 0.04862215909090912 0.037403846153846135
0 0.6703338068181819 0.4319326923076924 0.03248579545454546 0.06963461538461535
0 0.022727272727272707 0.6213173076923076 0.03926136363636378 0.03613461538461537
0 0.41600142045454547 0.28220192307692304 0.04529829545454544 0.03701923076923077
0 0.3238707386363636 0.5739615384615384 0.03055397727272726 0.04188461538461539
0 0.44321732954545456 0.8621923076923077 0.022116477272727263 0.034384615384615375
0 0.2825852272727273 0.17390384615384613 0.06269886363636362 0.10330769230769236
0 0.4050923295454546 0.5812980769230769 0.04757102272727274 0.03771153846153849
0 0.3163636363636364 0.7466826923076924 0.0751420454545455 0.10921153846153847
0 0.3996448863636364 0.03128846153846154 0.025142045454545438 0.026923076923076925
0 0.9290838068181818 0.7011057692307692 0.023991477272727272 0.0315961538461538
0 0.5939914772727273 0.14449999999999996 0.029403409090909074 0.03419230769230764
0 0.5974005681818182 0.864375 0.0351988636363636 0.056557692307692316
0 0.6087215909090908 0.6254615384615385 0.03403409090909088 0.04765384615384616
0 0.2716548295454545 0.4634807692307692 0.06535511363636362 0.07750000000000003
0 0.29509943181818177 0.8514038461538461 0.05028409090909096 0.06880769230769229
0 0.7020099431818182 0.756173076923077 0.041718750000000006 0.055730769230769236
0 0.035298295454545436 0.672625 0.035767045454545544 0.04659615384615383
0 0.5576704545454545 0.5369711538461539 0.0208806818181818 0.028788461538461537
0 0.4224573863636363 0.8197211538461538 0.038551136363636426 0.04248076923076924
0 0.27619318181818187 0.07951923076923084 0.04991477272727271 0.03296153846153854
0 0.9655681818181818 0.7076923076923076 0.03275568181818182 0.0351153846153846
0 0.21927556818181815 0.42119230769230764 0.045255681818181674 0.051846153846153806
0 0.37580255681818187 0.2939903846153846 0.020724431818181864 0.03290384615384618
0 0.17531249999999998 0.6813076923076924 0.043636363636363674 0.051923076923076926
0 0.5892045454545455 0.35524038461538465 0.022869318181818213 0.024326923076923142
0 0.8604048295454545 0.3799038461538462 0.019133522727272725 0.024576923076923024
0 0.5881392045454545 0.3812884615384615 0.020312500000000015 0.03703846153846152
0 0.7371875000000001 0.017394230769230745 0.023039772727272725 0.026249999999999957
0 0.6025355113636364 0.6880288461538462 0.0425426136363637 0.06598076923076923
0 0.571015625 0.5872403846153846 0.022826704545454535 0.04032692307692307
0 0.6211008522727273 0.5759807692307692 0.023991477272727255 0.029307692307692326
0 0.9848082386363637 0.6624711538461538 0.030383522727272728 0.06675000000000002
0 0.8185724431818182 0.23312500000000003 0.03365056818181818 0.026711538461538543
0 0.5951846590909091 0.37130769230769234 0.022017045454545456 0.02923076923076921
0 0.6180681818181819 0.37058653846153844 0.019034090909090876 0.02951923076923081
0 0.5959659090909091 0.5715288461538461 0.03093749999999996 0.03928846153846155
0 0.9682457386363637 0.8212884615384615 0.024758522727272726 0.028807692307692315
0 0.6712357954545455 0.971 0.02017045454545457 0.03292307692307692
0 0.624190340909091 0.4856538461538461 0.04409090909090904 0.04030769230769227
0 0.6680610795454545 0.9933557692307692 0.02044034090909089 0.013288461538461539
0 0.7107457386363636 0.9601634615384615 0.02348011363636364 0.030673076923076924
0 0.5478053977272728 0.49324999999999997 0.02745738636363634 0.03350000000000003
0 0.13511363636363638 0.13229807692307693 0.02434659090909105 0.025673076923076965
0 0.9540553977272728 0.6765192307692308 0.027883522727272722 0.050923076923076904
0 0.635703125 0.37260576923076927 0.011974431818181829 0.02721153846153842
0 0.5987215909090908 0.4085 0.024374999999999956 0.04053846153846151
0 0.5717897727272727 0.5534615384615384 0.023579545454545405 0.033499999999999974
0 0.5936434659090908 0.5385480769230768 0.024758522727272737 0.045557692307692306
0 0.15903409090909093 0.08818269230769238 0.02681818181818181 0.03798076923076923
0 0.43081676136363634 0.7827019230769231 0.03257102272727274 0.07767307692307693
0 0.6088707386363637 0.39156730769230774 0.019872159090909104 0.030980769230769256
0 0.46322443181818185 0.8717692307692307 0.02803977272727274 0.04461538461538462
0 0.5141335227272728 0.9114038461538462 0.04034090909090906 0.058615384615384625
0 0.6094105113636363 0.35524038461538465 0.020951704545454544 0.02605769230769233
0 0.9537286931818182 0.6297596153846154 0.030497159090909096 0.05313461538461538
0 0.626512784090909 0.412875 0.024758522727272695 0.026711538461538436
0 0.8708664772727273 0.63525 0.04053977272727274 0.06323076923076927
0 0.46010653409090907 0.7867500000000001 0.030184659090909092 0.0631153846153846
0 0.552450284090909 0.569173076923077 0.022826704545454535 0.035615384615384583
0 0.48732954545454543 0.8900865384615384 0.026079545454545473 0.06259615384615386
0 0.8903125000000001 0.2474519230769231 0.03596590909090908 0.04921153846153852
0 0.4220028409090909 0.9392596153846153 0.04542613636363631 0.039634615384615386
0 0.9357599431818182 0.8739038461538462 0.030156250000000006 0.03665384615384615
0 0.5540198863636363 0.46624038461538464 0.021818181818181757 0.025442307692307726
0 0.3452272727272727 0.055230769230769305 0.04392045454545457 0.04115384615384622
0 0.9131889204545455 0.6462211538461539 0.051235795454545464 0.048288461538461565
0 0.12749999999999995 0.5838076923076922 0.034375000000000065 0.04557692307692311
0 0.25517755681818177 0.6787884615384616 0.031576704545454574 0.037999999999999985
0 0.22165482954545468 0.9355865384615385 0.025497159090908994 0.03451923076923077
0 0.40005681818181815 0.6837788461538461 0.025965909090909053 0.04798076923076921
0 0.1480113636363637 0.6035192307692308 0.031221590909090935 0.03942307692307692
0 0.29759232954545456 0.41830769230769227 0.026292613636363624 0.03350000000000003
0 0.399296875 0.20307692307692315 0.04370738636363634 0.06126923076923069
0 0.3998366477272728 0.28893269230769236 0.028451704545454506 0.03178846153846149
0 0.3497017045454546 0.3854326923076923 0.029829545454545456 0.05198076923076918
0 0.4233167613636364 0.43499038461538464 0.024588068181818187 0.03290384615384618
0 0.8823792613636363 0.639201923076923 0.024644886363636376 0.028980769230769216
0 0.1472585227272728 0.4591923076923077 0.0179829545454545 0.025653846153846107
0 0.30339488636363643 0.3067788461538461 0.030170454545454476 0.04921153846153841
0 0.21404119318181813 0.9051730769230769 0.02856534090909093 0.05103846153846154
0 0.17634943181818175 0.8987307692307692 0.026278409090909092 0.036076923076923076
0 0.25116477272727267 0.8281153846153846 0.041874999999999864 0.04534615384615384
0 0.12075994318181815 0.8069807692307692 0.020184659090909142 0.03607692307692309
0 0.004886363636363744 0.7649711538461539 0.009772727272727266 0.0943269230769231
0 0.011171875000000053 0.755951923076923 0.022343750000000027 0.0443269230769231
0 0.1566122159090909 0.6476826923076924 0.028053977272727272 0.049865384615384575
0 0.2648508522727272 0.20574038461538469 0.04373579545454556 0.07094230769230767
0 0.9020028409090909 0.6315096153846154 0.019772727272727275 0.03294230769230768
0 0.19272017045454537 0.9196057692307692 0.02856534090909093 0.05205769230769231
0 0.2797017045454545 0.10660576923076925 0.03383522727272726 0.06367307692307694
0 0.3774289772727273 0.6852019230769231 0.031931818181818124 0.04798076923076921
0 0.04312499999999997 0.03427884615384613 0.03011363636363643 0.02959615384615382
0 0.03919744318181817 0.06081730769230764 0.026406250000000044 0.04355769230769226
0 0.013430397727272836 0.21208653846153835 0.025582386363636352 0.03463461538461548
0 0.013828124999999858 0.010019230769230836 0.026803977272727278 0.020038461538461567
0 0.10705965909090909 0.014490384615384544 0.034232954545454414 0.028980769230769216
0 0.06766335227272724 0.06667307692307689 0.028877840909090804 0.040769230769230745
0 0.09860085227272719 0.116375 0.03134943181818189 0.05082692307692309
0 0.9209801136363637 0.6014326923076923 0.04215909090909091 0.04567307692307692
0 0.1066477272727272 0.04210576923076914 0.03176136363636366 0.02959615384615382
0 0.04579545454545453 0.09934615384615375 0.03960227272727272 0.04580769230769229
0 0.10850852272727274 0.11191346153846149 0.01980113636363644 0.02736538461538465
0 0.02001420454545455 0.06249038461538459 0.027642045454545506 0.04467307692307696
0 0.10788352272727275 0.08873076923076917 0.025170454545454423 0.02569230769230772
0 0.047038352272727235 0.011413461538461456 0.037116477272727266 0.022826923076923085
0 0.017357954545454635 0.11450961538461535 0.02065340909090904 0.03398076923076926
0 0.015269886363636354 0.0331634615384615 0.030539772727272728 0.03294230769230768
0 0.0063991477272726804 0.0591346153846154 0.012798295454545442 0.0458076923076924
0 0.18419744318181808 0.08426923076923087 0.041661931818181876 0.06142307692307692
0 0.9705965909090909 0.6093365384615385 0.03957386363636364 0.07463461538461538
0 0.005234374999999902 0.10285576923076922 0.010468750000000006 0.03863461538461534
0 0.08106534090909079 0.0932019230769231 0.0284659090909092 0.03686538461538465
0 0.0705468749999999 0.1233653846153846 0.03134943181818189 0.054730769230769194
0 0.06910511363636362 0.023980769230769305 0.03505681818181827 0.04796153846153846
0 0.0917116477272728 0.26278846153846147 0.024303977272727293 0.03253846153846157
0 0.7242045454545454 0.17656730769230766 0.0181818181818182 0.036134615384615314
0 0.7341761363636363 0.052028846153846176 0.03343749999999999 0.04686538461538462
0 0.8641193181818182 0.08301923076923068 0.039886363636363636 0.06592307692307697
0 0.7506889204545455 0.15065384615384625 0.02166193181818182 0.05130769230769232
0 0.757265625 0.1954134615384615 0.028622159090909097 0.03717307692307689
0 0.9425426136363636 0.5742211538461539 0.04443181818181819 0.06586538461538462
0 0.7994247159090909 0.19882692307692307 0.024758522727272695 0.03142307692307687
0 0.09157670454545463 0.23978846153846156 0.032329545454545444 0.044884615384615446
0 0.7787286931818181 0.04069230769230758 0.03055397727272726 0.041884615384615444
0 0.7789275568181818 0.043567307692307655 0.0185653409090909 0.02251923076923073
0 0.017784090909090833 0.1607980769230769 0.03556818181818177 0.07594230769230771
0 0.7358025568181819 0.16740384615384618 0.03208806818181819 0.04923076923076927
0 0.08943181818181822 0.20309615384615387 0.03099431818181825 0.03796153846153848
0 0.35433948863636366 0.08590384615384605 0.02734375 0.03515384615384621
0 0.35917613636363643 0.10385576923076922 0.02210227272727273 0.020942307692307666
0 0.42340909090909096 0.039326923076923204 0.025142045454545438 0.040769230769230745
0 0.9628053977272727 0.5535769230769231 0.04475852272727272 0.06673076923076926
0 0.33002840909090914 0.020634615384615418 0.022926136363636426 0.023576923076923058
0 0.4012713068181818 0.10994230769230773 0.022656250000000065 0.04115384615384611
0 0.9731321022727273 0.5425961538461539 0.05373579545454545 0.08430769230769226
0 0.9856178977272727 0.7467692307692307 0.028764204545454544 0.028961538461538466
0 0.9932102272727272 0.8220673076923077 0.013579545454545455 0.03140384615384615
0 0.7886150568181818 0.6726634615384615 0.02745738636363634 0.041365384615384596
0 0.9534090909090909 0.9024423076923077 0.04485795454545455 0.03926923076923076
0 0.9888849431818182 0.9375192307692307 0.022230113636363638 0.034038461538461545
0 0.9410298295454546 0.9265192307692307 0.02938920454545454 0.04765384615384616
0 0.8383522727272728 0.8746923076923077 0.03286931818181818 0.0445
0 0.8242329545454545 0.9516538461538462 0.0340340909090909 0.04973076923076923
0 0.8868892045454546 0.9822403846153847 0.03713068181818182 0.03551923076923077
0 0.9360014204545455 0.938 0.12686079545454543 0.12400000000000001
0 0.8570880681818182 0.5037788461538462 0.04999999999999998 0.06021153846153847
0 0.9922727272727273 0.540625 0.015454545454545455 0.029403846153846194
0 0.7772088068181818 0.49158653846153844 0.06271306818181815 0.04936538461538459
0 0.9946590909090909 0.06941346153846162 0.010681818181818181 0.052673076923077
0 0.9920099431818182 0.021740384615384634 0.015980113636363636 0.04348076923076926
0 0.985703125 0.3522307692307691 0.028593749999999998 0.041884615384615444
0 0.9342755681818182 0.21923076923076923 0.0325 0.040846153846153865
0 0.9013565340909091 0.206125 0.02166193181818181 0.040826923076923115
0 0.9171803977272728 0.3280384615384616 0.11177556818181818 0.11099999999999995
0 0.7501278409090909 0.41591346153846154 0.024971590909090888 0.029865384615384672
0 0.7710511363636363 0.40712499999999996 0.03113636363636362 0.0360192307692308
0 0.8289346590909091 0.34675 0.040539772727272716 0.05576923076923077
0 0.9788778409090909 0.8212884615384615 0.01585227272727273 0.03507692307692307
0 0.9923082386363636 0.10990384615384607 0.015383522727272727 0.0482692307692307
0 0.7449431818181818 0.387375 0.021732954545454562 0.03863461538461545
0 0.7647230113636364 0.376173076923077 0.023678977272727254 0.037307692307692264
0 0.7841903409090909 0.3840769230769231 0.02107954545454546 0.0303076923076924
0 0.7789985795454546 0.35444230769230767 0.06259943181818181 0.06673076923076932
0 0.8511576704545455 0.3994423076923077 0.035667613636363636 0.05138461538461533
0 0.7618110795454546 0.3155865384615385 0.03146306818181815 0.040826923076923115
0 0.8876065340909091 0.27265384615384614 0.04254261363636362 0.05026923076923085
0 0.8636221590909091 0.30354807692307695 0.027840909090909104 0.03559615384615394
0 0.7880184659090909 0.2956923076923077 0.04137784090909094 0.06284615384615386
0 0.31813920454545463 0.9249326923076923 0.017784090909090965 0.03455769230769231
0 0.8216619318181818 0.2558942307692308 0.042159090909090896 0.03874999999999996
0 0.8218536931818181 0.2111249999999999 0.05879261363636366 0.061249999999999936
0 0.8876420454545455 0.3871538461538463 0.017840909090909095 0.024153846153846158
0 0.6659943181818182 0.31844230769230775 0.032357954545454544 0.05080769230769234
0 0.660965909090909 0.29763461538461533 0.03264204545454544 0.04749999999999998
0 0.6465482954545454 0.3165961538461538 0.02610795454545454 0.041230769230769224
0 0.6483238636363637 0.27885576923076927 0.027471590909090914 0.0312884615384615
0 0.5770383522727274 0.3077115384615384 0.030099431818181813 0.0374615384615385
0 0.6147443181818182 0.3116923076923077 0.050852272727272746 0.06323076923076922
0 0.669140625 0.7675865384615385 0.03231534090909091 0.050865384615384646
