0 0.29126420454545443 0.986125 0.08318181818181819 0.026365384615384617
0 0.2937002840909091 0.7876153846153846 0.1310653409090909 0.11865384615384614
0 0.13611505681818192 0.9179615384615385 0.03404829545454533 0.04515384615384615
0 0.2227627840909091 0.9358269230769231 0.06086647727272731 0.12834615384615383
0 0.17720170454545459 0.8017403846153845 0.10659090909090904 0.19940384615384615
0 0.8961008522727273 0.6072884615384615 0.12859375 0.1996923076923077
0 0.28323863636363633 0.1262884615384614 0.10551136363636368 0.25257692307692303
0 0.4191903409090909 0.2687788461538462 0.022244318181818216 0.03174999999999998
0 0.3726846590909091 0.37051923076923066 0.0934090909090909 0.14726923076923074
0 0.8433806818181818 0.5120480769230769 0.06556818181818182 0.10767307692307694
0 0.19370738636363638 0.8886346153846154 0.09352272727272716 0.09823076923076925
0 0.9535866477272728 0.5203942307692307 0.08862215909090909 0.1859038461538462
0 0.4014275568181819 0.8257980769230769 0.07708806818181815 0.11590384615384615
0 0.8997017045454545 0.4070865384615384 0.125625 0.15821153846153843
0 0.14093039772727256 0.9679423076923077 0.05055397727272732 0.06411538461538462
0 0.7853835227272727 0.6425865384615385 0.10934659090909093 0.13498076923076924
0 0.8415056818181819 0.042807692307692324 0.07357954545454543 0.08561538461538458
0 0.3457954545454546 0.2339326923076923 0.08653409090909085 0.14451923076923084
0 0.29727272727272724 0.29825961538461543 0.09380681818181821 0.12863461538461546
0 0.30515625 0.4382115384615385 0.1524431818181819 0.17573076923076922
0 0.7878693181818182 0.059336538461538524 0.09832386363636361 0.11867307692307688
0 0.7110227272727272 0.11975961538461533 0.09318181818181821 0.12848076923076923
0 0.4805965909090909 0.028701923076923097 0.09357954545454544 0.057403846153846194
0 0.5379758522727274 0.7994326923076923 0.10103693181818181 0.13128846153846155
0 0.4397798295454546 0.08008653846153846 0.07433238636363634 0.12355769230769231
0 0.7261505681818181 0.29874038461538466 0.06911931818181817 0.1317500000000001
0 0.38606534090909084 0.10849999999999993 0.06315340909090907 0.09176923076923071
0 0.37046875 0.13430769230769235 0.07355113636363632 0.09646153846153852
0 0.6682102272727273 0.3425 0.09008522727272729 0.1410384615384615
0 0.8075568181818181 0.9374038461538462 0.18051136363636366 0.08657692307692308
0 0.8935369318181818 0.08406730769230775 0.08798295454545456 0.06240384615384613
0 0.5867258522727272 0.2898942307692308 0.08390624999999999 0.13824999999999998
0 0.6568678977272727 0.22821153846153852 0.09970170454545459 0.0940384615384615
0 0.7401846590909091 0.4625576923076924 0.05775568181818181 0.10165384615384612
0 0.5980255681818182 0.8381538461538461 0.1197159090909091 0.1703076923076923
0 0.6117542613636364 0.015230769230769381 0.07123579545454542 0.028692307692307614
0 0.04053267045454556 0.9267307692307692 0.08080965909090908 0.10053846153846152
0 0.8448508522727273 0.10999038461538457 0.07953125 0.11075000000000006
0 0.6238849431818181 0.08561538461538454 0.09166193181818182 0.15380769230769234
0 0.9527769886363636 0.1787692307692308 0.09154829545454546 0.06988461538461534
0 0.4964204545454546 0.13813461538461547 0.08127840909090905 0.12153846153846151
0 0.6333309659090909 0.735798076923077 0.13674715909090907 0.12525
0 0.9581392045454545 0.09746153846153849 0.0827840909090909 0.09888461538461531
0 0.9838565340909091 0.08473076923076928 0.03228693181818182 0.12350000000000005
0 0.1817045454545454 0.6844326923076923 0.034488636363636326 0.08405769230769226
0 0.566505681818182 0.1702499999999999 0.08318181818181819 0.13296153846153855
0 0.15228693181818187 0.7055769230769231 0.04139204545454544 0.038461538461538464
0 0.43287642045454544 0.6712403846153847 0.11078125000000001 0.15986538461538466
0 0.9783380681818182 0.028249999999999886 0.04332386363636364 0.05538461538461541
0 0.1620241477272728 0.7464999999999999 0.06330965909090916 0.06757692307692305
0 0.9104190340909091 0.02862500000000001 0.11913352272727273 0.05724999999999997
0 0.24561079545454556 0.6808653846153847 0.07872159090909085 0.11426923076923075
0 0.2435866477272728 0.6314230769230769 0.01947443181818187 0.04065384615384613
0 0.9747088068181818 0.245375 0.050582386363636364 0.11267307692307688
0 0.9538139204545455 0.17773076923076914 0.09200284090909093 0.07396153846153843
0 0.4678267045454546 0.9784807692307692 0.03653409090909087 0.04303846153846154
0 0.4801491477272727 0.8864134615384616 0.11768465909090904 0.09248076923076923
0 0.1256250000000001 0.22067307692307692 0.037812500000000006 0.040769230769230856
0 0.9555539772727273 0.7336153846153847 0.04801136363636363 0.1103846153846154
0 0.36928267045454544 0.13313461538461546 0.07473011363636357 0.09580769230769229
0 0.029303977272727266 0.27402884615384615 0.05860795454545453 0.08698076923076926
0 0.7738423295454545 0.34599038461538456 0.10123579545454545 0.08094230769230765
0 0.6248366477272727 0.08096153846153853 0.09669034090909086 0.1618846153846154
0 0.16840909090909084 0.6505961538461538 0.18227272727272734 0.13515384615384615
0 0.9533238636363637 0.5132980769230769 0.09014204545454546 0.1891730769230769
0 0.30566761363636374 0.43744230769230774 0.15332386363636363 0.17507692307692313
0 0.8962428977272727 0.6081346153846154 0.13180397727272727 0.2041923076923077
0 0.46818181818181825 0.9468365384615385 0.018267045454545393 0.030211538461538463
0 0.20884943181818183 0.14708653846153852 0.07789772727272731 0.1805961538461539
0 0.8948934659090909 0.40629807692307685 0.13904829545454545 0.1603653846153847
0 0.4233948863636364 0.1890384615384615 0.11639204545454546 0.16403846153846155
0 0.5678835227272727 0.17340384615384608 0.08605113636363634 0.14196153846153844
0 0.48485795454545455 0.8863173076923077 0.1279829545454545 0.09575000000000002
0 0.8185724431818182 0.5478846153846153 0.07563920454545454 0.11253846153846156
0 0.29592329545454543 0.7885192307692308 0.1265909090909091 0.11834615384615386
0 0.4809801136363636 0.02976923076923077 0.09204545454545456 0.0595384615384615
0 0.22818181818181815 0.5402115384615385 0.07247159090909089 0.08853846153846158
0 0.828565340909091 0.9903846153846154 0.08718749999999999 0.019230769230769232
0 0.4675710227272728 0.9789807692307693 0.03409090909090909 0.04065384615384615
0 0.7314559659090909 0.5682115384615385 0.041889204545454556 0.1106923076923077
0 0.49801136363636367 0.1505384615384615 0.08153409090909096 0.13784615384615387
0 0.46811079545454537 0.9492115384615385 0.022613636363636388 0.031192307692307696
0 0.5899076704545454 0.2911730769230768 0.0787073863636364 0.13223076923076932
0 0.7352272727272728 0.4640288461538462 0.07292613636363637 0.11098076923076924
0 0.032748579545454626 0.05234615384615382 0.06549715909090911 0.10453846153846157
0 0.8385085227272727 0.042778846153846195 0.07698863636363634 0.08555769230769232
0 0.3223082386363636 0.9192307692307692 0.1633380681818182 0.14869230769230768
0 0.16683948863636366 0.29164423076923074 0.04370738636363634 0.15574999999999992
0 0.7778764204545454 0.1543461538461538 0.08436079545454543 0.1076923076923077
0 0.9065198863636363 0.2849903846153846 0.10420454545454545 0.10767307692307694
0 0.08492187499999992 0.7799038461538461 0.08350852272727267 0.11996153846153843
0 0.7052627840909091 0.9689230769230769 0.15671875000000002 0.06215384615384616
0 0.7697372159090909 0.6418173076923077 0.12541193181818183 0.13298076923076924
0 0.5697301136363637 0.5223846153846153 0.07903409090909097 0.14900000000000002
0 0.8475213068181818 0.8182403846153846 0.07791193181818183 0.12632692307692306
0 0.7787215909090909 0.2536153846153846 0.08039772727272729 0.11000000000000008
0 0.5936576704545455 0.839 0.12370738636363637 0.17476923076923076
0 0.4463849431818182 0.1477884615384616 0.011093750000000003 0.022076923076923
0 0.154296875 0.5647403846153847 0.12171875000000008 0.15444230769230768
0 0.05167613636363633 0.46872115384615387 0.0687784090909092 0.09159615384615384
0 0.27544034090909086 0.8353173076923077 0.11727272727272728 0.11701923076923078
0 0.9331960227272728 0.9542403846153846 0.05821022727272727 0.08736538461538461
0 0.18487215909090904 0.9590384615384615 0.040198863636363574 0.08192307692307693
0 0.05662642045454547 0.6900480769230769 0.11325284090909093 0.09121153846153841
0 0.5592755681818182 0.06071153846153843 0.06068181818181814 0.1214230769230769
0 0.9792400568181818 0.027826923076923138 0.04151988636363636 0.05565384615384615
0 0.19662642045454537 0.2826057692307692 0.04211647727272724 0.13151923076923075
0 0.2904829545454546 0.6076346153846154 0.08718750000000007 0.06623076923076923
0 0.7309303977272728 0.30000000000000004 0.05978693181818182 0.13857692307692296
0 0.31096590909090915 0.18275961538461527 0.05377840909090911 0.1437115384615384
0 0.0643678977272728 0.03900961538461534 0.07791193181818185 0.07786538461538463
0 0.2610298295454545 0.6347115384615385 0.01703125000000001 0.04065384615384618
0 0.323515625 0.9174423076923077 0.15987215909090902 0.14173076923076924
0 0.1895383522727272 0.8954711538461538 0.09936079545454536 0.12417307692307691
0 0.745987215909091 0.5970961538461539 0.08083806818181817 0.16126923076923075
0 0.8458522727272727 0.5179903846153846 0.06409090909090912 0.1128269230769231
0 0.61234375 0.6238076923076923 0.08576704545454548 0.1421923076923077
0 0.26061079545454546 0.6347211538461539 0.02028409090909087 0.04244230769230768
0 0.9847585227272727 0.07635576923076925 0.030482954545454546 0.11113461538461543
0 0.9063920454545454 0.2821634615384616 0.1053125 0.10194230769230768
0 0.9196519886363637 0.8510480769230769 0.07586647727272727 0.1324423076923077
0 0.15200994318181815 0.1755961538461539 0.10416193181818172 0.1100769230769231
0 0.6857457386363637 0.41620192307692294 0.06998579545454547 0.0895192307692308
0 0.8562073863636364 0.692548076923077 0.08664772727272725 0.15082692307692308
0 0.42137073863636365 0.301875 0.06450284090909095 0.06328846153846159
0 0.11848721590909084 0.0164423076923077 0.028536931818181864 0.03288461538461543
0 0.14737215909090906 0.23661538461538456 0.023778409090909104 0.03403846153846152
0 0.3318181818181819 0.7249038461538462 0.07835227272727276 0.08003846153846157
0 0.7987571022727272 0.42647115384615386 0.1791335227272727 0.11805769230769228
0 0.7889133522727273 0.060250000000000026 0.10237215909090908 0.12050000000000005
0 0.5167187499999999 0.2634519230769231 0.07247159090909089 0.13582692307692307
0 0.27529119318181816 0.17818269230769224 0.07495738636363641 0.15544230769230766
0 0.6809943181818182 0.4822692307692308 0.08627840909090906 0.08553846153846152
0 0.05723721590909081 0.15874038461538464 0.11436079545454544 0.1646346153846154
0 0.853125 0.23071153846153847 0.08440340909090911 0.13711538461538464
0 0.07963068181818178 0.9644711538461539 0.06227272727272732 0.07105769230769231
0 0.38396306818181813 0.10687499999999994 0.06286931818181817 0.09467307692307696
0 0.3005042613636364 0.30161538461538473 0.09708806818181821 0.1184230769230769
0 0.14881392045454556 0.7117596153846154 0.0527130681818182 0.052211538461538476
0 0.432265625 0.6755288461538462 0.1112073863636363 0.1664807692307692
0 0.7598792613636364 0.7415865384615384 0.11052556818181819 0.11405769230769232
0 0.2489275568181818 0.674625 0.06521306818181821 0.10455769230769231
0 0.1822585227272726 0.6830192307692309 0.038920454545454515 0.08192307692307692
0 0.03864346590909096 0.8398942307692308 0.030582386363636326 0.09275000000000001
0 0.016001420454545445 0.5440384615384615 0.03200284090909087 0.15100000000000002
0 0.3726207386363636 0.9775961538461538 0.08276988636363634 0.0445
0 0.539737215909091 0.79225 0.1002130681818182 0.1395
0 0.12545454545454537 0.936125 0.06616477272727278 0.07663461538461538
0 0.6816974431818181 0.6757403846153847 0.07501420454545454 0.21001923076923076
0 0.3745028409090909 0.6511634615384615 0.06136363636363635 0.2238269230769231
0 0.4400355113636363 0.08063461538461536 0.07791193181818178 0.12165384615384614
0 0.06242187499999996 0.8552211538461538 0.04700284090909095 0.18090384615384614
0 0.9399644886363636 0.4124326923076924 0.09058238636363637 0.09536538461538457
0 0.6671875 0.34578846153846154 0.08548295454545451 0.14257692307692305
0 0.09187499999999993 0.5697019230769231 0.14238636363636364 0.1663269230769231
0 0.12455255681818178 0.868625 0.03595170454545463 0.0904423076923077
0 0.12477272727272715 0.7677596153846153 0.060852272727272776 0.15501923076923077
0 0.37363636363636354 0.3678076923076923 0.09775568181818181 0.15269230769230765
0 0.6946590909090908 0.5864519230769231 0.062045454545454556 0.10794230769230774
0 0.35287642045454537 0.7905192307692308 0.05072443181818179 0.08800000000000001
0 0.6771732954545455 0.8819230769230769 0.1271022727272727 0.13796153846153844
0 0.013984375000000049 0.8213846153846154 0.027968750000000077 0.15473076923076926
0 0.09873579545454547 0.8800769230769231 0.0382102272727274 0.12934615384615383
0 0.1686292613636362 0.7519903846153846 0.06899147727272735 0.07617307692307695
0 0.7986079545454545 0.720125 0.06386363636363636 0.13736538461538464
0 0.15936789772727267 0.3940576923076923 0.09987215909090917 0.1220384615384615
0 0.16400568181818187 0.028278846153846127 0.06386363636363641 0.056403846153846235
0 0.5170170454545455 0.2620096153846154 0.07894886363636361 0.14232692307692307
0 0.1827982954545455 0.80125 0.10281249999999999 0.20265384615384616
0 0.41899147727272734 0.2674423076923077 0.024232954545454547 0.03219230769230771
0 0.3436576704545454 0.21188461538461534 0.06879261363636356 0.10615384615384613
0 0.25196022727272727 0.2646442307692308 0.04869318181818178 0.1479423076923077
0 0.8504900568181818 0.22831730769230774 0.08407670454545454 0.13836538461538458
0 0.26784090909090896 0.6931730769230768 0.07857954545454553 0.12080769230769235
0 0.22732954545454542 0.29971153846153853 0.05153409090909087 0.12761538461538452
0 0.8455255681818181 0.12157692307692314 0.0797159090909091 0.08676923076923067
0 0.4012286931818182 0.8262307692307692 0.07541193181818179 0.11588461538461538
0 0.3124573863636363 0.64825 0.0953409090909091 0.17015384615384618
0 0.6820383522727274 0.4943557692307692 0.08779829545454546 0.09332692307692309
0 0.6381036931818183 0.7336153846153847 0.13447443181818183 0.11880769230769231
0 0.3727485795454546 0.9490480769230769 0.08379261363636364 0.10117307692307692
0 0.12573863636363636 0.43926923076923075 0.10463068181818178 0.1303076923076923
0 0.8875639204545455 0.8978269230769231 0.06566761363636363 0.0978076923076923
0 0.2102059659090908 0.4763750000000001 0.07654829545454543 0.06651923076923072
0 0.28310369318181816 0.06449038461538459 0.1087073863636364 0.1289807692307692
0 0.9874147727272727 0.3555576923076923 0.025170454545454544 0.11038461538461534
0 0.02690340909090916 0.9787596153846154 0.05377840909090911 0.04025000000000001
0 0.9089417613636364 0.034499999999999975 0.12046875 0.06899999999999999
0 0.853955965909091 0.6935673076923077 0.09115056818181819 0.1460192307692308
0 0.6851207386363636 0.4164230769230769 0.06546875 0.08446153846153849
0 0.2738423295454546 0.8335961538461538 0.12274147727272723 0.11526923076923076
0 0.24438920454545443 0.6309230769230769 0.017215909090909098 0.04219230769230769
0 0.9009019886363636 0.08448076923076919 0.0817471590909091 0.06346153846153846
0 0.29173295454545456 0.9868269230769231 0.08181818181818178 0.026346153846153846
0 0.6591193181818182 0.22467307692307692 0.09823863636363636 0.09811538461538458
0 0.4621590909090909 0.7990961538461538 0.1415340909090909 0.12111538461538462
0 0.13333806818181815 0.7735865384615385 0.050113636363636326 0.16325
0 0.0376917613636365 0.9203173076923077 0.07538352272727279 0.10059615384615385
0 0.21757812499999996 0.5875096153846153 0.03205965909090916 0.046596153846153884
0 0.8119176136363636 0.8811634615384616 0.1644602272727273 0.13721153846153844
0 0.08127130681818184 0.776298076923077 0.07495738636363634 0.10659615384615383
0 0.9716619318181818 0.853201923076923 0.05667613636363636 0.1453269230769231
0 0.22204545454545443 0.9357403846153847 0.05730113636363641 0.12851923076923077
0 0.735419034090909 0.7970865384615384 0.16123579545454547 0.07298076923076921
0 0.9581534090909091 0.09685576923076922 0.08369318181818182 0.11382692307692308
0 0.8080965909090909 0.9482307692307692 0.18684659090909095 0.09123076923076923
0 0.01657670454545468 0.45971153846153834 0.03312500000000007 0.0827692307692308
0 0.13589488636363645 0.9746923076923077 0.05732954545454547 0.049346153846153845
0 0.7117684659090908 0.12273076923076931 0.09086647727272727 0.128
0 0.31806818181818175 0.5320673076923077 0.12681818181818186 0.12340384615384618
0 0.1201917613636364 0.18755769230769226 0.05095170454545455 0.03588461538461543
0 0.06700994318181808 0.8407596153846154 0.038167613636363645 0.15640384615384614
0 0.36657670454545455 0.2691442307692309 0.056335227272727224 0.06425000000000004
0 0.05379261363636367 0.36467307692307693 0.10758522727272729 0.12876923076923083
0 0.48820312499999996 0.5683750000000001 0.11345170454545456 0.1809038461538462
0 0.9755042613636363 0.24389423076923078 0.04867897727272728 0.11075000000000006
0 0.09674715909090914 0.8698557692307692 0.03161931818181817 0.12801923076923075
0 0.04001420454545468 0.833548076923077 0.030255681818181914 0.1140576923076923
0 0.016221590909091033 0.821451923076923 0.032443181818181864 0.16898076923076924
0 0.025397727272727266 0.9851442307692307 0.05053977272727262 0.029326923076923077
0 0.08058238636363635 0.96575 0.07014204545454544 0.06842307692307692
0 0.1473011363636364 0.23624038461538466 0.023096590909090896 0.03128846153846161
0 0.11789062500000003 0.9429423076923077 0.04572443181818189 0.06192307692307693
0 0.17137073863636365 0.2890673076923077 0.03580965909090914 0.15432692307692308
0 0.7441193181818182 0.6379326923076922 0.07633522727272725 0.0782115384615385
0 0.679140625 0.672375 0.06188920454545454 0.19271153846153846
0 0.5564914772727272 0.05953846153846165 0.05082386363636368 0.1173076923076922
0 0.03086647727272729 0.058375000000000066 0.0617329545454546 0.11674999999999996
0 0.051214488636363686 0.025528846153846096 0.05143465909090898 0.05105769230769233
0 0.08113636363636367 0.03756730769230765 0.04852272727272739 0.07513461538461537
0 0.16346590909090897 0.026403846153846167 0.06244318181818171 0.05280769230769227
0 0.12093039772727276 0.015355769230769312 0.03299715909090912 0.03021153846153842
0 0.7289914772727273 0.7974423076923076 0.13752840909090908 0.07634615384615386
0 0.05671875000000004 0.15666346153846156 0.11289772727272714 0.15898076923076926
0 0.12169034090909103 0.18827884615384605 0.04735795454545459 0.03336538461538455
0 0.12362215909090901 0.22190384615384617 0.04505681818181822 0.03492307692307697
0 0.020191761363636207 0.10229807692307691 0.04038352272727266 0.15240384615384617
0 0.44545454545454544 0.801076923076923 0.10590909090909091 0.1214230769230769
0 0.14922585227272733 0.18009615384615385 0.09626420454545469 0.09384615384615387
0 0.8202840909090909 0.5465384615384615 0.07875000000000001 0.10334615384615387
0 0.05544744318181827 0.6911057692307692 0.11089488636363644 0.09501923076923081
0 0.1371022727272727 0.660451923076923 0.11451704545454545 0.07751923076923077
0 0.7059588068181819 0.9668076923076923 0.1609232954545454 0.06565384615384616
0 0.0279261363636365 0.27330769230769236 0.05531249999999992 0.0827692307692307
0 0.16136363636363638 0.3930865384615384 0.10480113636363632 0.12263461538461545
0 0.5702343750000001 0.5202596153846155 0.07791193181818185 0.14394230769230767
0 0.21634943181818178 0.47388461538461546 0.0828125000000001 0.06349999999999996
0 0.1262642045454545 0.44016346153846153 0.1019034090909091 0.12744230769230766
0 0.26711647727272725 0.688451923076923 0.07789772727272731 0.11701923076923076
0 0.05448153409090917 0.36614423076923075 0.10896306818181824 0.13444230769230775
0 0.020646306818181914 0.4578269230769231 0.03882102272727279 0.0827692307692307
0 0.19639914772727274 0.2775192307692308 0.04044034090909095 0.1266923076923077
0 0.21926136363636362 0.5348365384615386 0.0627556818181819 0.07182692307692307
0 0.3720099431818181 0.6503653846153846 0.04990056818181818 0.22469230769230766
0 0.30870738636363637 0.5276057692307692 0.13877840909090908 0.12132692307692308
0 0.29690340909090907 0.608625 0.0918750000000001 0.06701923076923076
0 0.1752698863636365 0.5670192307692308 0.1649715909090909 0.15546153846153846
0 0.7444673295454545 0.7290192307692307 0.08115056818181818 0.11357692307692308
0 0.01498579545454537 0.5519038461538461 0.02943181818181806 0.1427692307692308
0 0.31195312500000005 0.6505480769230769 0.08561079545454543 0.15655769230769231
0 0.05995028409090897 0.5729326923076923 0.07083806818181819 0.14890384615384616
0 0.4882599431818182 0.5691634615384615 0.10955965909090909 0.18128846153846156
0 0.058174715909090846 0.47242307692307683 0.07893465909090916 0.09765384615384622
0 0.21829545454545463 0.5867211538461539 0.03170454545454553 0.04248076923076918
0 0.6122301136363637 0.6194230769230769 0.08642045454545459 0.13019230769230766
0 0.7996590909090908 0.7334326923076924 0.06360795454545455 0.16617307692307692
0 0.8465838068181818 0.8176923076923077 0.07563920454545454 0.11961538461538462
0 0.22624999999999995 0.2928942307692308 0.048522727272727224 0.13971153846153841
0 0.7377627840909091 0.5676346153846153 0.057428977272727284 0.11730769230769231
0 0.9554119318181818 0.7318076923076923 0.04917613636363637 0.11357692307692308
0 0.32433238636363637 0.7260865384615385 0.08034090909090909 0.061519230769230784
0 0.6925426136363637 0.5854134615384615 0.05982954545454546 0.10659615384615385
0 0.9744957386363636 0.8539230769230769 0.050894886363636364 0.14711538461538462
0 0.919140625 0.8513653846153846 0.07839488636363635 0.13265384615384615
0 0.18356534090909093 0.959798076923077 0.03815340909090911 0.08040384615384616
0 0.7797585227272728 0.15665384615384625 0.08571022727272727 0.11207692307692313
0 0.88578125 0.8962788461538461 0.06326704545454546 0.09775
0 0.7808948863636364 0.2524615384615384 0.08278409090909089 0.10680769230769235
0 0.25031250000000005 0.2608365384615384 0.04659090909090902 0.16005769230769235
0 0.6851562499999999 0.8771153846153846 0.1344318181818182 0.13546153846153847
0 0.20910511363636364 0.13943269230769229 0.07278409090909092 0.16267307692307698
0 0.3511079545454545 0.7917307692307692 0.055994318181818124 0.08734615384615382
0 0.8207954545454546 0.880375 0.15610795454545456 0.13732692307692307
0 0.9875213068181818 0.35734615384615387 0.024019886363636365 0.11030769230769233
0 0.8373011363636363 0.9829038461538462 0.10383522727272729 0.034192307692307695
0 0.9462926136363636 0.4120673076923076 0.07011363636363636 0.08790384615384611
0 0.9332315340909091 0.953 0.0529403409090909 0.08892307692307692
0 0.7685582386363636 0.3618942307692308 0.11393465909090908 0.11559615384615388
0 0.42161221590909104 0.30190384615384613 0.06348011363636363 0.06076923076923081
0 0.12339488636363638 0.8565192307692308 0.03403409090909096 0.1038076923076923
0 0.8222869318181818 0.4435673076923077 0.12269886363636365 0.08263461538461533
0 0.42767755681818187 0.1860384615384616 0.1281676136363636 0.1713461538461539
