0 0.1770241477272727 0.08226923076923076 0.11433238636363638 0.16453846153846155
0 0.9833522727272728 0.6561057692307692 0.03321022727272727 0.1053269230769231
0 0.6766335227272727 0.3935192307692308 0.09613636363636364 0.06123076923076929
0 0.9484090909090909 0.1549711538461539 0.10247159090909091 0.09890384615384616
0 0.9289630681818182 0.6501057692307692 0.06482954545454546 0.1455576923076923
0 0.683828125 0.5399423076923078 0.08612215909090909 0.11815384615384615
0 0.5668892045454546 0.7151538461538461 0.09164772727272733 0.11688461538461536
0 0.42285511363636363 0.9296442307692308 0.06786931818181814 0.13998076923076924
0 0.30164772727272726 0.23284615384615392 0.08411931818181823 0.08476923076923074
0 0.9704971590909091 0.8436346153846154 0.05835227272727273 0.09211538461538463
0 0.966122159090909 0.02022115384615386 0.06767045454545455 0.04044230769230764
0 0.37515624999999997 0.7549807692307693 0.09539772727272731 0.0983846153846154
0 0.15879971590909103 0.5421634615384616 0.07620738636363633 0.07921153846153851
0 0.7970241477272727 0.7636346153846154 0.09961647727272728 0.16423076923076926
0 0.577109375 0.04461538461538461 0.08987215909090915 0.08923076923076918
0 0.49912642045454547 0.44255769230769226 0.10615056818181821 0.10561538461538454
0 0.23556107954545458 0.23777884615384615 0.08538352272727275 0.11175000000000003
0 0.04220880681818173 0.9754807692307692 0.08441761363636356 0.04903846153846154
0 0.33517755681818173 0.16789423076923082 0.10671874999999999 0.11505769230769239
0 0.4195951704545454 0.27367307692307696 0.08194602272727272 0.1160769230769231
0 0.6149431818181817 0.25366346153846153 0.061676136363636384 0.0663653846153847
0 0.7157173295454546 0.595701923076923 0.03288352272727273 0.06378846153846152
0 0.3273082386363636 0.97625 0.07171875000000001 0.04734615384615385
0 0.29154119318181815 0.07066346153846159 0.08117897727272733 0.1413269230769231
0 0.27421875000000007 0.783298076923077 0.04363636363636359 0.10059615384615385
0 0.22726562500000003 0.5049134615384616 0.07274147727272733 0.1023269230769231
0 0.8846875000000001 0.45787500000000003 0.08318181818181818 0.16955769230769233
0 0.5853764204545455 0.09235576923076916 0.020099431818181867 0.0336346153846154
0 0.5038281250000001 0.01824999999999999 0.07703125000000002 0.03650000000000003
0 0.8511079545454545 0.32552884615384614 0.09519886363636365 0.09409615384615386
0 0.3202698863636364 0.8199038461538461 0.07349431818181812 0.14746153846153848
0 0.8994247159090909 0.9683942307692308 0.03933238636363637 0.06190384615384615
0 0.9046803977272727 0.34351923076923074 0.049133522727272734 0.0821153846153847
0 0.6056107954545455 0.9687692307692307 0.06576704545454547 0.06207692307692308
0 0.1856321022727272 0.9690576923076923 0.09740056818181825 0.061730769230769235
0 0.6750284090909091 0.9713365384615384 0.07747159090909093 0.056096153846153844
0 0.1153196022727272 0.603173076923077 0.08981534090909077 0.09676923076923076
0 0.440028409090909 0.3989519230769232 0.013551136363636392 0.017134615384615432
0 0.49189630681818175 0.9397980769230769 0.09828125 0.11867307692307691
0 0.01889204545454537 0.8427788461538461 0.020369318181818228 0.03417307692307692
0 0.03508522727272734 0.05948076923076928 0.07017045454545451 0.1189615384615385
0 0.8099502840909091 0.502375 0.03541193181818181 0.11090384615384619
0 0.7636008522727272 0.045951923076923085 0.11384943181818183 0.0919038461538462
0 0.2079971590909092 0.8710480769230768 0.11821022727272715 0.16063461538461538
0 0.5590625 0.9443173076923077 0.06008522727272729 0.1113653846153846
0 0.21382102272727266 0.8004230769230769 0.0645170454545454 0.09376923076923076
0 0.45439630681818177 0.35687499999999994 0.1129403409090909 0.09836538461538458
0 0.9341761363636364 0.9504326923076923 0.04528409090909091 0.08544230769230769
0 0.9844602272727273 0.7667788461538462 0.030994318181818182 0.06036538461538462
0 0.46513494318181825 0.23703846153846153 0.08154829545454549 0.08719230769230775
0 0.656875 0.4615961538461538 0.08000000000000003 0.08176923076923084
0 0.12945312499999995 0.7180096153846154 0.07526988636363638 0.07432692307692308
0 0.17578835227272727 0.3430961538461538 0.1252414772727274 0.051807692307692305
0 0.450546875 0.8097980769230769 0.07779829545454543 0.1586346153846154
0 0.5497798295454546 0.4554038461538461 0.05248579545454544 0.07450000000000001
0 0.025575284090909034 0.6185961538461539 0.04913352272727261 0.08392307692307695
0 0.9525568181818181 0.3168749999999999 0.06039772727272727 0.14771153846153848
0 0.6459659090909091 0.29055769230769235 0.09298295454545459 0.061653846153846156
0 0.3140696022727273 0.7129038461538462 0.1177698863636364 0.08930769230769231
0 0.00856534090909089 0.8571634615384616 0.01713068181818174 0.0629423076923077
0 0.35936789772727273 0.42700961538461535 0.14768465909090914 0.13828846153846158
0 0.38434659090909085 0.20608653846153835 0.08079545454545455 0.12228846153846148
0 0.30163352272727273 0.9208076923076923 0.050482954545454574 0.08392307692307692
0 0.8828196022727273 0.2483749999999999 0.08285511363636364 0.07321153846153845
0 0.9684943181818182 0.4919038461538461 0.06292613636363636 0.11088461538461543
0 0.5782315340909092 0.7707596153846155 0.09120738636363633 0.09590384615384613
0 0.2850284090909091 0.8881346153846154 0.07659090909090903 0.1145
0 0.45251420454545455 0.44072115384615373 0.05872159090909095 0.07440384615384615
0 0.6576491477272728 0.6428942307692308 0.11651988636363632 0.15048076923076922
0 0.3906889204545455 0.8542307692307692 0.06370738636363639 0.13219230769230772
0 0.5350710227272728 0.3115961538461538 0.08650568181818179 0.11765384615384616
0 0.43725852272727284 0.5173846153846153 0.11321022727272725 0.10446153846153845
0 0.4883877840909091 0.32836538461538467 0.06936079545454543 0.09750000000000009
0 0.02670454545454537 0.37821153846153843 0.05340909090909094 0.1143076923076923
0 0.4030113636363637 0.9894519230769231 0.026249999999999944 0.020365384615384615
0 0.46223011363636357 0.6614615384615384 0.11764204545454544 0.1502692307692308
0 0.3207883522727273 0.4899326923076923 0.08884943181818183 0.11621153846153842
0 0.09703835227272739 0.9674519230769231 0.08367897727272723 0.06413461538461539
0 0.7906605113636364 0.4248846153846154 0.07589488636363638 0.07576923076923073
0 0.4810014204545454 0.578701923076923 0.10095170454545462 0.14625000000000002
0 0.09469460227272719 0.06137499999999996 0.14938920454545448 0.12274999999999997
0 0.29399147727272734 0.6241538461538462 0.1151136363636363 0.12415384615384616
0 0.9545738636363637 0.1213557692307693 0.09076704545454545 0.08648076923076918
0 0.2739559659090909 0.9786442307692308 0.04205965909090919 0.04255769230769231
0 0.28776988636363643 0.49969230769230777 0.08633522727272723 0.13469230769230772
0 0.5246164772727273 0.6164615384615384 0.08633522727272731 0.16303846153846155
0 0.051953125000000044 0.9206923076923077 0.10390624999999996 0.0953076923076923
0 0.7259730113636365 0.41192307692307695 0.09296874999999999 0.10746153846153846
0 0.720127840909091 0.3545576923076923 0.09139204545454542 0.08007692307692305
0 0.914296875 0.7801057692307692 0.11805397727272728 0.15290384615384614
0 0.623828125 0.3472788461538461 0.10436079545454545 0.12286538461538458
0 0.7435440340909091 0.514576923076923 0.09296875000000003 0.13873076923076927
0 0.7158167613636364 0.8538076923076923 0.10720170454545454 0.19865384615384615
0 0.8295383522727273 0.22761538461538466 0.04521306818181816 0.13357692307692304
0 0.0592187500000001 0.7555673076923077 0.11821022727272715 0.2631346153846154
0 0.6649147727272727 0.048798076923076916 0.10088068181818187 0.09759615384615385
0 0.7432102272727272 0.25929807692307705 0.1325 0.14898076923076917
0 0.7583806818181819 0.16211538461538466 0.13946022727272725 0.16869230769230775
0 0.14061079545454547 0.814125 0.07431818181818173 0.16313461538461535
0 0.9649786931818182 0.9779038461538462 0.07004261363636365 0.04419230769230769
0 0.8326633522727273 0.3987884615384616 0.03984375000000002 0.12157692307692312
0 0.49220170454545453 0.08399038461538466 0.10014204545454546 0.15086538461538448
0 0.7838636363636364 0.5034423076923078 0.054715909090909065 0.11388461538461538
0 0.60875 0.4752019230769231 0.07088068181818179 0.1362115384615385
0 0.8587571022727273 0.07169230769230772 0.06609375 0.14215384615384608
0 0.21688920454545457 0.717701923076923 0.10582386363636363 0.08690384615384612
0 0.9126775568181819 0.46879807692307685 0.06893465909090908 0.09632692307692303
0 0.8622585227272728 0.9369903846153846 0.04275568181818181 0.12601923076923077
0 0.6264346590909091 0.72475 0.1133522727272727 0.21757692307692306
0 0.357705965909091 0.8997019230769231 0.07075284090909091 0.20059615384615384
0 0.5501207386363636 0.813625 0.14211647727272728 0.1648269230769231
0 0.5947798295454545 0.5787884615384615 0.09254261363636368 0.10550000000000002
0 0.7813139204545455 0.17645192307692303 0.04112215909090911 0.048365384615384574
0 0.7163920454545454 0.547375 0.03707386363636363 0.03951923076923074
0 0.7403267045454545 0.9599903846153847 0.10500000000000002 0.07963461538461537
0 0.9138139204545455 0.2796346153846153 0.05882102272727272 0.07576923076923084
0 0.8742542613636364 0.06762499999999994 0.0376278409090909 0.04751923076923073
0 0.5974360795454545 0.5209519230769231 0.08811079545454549 0.06532692307692302
0 0.5509517045454546 0.4079711538461538 0.08721590909090905 0.08990384615384615
0 0.7316832386363636 0.6678557692307693 0.08950284090909094 0.08563461538461539
0 0.6695241477272728 0.43698076923076923 0.09708806818181817 0.0625
0 0.6352911931818181 0.8769903846153846 0.13370738636363635 0.14325
0 0.6761647727272728 0.3042499999999999 0.09582386363636361 0.056499999999999995
0 0.23833806818181813 0.6125961538461538 0.10625000000000001 0.13699999999999996
0 0.8097727272727273 0.11351923076923076 0.08349431818181818 0.11346153846153846
0 0.8551207386363636 0.5133173076923077 0.06197443181818181 0.18194230769230765
0 0.8949644886363637 0.171875 0.08981534090909092 0.0924807692307693
0 0.22770596590909098 0.0784038461538461 0.06936079545454552 0.15680769230769234
0 0.49876420454545456 0.8654711538461539 0.08278409090909088 0.07432692307692307
0 0.5578977272727272 0.18721153846153848 0.27144886363636367 0.24923076923076917
0 0.9768394886363636 0.891576923076923 0.046321022727272725 0.06565384615384616
0 0.8851633522727272 0.3769134615384615 0.08032670454545456 0.06686538461538458
0 0.6807244318181818 0.20506730769230763 0.07241477272727272 0.09590384615384616
0 0.022507102272727342 0.8919230769230769 0.04501420454545462 0.09411538461538461
0 0.8013920454545455 0.9544903846153846 0.11227272727272729 0.09075
0 0.7988636363636363 0.31409615384615386 0.07303977272727273 0.0976153846153846
0 0.28394176136363636 0.3833461538461539 0.045525568181818195 0.1006153846153846
0 0.39791193181818185 0.6869326923076923 0.09607954545454543 0.10428846153846152
0 0.2516903409090908 0.3505865384615383 0.10056818181818183 0.1806730769230769
0 0.3836505681818182 0.5941826923076923 0.09835227272727266 0.12417307692307691
0 0.9879616477272727 0.09224038461538464 0.024076704545454543 0.040250000000000015
0 0.5227911931818182 0.48677884615384615 0.08507102272727271 0.1065961538461538
0 0.9792684659090909 0.3268557692307693 0.041463068181818184 0.16440384615384607
0 0.31952414772727267 0.3311153846153846 0.07115056818181822 0.09719230769230762
0 0.7786292613636363 0.3605576923076923 0.06862215909090909 0.08434615384615388
0 0.3490909090909091 0.30756730769230767 0.09613636363636364 0.12201923076923085
0 0.9602698863636364 0.22089423076923076 0.07937499999999999 0.08605769230769231
0 0.24673295454545463 0.9648557692307692 0.06198863636363634 0.06894230769230769
