0 0.4640980113636364 0.8141826923076922 0.052372159090909094 0.13278846153846155
0 0.3486008522727272 0.04633653846153851 0.08561079545454552 0.09267307692307691
0 0.10968039772727278 0.6072884615384615 0.059616477272727314 0.11942307692307691
0 0.8185795454545455 0.19343269230769233 0.07732954545454546 0.10298076923076925
0 0.693984375 0.24068269230769224 0.10427556818181817 0.06671153846153846
0 0.10857244318181813 0.9116538461538461 0.09998579545454543 0.17453846153846153
0 0.7583664772727272 0.2775192307692308 0.04437499999999997 0.118423076923077
0 0.5421235795454544 0.12406730769230767 0.05345170454545462 0.0949423076923077
0 0.788203125 0.7774903846153847 0.08191761363636364 0.07686538461538461
0 0.5324431818181818 0.37530769230769223 0.058892045454545426 0.1588076923076923
0 0.4152627840909091 0.8085480769230768 0.0477982954545455 0.10128846153846154
0 0.44060369318181813 0.190298076923077 0.07259943181818183 0.1020576923076923
0 0.7772443181818182 0.6738557692307692 0.05982954545454546 0.11248076923076925
0 0.38941051136363636 0.23912500000000003 0.05865056818181821 0.11655769230769222
0 0.9180113636363636 0.947 0.08164772727272726 0.10523076923076922
0 0.5852201704545454 0.6119230769230769 0.09600852272727277 0.15107692307692308
0 0.08626420454545458 0.16375961538461536 0.05758522727272722 0.13340384615384604
0 0.2841406249999999 0.9463076923076923 0.05046875000000004 0.10711538461538463
0 0.014396306818181825 0.30183653846153846 0.02879261363636361 0.09521153846153844
0 0.30411931818181825 0.5682403846153846 0.08710227272727264 0.11878846153846156
0 0.6128053977272727 0.6822596153846153 0.021434659090909056 0.026519230769230753
0 0.17744318181818197 0.9668942307692308 0.048068181818181864 0.06267307692307691
0 0.7868039772727273 0.8880769230769231 0.05397727272727273 0.14303846153846153
0 0.9504829545454545 0.7669711538461539 0.0656534090909091 0.1214423076923077
0 0.2923011363636364 0.3450192307692307 0.0843465909090909 0.06588461538461547
0 0.027578124999999898 0.796298076923077 0.05515625000000006 0.08101923076923076
0 0.5612642045454546 0.9662403846153846 0.04312500000000002 0.06751923076923076
0 0.7161079545454545 0.04899999999999993 0.05846590909090909 0.09584615384615391
0 0.8194815340909091 0.5697115384615384 0.04987215909090907 0.0618846153846154
0 0.764375 0.7335288461538462 0.05937500000000002 0.04917307692307691
0 0.9125142045454545 0.4914615384615385 0.05880681818181819 0.0713846153846154
0 0.7666051136363636 0.19256730769230768 0.04309659090909091 0.07894230769230771
0 0.022464488636363744 0.7304230769230768 0.044928977272727266 0.09419230769230767
0 0.02587357954545444 0.919826923076923 0.05174715909090902 0.07246153846153847
0 0.3150710227272727 0.8326346153846154 0.06437500000000007 0.08953846153846154
0 0.06322443181818183 0.6371346153846154 0.07377840909090917 0.14780769230769233
0 0.8398082386363637 0.12698076923076917 0.1157244318181818 0.08992307692307701
0 0.9874573863636363 0.5181346153846154 0.025085227272727273 0.05626923076923075
0 0.3457457386363636 0.9206153846153846 0.035440340909090894 0.10873076923076923
0 0.12331676136363645 0.7800288461538462 0.08049715909090903 0.0991730769230769
0 0.35419034090909096 0.43989423076923073 0.0748863636363636 0.10201923076923068
0 0.6781321022727272 0.8686057692307693 0.08666193181818184 0.1464423076923077
0 0.5897017045454545 0.22150961538461544 0.05911931818181819 0.11171153846153853
0 0.022017045454545414 0.45136538461538467 0.04338068181818177 0.11596153846153848
0 0.39956676136363634 0.33370192307692303 0.09640625000000001 0.07575000000000008
0 0.023927556818181817 0.6358846153846154 0.047855113636363716 0.15942307692307695
0 0.14488636363636365 0.27327884615384623 0.05102272727272738 0.12509615384615386
0 0.7265340909090909 0.7951346153846154 0.0563068181818182 0.05292307692307694
0 0.7005255681818182 0.9806153846153847 0.1027840909090909 0.03876923076923077
0 0.9406747159090909 0.23172115384615388 0.11862215909090908 0.15948076923076923
0 0.05888494318181803 0.6880096153846154 0.03953125000000006 0.13424999999999998
0 0.12603693181818187 0.2389038461538462 0.05519886363636366 0.0779615384615385
0 0.6340838068181818 0.07037500000000008 0.05115056818181821 0.07625000000000007
0 0.5803835227272728 0.9757884615384615 0.04247159090909096 0.04792307692307693
0 0.36953125 0.5316538461538461 0.04880681818181812 0.08523076923076922
0 0.7348224431818182 0.39395192307692306 0.07453125 0.09082692307692311
0 0.20362215909090908 0.806548076923077 0.10624999999999994 0.09390384615384616
0 0.7025568181818183 0.5134038461538462 0.05857954545454547 0.06561538461538458
0 0.43339488636363643 0.10649038461538463 0.08982954545454547 0.08317307692307692
0 0.2591619318181819 0.7008173076923077 0.07440340909090909 0.10271153846153845
0 0.5258522727272728 0.9733461538461539 0.05701704545454544 0.05246153846153846
0 0.6151136363636363 0.4419423076923077 0.06610795454545458 0.14084615384615387
0 0.5568892045454545 0.46272115384615387 0.06437499999999999 0.15905769230769232
0 0.03179687499999995 0.4366057692307692 0.028224431818181826 0.06259615384615387
0 0.4355255681818182 0.7836634615384616 0.05042613636363636 0.09601923076923079
0 0.4368821022727273 0.2457499999999999 0.05771306818181818 0.11342307692307685
0 0.3821661931818181 0.7437596153846153 0.03879261363636364 0.09240384615384617
0 0.9478551136363637 0.197951923076923 0.10428977272727273 0.14290384615384616
0 0.32663352272727275 0.2915865384615385 0.06542613636363637 0.12298076923076932
0 0.40622159090909093 0.9191923076923076 0.05428977272727269 0.10961538461538461
0 0.6234517045454545 0.016509615384615484 0.0712784090909091 0.0330192307692308
0 0.2554758522727273 0.92525 0.03850852272727283 0.14703846153846153
0 0.24079545454545448 0.5611538461538461 0.10218750000000008 0.09653846153846157
0 0.47500710227272724 0.30481730769230764 0.08401988636363641 0.11001923076923084
0 0.3800710227272728 0.9374807692307692 0.03880681818181817 0.061653846153846156
0 0.44332386363636367 0.6325673076923077 0.0717045454545454 0.07113461538461541
0 0.6492684659090909 0.7304807692307692 0.06703125 0.0844230769230769
0 0.910830965909091 0.06554807692307696 0.06049715909090909 0.07744230769230777
0 0.030830965909090846 0.1540769230769231 0.061661931818181775 0.10761538461538468
0 0.9834659090909091 0.3532884615384616 0.03306818181818182 0.10065384615384611
0 0.9072159090909091 0.12977884615384616 0.09346590909090909 0.05913461538461538
0 0.7685014204545455 0.11668269230769235 0.06251420454545453 0.10217307692307691
0 0.5947088068181818 0.3322307692307692 0.0689630681818182 0.1112692307692308
0 0.7162926136363637 0.5810288461538462 0.11414772727272725 0.1143269230769231
0 0.3817826704545454 0.671298076923077 0.05973011363636365 0.07771153846153846
0 0.4365625000000001 0.038038461538461577 0.05747159090909088 0.07573076923076923
0 0.9877627840909091 0.6975384615384616 0.02447443181818182 0.0488076923076923
0 0.31532670454545453 0.933298076923077 0.036051136363636355 0.13340384615384615
0 0.028934659090909087 0.3957884615384616 0.057869318181818195 0.09488461538461544
0 0.5933451704545455 0.8648173076923077 0.04813920454545461 0.11698076923076921
0 0.9377982954545454 0.6487211538461539 0.07946022727272728 0.12655769230769232
0 0.4017258522727273 0.5867500000000001 0.11444602272727279 0.05423076923076926
0 0.30793323863636357 0.5115000000000001 0.03365056818181818 0.13769230769230767
0 0.30368607954545457 0.43421153846153837 0.09748579545454544 0.16815384615384615
0 0.8410298295454546 0.820548076923077 0.06748579545454544 0.10082692307692309
0 0.3686647727272727 0.8864134615384616 0.04142045454545458 0.07359615384615385
0 0.6942471590909092 0.6721442307692307 0.04178977272727275 0.09182692307692308
0 0.3921448863636364 0.6167884615384616 0.07661931818181818 0.0383846153846154
0 0.037308238636363567 0.5255384615384615 0.07461647727272723 0.09288461538461541
0 0.47002130681818177 0.6689423076923077 0.07421875 0.061653846153846156
0 0.8998295454545455 0.5804903846153846 0.07204545454545454 0.07032692307692306
0 0.08805397727272724 0.8123750000000001 0.06502840909090905 0.15401923076923077
0 0.45165482954545455 0.9527596153846154 0.05041193181818175 0.09294230769230769
0 0.31169034090909087 0.6567307692307692 0.07968750000000004 0.09749999999999998
0 0.8565411931818182 0.6044903846153846 0.049190340909090906 0.09955769230769233
0 0.6699644886363636 0.18093269230769238 0.0439346590909091 0.05278846153846151
0 0.49717329545454547 0.9740865384615385 0.060909090909090906 0.051826923076923076
0 0.06916193181818187 0.3571153846153846 0.0898579545454547 0.15580769230769229
0 0.9819105113636364 0.9158846153846154 0.03617897727272727 0.1093846153846154
0 0.5015980113636364 0.14975000000000005 0.08507102272727271 0.07315384615384608
0 0.22603693181818185 0.4787596153846153 0.05994318181818188 0.11498076923076922
0 0.21142755681818182 0.9493173076923077 0.05149147727272727 0.10071153846153846
0 0.896015625 0.6467019230769231 0.06441761363636363 0.09525
0 0.1868749999999999 0.42847115384615386 0.08110795454545458 0.12736538461538466
0 0.12336647727272732 0.45081730769230777 0.06144886363636362 0.13425000000000006
0 0.9463139204545454 0.4049903846153846 0.05069602272727272 0.11255769230769236
0 0.6310085227272728 0.8595192307692308 0.04309659090909091 0.12492307692307694
0 0.9427201704545455 0.062211538461538485 0.03353693181818182 0.12150000000000001
0 0.05299715909090896 0.47524038461538465 0.059090909090909124 0.03951923076923068
0 0.16426846590909083 0.18365384615384617 0.05004261363636366 0.0910384615384616
0 0.7411931818181818 0.8701153846153846 0.0455965909090909 0.0945
0 0.9407457386363637 0.8535961538461538 0.06859375 0.12680769230769232
0 0.4797798295454545 0.7030096153846154 0.07458806818181817 0.08986538461538465
0 0.4009872159090909 0.9833557692307693 0.03427556818181818 0.03328846153846154
0 0.4223863636363636 0.982375 0.039090909090909065 0.03525
0 0.8328764204545455 0.6695384615384615 0.07069602272727273 0.05776923076923081
0 0.42255681818181823 0.8995384615384615 0.048664772727272716 0.09026923076923077
0 0.9613849431818182 0.5741442307692308 0.07723011363636363 0.08586538461538462
0 0.3788210227272727 0.045596153846153786 0.06349431818181825 0.07188461538461538
0 0.24381392045454542 0.745423076923077 0.07007102272727271 0.15042307692307694
0 0.7791264204545454 0.9845865384615384 0.07884943181818183 0.030826923076923078
0 0.7178338068181818 0.18126923076923074 0.06899147727272727 0.05911538461538463
0 0.2787571022727273 0.08307692307692316 0.1094176136363636 0.0731923076923077
0 0.5987286931818181 0.10773076923076919 0.058622159090909065 0.11826923076923077
0 0.9588778409090909 0.9875192307692308 0.06926136363636363 0.024961538461538462
0 0.1580752840909091 0.7059230769230769 0.15762784090909096 0.1371153846153846
0 0.18968039772727285 0.2717788461538463 0.06802556818181817 0.1032115384615385
0 0.20552556818181822 0.129826923076923 0.14002840909090916 0.13907692307692307
0 0.2437571022727273 0.6284807692307692 0.052684659090909136 0.08238461538461539
0 0.5519886363636364 0.8792596153846154 0.06267045454545456 0.12355769230769231
0 0.21313920454545443 0.20325000000000004 0.057869318181818195 0.07303846153846158
0 0.6148224431818182 0.1699807692307692 0.03563920454545451 0.11826923076923077
0 0.9942826704545454 0.816625 0.011292613636363637 0.09294230769230769
0 0.15044034090909097 0.5484134615384615 0.06448863636363633 0.09059615384615381
0 0.6960582386363636 0.4479519230769231 0.04771306818181819 0.06155769230769229
0 0.03787642045454542 0.9734134615384615 0.05012784090909086 0.05317307692307692
0 0.3021164772727273 0.7435480769230769 0.055937499999999994 0.09959615384615386
0 0.42038352272727275 0.4101442307692307 0.0835795454545455 0.15109615384615382
0 0.7154119318181817 0.1276346153846154 0.04196022727272726 0.0625384615384615
0 0.8611931818181818 0.8982596153846154 0.07678977272727273 0.09871153846153846
0 0.03935369318181803 0.21605769230769234 0.07870738636363632 0.12219230769230773
0 0.37281960227272726 0.8226923076923077 0.07546874999999999 0.08896153846153847
0 0.7866903409090908 0.4431153846153847 0.0702840909090909 0.10957692307692311
0 0.12336647727272732 0.14447115384615383 0.05224431818181814 0.11090384615384608
0 0.77859375 0.038701923076923106 0.07275568181818182 0.07740384615384616
0 0.2720028409090909 0.025855769230769265 0.08303977272727278 0.051711538461538434
0 0.6426633522727272 0.3037692307692307 0.09441761363636364 0.12838461538461537
0 0.5027485795454545 0.04392307692307684 0.10461647727272724 0.08715384615384625
0 0.036910511363636433 0.9480480769230769 0.07348011363636366 0.10390384615384615
0 0.4980894886363636 0.7638653846153847 0.04291193181818179 0.12188461538461537
0 0.21075284090909097 0.8893653846153846 0.024119318181818207 0.0751923076923077
0 0.01784801136363645 0.8681057692307692 0.03569602272727272 0.05467307692307692
0 0.5610866477272727 0.056980769230769224 0.06379261363636358 0.11396153846153845
0 0.9822443181818182 0.7947596153846154 0.03551136363636364 0.1466346153846154
0 0.8188991477272727 0.33462499999999995 0.09424715909090908 0.1967884615384616
0 0.6703409090909092 0.4651057692307693 0.03886363636363634 0.06559615384615387
0 0.2468892045454545 0.3933365384615385 0.13301136363636362 0.1449423076923077
0 0.8471164772727273 0.9658557692307692 0.07590909090909091 0.06828846153846153
0 0.2086008522727273 0.030788461538461487 0.06694602272727272 0.061000000000000054
0 0.8547301136363636 0.4539423076923077 0.11085227272727272 0.08053846153846153
0 0.978203125 0.05657692307692297 0.04359375 0.1131538461538461
0 0.8920241477272728 0.8238076923076922 0.04617897727272727 0.15880769230769232
0 0.5797372159090909 0.9139134615384615 0.05407670454545454 0.07755769230769231
0 0.6715767045454546 0.04684615384615387 0.04363636363636363 0.08861538461538447
0 0.8490553977272728 0.7670673076923077 0.07203125 0.06225000000000001
0 0.8296661931818182 0.7306826923076923 0.0576278409090909 0.06001923076923078
0 0.3350142045454546 0.1419038461538461 0.1384090909090909 0.1559230769230769
0 0.5447940340909092 0.8148557692307692 0.07225852272727273 0.08863461538461537
0 0.5449786931818181 0.3135769230769231 0.06228693181818177 0.10500000000000004
0 0.6901065340909092 0.7214134615384615 0.11254261363636359 0.10424999999999998
0 0.7117116477272727 0.3424807692307693 0.06708806818181817 0.08476923076923074
0 0.5407954545454545 0.7262884615384615 0.06261363636363634 0.14026923076923078
0 0.36185369318181815 0.9735192307692307 0.058451704545454515 0.05296153846153846
0 0.5119460227272727 0.21794230769230782 0.09326704545454549 0.10376923076923072
0 0.8887571022727273 0.28192307692307694 0.1657528409090909 0.22223076923076923
0 0.1692329545454545 0.6199903846153847 0.06218749999999996 0.08090384615384615
0 0.7154403409090909 0.27638461538461545 0.06559659090909088 0.05146153846153855
0 0.8023934659090909 0.8871346153846154 0.04794034090909093 0.1398846153846154
0 0.44850142045454544 0.9917788461538461 0.028394886363636376 0.016442307692307694
0 0.28136363636363637 0.8430576923076923 0.05025568181818181 0.12223076923076924
0 0.9864701704545454 0.44127884615384616 0.02660511363636364 0.10871153846153851
0 0.7647017045454546 0.9473076923076923 0.08144886363636364 0.06742307692307693
0 0.8947159090909091 0.022673076923076962 0.10034090909090909 0.04461538461538449
0 0.09528409090909096 0.2832403846153846 0.05755681818181815 0.10644230769230763
0 0.6765056818181818 0.11903846153846154 0.036363636363636355 0.0666923076923077
0 0.41126420454545454 0.539826923076923 0.07502840909090908 0.08092307692307689
0 0.1893039772727273 0.8041346153846154 0.03153409090909098 0.04823076923076923
0 0.21399857954545454 0.61975 0.04768465909090916 0.10107692307692308
0 0.10785511363636358 0.9587211538461539 0.09125000000000001 0.08201923076923076
0 0.509637784090909 0.05831730769230781 0.09541193181818185 0.11440384615384606
0 0.4898011363636363 0.8993461538461538 0.07951704545454548 0.15203846153846154
0 0.15225142045454543 0.44873076923076927 0.091690340909091 0.1600384615384615
0 0.8196946022727273 0.632798076923077 0.05319602272727273 0.06225000000000001
0 0.44021306818181816 0.5041442307692308 0.07999999999999999 0.12075000000000004
0 0.8893821022727273 0.6912115384615385 0.07345170454545455 0.05553846153846153
0 0.8150852272727273 0.05004807692307689 0.07732954545454547 0.09955769230769239
0 0.275 0.24840384615384614 0.05514204545454537 0.14492307692307696
0 0.8976491477272728 0.42146153846153844 0.06691761363636363 0.057653846153846076
0 0.0371519886363636 0.8266057692307692 0.07103693181818181 0.11398076923076922
0 0.23904829545454542 0.252798076923077 0.09352272727272724 0.1507884615384616
0 0.7404758522727273 0.10756730769230771 0.05066761363636362 0.060557692307692326
0 0.6586860795454546 0.4838461538461539 0.03365056818181818 0.08434615384615382
0 0.009531250000000102 0.014451923076923001 0.01906249999999994 0.028903846153846103
0 0.7459517045454546 0.4849326923076923 0.048465909090909094 0.08505769230769229
0 0.5139985795454546 0.4721153846153846 0.046548295454545426 0.1475769230769231
0 0.16606534090909097 0.9042692307692308 0.07119318181818182 0.10557692307692308
0 0.762159090909091 0.34060576923076924 0.030426136363636388 0.09182692307692308
0 0.4568394886363637 0.4162211538461539 0.09029829545454544 0.11617307692307687
0 0.6431889204545455 0.5368365384615386 0.030355113636363642 0.07640384615384613
0 0.7630255681818182 0.5659615384615384 0.07826704545454545 0.10876923076923077
0 0.5056534090909091 0.5986346153846154 0.11088068181818182 0.12273076923076921
0 0.08260653409090901 0.4969326923076922 0.09063920454545447 0.11613461538461542
0 0.33961647727272737 0.738576923076923 0.057301136363636325 0.09550000000000002
0 0.6590909090909092 0.17175961538461537 0.06732954545454542 0.13340384615384615
0 0.32941761363636357 0.008134615384615462 0.03769886363636366 0.01626923076923073
0 0.14690340909090915 0.3513750000000001 0.06701704545454538 0.05732692307692308
0 0.012478693181818268 0.07650961538461531 0.024957386363636435 0.09451923076923084
0 0.839921875 0.5181346153846154 0.11151988636363636 0.0693846153846154
0 0.23434659090909093 0.9220480769230769 0.02852272727272717 0.14055769230769233
0 0.7302272727272727 0.6735 0.07943181818181816 0.1158076923076923
0 0.938203125 0.5079326923076923 0.07367897727272726 0.09517307692307694
0 0.13256392045454557 0.052144230769230804 0.1038778409090909 0.10428846153846158
0 0.4172372159090909 0.7099326923076923 0.05373579545454543 0.09255769230769233
0 0.9789417613636363 0.1229134615384615 0.04126420454545455 0.0872115384615384
0 0.35285511363636357 0.2656057692307693 0.054062500000000006 0.10028846153846149
0 0.6927911931818183 0.9224134615384616 0.07296875000000001 0.1164423076923077
0 0.9632954545454545 0.6252211538461538 0.07340909090909091 0.0976346153846154
0 0.854609375 0.07544230769230775 0.07035511363636364 0.07369230769230768
0 0.48262784090909083 0.4932692307692308 0.03536931818181823 0.09715384615384612
0 0.06869318181818185 0.052211538461538365 0.12116477272727266 0.10396153846153847
0 0.6073579545454546 0.48942307692307696 0.04713068181818183 0.16107692307692306
0 0.6290056818181817 0.9562115384615385 0.05747159090909096 0.08696153846153848
0 0.6531960227272728 0.6409230769230769 0.0827272727272727 0.13203846153846158
0 0.9047443181818182 0.7182403846153846 0.0621875 0.07398076923076922
0 0.6603125000000001 0.40030769230769225 0.07596590909090907 0.07730769230769229
0 0.3928124999999999 0.00888461538461538 0.03156249999999996 0.017769230769230787
0 0.5912144886363637 0.72875 0.08009943181818188 0.15446153846153848
0 0.6641193181818181 0.8243269230769231 0.06931818181818183 0.13584615384615384
