0 0.8124786931818182 0.6572115384615385 0.09921875 0.15396153846153846
0 0.6881107954545455 0.5234903846153846 0.0996306818181818 0.12382692307692311
0 0.40042613636363633 0.6340673076923077 0.06082386363636363 0.11213461538461539
0 0.46274857954545456 0.5598076923076923 0.0947585227272727 0.07315384615384614
0 0.4224289772727272 0.5239711538461538 0.07440340909090909 0.11028846153846147
0 0.4881321022727273 0.5110961538461538 0.07819602272727275 0.07719230769230773
0 0.36269176136363634 0.47551923076923075 0.13032670454545456 0.09734615384615392
0 0.6145454545454545 0.5881923076923077 0.0703409090909091 0.07034615384615386
0 0.6068039772727273 0.5456346153846154 0.09446022727272728 0.0839615384615385
0 0.5439204545454546 0.4575865384615384 0.062301136363636385 0.12009615384615377
0 0.7883948863636363 0.590326923076923 0.037329545454545456 0.0839615384615385
0 0.7183380681818181 0.5924711538461538 0.1866193181818182 0.1706346153846153
0 0.6436647727272726 0.43074999999999997 0.08460227272727269 0.14650000000000002
0 0.7626988636363636 0.545048076923077 0.054829545454545485 0.046249999999999965
0 0.7309730113636363 0.4645865384615385 0.05109375 0.1069038461538461
0 0.7681534090909091 0.4896634615384615 0.05196022727272725 0.08628846153846155
0 0.7743323863636363 0.47372115384615376 0.04363636363636363 0.06998076923076926
0 0.8099289772727273 0.48906730769230766 0.03159090909090911 0.0571346153846154
0 0.7883948863636363 0.38820192307692314 0.07005681818181818 0.07386538461538456
0 0.7342755681818183 0.40258653846153847 0.0634659090909091 0.07617307692307684
0 0.7381534090909092 0.34370192307692315 0.06431818181818182 0.08901923076923081
0 0.3099005681818182 0.5871153846153847 0.10107954545454541 0.13446153846153844
0 0.03383522727272714 0.4822884615384616 0.06767045454545452 0.17976923076923074
0 0.5979403409090909 0.4124423076923077 0.10821022727272724 0.14126923076923073
0 0.17244318181818197 0.5342307692307693 0.08937499999999994 0.12646153846153843
0 0.1295241477272726 0.6138846153846154 0.05603693181818172 0.09023076923076927
0 0.13735085227272714 0.4662307692307692 0.10501420454545447 0.2501923076923077
0 0.08332386363636379 0.5086057692307692 0.06866477272727277 0.16132692307692312
0 0.24388494318181808 0.47613461538461543 0.09592329545454549 0.1606538461538462
0 0.1853125000000001 0.4652019230769231 0.07573863636363644 0.14013461538461533
0 0.08382102272727276 0.35206730769230765 0.08886363636363628 0.1408269230769231
0 0.13634232954545455 0.2857596153846155 0.1171448863636364 0.06151923076923068
0 0.13179687499999992 0.22286538461538463 0.13632102272727276 0.10800000000000005
0 0.11033380681818172 0.0950288461538461 0.07421875 0.1900576923076923
0 0.5829048295454546 0.5223173076923077 0.15544034090909095 0.0877884615384616
0 0.16941051136363638 0.0649615384615384 0.06816761363636364 0.12988461538461543
0 0.19991477272727276 0.28075961538461536 0.07119318181818182 0.13874999999999996
0 0.2534375000000001 0.38876923076923087 0.12167613636363632 0.1661153846153846
0 0.25823153409090904 0.3494615384615385 0.08279829545454548 0.1421923076923077
0 0.30973721590909087 0.34262500000000007 0.036349431818181864 0.16132692307692306
0 0.37612926136363634 0.42192307692307685 0.10149147727272725 0.09296153846153841
0 0.4613920454545455 0.46552884615384615 0.0722443181818182 0.08440384615384618
0 0.5155752840909091 0.45815384615384613 0.04799715909090912 0.1125384615384615
0 0.3957386363636364 0.3571057692307692 0.13588068181818186 0.11821153846153852
0 0.36198863636363643 0.2400961538461539 0.12321022727272721 0.15407692307692308
0 0.0509517045454545 0.3773461538461539 0.1019034090909091 0.10242307692307702
0 0.47011363636363646 0.36269230769230776 0.08511363636363639 0.16211538461538463
0 0.6813991477272727 0.40322115384615387 0.05441761363636364 0.12928846153846157
0 0.7657599431818182 0.3030673076923077 0.05987215909090906 0.09513461538461533
0 0.9232954545454546 0.3734615384615385 0.06926136363636362 0.07034615384615382
0 0.8663920454545455 0.3492884615384615 0.08764204545454544 0.07942307692307683
0 0.8695738636363637 0.3126923076923077 0.06008522727272727 0.037807692307692355
0 0.9570525568181818 0.31316346153846164 0.0851846590909091 0.05982692307692299
0 0.947684659090909 0.2746442307692307 0.09048295454545455 0.06986538461538469
0 0.940965909090909 0.19545192307692305 0.11451704545454545 0.1287115384615385
0 0.865859375 0.2801442307692308 0.09578125000000001 0.09713461538461536
0 0.48408380681818175 0.027451923076923013 0.11123579545454546 0.05471153846153855
0 0.8193821022727272 0.2937884615384615 0.07069602272727273 0.12249999999999998
0 0.8619673295454545 0.20072115384615385 0.12617897727272728 0.07225000000000009
0 0.8303338068181818 0.18970192307692302 0.07492897727272728 0.08851923076923082
0 0.9424076704545454 0.12931730769230765 0.09617897727272728 0.12305769230769233
0 0.8676775568181818 0.14042307692307687 0.06285511363636363 0.10015384615384612
0 0.3531960227272727 0.10475961538461542 0.10602272727272734 0.11894230769230763
0 0.4001562500000001 0.16765384615384615 0.08281250000000001 0.06700000000000006
0 0.49431818181818177 0.11331730769230763 0.11965909090909092 0.10732692307692308
0 0.41605113636363633 0.03681730769230762 0.07119318181818182 0.07301923076923082
0 0.3476136363636364 0.03633653846153839 0.1126988636363636 0.07267307692307697
0 0.6888210227272727 0.019788461538461477 0.09855113636363635 0.039576923076923044
0 0.4631889204545455 0.18709615384615375 0.15311079545454548 0.17988461538461542
0 0.48870028409090904 0.2859807692307693 0.054559659090909124 0.09173076923076921
0 0.5201633522727273 0.37950000000000006 0.06731534090909089 0.1393846153846153
0 0.6052982954545454 0.3544807692307693 0.10471590909090912 0.0667307692307692
0 0.6160866477272728 0.3372115384615385 0.0690767045454545 0.0369230769230769
0 0.6088210227272728 0.2514326923076923 0.1091193181818182 0.08698076923076926
0 0.6908806818181819 0.2153846153846154 0.11042613636363638 0.07446153846153851
0 0.7223437500000001 0.16446153846153844 0.10031250000000001 0.05480769230769231
0 0.6924147727272727 0.11263461538461539 0.06863636363636362 0.051230769230769205
0 0.7518181818181818 0.11919230769230771 0.05193181818181818 0.0643461538461538
0 0.9765198863636364 0.060884615384615315 0.04696022727272728 0.12176923076923075
0 0.619375 0.1804134615384615 0.14698863636363635 0.08501923076923083
0 0.5837428977272727 0.1255480769230769 0.08018465909090908 0.08021153846153842
0 0.6407599431818182 0.11558653846153855 0.08373579545454544 0.05909615384615388
0 0.6316264204545454 0.07307692307692304 0.06813920454545454 0.039192307692307686
0 0.6989417613636364 0.06511538461538469 0.07731534090909092 0.07580769230769234
0 0.7635298295454545 0.04724038461538449 0.07603693181818182 0.0943269230769231
0 0.5252982954545453 0.1012884615384615 0.07394886363636365 0.06265384615384613
0 0.5670596590909092 0.03905769230769229 0.09940340909090904 0.07811538461538463
0 0.6342897727272727 0.029355769230769213 0.05477272727272728 0.058211538461538426
0 0.9229758522727273 0.048307692307692274 0.14026988636363635 0.09661538461538463
0 0.89359375 0.09210576923076919 0.031988636363636365 0.04236538461538467
0 0.8500852272727273 0.03925961538461531 0.03190340909090908 0.07744230769230777
0 0.8217613636363637 0.04000961538461534 0.03136363636363638 0.07744230769230777
0 0.7061647727272726 0.2777211538461538 0.10463068181818182 0.10705769230769234
0 0.7946377840909091 0.10027884615384608 0.05458806818181817 0.12728846153846154
0 0.9238636363636363 0.4595769230769231 0.13946022727272725 0.13346153846153852
0 0.7597869318181818 0.9819711538461539 0.035085227272727296 0.03586538461538461
0 0.975078125 0.36904807692307684 0.04899147727272728 0.06498076923076927
0 0.828828125 0.4087211538461538 0.12430397727272725 0.1104038461538462
0 0.8603125 0.45136538461538467 0.10536931818181819 0.10846153846153853
0 0.988700284090909 0.7825192307692308 0.022599431818181817 0.12273076923076921
0 0.27656249999999993 0.98875 0.10707386363636363 0.0225
0 0.37825284090909095 0.9680192307692308 0.09267045454545456 0.06396153846153846
0 0.3051207386363637 0.7909038461538461 0.11356534090909082 0.19680769230769232
0 0.9560653409090909 0.9456826923076923 0.08667613636363636 0.10828846153846153
0 0.9085298295454546 0.9606826923076923 0.06009943181818181 0.07863461538461539
0 0.9593536931818182 0.8878173076923077 0.08129261363636363 0.09109615384615384
0 0.7557954545454545 0.9513076923076923 0.061562500000000006 0.09738461538461539
0 0.9112855113636363 0.8808461538461538 0.07183238636363636 0.094
0 0.9594886363636363 0.8556346153846154 0.08102272727272727 0.07215384615384615
0 0.8464559659090909 0.9487211538461539 0.06794034090909089 0.09744230769230769
0 0.8299147727272727 0.8857692307692308 0.039346590909090914 0.051461538461538454
0 0.8562926136363637 0.8772980769230769 0.06079545454545454 0.12528846153846152
0 0.7941548295454546 0.9723173076923077 0.04112215909090908 0.055057692307692314
0 0.7764914772727273 0.9054423076923077 0.07823863636363634 0.05688461538461538
0 0.7899076704545455 0.8627692307692307 0.04515625000000003 0.0696153846153846
0 0.8122585227272727 0.8240384615384615 0.04156250000000001 0.08776923076923074
0 0.864559659090909 0.7819711538461538 0.0603409090909091 0.13678846153846153
0 0.5269815340909091 0.056653846153846166 0.1501846590909091 0.08223076923076922
0 0.8824431818181818 0.7759230769230769 0.06482954545454546 0.12226923076923077
0 0.9481605113636363 0.8076923076923077 0.07913352272727271 0.05507692307692305
0 0.9128409090909091 0.75625 0.04247159090909092 0.09865384615384618
0 0.8882528409090908 0.6751538461538461 0.03352272727272727 0.10350000000000004
0 0.9470383522727273 0.7126826923076923 0.08850852272727272 0.16159615384615383
0 0.9579900568181818 0.6663749999999999 0.08359375000000001 0.11621153846153842
0 0.9513920454545455 0.5998076923076923 0.09721590909090909 0.06657692307692309
0 0.9836931818181818 0.6173461538461539 0.0321875 0.06899999999999999
0 0.9582173295454546 0.5462403846153847 0.08313920454545455 0.08290384615384612
0 0.819637784090909 0.7377884615384616 0.053650568181818195 0.08715384615384614
0 0.5401917613636362 0.24852884615384618 0.10728693181818186 0.14655769230769228
0 0.7501136363636364 0.8500576923076923 0.05767045454545454 0.08050000000000002
0 0.691640625 0.9360480769230769 0.08583806818181819 0.12790384615384617
0 0.6576633522727273 0.8718076923076923 0.1368039772727273 0.11923076923076924
0 0.5823366477272728 0.9320288461538462 0.13723011363636362 0.1319423076923077
0 0.545575284090909 0.983125 0.06461647727272729 0.03321153846153846
0 0.49370028409090905 0.9431346153846154 0.05123579545454553 0.11361538461538462
0 0.5527414772727273 0.8595192307692308 0.08210227272727266 0.07426923076923077
0 0.5587357954545455 0.8027115384615384 0.06068181818181814 0.060000000000000005
0 0.43847301136363637 0.9441442307692307 0.06938920454545458 0.11171153846153847
0 0.40705255681818187 0.913375 0.04867897727272725 0.06590384615384615
0 0.8314772727272728 0.12850961538461536 0.10499999999999998 0.14040384615384613
0 0.5182244318181819 0.8182019230769231 0.11335227272727275 0.14213461538461541
0 0.8705113636363636 0.6516923076923077 0.03397727272727273 0.1265
0 0.8942045454545454 0.5742307692307692 0.04380681818181819 0.10349999999999998
0 0.7701491477272727 0.7273461538461539 0.07197443181818185 0.13619230769230767
0 0.8519602272727272 0.6120576923076922 0.05588068181818182 0.10530769230769234
0 0.9799644886363637 0.4625576923076923 0.040071022727272726 0.12346153846153844
0 0.9507599431818182 0.4846538461538461 0.037116477272727266 0.1071153846153846
0 0.9085156249999999 0.5279230769230769 0.060809659090909095 0.10530769230769234
0 0.8421235795454545 0.537 0.039786931818181825 0.05688461538461541
0 0.8564346590909091 0.5185480769230768 0.052301136363636376 0.08532692307692313
0 0.7672443181818182 0.19805769230769232 0.04960227272727271 0.07630769230769233
0 0.8258096590909091 0.5551538461538461 0.038437500000000006 0.08473076923076923
0 0.1605610795454545 0.9726730769230769 0.11544034090909089 0.05465384615384616
0 0.2198224431818182 0.9388365384615385 0.07311079545454549 0.08178846153846155
0 0.28591619318181827 0.9560480769230769 0.10032670454545455 0.0765576923076923
0 0.34096590909090907 0.9344615384615385 0.08403409090909095 0.07946153846153846
0 0.29967329545454546 0.9033365384615385 0.12838068181818188 0.057403846153846146
0 0.36865767045454545 0.8354038461538461 0.08862215909090915 0.1413846153846154
0 0.31499999999999995 0.8324807692307692 0.03497159090909092 0.03892307692307694
0 0.3141690340909091 0.7997211538461538 0.04813920454545453 0.04021153846153846
0 0.2264985795454545 0.8212884615384615 0.09078124999999995 0.1066923076923077
0 0.7505681818181819 0.24201923076923082 0.07485795454545453 0.06776923076923079
0 0.42857954545454546 0.8195673076923077 0.06329545454545454 0.15751923076923077
0 0.43542613636363636 0.7637884615384616 0.07528409090909091 0.15480769230769234
0 0.3761150568181818 0.7670673076923077 0.04791193181818176 0.0949807692307692
0 0.4957315340909091 0.7686057692307692 0.08126420454545459 0.08571153846153848
0 0.4998508522727273 0.6943269230769231 0.04913352272727269 0.09119230769230767
0 0.6637642045454546 0.8057596153846154 0.18247159090909093 0.08605769230769231
0 0.7132457386363636 0.7194519230769231 0.06151988636363637 0.10328846153846155
0 0.5431463068181819 0.7036346153846154 0.04225852272727273 0.09119230769230767
0 0.7044815340909091 0.7136346153846154 0.033678977272727284 0.07211538461538461
0 0.6200000000000001 0.697875 0.13264204545454542 0.17259615384615382
0 0.7160653409090909 0.2917788461538462 0.0608806818181818 0.12209615384615387
0 0.22213068181818185 0.7114615384615384 0.11826704545454544 0.12973076923076923
0 0.15384943181818178 0.6937307692307693 0.08696022727272715 0.18265384615384617
0 0.07892045454545449 0.6527019230769231 0.05855113636363624 0.12151923076923077
0 0.04875710227272734 0.7493173076923076 0.08887784090909098 0.11713461538461538
0 0.35657670454545454 0.5684423076923076 0.0963920454545454 0.13969230769230773
0 0.4392613636363637 0.6691730769230769 0.10372159090909089 0.10661538461538461
0 0.5572372159090909 0.5998749999999999 0.049701704545454556 0.12901923076923077
0 0.5128409090909092 0.6259807692307693 0.056477272727272716 0.06653846153846153
0 0.4798508522727273 0.5917884615384617 0.10779829545454543 0.09226923076923076
0 0.33472301136363636 0.68075 0.11404829545454548 0.09299999999999997
