0 0.2002698863636364 0.8925288461538462 0.042755681818181686 0.044096153846153834
0 0.6695667613636364 0.9505673076923077 0.025667613636363627 0.04698076923076923
0 0.5784943181818182 0.30900961538461535 0.02920454545454546 0.054750000000000056
0 0.45384232954545456 0.2962307692307692 0.04302556818181813 0.1047307692307692
0 0.5492329545454545 0.2260096153846154 0.02616477272727275 0.07424999999999991
0 0.53640625 0.18580769230769234 0.01761363636363633 0.04973076923076926
0 0.5346448863636364 0.243375 0.024147727272727272 0.09809615384615383
0 0.5202982954545454 0.2188461538461539 0.019630681818181808 0.11034615384615384
0 0.5172798295454545 0.18478846153846162 0.014588068181818237 0.05449999999999995
0 0.4942116477272728 0.21886538461538463 0.048821022727272734 0.09750000000000009
0 0.5247514204545454 0.14447115384615383 0.0576278409090909 0.0900961538461539
0 0.6427414772727273 0.09381730769230767 0.06426136363636364 0.10521153846153843
0 0.6298792613636364 0.9447692307692308 0.057514204545454556 0.0456923076923077
0 0.3733096590909091 0.29149038461538457 0.10866477272727272 0.043096153846153784
0 0.30177556818181817 0.25222115384615384 0.053267045454545456 0.05117307692307684
0 0.27017045454545463 0.22468269230769233 0.030625000000000083 0.04263461538461542
0 0.23648437499999997 0.25576923076923075 0.048991477272727284 0.061000000000000054
0 0.2552982954545455 0.1956634615384616 0.04286931818181819 0.07817307692307687
0 0.15993607954545463 0.2959519230769231 0.05433238636363636 0.12071153846153843
0 0.16293323863636355 0.23866346153846152 0.04197443181818192 0.1276730769230769
0 0.13050426136363635 0.24161538461538457 0.021803977272727145 0.09076923076923074
0 0.18294744318181833 0.16618269230769223 0.0720312499999999 0.10755769230769233
0 0.13975142045454547 0.1677980769230769 0.014360795454545473 0.08228846153846146
0 0.6177556818181817 0.969875 0.055142045454545444 0.027673076923076922
0 0.1289914772727272 0.15257692307692317 0.015795454545454553 0.07515384615384613
0 0.11510653409090921 0.17136538461538464 0.03205965909090916 0.0660769230769231
0 0.09118607954545443 0.28757692307692295 0.10603693181818179 0.06403846153846156
0 0.02313210227272744 0.23182692307692299 0.046264204545454615 0.1352307692307692
0 0.023991477272727213 0.12848076923076923 0.04798295454545451 0.09850000000000005
0 0.07464488636363631 0.196951923076923 0.0640909090909091 0.08275000000000006
0 0.06483664772727271 0.14986538461538468 0.041605113636363586 0.040153846153846144
0 0.07001420454545448 0.09568269230769233 0.06176136363636366 0.08605769230769231
0 0.12034090909090911 0.11365384615384622 0.03971590909090914 0.05257692307692303
0 0.11314630681818183 0.0614903846153847 0.033849431818181876 0.09055769230769226
0 0.6446164772727272 0.9838076923076923 0.04136363636363637 0.03238461538461539
0 0.05885653409090896 0.6080961538461538 0.11771306818181819 0.10661538461538461
0 0.03606534090909086 0.5507884615384615 0.07213068181818177 0.08142307692307693
0 0.01566051136363633 0.45770192307692303 0.03132102272727266 0.09309615384615379
0 0.8816974431818182 0.20782692307692308 0.07115056818181818 0.043000000000000024
0 0.9325213068181818 0.17171153846153842 0.08004261363636365 0.06534615384615378
0 0.9779971590909091 0.11261538461538467 0.04400568181818182 0.07819230769230763
0 0.9184588068181818 0.10175961538461531 0.09816761363636362 0.10859615384615379
0 0.9494460227272727 0.05268269230769229 0.10110795454545456 0.10425000000000006
0 0.7798650568181819 0.06665384615384606 0.10438920454545454 0.0743461538461539
0 0.9795383522727272 0.27120192307692303 0.040923295454545455 0.059749999999999984
0 0.6515056818181818 0.9902403846153847 0.03326704545454548 0.01951923076923077
0 0.9863707386363636 0.23849038461538463 0.02725852272727273 0.025596153846153852
0 0.9795383522727272 0.20506730769230763 0.040923295454545455 0.04978846153846151
0 0.9522585227272727 0.22461538461538455 0.06514204545454545 0.057615384615384575
0 0.7002982954545454 0.03222115384615387 0.06431818181818182 0.060942307692307796
0 0.7123579545454546 0.011759615384615452 0.041278409090909095 0.023519230769230803
0 0.5851917613636364 0.9499134615384616 0.034701704545454556 0.061134615384615384
0 0.5809161931818183 0.981125 0.026150568181818216 0.03475
0 0.5497869318181818 0.924923076923077 0.07795454545454544 0.15015384615384614
0 0.4898863636363636 0.8093076923076923 0.02471590909090906 0.021884615384615377
0 0.4820525568181818 0.7829230769230769 0.030894886363636364 0.04503846153846154
0 0.19382102272727275 0.914125 0.02985795454545452 0.05971153846153846
0 0.45519176136363637 0.7825961538461539 0.0361221590909091 0.05342307692307693
0 0.5055610795454545 0.8440384615384615 0.051349431818181863 0.061192307692307706
0 0.47375 0.8425480769230769 0.026335227272727302 0.07840384615384616
0 0.4572940340909091 0.8268076923076924 0.02413352272727274 0.026730769230769242
0 0.4357883522727273 0.8110673076923076 0.05572443181818185 0.038019230769230764
0 0.4287713068181819 0.8535384615384616 0.05572443181818185 0.05880769230769232
0 0.5027059659090909 0.7219519230769231 0.04299715909090915 0.08317307692307695
0 0.43078125 0.7897788461538462 0.046590909090909106 0.03832692307692309
0 0.40748579545454544 0.8077115384615384 0.03562500000000006 0.04823076923076923
0 0.3782599431818181 0.8234807692307693 0.021917613636363645 0.05130769230769229
0 0.7935653409090909 0.7270288461538461 0.039403409090909065 0.057557692307692296
0 0.7654829545454545 0.7654807692307692 0.027926136363636358 0.06511538461538462
0 0.8857457386363636 0.6362692307692308 0.0729403409090909 0.06092307692307688
0 0.8465625 0.6184134615384616 0.09542613636363638 0.1050576923076923
0 0.84578125 0.6063365384615385 0.039573863636363636 0.09140384615384615
0 0.8187144886363636 0.5976634615384615 0.02098011363636363 0.08913461538461537
0 0.8017116477272728 0.5770961538461539 0.028934659090909098 0.13615384615384618
0 0.7959232954545454 0.5575 0.020255681818181846 0.07346153846153844
0 0.7742258522727272 0.5163653846153846 0.030383522727272707 0.09500000000000001
0 0.630731534090909 0.7024326923076922 0.04955965909090911 0.08478846153846155
0 0.5976136363636364 0.6985576923076924 0.03778409090909086 0.03469230769230773
0 0.7725071022727272 0.7464230769230769 0.01941761363636366 0.04034615384615382
0 0.5770383522727274 0.7072403846153845 0.030355113636363642 0.10136538461538463
0 0.6053693181818183 0.7378269230769231 0.047897727272727314 0.05115384615384614
0 0.5756889204545454 0.757 0.034389204545454514 0.05661538461538464
0 0.5250994318181819 0.6880576923076924 0.07082386363636366 0.15069230769230765
0 0.5996377840909091 0.6469615384615385 0.02294034090909096 0.08492307692307692
0 0.6158238636363635 0.6045 0.03911931818181821 0.07488461538461538
0 0.5786008522727273 0.6383749999999999 0.020156249999999997 0.043288461538461574
0 0.5431463068181819 0.6242596153846154 0.03265625000000001 0.09975
0 0.5586292613636363 0.6722019230769232 0.01686079545454546 0.07671153846153848
0 0.5582954545454545 0.6046153846153846 0.01889204545454547 0.06392307692307694
0 0.7305610795454545 0.7654807692307692 0.046548295454545426 0.04200000000000001
0 0.575497159090909 0.5685480769230769 0.033039772727272716 0.10867307692307696
0 0.46082386363636363 0.6072500000000001 0.06102272727272724 0.10349999999999998
0 0.4371377840909091 0.6834615384615385 0.021633522727272755 0.052384615384615404
0 0.41613636363636364 0.6496057692307693 0.047499999999999994 0.046365384615384586
0 0.40012073863636366 0.6967115384615385 0.03092329545454543 0.07326923076923075
0 0.4220028409090909 0.7201346153846153 0.05869318181818181 0.08853846153846155
0 0.42482954545454554 0.5650288461538462 0.07877840909090907 0.0836730769230769
0 0.31875710227272724 0.6532211538461539 0.02524147727272733 0.06901923076923079
0 0.38132102272727275 0.6124423076923077 0.02985795454545452 0.03346153846153842
0 0.4227698863636363 0.6162596153846154 0.06539772727272722 0.06344230769230766
0 0.9658877840909091 0.6578846153846154 0.06813920454545454 0.08257692307692308
0 0.37282670454545463 0.6525192307692308 0.07261363636363628 0.03276923076923081
0 0.39566051136363634 0.7796346153846154 0.021974431818181775 0.03626923076923077
0 0.3734161931818182 0.797048076923077 0.026803977272727278 0.05078846153846153
0 0.34929687499999995 0.8569134615384615 0.06217329545454551 0.09213461538461538
0 0.36269176136363646 0.794875 0.03430397727272732 0.05805769230769233
0 0.38573863636363637 0.7371923076923077 0.054659090909090935 0.07907692307692309
0 0.3519744318181818 0.7524326923076923 0.04394886363636363 0.06021153846153844
0 0.33670454545454553 0.8376923076923077 0.028409090909090908 0.037730769230769214
0 0.3136576704545454 0.8177307692307693 0.0702130681818181 0.03553846153846152
0 0.351171875 0.6929326923076923 0.053053977272727225 0.09359615384615383
0 0.708309659090909 0.979951923076923 0.046107954545454556 0.04009615384615385
0 0.3329474431818181 0.7038173076923078 0.04126420454545456 0.03990384615384615
0 0.31124289772727276 0.7549711538461539 0.021434659090909136 0.07255769230769231
0 0.2959730113636364 0.7237692307692307 0.04663352272727262 0.06530769230769232
0 0.27318892045454557 0.7223173076923077 0.05359374999999995 0.0638653846153846
0 0.2343323863636364 0.7070865384615385 0.07127840909090902 0.07836538461538461
0 0.22200994318181833 0.6414134615384616 0.048764204545454604 0.07036538461538462
0 0.19695312499999995 0.8299807692307692 0.05629261363636363 0.08326923076923076
0 0.17989346590909083 0.8391538461538461 0.027883522727272722 0.06365384615384614
0 0.1855042613636364 0.9230961538461538 0.041605113636363586 0.07042307692307692
0 0.14264914772727266 0.8681634615384615 0.04910511363636371 0.059711538461538455
0 0.6786008522727274 0.9673942307692308 0.03612215909090906 0.06521153846153846
0 0.15798295454545463 0.7990480769230769 0.022954545454545408 0.03809615384615385
0 0.15170454545454537 0.7442307692307693 0.02857954545454546 0.0773846153846154
0 0.14334517045454542 0.8345288461538461 0.025980113636363586 0.05628846153846156
0 0.1190980113636364 0.7975961538461538 0.037230113636363686 0.05276923076923076
0 0.13620028409090912 0.7917307692307692 0.020355113636363532 0.041038461538461544
0 0.1463778409090909 0.7735480769230769 0.021647727272727287 0.04925
0 0.11541903409090903 0.7430673076923078 0.047201704545454574 0.07271153846153844
0 0.08531960227272739 0.8342403846153846 0.04677556818181811 0.06155769230769232
0 0.11779829545454557 0.8377596153846154 0.025994318181818278 0.05217307692307694
0 0.13252130681818197 0.8650192307692308 0.038110795454545515 0.04103846153846153
0 0.6595880681818183 0.9505576923076923 0.02852272727272725 0.04311538461538462
0 0.1030468750000001 0.9003653846153846 0.03328124999999993 0.07942307692307692
0 0.06686079545454537 0.8875192307692308 0.06139204545454533 0.11976923076923075
0 0.14928977272727262 0.4419615384615385 0.045625000000000006 0.05684615384615385
0 0.12282670454545463 0.49922115384615395 0.03650568181818188 0.10544230769230767
0 0.6119105113636363 0.35996153846153844 0.024161931818181884 0.06996153846153845
0 0.5911292613636363 0.36451923076923076 0.04549715909090913 0.04561538461538467
0 0.5453551136363637 0.3512211538461538 0.04718750000000004 0.047903846153846096
0 0.622578125 0.3036923076923076 0.03762784090909088 0.0714615384615385
0 0.5961860795454546 0.32079807692307694 0.023025568181818154 0.037250000000000005
0 0.5515340909090909 0.29608653846153854 0.049431818181818195 0.07148076923076926
