0 0.7587855113636364 0.2033942307692307 0.04987215909090911 0.09936538461538465
0 0.15418323863636374 0.19019230769230766 0.03188920454545445 0.05803846153846155
0 0.1527485795454545 0.4562211538461539 0.0660653409090909 0.04905769230769229
0 0.05623579545454549 0.20291346153846146 0.044744318181818184 0.06701923076923082
0 0.5487784090909091 0.051519230769230706 0.08568181818181818 0.06980769230769233
0 0.8961789772727273 0.03778846153846149 0.052556818181818184 0.0755769230769231
0 0.6721732954545454 0.07084615384615378 0.08855113636363633 0.1410769230769231
0 0.32487926136363643 0.18025961538461543 0.07427556818181821 0.11905769230769235
0 0.29682528409090914 0.3388269230769232 0.053224431818181775 0.07392307692307692
0 0.3686860795454545 0.022442307692307595 0.061832386363636326 0.04434615384615385
0 0.4772088068181819 0.9691538461538461 0.06470170454545456 0.06169230769230769
0 0.8277698863636364 0.8681538461538462 0.07431818181818181 0.1198846153846154
0 0.7475 0.6753557692307692 0.05517045454545455 0.09901923076923079
0 0.38359375000000007 0.1855000000000001 0.04744318181818179 0.06830769230769239
0 0.7733522727272727 0.8774519230769231 0.07946022727272727 0.09067307692307693
0 0.22173295454545439 0.9580384615384615 0.044914772727272734 0.08361538461538462
0 0.23963068181818192 0.28128846153846154 0.13636363636363627 0.09050000000000001
0 0.7248011363636364 0.11876923076923074 0.05068181818181819 0.06861538461538463
0 0.38149147727272725 0.82775 0.06531250000000002 0.08242307692307692
0 0.6024573863636364 0.8394519230769231 0.054545454545454515 0.08259615384615383
0 0.8008025568181818 0.7466826923076924 0.07748579545454545 0.05371153846153845
0 0.9454474431818182 0.062423076923076914 0.09430397727272727 0.05215384615384616
0 0.5193181818181818 0.7977692307692308 0.0985227272727272 0.09742307692307695
0 0.8656107954545454 0.43882692307692306 0.09448863636363637 0.13488461538461535
0 0.5845383522727272 0.0635096153846153 0.057826704545454514 0.07259615384615385
0 0.4883025568181818 0.6567307692307692 0.10723011363636364 0.07007692307692308
0 0.9849715909090909 0.5629326923076923 0.03005681818181818 0.05767307692307694
0 0.21779829545454532 0.9074903846153846 0.0741193181818181 0.08132692307692307
0 0.2972230113636364 0.9806346153846154 0.0297017045454545 0.03807692307692307
0 0.6579190340909091 0.8676057692307693 0.0471448863636364 0.08886538461538462
0 0.8651278409090909 0.10423076923076924 0.07164772727272727 0.0696538461538462
0 0.9959943181818182 0.5198846153846154 0.008011363636363636 0.03088461538461539
0 0.02608664772727276 0.68275 0.05217329545454548 0.06661538461538459
0 0.9389772727272727 0.9238076923076923 0.05954545454545455 0.09703846153846153
0 0.7405752840909091 0.296701923076923 0.04257102272727273 0.09936538461538465
0 0.23097301136363635 0.18334615384615394 0.06296874999999989 0.05684615384615385
0 0.20220170454545439 0.7590961538461538 0.036107954545454485 0.06696153846153848
0 0.4396874999999999 0.6706826923076923 0.07059659090909089 0.09482692307692309
0 0.2281107954545455 0.6479519230769231 0.09622159090909084 0.14059615384615387
0 0.013941761363636451 0.11006730769230777 0.027883522727272722 0.05394230769230771
0 0.2197372159090908 0.40528846153846154 0.09910511363636378 0.09130769230769234
0 0.972215909090909 0.05637499999999995 0.055568181818181815 0.11274999999999999
0 0.34970880681818184 0.3323173076923076 0.08660511363636368 0.1539423076923077
0 0.6987428977272727 0.5143365384615384 0.09049715909090911 0.08894230769230775
0 0.5172514204545454 0.3528557692307692 0.04350852272727272 0.15951923076923075
0 0.4574360795454545 0.17207692307692313 0.034105113636363704 0.07534615384615385
0 0.28879261363636366 0.4776538461538461 0.030738636363636343 0.18261538461538468
0 0.9716761363636364 0.7123076923076923 0.05664772727272727 0.16330769230769232
0 0.009289772727272716 0.4960865384615385 0.01857954545454551 0.061134615384615426
0 0.4743465909090909 0.4117692307692308 0.028835227272727207 0.04850000000000005
0 0.15073863636363638 0.14993269230769235 0.04471590909090912 0.06294230769230762
0 0.7529758522727272 0.548326923076923 0.05640624999999997 0.10153846153846151
0 0.8646022727272727 0.21949038461538461 0.07875000000000001 0.14471153846153847
0 0.5077059659090908 0.9013942307692308 0.06100852272727271 0.04628846153846154
0 0.5704261363636363 0.38148076923076923 0.1691761363636364 0.22169230769230763
0 0.9661150568181818 0.19124038461538462 0.057230113636363635 0.06251923076923076
0 0.6723508522727273 0.21150000000000002 0.09376420454545457 0.13592307692307692
0 0.12206676136363626 0.9710384615384615 0.05333806818181828 0.057923076923076924
0 0.794296875 0.6413653846153846 0.038423295454545474 0.08138461538461537
0 0.7440909090909091 0.7668173076923077 0.06446022727272727 0.0889423076923077
0 0.4545383522727273 0.7215 0.0722869318181818 0.07661538461538463
0 0.26885653409090904 0.8610865384615385 0.05700284090909082 0.12213461538461538
0 0.8008806818181818 0.9415673076923077 0.11437499999999999 0.11686538461538462
0 0.2480894886363636 0.6285288461538461 0.055241477272727255 0.10175
0 0.8642258522727273 0.5555096153846154 0.07274147727272727 0.1038269230769231
0 0.9181960227272727 0.40375961538461547 0.11187499999999999 0.0883269230769231
0 0.4031392045454546 0.38893269230769234 0.02659090909090913 0.028750000000000088
0 0.5505255681818182 0.22459615384615383 0.10164772727272728 0.06757692307692305
0 0.39934659090909086 0.6570288461538462 0.044829545454545455 0.09028846153846151
0 0.8256036931818181 0.6467980769230769 0.03524147727272728 0.13228846153846152
0 0.3745454545454545 0.04714423076923069 0.07036931818181813 0.06132692307692305
0 0.9175710227272728 0.23598076923076916 0.04997159090909092 0.14684615384615388
0 0.3146874999999999 0.9745096153846153 0.035028409090909124 0.050903846153846154
0 0.3147159090909091 0.5059134615384615 0.07249999999999995 0.12359615384615387
0 0.89921875 0.6620192307692307 0.04704545454545455 0.14773076923076922
0 0.8544176136363636 0.7491923076923077 0.039659090909090915 0.07215384615384618
0 0.4019957386363636 0.4128942307692307 0.02697443181818183 0.02951923076923081
0 0.7038707386363636 0.46397115384615384 0.0857244318181818 0.08951923076923074
0 0.9133522727272727 0.1355480769230769 0.12749999999999997 0.10609615384615388
0 0.9640127840909091 0.7429615384615385 0.07171875 0.15757692307692306
0 0.3911789772727272 0.755798076923077 0.07914772727272731 0.11390384615384613
0 0.6986079545454545 0.6861923076923077 0.07963068181818182 0.07461538461538464
0 0.07161931818181833 0.07620192307692308 0.06659090909090909 0.07013461538461543
0 0.1582670454545455 0.3237500000000001 0.060653409090908994 0.09650000000000002
0 0.6274857954545454 0.9859134615384615 0.042642045454545426 0.026942307692307692
0 0.47498579545454545 0.14866346153846155 0.04011363636363638 0.07467307692307701
0 0.8577414772727272 0.03507692307692312 0.035568181818181825 0.06988461538461534
0 0.931875 0.03735576923076911 0.08943181818181817 0.07221153846153848
0 0.7784019886363637 0.19164423076923076 0.04762784090909091 0.09101923076923074
0 0.473046875 0.9026442307692307 0.07302556818181821 0.0913653846153846
0 0.2543821022727273 0.4189519230769231 0.050014204545454514 0.09628846153846153
0 0.3369673295454546 0.41739423076923077 0.0738778409090909 0.07951923076923081
0 0.8365482954545455 0.5113557692307693 0.03795454545454547 0.08617307692307692
0 0.23239346590909093 0.7421634615384616 0.04379261363636353 0.10794230769230766
0 0.6509232954545454 0.35359615384615384 0.06610795454545454 0.14034615384615387
0 0.7750426136363636 0.07903846153846161 0.07113636363636361 0.06861538461538463
0 0.1769389204545455 0.9505 0.05953124999999995 0.09869230769230769
0 0.9920525568181818 0.4937307692307692 0.015894886363636365 0.030461538461538467
0 0.45053267045454537 0.2985000000000001 0.043252840909090894 0.12600000000000008
0 0.9518039772727273 0.4989807692307693 0.09156249999999999 0.050653846153846105
0 0.41585227272727276 0.07528846153846147 0.04423295454545453 0.03680769230769239
0 0.08595170454545453 0.03186538461538457 0.1327272727272728 0.0589615384615384
0 0.485703125 0.20504807692307692 0.038451704545454615 0.04436538461538471
0 0.7635511363636364 0.8190096153846154 0.05897727272727274 0.0394423076923077
0 0.5424360795454546 0.12883653846153842 0.09836647727272728 0.09344230769230776
0 0.5811931818181817 0.8169230769230769 0.06008522727272729 0.09261538461538461
0 0.3197798295454546 0.8727019230769231 0.05921875000000008 0.07944230769230769
0 0.13059659090909104 0.2434423076923078 0.06198863636363634 0.13126923076923086
0 0.6231249999999999 0.6271923076923076 0.04710227272727268 0.10657692307692306
0 0.6825568181818182 0.9818942307692308 0.05329545454545456 0.03621153846153846
0 0.7908877840909091 0.5271442307692308 0.10080965909090907 0.2023269230769231
0 0.4899147727272727 0.5597692307692308 0.18605113636363632 0.14919230769230765
0 0.6185653409090909 0.031144230769230785 0.06446022727272731 0.062288461538461515
0 0.5798153409090909 0.9095288461538461 0.0554545454545454 0.06255769230769231
0 0.6775781249999999 0.9406923076923077 0.029133522727272754 0.06926923076923078
0 0.3373366477272728 0.9700480769230769 0.06123579545454547 0.05990384615384615
0 0.7399857954545455 0.8641346153846153 0.0640625 0.06976923076923079
0 0.5836292613636364 0.1393557692307693 0.12708806818181823 0.16067307692307695
0 0.4633380681818182 0.9758557692307692 0.0554545454545454 0.04755769230769231
0 0.3568607954545455 0.24820192307692313 0.05573863636363638 0.06321153846153847
0 0.7052485795454546 0.5785288461538461 0.07004261363636365 0.08644230769230767
0 0.7107315340909091 0.7980769230769231 0.047741477272727255 0.1166923076923077
0 0.14939630681818172 0.741 0.10160511363636376 0.1285
0 0.3099289772727273 0.24903846153846154 0.06999999999999997 0.09015384615384614
0 0.7992542613636364 0.7827596153846154 0.06197443181818179 0.05036538461538461
0 0.7330042613636363 0.9387692307692308 0.051860795454545444 0.05773076923076924
0 0.91578125 0.9799134615384615 0.05329545454545454 0.04017307692307692
0 0.9738920454545454 0.6133461538461538 0.05221590909090909 0.0661153846153846
0 0.4505326704545455 0.41502884615384616 0.024900568181818142 0.06801923076923078
0 0.00843039772727261 0.7194038461538461 0.016406250000000098 0.027384615384615403
0 0.977237215909091 0.900375 0.04552556818181818 0.09444230769230769
0 0.8678267045454545 0.8706538461538462 0.04375 0.0906153846153846
0 0.5825710227272727 0.5159326923076923 0.044829545454545455 0.06751923076923073
0 0.5536931818181818 0.9550480769230769 0.10423295454545455 0.08990384615384615
0 0.3699289772727272 0.5858365384615385 0.11798295454545454 0.0970576923076923
0 0.12970880681818187 0.02315384615384619 0.1007812499999999 0.046038461538461424
0 0.788203125 0.2792596153846154 0.07620738636363637 0.12971153846153843
0 0.6343536931818182 0.7950192307692308 0.042514204545454556 0.09134615384615384
0 0.8127698863636363 0.13656730769230763 0.042244318181818195 0.03855769230769233
0 0.031207386363636402 0.30248076923076916 0.062414772727272805 0.056346153846153865
0 0.06883522727272728 0.13914423076923077 0.04471590909090912 0.08690384615384615
0 0.04970170454545453 0.9626346153846154 0.09940340909090911 0.07419230769230768
0 0.8389204545454545 0.6959134615384616 0.03471590909090909 0.04448076923076922
0 0.8012357954545455 0.9650673076923078 0.1047159090909091 0.06986538461538461
0 0.9277414772727273 0.09688461538461535 0.07127840909090909 0.061153846153846066
0 0.3925568181818182 0.4926538461538462 0.0908522727272727 0.061923076923076956
0 0.8201207386363636 0.8049999999999999 0.05691761363636363 0.0735
0 0.017705965909090793 0.4427403846153847 0.035411931818181745 0.06232692307692313
0 0.14031960227272722 0.8793653846153846 0.11677556818181824 0.053961538461538464
0 0.8959446022727273 0.7760480769230769 0.06569602272727272 0.09732692307692305
0 0.6048721590909091 0.95925 0.06980113636363638 0.07534615384615384
0 0.925390625 0.7857019230769231 0.050213068181818185 0.08474999999999999
0 0.2596661931818183 0.14687499999999998 0.0643892045454546 0.09190384615384609
0 0.12325284090909083 0.9362884615384616 0.07545454545454545 0.10734615384615384
0 0.5779758522727272 0.3463076923076924 0.04410511363636365 0.05973076923076923
0 0.7634872159090909 0.41036538461538463 0.041178977272727284 0.13546153846153847
0 0.3105894886363636 0.3695673076923077 0.0715767045454546 0.05094230769230771
0 0.26193892045454537 0.9297403846153847 0.02921874999999999 0.0764423076923077
0 0.041235795454545365 0.5345865384615385 0.06465909090909089 0.05894230769230765
0 0.18188210227272716 0.4882115384615384 0.11791193181818181 0.05465384615384613
0 0.5273721590909091 0.7188557692307693 0.08684659090909089 0.07736538461538463
0 0.7269673295454546 0.13993269230769223 0.08535511363636364 0.07663461538461543
0 0.46058238636363635 0.36622115384615384 0.06073863636363635 0.08044230769230777
0 0.7543181818181819 0.8416153846153847 0.05329545454545456 0.07311538461538462
0 0.13189630681818187 0.8318653846153846 0.09768465909090907 0.08057692307692306
0 0.6783167613636364 0.2174711538461538 0.06058238636363637 0.09640384615384615
0 0.6736008522727273 0.8277019230769231 0.05305397727272727 0.08617307692307692
0 0.19598721590909096 0.20134615384615384 0.06998579545454543 0.12503846153846152
0 0.5896519886363636 0.6297115384615384 0.04339488636363638 0.06965384615384615
0 0.20551846590909084 0.43634615384615383 0.054133522727272745 0.071423076923077
0 0.13112215909090896 0.5107403846153846 0.08678977272727276 0.07598076923076927
0 0.48827414772727273 0.24370192307692307 0.07771306818181824 0.08009615384615391
0 0.6923295454545455 0.7349326923076923 0.09235795454545456 0.09567307692307694
0 0.0644105113636364 0.9371538461538461 0.07791193181818185 0.09296153846153847
0 0.7882457386363637 0.5404423076923077 0.042031250000000006 0.06203846153846152
0 0.2287499999999999 0.8459230769230769 0.1207102272727273 0.11476923076923075
0 0.04382102272727273 0.13914423076923077 0.024801136363636414 0.07251923076923072
0 0.7718821022727272 0.07546153846153847 0.06475852272727269 0.09892307692307692
0 0.7738352272727272 0.6896153846153847 0.03718750000000001 0.0788846153846154
0 0.16502130681818172 0.8250192307692308 0.10217329545454538 0.09123076923076923
0 0.4753551136363636 0.8550865384615385 0.029573863636363627 0.06382692307692309
0 0.21958096590909093 0.34644230769230766 0.11362215909090902 0.10315384615384623
0 0.990859375 0.22775961538461542 0.01828125 0.08036538461538455
0 0.8569176136363637 0.602875 0.046250000000000006 0.23174999999999998
0 0.37041903409090904 0.34506730769230765 0.054218750000000024 0.08767307692307698
0 0.2514559659090909 0.23516346153846146 0.08964488636363631 0.09940384615384615
0 0.6082102272727272 0.23724038461538466 0.16806818181818184 0.20536538461538453
0 0.7324502840909091 0.39721153846153845 0.03529829545454544 0.14261538461538456
0 0.46861505681818183 0.39456730769230774 0.08035511363636362 0.2429423076923077
0 0.723465909090909 0.06038461538461537 0.04090909090909092 0.06742307692307693
0 0.690703125 0.3919038461538461 0.05938920454545455 0.11834615384615388
0 0.06131392045454542 0.3770961538461539 0.12262784090909097 0.10369230769230772
0 0.36747869318181814 0.4391442307692308 0.07157670454545452 0.07701923076923078
0 0.8997088068181818 0.8920576923076923 0.08433238636363637 0.09203846153846154
0 0.417578125 0.9320576923076923 0.07487215909090907 0.06507692307692309
0 0.45610085227272734 0.10343269230769225 0.03944602272727278 0.06855769230769237
0 0.9392542613636363 0.14873076923076933 0.08899147727272728 0.06892307692307688
0 0.9801207386363636 0.6482884615384616 0.039758522727272726 0.04642307692307695
0 0.6445383522727273 0.9729230769230769 0.04120738636363635 0.04715384615384615
0 0.21348011363636354 0.10707692307692307 0.08818181818181824 0.08430769230769238
0 0.4553835227272728 0.8682115384615384 0.21309659090909097 0.08692307692307691
0 0.5602769886363637 0.07890384615384605 0.05632102272727269 0.055846153846153886
0 0.631875 0.4590384615384616 0.09860795454545457 0.0857307692307692
0 0.7594815340909091 0.02448076923076925 0.08802556818181818 0.04773076923076911
0 0.91265625 0.6647019230769231 0.047840909090909094 0.19482692307692306
0 0.43789772727272724 0.015298076923077053 0.08411931818181814 0.030596153846153894
0 0.030021306818181825 0.20550000000000002 0.06004261363636361 0.08376923076923078
0 0.972237215909091 0.11397115384615386 0.03896306818181818 0.06532692307692313
0 0.5317471590909091 0.9182884615384616 0.05176136363636363 0.060076923076923076
0 0.11598721590909089 0.34353846153846146 0.06640625 0.05215384615384616
0 0.5382173295454544 0.406625 0.05186079545454552 0.08863461538461545
0 0.42651988636363636 0.1503365384615385 0.03991477272727268 0.07544230769230773
0 0.6198295454545455 0.5144230769230769 0.08349431818181814 0.11757692307692305
0 0.33859375 0.8629711538461539 0.05369318181818175 0.07194230769230768
0 0.09274147727272719 0.21825961538461536 0.07747159090909085 0.14805769230769233
0 0.3581676136363636 0.6759903846153845 0.058835227272727296 0.10090384615384615
0 0.023678977272727386 0.06961538461538475 0.04735795454545459 0.07973076923076919
0 0.2946661931818183 0.056384615384615366 0.10441761363636354 0.11276923076923075
0 0.09263494318181809 0.5709423076923077 0.12049715909090915 0.13388461538461538
0 0.5365909090909091 0.5071057692307692 0.052500000000000054 0.07021153846153845
0 0.28568181818181815 0.7460096153846154 0.09414772727272723 0.11671153846153844
0 0.9636789772727272 0.9672403846153846 0.07264204545454546 0.06551923076923077
0 0.9547940340909091 0.8356826923076923 0.05007102272727273 0.08205769230769232
0 0.4938423295454545 0.6198076923076923 0.09058238636363641 0.07384615384615385
0 0.028934659090909087 0.9007499999999999 0.056306818181818326 0.03923076923076924
0 0.26623579545454557 0.9790673076923077 0.05531249999999992 0.04186538461538462
0 0.8794176136363636 0.9636923076923077 0.07431818181818182 0.07261538461538461
0 0.38698863636363634 0.2737019230769231 0.07982954545454551 0.07136538461538464
0 0.05299005681818192 0.7908365384615385 0.1055255681818183 0.1613653846153846
0 0.5927556818181818 0.9451923076923077 0.07025568181818179 0.05380769230769231
0 0.2504758522727273 0.4798269230769231 0.06330965909090916 0.05653846153846155
0 0.31562500000000004 0.7494423076923077 0.09187500000000001 0.10565384615384615
0 0.04666903409090917 0.6448365384615384 0.09333806818181824 0.11513461538461539
0 0.6971235795454546 0.9536826923076923 0.02842329545454544 0.043288461538461546
0 0.559012784090909 0.8744807692307692 0.04160511363636366 0.06507692307692307
0 0.021960227272727284 0.22933653846153845 0.04284090909090905 0.042519230769230795
0 0.6277414772727272 0.7102403846153846 0.043863636363636355 0.0791730769230769
0 0.6637215909090909 0.5290192307692307 0.08366477272727274 0.09315384615384614
0 0.4273721590909091 0.21096153846153853 0.05985795454545453 0.07511538461538463
0 0.4163636363636364 0.8299903846153847 0.045397727272727326 0.07194230769230768
0 0.3485582386363636 0.9382788461538462 0.07362215909090906 0.09517307692307693
0 0.7865482954545454 0.9808461538461538 0.07448863636363638 0.038153846153846156
0 0.3175639204545454 0.8116346153846153 0.07916193181818185 0.057692307692307696
0 0.03248579545454544 0.8641153846153846 0.06451704545454556 0.08142307692307692
0 0.6631036931818182 0.6024423076923077 0.05021306818181817 0.1074230769230769
0 0.3764417613636364 0.22017307692307697 0.0527130681818182 0.0601538461538461
0 0.09495738636363638 0.13704807692307686 0.05534090909090914 0.07313461538461533
0 0.05511363636363631 0.49848076923076934 0.0863352272727274 0.041961538461538446
0 0.6246448863636364 0.8876346153846154 0.054545454545454515 0.08134615384615385
0 0.7300426136363636 0.6188076923076924 0.05639204545454548 0.14684615384615388
0 0.5985014204545456 0.4540192307692308 0.09333806818181815 0.0868846153846154
0 0.7223650568181819 0.22008653846153847 0.039786931818181846 0.10240384615384615
0 0.0398366477272728 0.42535576923076923 0.06552556818181818 0.03355769230769239
0 0.8310653409090909 0.08446153846153837 0.0746875 0.06742307692307693
0 0.69484375 0.6509903846153846 0.038522727272727236 0.08317307692307692
0 0.6579190340909091 0.7637307692307692 0.05083806818181821 0.07134615384615384
0 0.9808167613636364 0.4150384615384616 0.038366477272727274 0.0386538461538462
0 0.6734517045454544 0.304903846153846 0.10127840909090911 0.12034615384615381
0 0.23621448863636363 0.5337403846153845 0.09955965909090905 0.10871153846153851
0 0.4125142045454545 0.444125 0.05792613636363641 0.048365384615384574
0 0.615909090909091 0.3308365384615384 0.09693181818181816 0.12213461538461548
0 0.43613636363636354 0.04155769230769235 0.061676136363636384 0.050615384615384604
0 0.42710227272727275 0.40785576923076927 0.048778409090909136 0.06309615384615386
0 0.7019176136363636 0.21971153846153846 0.06499999999999999 0.08949999999999993
0 0.09933948863636355 0.6748846153846153 0.0915198863636363 0.09261538461538461
0 0.35215198863636354 0.09775 0.07220170454545452 0.07330769230769231
0 0.25567471590909097 0.07232692307692312 0.1136221590909091 0.14465384615384622
0 0.29791903409090914 0.9289134615384615 0.05313920454545458 0.07344230769230768
0 0.08964488636363643 0.4499326923076924 0.06596590909090917 0.05394230769230771
0 0.08039062500000005 0.77125 0.07024147727272734 0.12765384615384612
0 0.530106534090909 0.466298076923077 0.056406250000000054 0.046519230769230764
0 0.8915411931818182 0.8774326923076923 0.08063920454545453 0.21263461538461537
0 0.5489772727272728 0.6323461538461539 0.04008522727272723 0.10726923076923077
0 0.9902556818181818 0.1557115384615385 0.019488636363636364 0.10446153846153845
0 0.43823863636363636 0.08827884615384607 0.041051136363636415 0.052673076923077
0 0.40679687499999995 0.9695961538461538 0.07919034090909091 0.060076923076923076
0 0.6467400568181818 0.6712211538461539 0.03237215909090904 0.0681730769230769
0 0.2825994318181819 0.5894615384615385 0.04863636363636357 0.07576923076923078
0 0.43708096590909085 0.579076923076923 0.08893465909090911 0.06388461538461539
0 0.181640625 0.08576923076923082 0.06507102272727265 0.10042307692307686
0 0.4037855113636364 0.5060480769230769 0.12032670454545452 0.08755769230769231
0 0.5312784090909091 0.9583365384615384 0.06377840909090914 0.06005769230769231
0 0.8174857954545455 0.02968269230769227 0.056420454545454544 0.05898076923076915
0 0.05090198863636364 0.2797019230769231 0.05490056818181815 0.06713461538461532
0 0.7266051136363636 0.9814134615384615 0.05187499999999998 0.03717307692307692
0 0.5910440340909091 0.41175000000000006 0.0951278409090909 0.0685384615384615
0 0.8082386363636364 0.7055576923076923 0.06383522727272727 0.05707692307692303
0 0.05953835227272719 0.4640192307692308 0.06686079545454553 0.05215384615384616
0 0.445703125 0.8296153846153846 0.04649147727272722 0.07419230769230768
0 0.09214488636363638 0.743625 0.1003693181818183 0.17967307692307694
0 0.3737997159090909 0.14421153846153845 0.08359374999999995 0.053000000000000005
0 0.48550426136363634 0.06374999999999997 0.05504261363636364 0.12700000000000003
0 0.3023295454545455 0.6407115384615385 0.07340909090909092 0.11492307692307696
0 0.2074147727272727 0.7022596153846155 0.04772727272727276 0.06459615384615386
0 0.7775568181818182 0.6069615384615386 0.05701704545454544 0.08307692307692305
0 0.5897727272727273 0.6409615384615385 0.05849431818181819 0.1283461538461538
0 0.7036789772727272 0.8938846153846154 0.051761363636363675 0.08134615384615385
0 0.02102272727272725 0.1505384615384615 0.04204545454545458 0.0881153846153846
0 0.42328125000000005 0.8700865384615384 0.05258522727272725 0.04271153846153845
0 0.5043110795454545 0.1765 0.05365056818181824 0.09503846153846157
0 0.460362215909091 0.7812788461538461 0.09242897727272727 0.0749423076923077
0 0.04397017045454532 0.8452403846153846 0.0874857954545455 0.09548076923076923
0 0.6623011363636364 0.9575384615384616 0.05826704545454547 0.0836923076923077
0 0.13904119318181818 0.6102307692307692 0.12365056818181812 0.20361538461538461
0 0.25323153409090904 0.5226923076923077 0.03944602272727278 0.05776923076923081
0 0.17938920454545448 0.024134615384615365 0.0686363636363637 0.046076923076922925
0 0.4152272727272728 0.31244230769230774 0.05798295454545454 0.1488461538461539
0 0.024723011363636305 0.565173076923077 0.04944602272727265 0.08080769230769233
0 0.6662073863636364 0.9876634615384615 0.04051136363636365 0.024673076923076923
0 0.8954616477272728 0.6280288461538461 0.05930397727272727 0.2071346153846154
0 0.4623295454545455 0.30145192307692303 0.053749999999999964 0.15555769230769229
0 0.4012926136363636 0.10088461538461546 0.04821022727272727 0.05607692307692313
0 0.5458451704545455 0.018971153846153888 0.08938920454545456 0.03794230769230773
0 0.7980610795454546 0.13170192307692308 0.12046874999999999 0.05555769230769228
0 0.18324573863636362 0.2839615384615384 0.10240056818181807 0.15392307692307697
0 0.08942471590909085 0.3378365384615385 0.07970170454545457 0.10190384615384618
0 0.5791619318181818 0.7054423076923076 0.06650568181818181 0.07853846153846154
0 0.5897727272727273 0.7641923076923076 0.08582386363636366 0.06323076923076922
0 0.49477272727272725 0.8425769230769231 0.04622159090909086 0.08634615384615385
0 0.11465198863636372 0.4754807692307692 0.03194602272727274 0.04388461538461548
