0 0.11354403409090896 0.3307403846153847 0.07103693181818196 0.04809615384615383
0 0.5024289772727273 0.39857692307692305 0.021051136363636355 0.036192307692307676
0 0.09701704545454537 0.974798076923077 0.037471590909090906 0.05040384615384615
0 0.39900568181818175 0.08889423076923086 0.02914772727272733 0.09594230769230777
0 0.7683664772727272 0.31225961538461533 0.01909090909090909 0.03525000000000008
0 0.8487784090909091 0.40468269230769227 0.036448863636363654 0.02428846153846153
0 0.48433948863636367 0.29825961538461543 0.020071022727272722 0.03755769230769236
0 0.31714488636363636 0.011173076923076786 0.03792613636363635 0.022346153846153856
0 0.7738636363636364 0.42465384615384616 0.02198863636363635 0.029769230769230805
0 0.4716477272727272 0.30625 0.01593749999999996 0.032769230769230696
0 0.721796875 0.3988076923076923 0.03586647727272727 0.029769230769230805
0 0.82953125 0.11133653846153846 0.02514204545454548 0.05105769230769233
0 0.4684303977272727 0.10026923076923078 0.023139204545454574 0.03357692307692304
0 0.7379971590909091 0.3494615384615385 0.023153409090909068 0.02192307692307699
0 0.5224715909090909 0.964548076923077 0.0367045454545455 0.07090384615384615
0 0.580390625 0.8940384615384616 0.021207386363636373 0.03146153846153846
0 0.28920454545454544 0.043326923076922985 0.025284090909090926 0.026500000000000058
0 0.4740127840909091 0.2638942307692308 0.02183238636363637 0.031173076923076883
0 0.21946732954545456 0.10433653846153845 0.01632102272727274 0.0347884615384616
0 0.5613068181818182 0.8123365384615384 0.015596590909090853 0.02398076923076923
0 0.965284090909091 0.8330096153846154 0.05971590909090909 0.07821153846153847
0 0.9870951704545454 0.9092692307692307 0.02419034090909091 0.04784615384615384
0 0.9715127840909091 0.9804423076923077 0.028366477272727272 0.039115384615384614
0 0.32322443181818183 0.08663461538461537 0.05715909090909092 0.044884615384615446
0 0.9475639204545454 0.8954134615384616 0.059531249999999994 0.05540384615384617
0 0.9949431818181819 0.8991923076923077 0.010113636363636365 0.04657692307692307
0 0.9861079545454545 0.9407403846153846 0.027784090909090908 0.03525
0 0.9547727272727272 0.9193365384615384 0.025568181818181823 0.040288461538461544
0 0.9902911931818181 0.971 0.019417613636363636 0.058
0 0.8985014204545454 0.9284711538461539 0.05348011363636363 0.08121153846153847
0 0.9114133522727272 0.8092884615384616 0.04544034090909091 0.036038461538461554
0 0.8244460227272727 0.8409230769230769 0.06619318181818179 0.08700000000000001
0 0.8205539772727273 0.7275673076923077 0.02076704545454544 0.05359615384615383
0 0.876044034090909 0.7785384615384615 0.03700284090909092 0.044807692307692305
0 0.5097230113636364 0.38158653846153845 0.03240056818181818 0.05044230769230773
0 0.9506747159090909 0.7763365384615384 0.031803977272727275 0.036903846153846176
0 0.9461363636363637 0.8040192307692308 0.026619318181818178 0.027230769230769225
0 0.9737144886363637 0.7833749999999999 0.02725852272727273 0.03163461538461539
0 0.9629119318181818 0.9517596153846154 0.022329545454545453 0.028326923076923083
0 0.9430539772727272 0.8800192307692307 0.11389204545454547 0.07030769230769231
0 0.6272230113636363 0.5878557692307692 0.034389204545454556 0.029865384615384617
0 0.6327414772727273 0.5689711538461539 0.04284090909090909 0.04655769230769232
0 0.6583735795454546 0.5733653846153846 0.031803977272727255 0.04130769230769229
0 0.7130965909090909 0.8872307692307693 0.05840909090909092 0.05184615384615386
0 0.7078977272727274 0.9131442307692308 0.02596590909090909 0.06501923076923077
0 0.4815056818181819 0.514673076923077 0.02318181818181817 0.03196153846153847
0 0.751512784090909 0.6693076923076924 0.03441761363636366 0.03273076923076925
0 0.5652414772727272 0.652 0.040227272727272716 0.04392307692307693
0 0.8912926136363637 0.7552596153846154 0.037642045454545456 0.04217307692307691
0 0.6425284090909091 0.9518557692307692 0.014886363636363621 0.027980769230769233
0 0.8861008522727273 0.8180769230769231 0.09734375 0.07819230769230771
0 0.9195241477272728 0.83125 0.04478693181818182 0.027230769230769225
0 0.26593039772727256 0.5836153846153846 0.020071022727272722 0.023192307692307696
0 0.9849147727272727 0.8554134615384615 0.030170454545454542 0.03690384615384615
0 0.8588423295454546 0.7073653846153846 0.04024147727272729 0.05534615384615385
0 0.7961434659090909 0.19752884615384625 0.02140625000000003 0.020365384615384566
0 0.40566051136363646 0.26667307692307685 0.05833806818181817 0.1398461538461538
0 0.8925994318181818 0.7991826923076923 0.02076704545454546 0.02459615384615383
0 0.8841548295454545 0.6994519230769232 0.02856534090909091 0.05886538461538464
0 0.6561647727272728 0.9535384615384616 0.02065340909090912 0.035807692307692304
0 0.8536505681818182 0.7130769230769232 0.037642045454545456 0.040423076923076944
0 0.8241264204545454 0.675298076923077 0.03569602272727272 0.06678846153846157
0 0.7702556818181818 0.6586057692307692 0.05775568181818181 0.04217307692307694
0 0.7884303977272727 0.8070865384615384 0.03958806818181819 0.03690384615384615
0 0.12869318181818168 0.22916346153846157 0.02568181818181824 0.07113461538461541
0 0.14122159090909103 0.15837500000000004 0.06326704545454556 0.032057692307692336
0 0.9855610795454546 0.7530576923076924 0.028877840909090905 0.018461538461538477
0 0.6994105113636364 0.44600961538461525 0.018963068181818175 0.03044230769230766
0 0.786484375 0.7372403846153847 0.08501420454545455 0.1010576923076923
0 0.7565767045454546 0.9649230769230769 0.03505681818181819 0.07015384615384615
0 0.9221235795454545 0.7785288461538462 0.0370028409090909 0.048326923076923094
0 0.9849147727272727 0.8145673076923077 0.030170454545454542 0.048326923076923066
0 0.11089488636363631 0.19837499999999997 0.03633522727272733 0.05194230769230779
0 0.7913423295454546 0.7056057692307693 0.04024147727272729 0.08698076923076921
0 0.48275568181818185 0.34823076923076923 0.01664772727272731 0.07280769230769234
0 0.9907528409090909 0.7833749999999999 0.01849431818181818 0.03163461538461539
0 0.9120596590909091 0.7640384615384616 0.03375000000000001 0.05096153846153843
0 0.8961576704545454 0.7135192307692308 0.03569602272727273 0.07469230769230764
0 0.042109375000000004 0.12901923076923083 0.03183238636363632 0.08346153846153853
0 0.8260724431818182 0.7811730769230769 0.02401988636363638 0.04657692307692307
0 0.6840269886363637 0.8765961538461539 0.031803977272727255 0.0746923076923077
0 0.8552769886363636 0.6761730769230769 0.06813920454545454 0.06503846153846159
0 0.8335369318181818 0.7350384615384615 0.012982954545454546 0.043923076923076905
0 0.8088707386363636 0.799625 0.01686079545454546 0.036019230769230776
0 0.22622869318181837 0.5991442307692307 0.04387784090909089 0.05263461538461539
0 0.29521306818181825 0.8967403846153846 0.07852272727272723 0.08874999999999998
0 0.8883593750000001 0.3087884615384615 0.0247869318181818 0.029576923076923067
0 0.43531960227272737 0.16494230769230767 0.02214488636363633 0.02626923076923082
0 0.2284517045454545 0.611173076923077 0.028323863636363553 0.03307692307692305
0 0.4106676136363636 0.481 0.042585227272727295 0.06623076923076929
0 0.02546875000000004 0.6299711538461539 0.04886363636363633 0.08871153846153845
0 0.027833806818181817 0.43855769230769226 0.03262784090909095 0.026807692307692303
0 0.9846164772727273 0.2836153846153846 0.030767045454545453 0.015999999999999986
0 0.9591974431818182 0.27082692307692313 0.024786931818181823 0.023961538461538423
0 0.9869744318181818 0.3143846153846154 0.026051136363636363 0.05034615384615386
0 0.014140624999999907 0.43816346153846164 0.027968749999999917 0.02367307692307693
0 0.6270809659090908 0.8286057692307692 0.023252840909090956 0.026519230769230753
0 0.6605255681818182 0.9860865384615385 0.03630681818181818 0.02782692307692308
0 0.9098366477272727 0.2074903846153846 0.02825284090909091 0.019980769230769205
0 0.3663707386363636 0.05220192307692306 0.060014204545454544 0.042557692307692296
0 0.5279403409090909 0.4358557692307692 0.021874999999999967 0.02959615384615382
0 0.6758238636363636 0.9616826923076923 0.016306818181818207 0.03755769230769231
0 0.2752201704545455 0.08315384615384613 0.0228551136363636 0.027076923076923047
0 0.1929261363636363 0.1531730769230769 0.024005681818181787 0.08046153846153842
0 0.5143181818181818 0.6416346153846153 0.016306818181818207 0.04538461538461537
0 0.44865056818181825 0.6122019230769231 0.07338068181818186 0.06498076923076927
0 0.3924928977272727 0.7299230769230769 0.04257102272727276 0.0748076923076923
0 0.6605255681818182 0.9591923076923077 0.024062499999999997 0.03257692307692308
0 0.25035511363636365 0.25221153846153843 0.04971590909090909 0.0928461538461539
0 0.2760795454545455 0.20733653846153843 0.03372159090909092 0.054173076923076845
0 0.9916974431818182 0.2995961538461538 0.016605113636363637 0.02076923076923079
0 0.43247159090909093 0.14325 0.013068181818181802 0.02226923076923074
0 0.45272727272727276 0.09802884615384622 0.019829545454545426 0.040288461538461516
0 0.05962357954545461 0.6807307692307693 0.049417613636363586 0.05338461538461542
0 0.1048863636363635 0.5698269230769231 0.056647727272727266 0.054115384615384586
0 0.5232528409090909 0.6013942307692308 0.027897727272727255 0.033403846153846166
0 0.9051988636363636 0.2371826923076924 0.015596590909090914 0.025673076923076858
0 0.37301846590909093 0.7495384615384615 0.0126846590909091 0.02084615384615385
0 0.49599431818181816 0.6035865384615384 0.05906250000000006 0.03778846153846155
0 0.9461079545454546 0.21777884615384613 0.04005681818181818 0.056519230769230745
0 0.8883380681818182 0.19151923076923083 0.016448863636363654 0.04396153846153838
0 0.4976136363636364 0.6013942307692308 0.03505681818181819 0.05625
0 0.07434659090909079 0.6247115384615385 0.05886363636363628 0.07369230769230768
0 0.006732954545454528 0.06651923076923083 0.013465909090909117 0.10523076923076917
0 0.49099431818181816 0.47072115384615376 0.02022727272727266 0.0490961538461539
0 0.3575142045454546 0.23905769230769225 0.01829545454545454 0.04796153846153846
0 0.36365767045454545 0.5760480769230769 0.08600852272727275 0.046249999999999965
0 0.5440198863636363 0.5838269230769231 0.11616477272727269 0.0738076923076923
0 0.4197301136363637 0.5663461538461538 0.029517045454545417 0.03938461538461542
0 0.9324928977272727 0.49342307692307685 0.02268465909090909 0.041653846153846145
0 0.38747869318181816 0.5526442307692307 0.04765625000000002 0.018826923076923116
0 0.31665482954545443 0.2216538461538461 0.06686079545454544 0.08742307692307699
0 0.1034943181818182 0.6442596153846154 0.030539772727272728 0.09924999999999998
0 0.29774857954545453 0.7423365384615384 0.014275568181818198 0.05886538461538459
0 0.4805610795454546 0.47971153846153847 0.021065340909090968 0.047153846153846116
0 0.26757102272727273 0.6013076923076923 0.04088068181818178 0.0685384615384615
0 0.13647017045454557 0.6065865384615385 0.05776988636363631 0.13882692307692307
0 0.4925355113636364 0.9586153846153846 0.036349431818181864 0.04042307692307693
0 0.31036931818181823 0.1752307692307692 0.058863636363636444 0.07042307692307694
0 0.8493963068181818 0.2424615384615384 0.03896306818181817 0.04396153846153849
0 0.4889701704545455 0.9234711538461539 0.03700284090909092 0.04040384615384615
0 0.9018252840909091 0.2229134615384616 0.01728693181818182 0.015403846153846136
0 0.3843394886363636 0.739125 0.019019886363636343 0.02451923076923077
0 0.13160511363636374 0.6812692307692307 0.0804829545454545 0.1686923076923077
0 0.04373579545454542 0.21135576923076915 0.0375568181818181 0.08013461538461542
0 0.9010866477272728 0.2594519230769231 0.023622159090909093 0.022365384615384606
0 0.18731534090909097 0.5171730769230769 0.03181818181818195 0.0419615384615385
0 0.19383522727272728 0.5588653846153846 0.057102272727272634 0.07123076923076921
0 0.8908664772727273 0.22890384615384607 0.02318181818181817 0.04565384615384606
0 0.07433238636363637 0.11758653846153844 0.03372159090909092 0.024750000000000008
0 0.1043323863636364 0.1005673076923077 0.029715909090909032 0.02167307692307689
0 0.11690340909090902 0.07309615384615387 0.024005681818181787 0.03480769230769235
0 0.1351988636363637 0.06342307692307692 0.022869318181818213 0.04334615384615389
0 0.8557244318181818 0.42348076923076927 0.039914772727272736 0.032115384615384594
0 0.1286292613636365 0.04331730769230768 0.05200284090909093 0.08663461538461541
0 0.03432528409090907 0.047951923076923086 0.022286931818181734 0.04332692307692303
0 0.9167329545454546 0.2706346153846154 0.013579545454545448 0.036769230769230776
0 0.7217968749999999 0.4414903846153847 0.02430397727272725 0.022711538461538467
0 0.8961363636363636 0.3359423076923077 0.021931818181818177 0.02453846153846152
0 0.8914985795454545 0.32680769230769235 0.023622159090909103 0.02569230769230772
0 0.9413423295454545 0.5162884615384615 0.03296875 0.02819230769230774
0 0.8878338068181818 0.4505096153846153 0.024303977272727272 0.03759615384615387
0 0.09090198863636367 0.06845192307692316 0.032571022727272816 0.07659615384615381
0 0.8982386363636363 0.4516730769230769 0.02082386363636363 0.032115384615384705
0 0.9098366477272727 0.3119615384615385 0.024872159090909098 0.03253846153846157
0 0.8834943181818182 0.4176057692307692 0.03644886363636363 0.04855769230769231
0 0.3155113636363637 0.31798076923076923 0.03485795454545449 0.07426923076923078
0 0.44611505681818187 0.17335576923076923 0.02529829545454546 0.027403846153846154
0 0.9121306818181818 0.42191346153846154 0.03355113636363637 0.022711538461538467
0 0.2261363636363637 0.5251538461538461 0.017130681818181902 0.018769230769230805
0 0.3472230113636363 0.21546153846153848 0.02171874999999995 0.03173076923076923
0 0.2540767045454545 0.5273653846153845 0.04934659090909092 0.02980769230769231
0 0.978046875 0.40585576923076916 0.04390625 0.020365384615384566
0 0.41340909090909095 0.5089711538461539 0.023607954545454553 0.07194230769230774
0 0.9043394886363636 0.28382692307692314 0.01711647727272728 0.03276923076923081
0 0.3752840909090909 0.7869423076923077 0.04619318181818179 0.04415384615384614
0 0.8114701704545455 0.32753846153846156 0.05322443181818184 0.06892307692307699
0 0.7857244318181819 0.33145192307692306 0.01678977272727272 0.02348076923076919
0 0.9303053977272727 0.27823076923076917 0.019474431818181818 0.018384615384615388
0 0.7811008522727273 0.2915096153846154 0.02140624999999999 0.03290384615384618
0 0.278487215909091 0.4458557692307693 0.07134943181818176 0.05732692307692308
0 0.6325213068181819 0.8954711538461538 0.033508522727272734 0.05028846153846155
0 0.02110085227272729 0.3014134615384616 0.0422017045454546 0.05325
0 0.28574573863636354 0.06347115384615387 0.028139204545454547 0.03921153846153844
0 0.29022727272727267 0.010067307692307681 0.01835227272727267 0.020134615384615438
0 0.42781250000000004 0.7661057692307692 0.0625 0.04659615384615386
0 0.4554403409090909 0.8310961538461539 0.03985795454545455 0.022076923076923056
0 0.7750213068181818 0.2198461538461539 0.02776988636363634 0.02584615384615384
0 0.6329758522727273 0.9770192307692308 0.021747159090909133 0.029423076923076923
0 0.3937144886363636 0.2980673076923077 0.023196022727272704 0.031403846153846234
0 0.8236150568181818 0.38705769230769227 0.0451278409090909 0.036038461538461554
0 0.6951846590909091 0.4403173076923077 0.04164772727272726 0.08459615384615375
0 0.21116477272727263 0.9828557692307692 0.037642045454545456 0.03428846153846154
0 0.8195667613636364 0.40938461538461535 0.03933238636363636 0.03369230769230766
0 0.2847230113636363 0.02481730769230761 0.01958806818181813 0.014903846153846155
0 0.26799715909090904 0.056019230769230766 0.019573863636363677 0.032038461538461474
0 0.529715909090909 0.6876153846153846 0.050710227272727254 0.04903846153846154
0 0.42193181818181813 0.8341634615384615 0.05616477272727276 0.09932692307692309
0 0.2549502840909089 0.1076442307692308 0.02038352272727276 0.018211538461538404
0 0.8053977272727273 0.42544230769230773 0.03181818181818181 0.029769230769230805
0 0.6604261363636363 0.33835576923076927 0.03471590909090909 0.04474999999999996
0 0.7949786931818181 0.39802884615384615 0.02140624999999999 0.029749999999999943
0 0.9577414772727273 0.5285096153846154 0.08451704545454546 0.09428846153846154
0 0.7923792613636363 0.37178846153846157 0.023139204545454536 0.022730769230769218
0 0.7909303977272727 0.38157692307692304 0.04453125000000003 0.06265384615384613
0 0.7857244318181819 0.42583653846153846 0.01909090909090909 0.0336730769230769
0 0.7241264204545454 0.9886442307692308 0.023366477272727258 0.022711538461538464
0 0.4181392045454545 0.016144230769230772 0.037585227272727326 0.03194230769230761
0 0.041605113636363544 0.012307692307692242 0.019232954545454494 0.024615384615384636
0 0.048742897727272805 0.014288461538461639 0.031178977272727174 0.028576923076923104
0 0.41785511363636363 0.8378365384615385 0.019034090909090876 0.028211538461538465
0 0.4452911931818182 0.10418269230769228 0.016519886363636358 0.04586538461538466
0 0.4211221590909091 0.9112403846153846 0.022727272727272728 0.03867307692307692
0 0.42242187499999995 0.8791730769230769 0.06813920454545458 0.027230769230769225
0 0.793828125 0.42935576923076924 0.013309659090909098 0.02194230769230774
0 0.07903409090909086 0.7335480769230769 0.0765909090909092 0.048326923076923094
0 0.44612215909090913 0.2647403846153846 0.03471590909090909 0.08055769230769227
0 0.38185369318181817 0.8949807692307692 0.07399147727272731 0.021961538461538466
0 0.9202769886363636 0.24586538461538465 0.01711647727272727 0.025576923076923098
0 0.4025355113636363 0.6268750000000001 0.05126420454545459 0.06501923076923077
0 0.06126420454545467 0.02532692307692297 0.021846590909090902 0.050653846153846105
0 0.33058238636363635 0.8040384615384615 0.05451704545454545 0.10719230769230771
0 0.5112357954545454 0.058134615384615285 0.06610795454545458 0.11507692307692313
0 0.98546875 0.2736249999999999 0.028920454545454544 0.018365384615384638
0 0.3068963068181818 0.8308461538461538 0.08112215909090911 0.041307692307692316
0 0.3286363636363636 0.8589615384615384 0.038948863636363656 0.03426923076923075
0 0.3607670454545455 0.9235384615384615 0.05127840909090904 0.06326923076923079
0 0.34583806818181817 0.9367211538461538 0.027897727272727334 0.036903846153846155
0 0.3263636363636363 0.8747692307692307 0.04997159090909092 0.03953846153846154
0 0.3257173295454545 0.9055288461538462 0.027911931818181787 0.03074999999999999
0 0.9364275568181818 0.3737403846153846 0.015042613636363632 0.02663461538461532
0 0.8965127840909091 0.4794807692307693 0.035866477272727286 0.023499999999999945
0 0.4545383522727273 0.9707307692307692 0.041661931818181876 0.05853846153846154
0 0.8299786931818182 0.44462499999999994 0.03586647727272727 0.030557692307692282
0 0.4340696022727273 0.5186826923076923 0.01771306818181814 0.02740384615384621
0 0.49258522727272724 0.35517307692307687 0.01835227272727275 0.04046153846153839
0 0.4812642045454546 0.43202884615384607 0.01707386363636361 0.02544230769230762
0 0.32377840909090905 0.14961538461538448 0.025965909090909053 0.03596153846153844
0 0.4825710227272727 0.15200961538461533 0.05312500000000005 0.06313461538461536
0 0.49172585227272725 0.23312500000000003 0.020667613636363654 0.03198076923076922
0 0.5165127840909092 0.14281730769230772 0.06316761363636368 0.09109615384615385
0 0.5256676136363636 0.1895769230769231 0.05076704545454547 0.04396153846153849
0 0.3072230113636363 0.8919038461538462 0.029843750000000068 0.06853846153846153
0 0.5185795454545454 0.21794230769230782 0.029517045454545497 0.023961538461538423
0 0.5076633522727272 0.2459134615384615 0.02183238636363637 0.03355769230769239
0 0.4979545454545454 0.20159615384615392 0.01829545454545454 0.03276923076923081
0 0.5203551136363636 0.23792307692307701 0.03778409090909094 0.030384615384615406
0 0.31857954545454537 0.9709807692307693 0.02920454545454546 0.04569230769230769
0 0.3143607954545454 0.9775865384615384 0.032443181818181864 0.04482692307692308
0 0.30656960227272734 0.9367211538461538 0.018167613636363666 0.03867307692307692
0 0.2968323863636364 0.9512115384615385 0.016875000000000074 0.09576923076923077
0 0.564921875 0.20435576923076926 0.08322443181818179 0.03517307692307696
0 0.28158380681818185 0.9657211538461539 0.022713068181818195 0.0685576923076923
0 0.18521306818181815 0.9569423076923077 0.07528409090909091 0.08611538461538462
0 0.8274644886363636 0.3579134615384616 0.06694602272727272 0.04644230769230765
0 0.28710227272727273 0.9226634615384616 0.04931818181818186 0.07732692307692308
0 0.9193892045454546 0.2954134615384616 0.01653409090909091 0.019173076923076977
0 0.2692542613636363 0.9709903846153846 0.018821022727272808 0.021096153846153848
0 0.26374289772727266 0.9907692307692307 0.04024147727272725 0.01846153846153846
0 0.44140625 0.9334807692307692 0.03352272727272731 0.02084615384615384
0 0.9329616477272727 0.25705769230769226 0.028338068181818186 0.025576923076923098
0 0.26828125 0.9191442307692308 0.04673295454545459 0.10017307692307693
0 0.5106107954545456 0.2770769230769231 0.04073863636363637 0.04315384615384615
0 0.24556818181818185 0.9832980769230769 0.03374999999999999 0.03340384615384616
0 0.24816051136363626 0.9499038461538462 0.0441335227272728 0.03865384615384616
0 0.26950284090909093 0.7145673076923077 0.05971590909090904 0.08348076923076922
0 0.525078125 0.2686923076923078 0.033053977272727325 0.04234615384615392
0 0.8535653409090909 0.20709615384615387 0.04309659090909091 0.02157692307692313
0 0.11186079545454541 0.4025576923076922 0.02125000000000005 0.022384615384615357
0 0.2513352272727274 0.7360961538461538 0.049318181818181775 0.057999999999999996
0 0.22504971590909084 0.7128076923076923 0.1161789772727273 0.0975384615384615
0 0.13340198863636354 0.40375961538461547 0.03836647727272726 0.027980769230769253
0 0.21059659090909089 0.6946057692307692 0.040539772727272674 0.0997884615384615
0 0.2424005681818181 0.8733269230769231 0.10838068181818183 0.10807692307692307
0 0.17717329545454552 0.7028653846153846 0.062301136363636385 0.10280769230769232
0 0.13953835227272726 0.7705192307692308 0.06100852272727279 0.09576923076923073
0 0.10026988636363643 0.7898461538461539 0.1019034090909091 0.0694230769230769
0 0.15170454545454537 0.41374999999999995 0.031278409090909065 0.02876923076923073
0 0.8813139204545455 0.20390384615384605 0.020667613636363633 0.029576923076923178
0 0.02368607954545443 0.8285 0.047372159090909124 0.09049999999999998
0 0.9839914772727273 0.1433557692307692 0.02125 0.026365384615384575
0 0.06392755681818185 0.827625 0.10188920454545457 0.07821153846153847
0 0.1803125000000001 0.9541923076923077 0.09238636363636375 0.07357692307692308
0 0.15642755681818177 0.37178846153846157 0.07615056818181803 0.03596153846153844
0 0.029495738636363567 0.9770961538461539 0.05887784090909098 0.045807692307692306
0 0.04958806818181816 0.8787403846153846 0.05971590909090904 0.09928846153846155
0 0.31348011363636363 0.040240384615384484 0.03494318181818185 0.022019230769230746
0 0.3742471590909091 0.1516057692307693 0.032471590909090846 0.07513461538461537
0 0.12119318181818173 0.9866634615384615 0.03022727272727285 0.02667307692307692
0 0.9372443181818182 0.29055769230769235 0.03247159090909091 0.030807692307692383
0 0.5174005681818181 0.02146153846153842 0.028323863636363713 0.04292307692307691
0 0.4914985795454545 0.4078942307692308 0.013764204545454543 0.04167307692307695
0 0.8466832386363636 0.4574903846153846 0.03842329545454545 0.03413461538461538
0 0.054133522727272565 0.9499038461538462 0.05062499999999998 0.06415384615384616
0 0.4781321022727273 0.4046057692307692 0.024303977272727293 0.05263461538461539
0 0.46676846590909093 0.9549423076923077 0.03350852272727269 0.0613076923076923
0 0.06517045454545456 0.8923557692307692 0.037642045454545456 0.10544230769230768
0 0.8751917613636364 0.4891057692307693 0.026036931818181817 0.03021153846153842
0 0.6348508522727272 0.7692884615384615 0.06186079545454543 0.06296153846153849
0 0.5388210227272727 0.7765384615384615 0.04744318181818179 0.030846153846153832
0 0.9872372159090909 0.53075 0.02552556818181818 0.07134615384615384
0 0.5492826704545455 0.7604807692307692 0.04046875000000001 0.020153846153846133
0 0.5471946022727273 0.7510384615384615 0.0650994318181818 0.04280769230769232
0 0.28154119318181825 0.7378942307692307 0.019928977272727234 0.04413461538461542
0 0.9161079545454546 0.40183653846153844 0.02355113636363635 0.029096153846153838
0 0.520234375 0.7473749999999999 0.04799715909090904 0.03309615384615383
0 0.7640269886363636 0.49906730769230767 0.10876420454545453 0.11748076923076918
0 0.563622159090909 0.7069134615384616 0.07073863636363638 0.060634615384615384
0 0.5817897727272727 0.6234519230769231 0.06426136363636364 0.04305769230769228
0 0.8071306818181818 0.31500961538461536 0.02835227272727272 0.03132692307692301
0 0.9276704545454546 0.3724615384615385 0.030994318181818182 0.06323076923076922
0 0.08976562499999996 0.01043269230769217 0.03257102272727266 0.02086538461538466
0 0.6252769886363636 0.6045576923076923 0.024019886363636358 0.02988461538461537
0 0.6427982954545455 0.6063076923076923 0.0201136363636364 0.03338461538461541
0 0.6645383522727273 0.6032403846153847 0.023366477272727258 0.0360192307692308
0 0.6619389204545454 0.6317884615384615 0.027258522727272725 0.04042307692307689
0 0.6703835227272728 0.6304711538461538 0.01556818181818183 0.018442307692307643
0 0.895234375 0.3928750000000001 0.04296874999999999 0.029096153846153838
0 0.4070454545454546 0.017480769230769244 0.04073863636363629 0.034961538461538474
0 0.6168394886363636 0.6515673076923076 0.06813920454545458 0.05886538461538464
0 0.6181392045454546 0.6691346153846154 0.07982954545454547 0.06061538461538463
0 0.7039559659090909 0.5972980769230769 0.07154829545454545 0.08459615384615386
0 0.0437428977272728 0.2934326923076924 0.055525568181818225 0.08732692307692312
0 0.7673224431818182 0.577076923076923 0.06231534090909092 0.1366153846153846
0 0.706640625 0.607923076923077 0.04975852272727273 0.07365384615384618
0 0.18417613636363628 0.6351346153846154 0.04931818181818186 0.0694230769230769
0 0.7436079545454546 0.6913461538461538 0.024176136363636337 0.028961538461538466
0 0.8510227272727273 0.3786153846153846 0.012386363636363635 0.03299999999999994
0 0.7603480113636364 0.7080288461538462 0.01953125 0.06609615384615386
0 0.1236718750000001 0.14125 0.04694602272727282 0.03538461538461534
0 0.7282386363636364 0.6789134615384615 0.03244318181818182 0.11509615384615383
0 0.5456036931818182 0.5149711538461539 0.06029829545454544 0.04167307692307695
0 0.7120170454545454 0.6674903846153846 0.02596590909090909 0.05886538461538464
0 0.47936079545454546 0.19320192307692308 0.01653409090909097 0.027173076923076914
0 0.9260795454545454 0.22576923076923072 0.03204545454545455 0.0279615384615385
0 0.7003267045454545 0.6789038461538461 0.03374999999999999 0.09753846153846153
0 0.6218039772727273 0.7470096153846153 0.05062499999999998 0.07028846153846156
0 0.6279616477272727 0.731625 0.035696022727272764 0.05009615384615387
0 0.27598011363636354 0.127451923076923 0.020369318181818145 0.028365384615384615
0 0.7547727272727273 0.22806730769230776 0.016193181818181825 0.02194230769230774
0 0.6824786931818182 0.6481538461538461 0.018821022727272728 0.13619230769230767
0 0.6476846590909091 0.8546346153846154 0.0201136363636364 0.044807692307692305
0 0.40025568181818183 0.025365384615384512 0.027159090909090834 0.03515384615384621
0 0.47788352272727275 0.02626923076923071 0.05607954545454548 0.05253846153846153
0 0.7721235795454545 0.3447596153846153 0.02776988636363634 0.03132692307692311
0 0.35670454545454544 0.5395096153846154 0.10667613636363639 0.041673076923076896
0 0.6340482954545454 0.9916730769230769 0.02011363636363632 0.016653846153846154
0 0.6613139204545455 0.8963653846153846 0.022713068181818195 0.03161538461538461
0 0.6648792613636363 0.851548076923077 0.02205965909090909 0.04744230769230769
0 0.6752627840909091 0.924923076923077 0.018167613636363624 0.044807692307692305
0 0.6437926136363636 0.8001538461538462 0.03309659090909092 0.06238461538461538
0 0.6772088068181819 0.8115673076923077 0.044133522727272716 0.07117307692307691
0 0.6853196022727273 0.7957596153846154 0.026605113636363663 0.048326923076923066
0 0.4502556818181819 0.2390096153846153 0.02809659090909095 0.03132692307692311
0 0.49235085227272724 0.052144230769230804 0.05785511363636366 0.08071153846153852
0 0.6908451704545455 0.7351346153846154 0.06879261363636364 0.09049999999999998
0 0.9820383522727273 0.3706153846153847 0.03592329545454545 0.0482307692307692
0 0.6739701704545454 0.7285384615384616 0.035042613636363656 0.05096153846153846
0 0.5410511363636363 0.04984615384615376 0.06434659090909092 0.09969230769230765
0 0.8640411931818182 0.3755384615384615 0.01776988636363637 0.04699999999999999
0 0.3021732954545455 0.502875 0.054403409090909106 0.06282692307692306
0 0.7369176136363637 0.7544615384615385 0.12590909090909094 0.07469230769230767
0 0.8318039772727273 0.3330192307692308 0.033465909090909095 0.04923076923076927
0 0.45788352272727273 0.44407692307692304 0.024289772727272677 0.0482307692307692
0 0.22975142045454533 0.6447019230769231 0.06126420454545454 0.07113461538461541
0 0.14693892045454537 0.14704807692307698 0.03714488636363633 0.021557692307692267
0 0.42147727272727276 0.9353173076923077 0.02082386363636367 0.026980769230769225
0 0.17006392045454544 0.02744230769230771 0.026292613636363624 0.05184615384615392
0 0.29874999999999996 0.7562884615384615 0.016306818181818207 0.024538461538461575
0 0.44231534090909086 0.6600288461538462 0.038948863636363656 0.05763461538461538
0 0.43868607954545447 0.7078461538461538 0.055241477272727255 0.040461538461538445
0 0.7411363636363637 0.7812596153846154 0.05906250000000002 0.04217307692307691
0 0.36376420454545455 0.6742115384615385 0.04417613636363631 0.034000000000000016
0 0.7469815340909092 0.7983846153846154 0.11098011363636363 0.06238461538461538
0 0.74828125 0.8243173076923077 0.02531249999999999 0.035134615384615375
0 0.7693749999999999 0.8282692307692308 0.037642045454545456 0.04303846153846153
0 0.8553622159090909 0.3327403846153846 0.020241477272727272 0.03413461538461538
0 0.7503977272727272 0.4331538461538462 0.033465909090909095 0.03469230769230762
0 0.4514914772727273 0.07005769230769221 0.02065340909090912 0.017884615384615405
0 0.858046875 0.49804807692307695 0.014048295454545456 0.016788461538461575
0 0.8950284090909091 0.505048076923077 0.01943181818181817 0.027403846153846154
0 0.8409588068181818 0.0881153846153846 0.04916193181818184 0.05261538461538464
0 0.6780468749999999 0.9346730769230769 0.05842329545454545 0.034269230769230774
0 0.025191761363636433 0.2622788461538461 0.05038352272727276 0.05305769230769237
0 0.8413139204545454 0.4675673076923077 0.04504261363636363 0.025173076923076985
0 0.8037784090909091 0.14259615384615376 0.0640056818181818 0.053076923076923015
0 0.008458806818181674 0.2216634615384615 0.016917613636363592 0.07571153846153847
0 0.47433948863636366 0.530375 0.036690340909090964 0.02455769230769233
0 0.9853480113636364 0.194125 0.02930397727272727 0.029403846153846083
0 0.11803977272727273 0.30227884615384604 0.04653409090909089 0.039788461538461536
0 0.4452485795454545 0.5235288461538462 0.022343750000000027 0.02340384615384613
0 0.8881036931818181 0.36704807692307695 0.036008522727272736 0.04875000000000004
0 0.9321164772727273 0.03902884615384605 0.05201704545454544 0.07805769230769226
0 0.3186008522727273 0.022105769230769234 0.022883522727272745 0.01590384615384612
0 0.3143678977272727 0.05550961538461541 0.05600852272727266 0.036826923076923035
0 0.9272585227272727 0.02931730769230767 0.07428977272727272 0.04178846153846157
0 0.7660511363636364 0.3635673076923077 0.03181818181818183 0.03132692307692301
0 0.932684659090909 0.008471153846153823 0.02113636363636363 0.016942307692307697
0 0.30113636363636365 0.024951923076923066 0.017471590909090843 0.019980769230769312
0 0.7489914772727273 0.17167307692307687 0.03008522727272728 0.05169230769230768
0 0.41181818181818175 0.1713173076923078 0.04710227272727276 0.09286538461538466
0 0.826796875 0.17246153846153844 0.05842329545454545 0.029769230769230805
0 0.8473366477272728 0.2613557692307692 0.018508522727272728 0.032096153846153844
0 0.9469744318181819 0.11869230769230776 0.029147727272727277 0.039461538461538534
0 0.9492613636363636 0.1658846153846154 0.03829545454545455 0.07350000000000005
0 0.8421022727272727 0.17594230769230768 0.029715909090909095 0.03173076923076923
0 0.10410511363636354 0.5237403846153847 0.053153409090909036 0.04951923076923071
0 0.9627485795454546 0.3952884615384614 0.038764204545454546 0.03838461538461534
0 0.012982954545454506 0.9506346153846154 0.025965909090909053 0.05184615384615385
0 0.877997159090909 0.3459423076923077 0.02082386363636363 0.02426923076923078
0 0.9390269886363637 0.44071153846153843 0.026036931818181827 0.0446538461538461
0 0.7220170454545455 0.12613461538461546 0.051392045454545426 0.06715384615384619
0 0.9349786931818181 0.4191730769230769 0.02140625 0.018807692307692365
0 0.018188920454545565 0.4889134615384616 0.03637784090909093 0.07428846153846153
0 0.21011363636363645 0.4351442307692307 0.025142045454545358 0.030173076923076917
0 0.12366477272727261 0.10587500000000005 0.04775568181818182 0.04863461538461532
0 0.24121448863636374 0.3175961538461538 0.050866477272727355 0.06576923076923075
0 0.2749360795454545 0.30947115384615376 0.03257102272727266 0.09286538461538466
0 0.433018465909091 0.5449326923076923 0.03751420454545458 0.03198076923076922
0 0.4482031249999999 0.5563461538461538 0.04933238636363631 0.05707692307692303
0 0.009481534090909016 0.17330769230769227 0.018963068181818213 0.028730769230769226
0 0.3594389204545455 0.5703365384615384 0.020241477272727272 0.02455769230769233
0 0.4630610795454545 0.12824038461538467 0.027258522727272725 0.022365384615384606
0 0.9517542613636364 0.33380769230769225 0.024872159090909087 0.029769230769230805
0 0.541590909090909 0.5400865384615385 0.07420454545454538 0.04851923076923081
0 0.9679545454545455 0.33379807692307695 0.02255681818181818 0.07205769230769236
0 0.572166193181818 0.5506442307692307 0.03330965909090908 0.030826923076923078
0 0.5860795454545455 0.3751057692307692 0.032471590909090846 0.03940384615384617
0 0.13975852272727285 0.25213461538461546 0.04133522727272731 0.08992307692307691
0 0.10714488636363628 0.23395192307692303 0.017414772727272713 0.02478846153846162
0 0.5917684659090909 0.5121153846153846 0.04046875000000001 0.04738461538461536
0 0.8681605113636364 0.3318461538461539 0.023139204545454536 0.03369230769230766
0 0.44186789772727275 0.49241346153846155 0.019815340909090894 0.03309615384615386
0 0.9193465909090909 0.1513557692307692 0.024204545454545454 0.04875000000000004
0 0.682215909090909 0.37596153846153846 0.03838068181818179 0.04907692307692304
0 0.9558096590909091 0.30482692307692305 0.01909090909090909 0.04384615384615387
0 0.9199360795454545 0.456375 0.026036931818181817 0.04463461538461545
0 0.6526988636363636 0.4005096153846154 0.025710227272727305 0.04451923076923073
0 0.8377840909090909 0.2977788461538462 0.03991477272727272 0.039173076923076824
0 0.45272727272727276 0.29664423076923074 0.02914772727272733 0.047211538461538374
0 0.602734375 0.3420000000000001 0.03879261363636364 0.0428076923076924
0 0.5702627840909091 0.37168269230769224 0.033735795454545456 0.053096153846153765
0 0.6122230113636364 0.4210576923076923 0.04680397727272734 0.10619230769230774
0 0.07610795454545449 0.1619711538461539 0.056335227272727224 0.08567307692307695
0 0.16463068181818175 0.09592307692307689 0.03485795454545449 0.030961538461538506
0 0.45438210227272724 0.14949999999999997 0.021491477272727266 0.03357692307692315
0 0.6204474431818182 0.4113557692307692 0.05987215909090906 0.08790384615384611
0 0.5962002840909091 0.5195288461538461 0.03330965909090908 0.04625000000000002
0 0.5220667613636363 0.9608076923076923 0.059048295454545444 0.050076923076923074
0 0.5930326704545454 0.5503557692307692 0.03794034090909096 0.05309615384615387
0 0.5814417613636363 0.5923173076923076 0.051860795454545444 0.07078846153846154
0 0.11345880681818177 0.025307692307692253 0.03061079545454539 0.050615384615384604
0 0.06406960227272729 0.3194807692307692 0.018366477272727364 0.0226538461538461
0 0.0977414772727272 0.23160576923076925 0.05062499999999998 0.11882692307692301
0 0.9372940340909091 0.3220576923076923 0.024872159090909087 0.04384615384615387
0 0.48825284090909093 0.5563557692307692 0.027414772727272742 0.04451923076923078
0 0.4531960227272728 0.18281730769230775 0.028011363636363674 0.030173076923076917
0 0.42563920454545456 0.48271153846153847 0.017698863636363606 0.02284615384615384
0 0.4734943181818182 0.5746249999999999 0.024034090909090932 0.052519230769230776
0 0.6063139204545456 0.5500769230769231 0.014758522727272788 0.02511538461538462
0 0.848203125 0.28367307692307686 0.04916193181818182 0.03915384615384618
0 0.6199431818181818 0.5505192307692308 0.03295454545454548 0.12653846153846152
0 0.635440340909091 0.4965673076923076 0.04034090909090914 0.049288461538461587
0 0.7686292613636364 0.1641634615384615 0.04302556818181817 0.020211538461538444
0 0.9783380681818182 0.5957980769230768 0.04332386363636364 0.04528846153846156
0 0.8233238636363636 0.2335576923076923 0.06883522727272728 0.03915384615384618
0 0.23730823863636374 0.5448557692307692 0.044275568181818124 0.03198076923076922
0 0.5488636363636363 0.36633653846153846 0.01653409090909097 0.05371153846153848
0 0.7775639204545455 0.04466346153846157 0.04958806818181822 0.03836538461538459
0 0.2461576704545454 0.5628365384615385 0.03836647727272726 0.03917307692307693
0 0.5407386363636364 0.22158653846153853 0.018863636363636326 0.03482692307692299
0 0.6948295454545454 0.2551826923076924 0.030482954545454518 0.03882692307692307
0 0.8166690340909091 0.23550961538461546 0.031235795454545467 0.04621153846153852
0 0.7776207386363636 0.20809615384615388 0.029502840909090923 0.05246153846153852
0 0.1276633522727273 0.21697115384615384 0.03896306818181827 0.08671153846153852
0 0.7828338068181818 0.1795096153846154 0.03529829545454544 0.03601923076923069
0 0.3258522727272727 0.6675288461538462 0.024204545454545482 0.02317307692307689
0 0.4307173295454546 0.08386538461538462 0.0228551136363636 0.047192307692307735
0 0.607890625 0.1346346153846154 0.04302556818181821 0.17638461538461545
0 0.45272727272727276 0.9163076923076923 0.03803977272727277 0.02084615384615384
0 0.8176349431818182 0.7662307692307693 0.027911931818181825 0.03953846153846154
0 0.1781250000000001 0.4426730769230769 0.05096590909090908 0.04457692307692298
0 0.018877840909090837 0.12424999999999997 0.020369318181818228 0.08592307692307694
0 0.16263494318181815 0.1933942307692308 0.0433948863636363 0.08032692307692305
0 0.19497869318181815 0.4113557692307692 0.06742897727272731 0.060519230769230714
0 0.5505184659090909 0.23575961538461543 0.022713068181818195 0.03721153846153839
0 0.8207670454545455 0.03473076923076923 0.03954545454545453 0.06946153846153846
0 0.3887784090909091 0.03329807692307707 0.024005681818181787 0.04224999999999994
0 0.8496875 0.04073076923076924 0.061988636363636364 0.08146153846153849
0 0.5571235795454546 0.3187788461538461 0.03140624999999994 0.06825000000000002
0 0.4831960227272727 0.14205769230769227 0.012386363636363595 0.08311538461538467
0 0.9090198863636364 0.1853173076923077 0.03306818181818182 0.03355769230769229
0 0.7117897727272727 0.8529615384615384 0.04153409090909092 0.05361538461538462
0 0.8916051136363636 0.015951923076922947 0.06198863636363636 0.03190384615384611
0 0.38157670454545456 0.21799038461538467 0.048011363636363574 0.0693269230769231
0 0.607890625 0.24223076923076925 0.12907670454545456 0.06473076923076927
0 0.3319673295454546 0.11671153846153848 0.04160511363636366 0.040076923076923135
0 0.2449786931818182 0.4437596153846154 0.01947443181818187 0.031173076923076994
0 0.7442116477272727 0.27283653846153844 0.01711647727272725 0.04236538461538456
0 0.8082670454545455 0.09461538461538455 0.03542613636363634 0.06953846153846148
0 0.49099431818181827 0.5306634615384616 0.0640909090909091 0.060519230769230825
0 0.7262144886363636 0.26803846153846156 0.03305397727272725 0.03115384615384624
0 0.8044247159090909 0.043865384615384584 0.01711647727272729 0.02876923076923084
0 0.3695738636363637 0.08799999999999997 0.03039772727272724 0.060653846153846086
0 0.27154119318181813 0.5480480769230769 0.020667613636363654 0.04475000000000002
0 0.7338636363636364 0.8964519230769231 0.05451704545454549 0.11248076923076923
0 0.7429474431818182 0.965798076923077 0.031150568181818192 0.06840384615384615
0 0.8247230113636363 0.9750288461538461 0.10123579545454545 0.04994230769230769
0 0.7786434659090908 0.8160576923076923 0.02467329545454546 0.036038461538461526
0 0.43534090909090917 0.47044230769230766 0.023607954545454553 0.029115384615384588
0 0.5765411931818182 0.47318269230769217 0.04049715909090908 0.05036538461538461
0 0.9893252840909091 0.3618461538461538 0.021349431818181816 0.019730769230769322
0 0.7513778409090909 0.9091923076923076 0.037642045454545456 0.08346153846153848
0 0.6936363636363636 0.2470865384615385 0.056761363636363645 0.08251923076923082
0 0.7841619318181818 0.9206153846153846 0.03309659090909089 0.12915384615384615
0 0.8520241477272728 0.754375 0.03958806818181819 0.06151923076923076
0 0.7789701704545454 0.907 0.04867897727272729 0.10896153846153846
0 0.9001633522727273 0.14854807692307692 0.023622159090909086 0.05913461538461538
0 0.79421875 0.8815192307692308 0.031164772727272725 0.11246153846153846
0 0.3823792613636363 0.20336538461538467 0.03200284090909087 0.04442307692307697
0 0.4419886363636363 0.027750000000000052 0.03761363636363631 0.05550000000000003
0 0.6831747159090908 0.2337403846153845 0.04541193181818182 0.06067307692307695
0 0.5668181818181819 0.41556730769230776 0.08664772727272728 0.07017307692307684
0 0.9349928977272728 0.19371153846153855 0.027144886363636364 0.03915384615384618
0 0.9769034090909091 0.17692307692307696 0.015340909090909093 0.07273076923076932
0 0.84484375 0.891625 0.07528409090909088 0.09751923076923076
0 0.5781960227272727 0.3087115384615384 0.028920454545454565 0.04811538461538469
0 0.703359375 0.9671826923076923 0.03504261363636362 0.03601923076923077
0 0.4547798295454545 0.6637788461538462 0.023366477272727258 0.02636538461538463
0 0.01746448863636363 0.013913461538461513 0.0308664772727273 0.02782692307692313
0 0.8796803977272727 0.5082307692307693 0.021150568181818184 0.029961538461538432
0 0.533984375 0.36912500000000004 0.02643465909090911 0.057057692307692226
0 0.34614346590909095 0.6334807692307693 0.04794034090909091 0.04923076923076922
0 0.46873579545454547 0.1344615384615384 0.01653409090909089 0.02157692307692302
0 0.2817684659090909 0.5998173076923077 0.02160511363636369 0.02490384615384613
0 0.017585227272727266 0.17240384615384607 0.03517045454545453 0.10499999999999994
0 0.9680539772727272 0.16613461538461538 0.014176136363636365 0.06711538461538458
0 0.6203409090909091 0.8060480769230769 0.013920454545454562 0.02967307692307691
0 0.5914630681818182 0.8151923076923078 0.0430113636363636 0.021692307692307695
0 0.7061860795454545 0.19773076923076927 0.0292755681818182 0.02426923076923078
0 0.27417613636363636 0.17806730769230772 0.018977272727272666 0.021211538461538518
0 0.9615127840909091 0.9738365384615385 0.04370738636363636 0.052326923076923076
0 0.9396590909090909 0.9404326923076923 0.02605113636363636 0.05351923076923077
0 0.9236150568181818 0.9187115384615385 0.03115056818181817 0.10073076923076922
0 0.318359375 0.24097115384615386 0.06873579545454543 0.055365384615384546
0 0.4409517045454545 0.8041153846153846 0.045284090909090906 0.04415384615384617
0 0.9319886363636364 0.9819807692307693 0.03860795454545454 0.029576923076923074
0 0.884090909090909 0.9785576923076923 0.08323863636363638 0.04288461538461539
0 0.5866051136363637 0.8363076923076923 0.016448863636363612 0.02396153846153845
0 0.9866832386363636 0.21768269230769244 0.026633522727272728 0.023173076923076946
0 0.5263210227272728 0.4495673076923077 0.06559659090909092 0.06798076923076916
0 0.471328125 0.24012500000000003 0.02396306818181819 0.03805769230769224
0 0.5006107954545455 0.10608653846153837 0.029517045454545417 0.03994230769230777
0 0.03585937500000003 0.5316730769230769 0.07171875000000001 0.12226923076923074
0 0.8878053977272727 0.5355288461538462 0.03836647727272726 0.035288461538461526
0 0.06549005681818187 0.20065384615384618 0.0449005681818182 0.07461538461538464
0 0.47227982954545455 0.15324038461538458 0.011803977272727277 0.019173076923076977
0 0.9766122159090909 0.11899038461538458 0.03365056818181818 0.027173076923076914
0 0.9866832386363636 0.1201826923076923 0.026633522727272728 0.08232692307692308
0 0.7620596590909091 0.16982692307692304 0.08366477272727274 0.07684615384615391
0 0.7238139204545455 0.1811442307692308 0.02151988636363633 0.0347884615384616
0 0.8025 0.2084903846153845 0.02488636363636365 0.020365384615384566
0 0.8227485795454546 0.1908653846153846 0.03413352272727275 0.021153846153846155
0 0.6897514204545454 0.18398076923076911 0.04779829545454546 0.022653846153846212
0 0.6999076704545455 0.1633461538461538 0.04063920454545453 0.025076923076923007
0 0.40638494318181817 0.17303846153846159 0.04160511363636366 0.04657692307692302
0 0.828828125 0.20378846153846164 0.03586647727272727 0.02192307692307699
0 0.4233167613636364 0.5029807692307693 0.019815340909090894 0.025692307692307664
0 0.7638494318181819 0.12371153846153848 0.03943181818181817 0.03315384615384617
0 0.1301065340909091 0.33344230769230765 0.044389204545454544 0.07626923076923081
0 0.3134374999999999 0.3964326923076923 0.05164772727272721 0.027750000000000014
0 0.9911079545454545 0.3439519230769231 0.01778409090909091 0.019980769230769205
0 0.22230823863636362 0.06877884615384611 0.02049715909090918 0.03351923076923078
0 0.7889559659090909 0.11481730769230769 0.025099431818181802 0.0800961538461538
0 0.7052911931818182 0.3425576923076923 0.02867897727272727 0.05176923076923069
0 0.30639204545454557 0.4201250000000001 0.020482954545454568 0.02890384615384621
0 0.8889488636363636 0.04345192307692314 0.024801136363636355 0.031173076923076883
0 0.7692258522727273 0.10187500000000005 0.027485795454545447 0.03640384615384617
0 0.06986505681818178 0.29757692307692307 0.020411931818181826 0.023769230769230796
0 0.4849573863636363 0.6993653846153847 0.021420454545454524 0.023730769230769236
0 0.08783380681818187 0.1804134615384615 0.05470170454545453 0.06909615384615375
0 0.27643465909090914 0.09732692307692314 0.04156249999999999 0.02773076923076926
0 0.44729403409090907 0.8268076923076924 0.03441761363636366 0.06253846153846153
0 0.6524076704545454 0.18479807692307693 0.057968750000000006 0.05663461538461536
0 0.29285511363636363 0.7869423076923077 0.04801136363636365 0.06376923076923079
0 0.4436363636363637 0.20320192307692297 0.03471590909090909 0.05371153846153848
0 0.2865767045454546 0.6458557692307692 0.029602272727272692 0.025980769230769214
0 0.9509303977272727 0.46144230769230776 0.03776988636363637 0.03596153846153844
0 0.44333096590909093 0.1422596153846154 0.015809659090909086 0.036249999999999935
0 0.4528409090909091 0.4998365384615384 0.0215056818181818 0.029673076923076937
0 0.8276420454545454 0.9500576923076923 0.04866477272727274 0.06676923076923076
0 0.4816548295454546 0.2104807692307692 0.01984374999999996 0.025730769230769224
0 0.9748792613636363 0.04065384615384615 0.05024147727272727 0.04315384615384615
0 0.9335511363636364 0.532201923076923 0.03542613636363636 0.045942307692307664
0 0.797315340909091 0.013115384615384529 0.031079545454545447 0.026230769230769203
0 0.5509232954545455 0.43961538461538463 0.027272727272727258 0.05257692307692303
0 0.16406960227272727 0.5210384615384616 0.11501420454545458 0.09938461538461535
0 0.46553977272727276 0.21271153846153845 0.017357954545454583 0.03469230769230773
0 0.9813707386363636 0.023923076923076936 0.03725852272727273 0.04784615384615384
0 0.439921875 0.05663461538461534 0.05370738636363637 0.04923076923076927
0 0.030326704545454608 0.05452884615384623 0.045142045454545414 0.0889807692307692
0 0.9692684659090909 0.06862500000000005 0.06146306818181819 0.04155769230769234
0 0.6575426136363637 0.3288557692307692 0.0818181818181818 0.05482692307692306
0 0.6819176136363636 0.46199999999999997 0.03801136363636362 0.13538461538461535
0 0.46517755681818185 0.46875 0.03563920454545451 0.06469230769230766
0 0.9943536931818182 0.5189807692307693 0.011292613636363637 0.027961538461538392
0 0.7605681818181818 0.08001923076923079 0.05318181818181818 0.021846153846153873
0 0.6891477272727273 0.11320192307692312 0.05139204545454546 0.08332692307692305
0 0.9454474431818182 0.3892596153846154 0.03725852272727273 0.03728846153846151
0 0.7325639204545454 0.8490096153846154 0.02467329545454546 0.03690384615384615
0 0.9243678977272727 0.12377884615384616 0.028338068181818176 0.06551923076923076
0 0.07318892045454539 0.06342307692307692 0.05544034090909087 0.08665384615384616
0 0.8679900568181818 0.18131730769230758 0.020667613636363633 0.03355769230769229
0 0.9715127840909091 0.42708653846153855 0.05697443181818182 0.036173076923076926
0 0.9706178977272727 0.5126826923076923 0.02529829545454546 0.04186538461538464
0 0.8615056818181819 0.1373653846153845 0.05607954545454544 0.04796153846153846
0 0.28297585227272737 0.577076923076923 0.027201704545454595 0.027076923076923103
0 0.6887571022727272 0.9759038461538462 0.027911931818181825 0.04819230769230769
0 0.8623863636363637 0.14695192307692306 0.04840909090909091 0.036750000000000026
0 0.6455539772727272 0.4558461538461538 0.06943181818181822 0.08503846153846148
0 0.961590909090909 0.5841538461538461 0.037386363636363634 0.02465384615384614
0 0.8942613636363637 0.09380769230769226 0.0377840909090909 0.0886923076923076
0 0.37187499999999996 0.507826923076923 0.11426136363636363 0.044538461538461534
0 0.19200284090909103 0.5279423076923077 0.037102272727272734 0.022653846153846156
0 0.9782528409090909 0.4232403846153846 0.03482954545454545 0.05482692307692306
0 0.7432386363636363 0.058586538461538495 0.05556818181818182 0.02913461538461545
0 0.661065340909091 0.07152884615384614 0.047812499999999994 0.04694230769230763
0 0.07966619318181822 0.2611057692307692 0.05143465909090914 0.053596153846153856
0 0.045376420454545374 0.29729807692307697 0.021235795454545358 0.0353653846153847
0 0.6416477272727272 0.03454807692307693 0.0806818181818182 0.06909615384615386
0 0.9447372159090909 0.26602884615384625 0.020667613636363637 0.012788461538461604
0 0.18605823863636362 0.005019230769230831 0.04115056818181822 0.010038461538461592
0 0.09661931818181813 0.33461538461538465 0.025710227272727305 0.03326923076923068
0 0.1071875000000001 0.007336538461538589 0.01943181818181811 0.014673076923076914
0 0.35548295454545453 0.1358076923076923 0.023039772727272766 0.0993846153846154
0 0.7275852272727272 0.31344230769230774 0.019659090909090873 0.026615384615384676
0 0.735390625 0.2993365384615384 0.05842329545454545 0.06109615384615392
0 0.8558948863636364 0.05703846153846148 0.053125000000000006 0.07592307692307684
0 0.6960298295454546 0.05939423076923078 0.041235795454545456 0.037211538461538504
0 0.6870667613636363 0.029048076923076982 0.05916193181818183 0.05744230769230781
0 0.19749289772727263 0.02124999999999988 0.04228693181818179 0.025538461538461597
0 0.7677343750000001 0.03131730769230767 0.042428977272727236 0.06263461538461537
0 0.7244105113636363 0.015538461538461612 0.04899147727272724 0.031076923076923123
0 0.875078125 0.10340384615384612 0.028934659090909077 0.09030769230769227
0 0.5267258522727273 0.4199615384615385 0.02754261363636362 0.02630769230769232
0 0.8588423295454546 0.18811538461538457 0.028338068181818166 0.027961538461538392
0 0.5786008522727273 0.025009615384615325 0.04063920454545456 0.049365384615384644
0 0.6081818181818182 0.01837500000000003 0.02690340909090909 0.036750000000000026
0 0.6296946022727272 0.03778846153846149 0.05438920454545449 0.0755769230769231
0 0.5690411931818182 0.11238461538461542 0.06933238636363637 0.12699999999999992
0 0.641640625 0.09741346153846153 0.04362215909090906 0.05663461538461536
0 0.6305965909090909 0.11036538461538459 0.051392045454545426 0.0744230769230769
0 0.29697443181818184 0.5575769230769231 0.03440340909090913 0.03357692307692304
0 0.5582883522727272 0.15405769230769228 0.05617897727272729 0.09061538461538463
0 0.34408380681818185 0.021653846153846135 0.030298295454545432 0.04330769230769227
0 0.06289772727272724 0.05065384615384616 0.04971590909090909 0.07349999999999994
0 0.952705965909091 0.028721153846153813 0.04958806818181818 0.0574423076923077
0 0.9908025568181819 0.4364038461538462 0.016207386363636365 0.04165384615384609
0 0.5935440340909091 0.13300961538461542 0.02151988636363641 0.059865384615384605
0 0.6476207386363637 0.2693365384615384 0.07708806818181815 0.06067307692307695
0 0.47225852272727276 0.3385865384615384 0.015596590909090853 0.04167307692307685
0 0.3967187499999999 0.5898942307692308 0.06295454545454544 0.03690384615384615
0 0.8960298295454545 0.09940384615384612 0.04132102272727272 0.04234615384615381
0 0.658778409090909 0.4418557692307692 0.019829545454545426 0.05036538461538461
0 0.9729261363636363 0.6254423076923077 0.05414772727272727 0.05526923076923073
0 0.5882954545454545 0.7900673076923077 0.04090909090909092 0.03651923076923076
0 0.5117471590909091 0.34375 0.039687499999999994 0.08223076923076922
0 0.5141690340909091 0.41227884615384613 0.017002840909090867 0.021942307692307633
0 0.5779616477272727 0.8588557692307692 0.01686079545454546 0.025673076923076913
0 0.3471590909090909 0.14765384615384614 0.027755681818181846 0.015615384615384515
0 0.5567897727272728 0.9788269230769231 0.01428977272727273 0.022846153846153846
0 0.4714133522727273 0.4005192307692307 0.02066761363636357 0.05707692307692309
0 0.018494318181818126 0.8957307692307692 0.036988636363636314 0.04569230769230768
0 0.9930965909090909 0.6357692307692309 0.013806818181818182 0.039961538461538465
0 0.9302698863636364 0.07262499999999994 0.029517045454545445 0.04155769230769234
0 0.7504332386363637 0.2045673076923077 0.03759943181818182 0.025057692307692257
0 0.4695170454545454 0.37084615384615394 0.02107954545454542 0.04680769230769226
0 0.3021803977272728 0.5998173076923077 0.02720170454545451 0.03140384615384612
0 0.7515909090909091 0.39920192307692304 0.03875 0.0336730769230769
0 0.9335511363636364 0.5901442307692308 0.05607954545454545 0.02463461538461539
0 0.09828835227272714 0.4821249999999999 0.01771306818181806 0.034365384615384624
0 0.5402272727272728 0.8363076923076923 0.04849431818181816 0.027384615384615375
0 0.23700284090909096 0.43017307692307694 0.03187500000000008 0.03596153846153855
0 0.3197798295454546 0.5819519230769231 0.04640624999999994 0.03682692307692309
0 0.9074786931818182 0.4975673076923077 0.020667613636363633 0.04063461538461537
0 0.017563920454545467 0.4189807692307692 0.035127840909090935 0.02157692307692313
0 0.53875 0.8114711538461539 0.029517045454545497 0.03140384615384615
0 0.4482954545454546 0.6835480769230768 0.03374999999999999 0.032519230769230766
0 0.4560227272727272 0.34943269230769236 0.021931818181818177 0.03709615384615388
0 0.9135724431818182 0.43091346153846155 0.024872159090909077 0.020365384615384678
0 0.7750213068181818 0.2413846153846153 0.09950284090909091 0.0767692307692308
0 0.7660511363636364 0.2735000000000001 0.02835227272727274 0.04699999999999999
0 0.7391548295454546 0.293076923076923 0.041661931818181834 0.025076923076923115
0 0.2989772727272727 0.6274423076923077 0.01599431818181817 0.023846153846153857
0 0.7961647727272727 0.9886442307692308 0.019460227272727258 0.022711538461538464
0 0.042535511363636314 0.7623173076923077 0.08507102272727271 0.11828846153846152
0 0.6703480113636364 0.47598076923076926 0.05950284090909093 0.05146153846153845
0 0.019410511363636362 0.6780576923076923 0.03882102272727279 0.07188461538461538
0 0.10064630681818187 0.4369615384615385 0.025980113636363586 0.04953846153846163
0 0.6364630681818182 0.28465384615384615 0.0809943181818182 0.060423076923076954
0 0.8169602272727272 0.432875 0.02835227272727274 0.02428846153846164
0 0.8586150568181818 0.44698076923076924 0.03529829545454544 0.05873076923076916
0 0.8661576704545455 0.5844807692307692 0.19973011363636364 0.07992307692307693
0 0.0982812500000001 0.47013461538461543 0.04249999999999994 0.029576923076923178
0 0.3442897727272727 0.31889423076923074 0.029517045454545417 0.04567307692307692
0 0.5256392045454545 0.8703173076923076 0.046732954545454515 0.030750000000000017
0 0.34978693181818177 0.3313653846153847 0.03795454545454549 0.05042307692307697
0 0.3884375000000001 0.28047115384615395 0.07448863636363635 0.0532884615384615
0 0.35154829545454547 0.3580096153846154 0.05693181818181816 0.0675576923076923
0 0.44720880681818187 0.42954807692307695 0.03802556818181824 0.07498076923076925
0 0.26746448863636363 0.4004519230769231 0.05867897727272728 0.04363461538461538
0 0.7241122159090909 0.4199615384615385 0.028934659090909098 0.02192307692307688
0 0.33392755681818176 0.1644134615384616 0.024332386363636358 0.02136538461538464
0 0.2678764204545455 0.3579423076923077 0.04958806818181822 0.05257692307692314
0 0.4116335227272727 0.34706730769230776 0.04215909090909092 0.04375
0 0.5049289772727272 0.977326923076923 0.0537215909090909 0.04534615384615384
0 0.5817826704545455 0.7739615384615385 0.06529829545454549 0.061538461538461514
0 0.5875710227272727 0.754375 0.03883522727272724 0.051480769230769254
0 0.38211647727272724 0.37370192307692307 0.04639204545454541 0.07421153846153852
0 0.6346732954545455 0.9468269230769231 0.03718749999999997 0.05146153846153846
0 0.4274502840909091 0.39939423076923075 0.03583806818181821 0.09894230769230777
0 0.5226633522727273 0.30045192307692314 0.0576278409090909 0.05517307692307692
0 0.7828338068181818 0.31578846153846163 0.026036931818181838 0.02192307692307699
0 0.07526278409090914 0.5444615384615386 0.028338068181818245 0.08392307692307689
0 0.45309659090909093 0.33707692307692305 0.023892045454545444 0.04092307692307698
0 0.07674005681818175 0.4857211538461539 0.027741477272727234 0.03517307692307696
0 0.4506321022727273 0.37513461538461534 0.017571022727272734 0.02569230769230772
0 0.6923863636363636 0.29807692307692313 0.04286931818181819 0.05803846153846144
0 0.36359375000000005 0.643125 0.05517045454545451 0.048326923076923066
0 0.48236505681818187 0.65675 0.04478693181818186 0.07557692307692304
0 0.4645170454545454 0.7068365384615385 0.022073863636363666 0.02636538461538463
0 0.3052201704545454 0.33151923076923073 0.021150568181818163 0.10446153846153845
0 0.22116477272727275 0.5075096153846153 0.0367045454545455 0.018211538461538404
0 0.7712642045454545 0.3909807692307692 0.01909090909090909 0.023500000000000052
0 0.9864914772727272 0.4649134615384616 0.027017045454545453 0.030711538461538512
0 0.20893465909090903 0.47051923076923075 0.017130681818181902 0.028153846153846127
0 0.5964914772727272 0.902048076923077 0.015909090909090894 0.025403846153846155
0 0.22850142045454547 0.4666538461538461 0.0269176136363637 0.03699999999999991
0 0.04713068181818192 0.7134326923076924 0.035539772727272864 0.02255769230769229
0 0.9591974431818182 0.0782211538461538 0.04251420454545454 0.04794230769230771
0 0.9055113636363636 0.5352019230769232 0.03147727272727272 0.046634615384615385
0 0.8649218750000001 0.5255480769230769 0.029019886363636373 0.043288461538461574
0 0.7589204545454545 0.44862500000000005 0.018693181818181855 0.09590384615384616
0 0.8209019886363637 0.49024999999999996 0.06788352272727272 0.04061538461538462
0 0.7487002840909092 0.3357692307692308 0.02370738636363636 0.02584615384615384
0 0.5691193181818182 0.9856057692307693 0.013579545454545457 0.017173076923076923
0 0.5538210227272726 0.5166826923076923 0.037102272727272734 0.0782115384615385
0 0.5399005681818183 0.5029807692307693 0.029517045454545497 0.10446153846153851
0 0.5209303977272728 0.51725 0.022769886363636326 0.0690769230769231
0 0.5009019886363637 0.5163942307692309 0.019815340909090894 0.020557692307692305
0 0.7313636363636364 0.4639326923076923 0.0403409090909091 0.03463461538461537
0 0.24724431818181813 0.8200000000000001 0.06190340909090915 0.14323076923076924
0 0.06680397727272724 0.2132980769230769 0.028977272727272695 0.055249999999999924
0 0.7345667613636364 0.4889134615384616 0.03296875000000001 0.0446346153846154
0 0.9249644886363636 0.32317307692307684 0.009446022727272725 0.0279615384615385
0 0.771953125 0.4602211538461538 0.020696022727272757 0.03863461538461545
0 0.7574431818181818 0.5500096153846155 0.015852272727272722 0.12936538461538458
0 0.5070241477272728 0.47243269230769225 0.03879261363636364 0.06621153846153847
0 0.9881107954545455 0.4808173076923077 0.02377840909090909 0.020826923076923045
0 0.3245596590909091 0.7305384615384616 0.02446022727272731 0.07603846153846153
0 0.8908096590909091 0.5595192307692307 0.06340909090909091 0.051500000000000004
0 0.9832528409090909 0.5 0.03349431818181818 0.03726923076923076
0 0.48115056818181823 0.7196730769230769 0.03374999999999999 0.024153846153846158
0 0.48666193181818185 0.7339519230769231 0.062301136363636385 0.024596153846153886
0 0.28520596590909086 0.7082307692307692 0.03049715909090913 0.04746153846153847
0 0.16847301136363635 0.5487692307692308 0.03166193181818177 0.09473076923076922
0 0.6934517045454545 0.3897980769230769 0.05321022727272724 0.052480769230769164
0 0.9515198863636364 0.47916346153846145 0.04616477272727273 0.028519230769230738
0 0.2189204545454545 0.45174038461538457 0.026505681818181935 0.0259423076923076
0 0.19985085227272714 0.5818557692307692 0.07774147727272714 0.04509615384615383
0 0.1648792613636364 0.4868076923076923 0.046491477272727295 0.023192307692307696
0 0.42646306818181823 0.9083461538461539 0.03261363636363634 0.02942307692307693
0 0.6065767045454544 0.9624903846153846 0.023977272727272802 0.026865384615384614
0 0.28746448863636365 0.6575288461538462 0.05453125000000006 0.05482692307692306
0 0.32122159090909086 0.6889038461538461 0.02076704545454546 0.02284615384615384
0 0.4967826704545455 0.6612211538461539 0.016235795454545465 0.07821153846153844
0 0.15245738636363626 0.9709903846153846 0.016221590909090852 0.021980769230769234
0 0.34046875 0.518673076923077 0.06999999999999997 0.045653846153846225
0 0.23170454545454544 0.09467307692307692 0.025284090909090843 0.026500000000000058
0 0.37115056818181813 0.86775 0.053863636363636384 0.041307692307692316
0 0.08260653409090901 0.7010384615384615 0.037002840909090846 0.0377692307692308
0 0.1631605113636364 0.8883942307692307 0.08566761363636356 0.15551923076923077
0 0.5985582386363637 0.9831538461538462 0.027173295454545447 0.029423076923076923
0 0.6112286931818183 0.9885096153846153 0.027173295454545447 0.022980769230769228
0 0.5328835227272727 0.639173076923077 0.02446022727272723 0.0625384615384615
0 0.1581178977272728 0.9740288461538461 0.0425710227272726 0.0519423076923077
0 0.5331178977272728 0.580826923076923 0.027911931818181787 0.035153846153846154
0 0.24581676136363628 0.8221923076923077 0.1278551136363637 0.07380769230769232
0 0.4504616477272727 0.8531634615384616 0.05163352272727276 0.026980769230769232
0 0.7238210227272728 0.37570192307692307 0.023721590909090894 0.03836538461538459
0 0.24484375000000003 0.836701923076923 0.032443181818181704 0.06590384615384615
0 0.3773153409090909 0.9758269230769231 0.05193181818181818 0.048346153846153844
0 0.4731107954545455 0.8666538461538461 0.02446022727272731 0.026961538461538453
0 0.3834801136363637 0.9064038461538462 0.06815340909090904 0.044807692307692305
0 0.31663352272727263 0.8132692307692307 0.030511363636363583 0.036038461538461526
0 0.2289417613636363 0.7813365384615385 0.03569602272727272 0.11686538461538463
0 0.5152201704545455 0.721875 0.034389204545454514 0.039096153846153815
0 0.36011363636363636 0.9771442307692307 0.04088068181818186 0.04571153846153846
0 0.3127840909090909 0.7133653846153846 0.02446022727272731 0.02942307692307689
0 0.5799857954545455 0.9774711538461538 0.03894886363636358 0.045057692307692306
0 0.7223792613636364 0.34672115384615376 0.010411931818181836 0.022711538461538467
0 0.34176846590909093 0.6747403846153847 0.024446022727272698 0.040480769230769195
0 0.15237215909090907 0.6755480769230768 0.06749999999999998 0.15025
0 0.3033806818181819 0.6981346153846154 0.021420454545454524 0.02899999999999997
0 0.30825994318181815 0.7354423076923078 0.017201704545454565 0.02453846153846152
0 0.5485866477272727 0.7825096153846154 0.041860795454545414 0.03651923076923079
0 0.6330681818181818 0.5333846153846153 0.038295454545454556 0.02634615384615388
0 0.4554403409090909 0.9817596153846154 0.023551136363636423 0.036480769230769226
0 0.6804403409090909 0.5434903846153847 0.07593749999999998 0.0553653846153846
0 0.4595170454545454 0.8985384615384615 0.04076704545454552 0.02207692307692307
0 0.4590696022727273 0.8795288461538462 0.018110795454545456 0.025750000000000002
0 0.5669886363636363 0.2067596153846154 0.11923295454545454 0.06713461538461543
0 0.11602982954545449 0.7124519230769231 0.03504261363636358 0.053596153846153856
0 0.502080965909091 0.7040865384615385 0.02953125000000003 0.030750000000000017
0 0.4373295454545455 0.9647596153846154 0.0253693181818182 0.03432692307692308
0 0.3565411931818182 0.8809230769230769 0.014275568181818117 0.023730769230769236
0 0.502997159090909 0.6440865384615384 0.022642045454545453 0.03801923076923079
0 0.34161931818181823 0.9802211538461538 0.023352272727272805 0.03955769230769231
0 0.4048934659090909 0.9652884615384616 0.03958806818181819 0.06942307692307692
0 0.24556818181818185 0.9318942307692307 0.10772727272727269 0.06590384615384615
0 0.42598721590909083 0.9648461538461538 0.05191761363636365 0.07030769230769231
0 0.7310511363636363 0.32753846153846156 0.025454545454545476 0.026615384615384676
0 0.6274928977272727 0.8512500000000001 0.015099431818181812 0.023192307692307696
0 0.9140340909090909 0.33832692307692314 0.02519886363636364 0.03188461538461546
0 0.5637997159090908 0.9949038461538462 0.024275568181818145 0.010192307692307691
0 0.37870738636363643 0.1376346153846154 0.019431818181818192 0.04023076923076915
0 0.2421022727272728 0.08169230769230773 0.022443181818181914 0.03700000000000002
0 0.9721732954545454 0.4709423076923077 0.02428977272727273 0.02961538461538457
0 0.13891335227272716 0.45753846153846156 0.05254261363636365 0.03823076923076922
0 0.2726917613636364 0.16203846153846158 0.026519886363636388 0.018769230769230753
0 0.4235724431818182 0.10398076923076938 0.017713068181818222 0.04099999999999999
0 0.5537215909090909 0.8305961538461538 0.011392045454545429 0.03196153846153847
0 0.7443607954545455 0.3682692307692308 0.023153409090909106 0.029769230769230805
0 0.4104332386363636 0.09779807692307696 0.017713068181818222 0.0502884615384616
0 0.5646803977272727 0.8434423076923077 0.019815340909090894 0.041653846153846145
0 0.11953835227272724 0.4285769230769231 0.0684801136363637 0.024769230769230762
0 0.49260653409090915 0.2650961538461539 0.016519886363636358 0.03515384615384621
0 0.4737144886363637 0.28548076923076926 0.028338068181818245 0.02157692307692313
