0 0.9748224431818182 0.4272403846153845 0.03447443181818182 0.10786538461538457
0 0.46339488636363635 0.8715288461538462 0.057244318181818195 0.03717307692307692
0 0.0809588068181818 0.990423076923077 0.0581676136363637 0.019153846153846157
0 0.04418323863636364 0.9683942307692308 0.01967329545454549 0.02375
0 0.31382102272727275 0.5740192307692308 0.07187500000000004 0.11019230769230766
0 0.2679261363636364 0.5590673076923077 0.05974431818181811 0.0556730769230769
0 0.3752982954545455 0.554673076923077 0.046761363636363656 0.07853846153846154
0 0.35754261363636364 0.5080769230769231 0.03636363636363631 0.05215384615384616
0 0.34910511363636365 0.47408653846153836 0.0748863636363636 0.07444230769230765
0 0.1679261363636364 0.2841826923076922 0.043295454545454574 0.11313461538461535
0 0.11532670454545457 0.3237403846153847 0.021221590909090825 0.09259615384615391
0 0.13394176136363645 0.27422115384615386 0.026406250000000044 0.0556730769230769
0 0.38380681818181817 0.8951538461538462 0.02465909090909093 0.023961538461538465
0 0.12268465909090909 0.27774038461538453 0.07749999999999992 0.07444230769230765
0 0.05950284090909086 0.3890961538461539 0.11900568181818177 0.1143076923076923
0 0.35387073863636365 0.5798749999999999 0.02467329545454546 0.07032692307692306
0 0.027009943181818152 0.3146538461538462 0.021207386363636452 0.06623076923076923
0 0.09649147727272733 0.11831730769230764 0.0476136363636365 0.11663461538461545
0 0.03631392045454551 0.05149038461538458 0.025980113636363746 0.10140384615384619
0 0.06294034090909084 0.0503269230769231 0.027272727272727174 0.09788461538461535
0 0.12507102272727266 0.23348076923076921 0.03463068181818181 0.034000000000000016
0 0.16229403409090926 0.3899807692307692 0.04242897727272728 0.20161538461538456
0 0.09769176136363633 0.23832692307692305 0.02061079545454544 0.042576923076923054
0 0.3582102272727272 0.8822403846153846 0.06562499999999999 0.0535576923076923
0 0.13093039772727266 0.20169230769230773 0.05308238636363637 0.05580769230769227
0 0.43590198863636365 0.3310480769230769 0.04163352272727265 0.1020576923076923
0 0.42845170454545456 0.2749807692307692 0.05477272727272728 0.06942307692307696
0 0.5475639204545455 0.2327499999999999 0.04569602272727275 0.05826923076923079
0 0.46659801136363643 0.2198365384615385 0.1197869318181818 0.06967307692307696
0 0.4716974431818183 0.1943173076923076 0.04481534090909092 0.08109615384615387
0 0.5409019886363635 0.26819230769230773 0.054559659090909124 0.04984615384615387
0 0.4914346590909091 0.29522115384615377 0.06832386363636359 0.1050961538461538
0 0.5939204545454546 0.34717307692307686 0.05946022727272729 0.1381538461538461
0 0.46747869318181823 0.27840384615384617 0.02396306818181819 0.07626923076923081
0 0.48828835227272727 0.899875 0.0874857954545455 0.10271153846153845
0 0.60234375 0.2522788461538461 0.11801136363636365 0.12613461538461546
0 0.32373579545454545 0.3979230769230768 0.07542613636363632 0.09669230769230774
0 0.33708096590909087 0.026096153846153936 0.04580965909090909 0.05046153846153837
0 0.4138707386363637 0.022749999999999937 0.05748579545454549 0.04499999999999996
0 0.46259943181818186 0.010769230769230864 0.03818181818181818 0.021538461538461517
0 0.10363636363636364 0.16302884615384616 0.020852272727272657 0.07963461538461543
0 0.7224644886363636 0.1905865384615385 0.07728693181818182 0.04186538461538458
0 0.9349786931818181 0.3865576923076923 0.07501420454545454 0.08576923076923082
0 0.765703125 0.028759615384615356 0.01583806818181819 0.056519230769230745
0 0.7343892045454545 0.044201923076923055 0.027443181818181808 0.08321153846153842
0 0.42641335227272736 0.8246730769230769 0.07200284090909091 0.1225
0 0.7481178977272727 0.027192307692307627 0.020099431818181825 0.052346153846153896
0 0.7718892045454545 0.18655769230769226 0.04059659090909089 0.07484615384615388
0 0.9797869318181818 0.25256730769230773 0.040426136363636365 0.07663461538461531
0 0.9461363636363637 0.23631730769230763 0.09894886363636363 0.09878846153846155
0 0.9824644886363636 0.3099807692307692 0.03484375 0.0725384615384616
0 0.9921590909090909 0.2545576923076923 0.014801136363636364 0.043615384615384625
0 0.9349573863636363 0.3104134615384615 0.06278409090909091 0.10636538461538463
0 0.49399857954545456 0.9688269230769231 0.03558238636363638 0.040346153846153844
0 0.4966761363636363 0.9950865384615385 0.019062500000000024 0.009826923076923077
0 0.5167542613636364 0.972 0.015440340909090916 0.050423076923076925
0 0.5032386363636363 0.9860096153846154 0.023721590909090894 0.027634615384615386
0 0.03935369318181803 0.16489423076923082 0.028224431818181826 0.08740384615384623
0 0.92 0.1668942307692307 0.07823863636363636 0.14455769230769233
0 0.06091619318181818 0.1958557692307693 0.025298295454545375 0.04217307692307694
0 0.8844034090909091 0.8732115384615384 0.0444034090909091 0.030615384615384617
0 0.852705965909091 0.8403173076923077 0.06813920454545457 0.051788461538461554
0 0.8408451704545454 0.8811442307692308 0.046633522727272746 0.04801923076923078
0 0.40143465909090914 0.923625 0.02542613636363633 0.030750000000000003
0 0.4211860795454545 0.9645192307692307 0.044048295454545444 0.04734615384615385
0 0.4715838068181818 0.8270192307692308 0.06623579545454544 0.08315384615384615
0 0.026136363636363735 0.24240384615384603 0.04960227272727267 0.11673076923076921
0 0.07077414772727275 0.13859615384615387 0.04501420454545446 0.08676923076923078
0 0.38715909090909084 0.9223557692307692 0.03204545454545455 0.03032692307692307
0 0.7863991477272727 0.18932692307692311 0.05038352272727276 0.09246153846153843
0 0.3500852272727273 0.9218365384615385 0.047499999999999994 0.03451923076923076
0 0.3703622159090909 0.957125 0.07183238636363636 0.05909615384615384
0 0.3473792613636363 0.9773846153846154 0.03436079545454545 0.04523076923076923
0 0.3759588068181817 0.9776442307692308 0.042855113636363656 0.04471153846153846
0 0.27747869318181817 0.9852307692307692 0.10387784090909098 0.029538461538461538
0 0.18498579545454552 0.9813076923076923 0.05406249999999992 0.037384615384615384
0 0.21955255681818187 0.9869230769230769 0.021235795454545358 0.025615384615384616
0 0.28115056818181816 0.9688942307692308 0.1034943181818182 0.031365384615384614
0 0.20313920454545453 0.9660096153846154 0.027812499999999896 0.03817307692307693
0 0.22997869318181818 0.96 0.03205965909090916 0.034499999999999996
0 0.7460866477272727 0.13833653846153848 0.02612215909090907 0.026249999999999957
0 0.02854403409090911 0.9251153846153846 0.05447443181818185 0.0875
0 0.03708806818181809 0.9645288461538462 0.07264204545454543 0.06940384615384616
0 0.4040198863636364 0.8484807692307692 0.06943181818181818 0.04700000000000002
0 0.01019176136363631 0.7411923076923077 0.02038352272727276 0.04700000000000002
0 0.010291193181818148 0.7762884615384615 0.019616477272727195 0.029500000000000005
0 0.005830965909090935 0.7812692307692307 0.01166193181818187 0.03134615384615384
0 0.02405539772727261 0.8314423076923076 0.02370738636363628 0.0438846153846154
0 0.028693181818181923 0.8128076923076923 0.03406250000000002 0.04796153846153846
0 0.008551136363636358 0.824625 0.017102272727272674 0.05828846153846152
0 0.7898508522727272 0.12450961538461536 0.04578124999999999 0.03924999999999994
0 0.7354900568181818 0.1598846153846154 0.033196022727272734 0.04184615384615383
0 0.7560866477272727 0.06407692307692303 0.03396306818181818 0.024807692307692263
0 0.7845099431818182 0.06277884615384621 0.0625710227272727 0.10174999999999994
0 0.8033948863636364 0.17692307692307696 0.05227272727272727 0.06869230769230775
0 0.037251420454545436 0.11062499999999997 0.07203125000000005 0.04448076923076922
0 0.26675426136363645 0.4114326923076923 0.013792613636363527 0.0360192307692308
0 0.2682244318181819 0.44144230769230774 0.03119318181818179 0.024000000000000035
0 0.2979261363636364 0.4720192307692308 0.022897727272727278 0.02688461538461542
0 0.2796448863636364 0.47287499999999993 0.022499999999999964 0.04236538461538467
0 0.25134232954545443 0.53175 0.055468750000000094 0.12396153846153853
0 0.29090198863636363 0.5423942307692309 0.06302556818181819 0.14317307692307696
0 0.7587713068181818 0.10877884615384614 0.025809659090909074 0.06563461538461537
0 0.24568892045454538 0.4419423076923077 0.049133522727272776 0.10707692307692299
0 0.2857386363636363 0.42463461538461533 0.037017045454545455 0.07607692307692308
0 0.9643892045454545 0.705875 0.03258522727272727 0.04221153846153844
0 0.9620667613636363 0.7200576923076923 0.04188920454545455 0.05292307692307694
0 0.874190340909091 0.8746826923076922 0.034375 0.09044230769230771
0 0.8546803977272728 0.8550769230769231 0.021633522727272734 0.023000000000000017
0 0.2876065340909091 0.9317980769230769 0.04700284090909095 0.07086538461538462
0 0.28413352272727266 0.8349134615384616 0.048607954545454586 0.1287115384615385
0 0.984609375 0.35470192307692305 0.030781250000000003 0.04982692307692302
0 0.7959730113636364 0.5423942307692308 0.06109374999999999 0.0894807692307693
0 0.7145951704545455 0.06326923076923074 0.06410511363636363 0.09315384615384614
0 0.5329332386363637 0.5421730769230769 0.07845170454545457 0.034807692307692296
0 0.5452840909090909 0.5805865384615385 0.07042613636363643 0.052865384615384634
0 0.548955965909091 0.7003461538461538 0.1158380681818182 0.04111538461538461
0 0.682890625 0.8304519230769231 0.0175994318181818 0.021903846153846156
0 0.5547940340909092 0.7303173076923077 0.1408664772727273 0.10259615384615384
0 0.6624573863636364 0.8285288461538461 0.06869318181818183 0.06186538461538462
0 0.6986505681818183 0.8655576923076923 0.04934659090909092 0.1926153846153846
0 0.9864772727272727 0.9849615384615384 0.027045454545454543 0.02973076923076923
0 0.9738920454545454 0.864 0.05221590909090909 0.1356923076923077
0 0.9334090909090909 0.8697788461538462 0.050625 0.10836538461538461
0 0.7459801136363637 0.11598076923076928 0.022130681818181838 0.026346153846153932
0 0.9407741477272727 0.7491442307692308 0.03796875 0.09678846153846156
0 0.9233238636363637 0.6500384615384616 0.04002840909090908 0.06346153846153846
0 0.9075852272727273 0.7127884615384615 0.0721875 0.07223076923076924
0 0.9805610795454546 0.6294326923076923 0.03887784090909091 0.02594230769230771
0 0.9496661931818182 0.6752788461538461 0.022230113636363635 0.03798076923076923
0 0.945390625 0.6505 0.02120738636363636 0.021769230769230756
0 0.9582173295454546 0.6296634615384615 0.02086647727272727 0.05048076923076923
0 0.9176775568181819 0.5997884615384614 0.06294034090909091 0.07873076923076928
0 0.980390625 0.7287692307692307 0.03921875 0.14957692307692308
0 0.9723650568181819 0.957625 0.05526988636363636 0.062365384615384614
0 0.6994460227272727 0.12842307692307686 0.07318181818181815 0.12146153846153851
0 0.7338991477272727 0.7855096153846154 0.02061079545454544 0.03190384615384616
0 0.8236789772727273 0.5179903846153846 0.04306818181818181 0.06236538461538463
0 0.7353622159090909 0.7639711538461539 0.025326704545454562 0.02232692307692305
0 0.7315340909090908 0.749826923076923 0.021789772727272692 0.024307692307692308
0 0.5317826704545454 0.953548076923077 0.08342329545454548 0.08921153846153847
0 0.53265625 0.9722980769230769 0.025596590909090885 0.04509615384615384
0 0.4794531249999999 0.9059615384615385 0.018536931818181834 0.029153846153846148
0 0.47193892045454544 0.8876538461538461 0.020525568181818245 0.025076923076923077
0 0.258671875 0.9344230769230769 0.06776988636363633 0.05476923076923078
0 0.3221946022727272 0.8808461538461538 0.03299715909090912 0.14846153846153848
