0 0.2359374999999999 0.2731730769230768 0.03247159090909093 0.05226923076923078
0 0.03569602272727268 0.4638461538461538 0.032556818181818284 0.13265384615384618
0 0.5217471590909091 0.35941346153846154 0.06937500000000005 0.09305769230769229
0 0.1779687499999999 0.6266923076923077 0.020994318181818142 0.029692307692307688
0 0.02004971590909088 0.03880769230769232 0.04009943181818185 0.07326923076923081
0 0.516299715909091 0.20562500000000006 0.01595170454545449 0.15067307692307697
0 0.6189914772727272 0.44398076923076923 0.0784943181818182 0.08465384615384612
0 0.4644389204545455 0.26093269230769234 0.1427982954545455 0.09801923076923082
0 0.03361505681818178 0.31982692307692306 0.06723011363636369 0.09946153846153852
0 0.46700284090909083 0.18935576923076924 0.043607954545454526 0.13698076923076916
0 0.6820170454545454 0.08268269230769232 0.05178977272727274 0.07063461538461542
0 0.8919886363636363 0.4166249999999999 0.019375 0.06128846153846155
0 0.03844460227272739 0.5706442307692308 0.07688920454545455 0.12590384615384614
0 0.5582883522727272 0.44681730769230776 0.06958806818181812 0.13071153846153846
0 0.04156249999999995 0.31963461538461546 0.05264204545454538 0.039000000000000055
0 0.8501065340909091 0.2312019230769231 0.04947443181818181 0.12575000000000008
0 0.8125497159090909 0.26212500000000005 0.04035511363636361 0.1490961538461538
0 0.09704545454545443 0.16739423076923066 0.028011363636363515 0.042403846153846174
0 0.47343750000000007 0.5293461538461539 0.04153409090909092 0.06330769230769229
0 0.03904829545454547 0.3538076923076924 0.07752840909090898 0.08815384615384611
0 0.03232954545454547 0.26496153846153836 0.06269886363636362 0.0839615384615385
0 0.9095241477272727 0.32146153846153847 0.06140625 0.1483076923076923
0 0.9449573863636364 0.22416346153846156 0.04886363636363637 0.09225000000000005
0 0.03345880681818192 0.6149423076923077 0.06691761363636366 0.0688076923076923
0 0.8974928977272727 0.311125 0.03884943181818182 0.07398076923076917
0 0.038181818181818206 0.0324326923076923 0.048238636363636414 0.06482692307692314
0 0.6347017045454546 0.0884807692307692 0.05840909090909092 0.04111538461538461
0 0.6308096590909091 0.0428846153846153 0.12303977272727278 0.07223076923076924
0 0.1209232954545455 0.14402884615384615 0.051335227272727414 0.051788461538461554
0 0.11641335227272731 0.11631730769230775 0.07100852272727275 0.06948076923076922
0 0.8687144886363636 0.7478557692307692 0.09754261363636364 0.07624999999999998
0 0.6368323863636363 0.15436538461538463 0.018267045454545473 0.08946153846153843
0 0.8466548295454546 0.3275769230769231 0.06552556818181819 0.0678076923076924
0 0.17263494318181827 0.6485384615384615 0.0679971590909091 0.06830769230769233
0 0.09360795454545467 0.5570576923076924 0.07366477272727275 0.1121923076923077
0 0.7209446022727273 0.025875000000000092 0.12916193181818178 0.051750000000000046
0 0.7419673295454545 0.32560576923076934 0.02038352272727276 0.11117307692307693
0 0.7947585227272727 0.4440192307692308 0.07355113636363636 0.07842307692307687
0 0.18411931818181815 0.02648076923076914 0.06255681818181813 0.052961538461538504
0 0.77140625 0.37231730769230775 0.047471590909090894 0.0930961538461539
0 0.8199928977272728 0.37857692307692314 0.06498579545454546 0.08434615384615388
0 0.8551988636363637 0.4779230769230769 0.06389204545454547 0.12011538461538458
0 0.13754261363636366 0.7079326923076923 0.052954545454545414 0.07340384615384618
0 0.010490056818181825 0.05660576923076921 0.020411931818181826 0.06601923076923084
0 0.92953125 0.33417307692307685 0.043267045454545454 0.06442307692307692
0 0.12638494318181825 0.46961538461538455 0.04436079545454548 0.08461538461538462
0 0.2711434659090909 0.0492307692307693 0.07461647727272723 0.09846153846153843
0 0.37610795454545454 0.54525 0.0653977272727273 0.04092307692307692
0 0.63140625 0.22139423076923082 0.04454545454545456 0.05017307692307699
0 0.43338778409090917 0.5478557692307693 0.0689630681818182 0.036442307692307725
0 0.88890625 0.4225 0.08292613636363637 0.16592307692307687
0 0.7522301136363636 0.399875 0.05826704545454547 0.08386538461538465
0 0.07070312500000009 0.062480769230769284 0.05805397727272728 0.09234615384615381
0 0.6061505681818182 0.10585576923076923 0.05286931818181814 0.0865576923076923
0 0.0929119318181818 0.08370192307692303 0.07170454545454548 0.06013461538461546
0 0.16283380681818183 0.1772307692307692 0.038508522727272745 0.09234615384615392
0 0.38524857954545455 0.04566346153846157 0.051122159090909024 0.09075
0 0.6813139204545455 0.29248076923076927 0.04811079545454546 0.057653846153846076
0 0.7206463068181819 0.33869230769230774 0.044218749999999994 0.10430769230769232
0 0.6611576704545454 0.24406730769230767 0.02600852272727273 0.07613461538461534
0 0.6980042613636364 0.4253942307692309 0.08401988636363637 0.03878846153846157
0 0.7497088068181819 0.16735576923076922 0.0777130681818182 0.08259615384615382
0 0.7605894886363636 0.49332692307692305 0.08654829545454543 0.10111538461538458
0 0.7023650568181818 0.4662019230769231 0.03893465909090909 0.029288461538461572
0 0.6580255681818181 0.4559423076923077 0.0730397727272727 0.034461538461538495
0 0.7325213068181817 0.05975000000000008 0.05169034090909089 0.07173076923076925
0 0.5572443181818181 0.14586538461538467 0.06704545454545453 0.047730769230769216
0 0.018259943181818228 0.9755961538461538 0.03620738636363638 0.034923076923076925
0 0.9799360795454546 0.3415 0.04012784090909091 0.10230769230769228
0 0.8981889204545455 0.791923076923077 0.04362215909090909 0.05857692307692309
0 0.8214346590909091 0.7942403846153846 0.01701704545454544 0.06501923076923077
0 0.21107244318181817 0.30765384615384617 0.03859374999999994 0.03592307692307694
0 0.8765198863636363 0.029942307692307657 0.03261363636363635 0.059884615384615356
0 0.8212002840909091 0.7034615384615385 0.039730113636363654 0.21838461538461537
0 0.40263494318181814 0.04001923076923075 0.033906250000000006 0.03942307692307692
0 0.1993465909090908 0.09531730769230773 0.04741477272727272 0.056326923076923004
0 0.7652556818181818 0.7638173076923077 0.07403409090909091 0.10982692307692307
0 0.6988991477272728 0.532625 0.10546875 0.1390576923076923
0 0.43441761363636366 0.08220192307692309 0.048039772727272716 0.06621153846153847
0 0.7849786931818181 0.9144423076923077 0.01589488636363636 0.02580769230769231
0 0.8402485795454545 0.5732019230769231 0.060241477272727245 0.13509615384615384
0 0.7487286931818182 0.9480961538461539 0.05865056818181817 0.10342307692307692
0 0.7829616477272727 0.8780384615384615 0.037372159090909095 0.06073076923076921
0 0.5000994318181817 0.32318269230769237 0.04977272727272722 0.10286538461538464
0 0.6904758522727272 0.8808653846153847 0.035923295454545486 0.05480769230769231
0 0.9553267045454545 0.15672115384615382 0.0893465909090909 0.15667307692307697
0 0.7881178977272727 0.47144230769230766 0.11106534090909091 0.07842307692307693
0 0.7125994318181819 0.9128076923076923 0.03352272727272727 0.032307692307692315
0 0.6692400568181818 0.9585769230769231 0.03345170454545452 0.08284615384615385
0 0.09053977272727276 0.5754903846153846 0.03187500000000008 0.0824807692307692
0 0.8664417613636364 0.25283653846153853 0.043167613636363636 0.09290384615384616
0 0.9091974431818182 0.1923173076923077 0.06103693181818182 0.10578846153846153
0 0.7730965909090909 0.9618942307692308 0.04088068181818182 0.07621153846153847
0 0.7150710227272727 0.9345096153846154 0.04036931818181821 0.04732692307692308
0 0.6961363636363636 0.9756153846153847 0.029289772727272692 0.048769230769230766
0 0.30780539772727267 0.48478846153846156 0.020042613636363657 0.0267692307692308
0 0.6127556818181819 0.8474326923076922 0.03559659090909091 0.04517307692307691
0 0.4016761363636363 0.23776923076923073 0.015965909090909024 0.034384615384615375
0 0.10688210227272732 0.32645192307692306 0.08384943181818177 0.04117307692307686
0 0.18367187500000004 0.5335192307692308 0.03257102272727266 0.039961538461538465
0 0.10912642045454557 0.5748557692307692 0.037173295454545396 0.06598076923076923
0 0.8568465909090909 0.040903846153846124 0.02579545454545454 0.03311538461538456
0 0.8527769886363636 0.021269230769230818 0.03703125000000001 0.042538461538461546
0 0.8911363636363636 0.10930769230769233 0.03505681818181819 0.03961538461538455
0 0.8662926136363637 0.10663461538461538 0.031704545454545464 0.029307692307692326
0 0.8580397727272727 0.11685576923076924 0.02107954545454546 0.04401923076923074
0 0.8662642045454545 0.1490673076923077 0.07210227272727274 0.060480769230769206
0 0.17514204545454537 0.30101923076923076 0.04440340909090908 0.05026923076923085
0 0.20330255681818177 0.33897115384615384 0.047088068181818314 0.047826923076923086
0 0.16578835227272715 0.278 0.06407670454545457 0.04515384615384619
0 0.11808238636363633 0.2351057692307692 0.05196022727272717 0.06313461538461547
0 0.6658806818181818 0.852125 0.02198863636363639 0.032096153846153844
0 0.5748792613636364 0.7737019230769231 0.1024857954545455 0.08551923076923076
0 0.1706960227272728 0.2596346153846154 0.023977272727272722 0.05519230769230767
0 0.19614346590909093 0.24268269230769235 0.03276988636363643 0.038596153846153836
0 0.23960227272727264 0.21224038461538464 0.06789772727272729 0.07021153846153845
0 0.20137073863636357 0.2690576923076923 0.021264204545454583 0.05050000000000009
0 0.22002130681818177 0.2422884615384615 0.0249857954545455 0.0767692307692308
0 0.18104403409090897 0.23269230769230764 0.07012784090909091 0.07876923076923084
0 0.08592329545454547 0.3536442307692307 0.060426136363636314 0.0550576923076923
0 0.13331676136363635 0.3812596153846154 0.023196022727272624 0.03655769230769229
0 0.13395596590909098 0.3618461538461538 0.028167613636363695 0.02780769230769227
0 0.11790482954545456 0.34705769230769234 0.035014204545454675 0.0309999999999999
0 0.14842329545454547 0.7482115384615384 0.034829545454545426 0.0968846153846154
0 0.09302556818181817 0.37415384615384617 0.0643749999999999 0.02396153846153853
0 0.21457386363636355 0.3987115384615385 0.03923295454545455 0.04742307692307697
0 0.16012784090909093 0.33931730769230783 0.06278409090909097 0.04363461538461538
0 0.14741477272727266 0.35278846153846166 0.029715909090909032 0.028692307692307722
0 0.208984375 0.3808942307692308 0.026178977272727364 0.02513461538461548
0 0.11358664772727256 0.3955288461538461 0.034900568181818255 0.026365384615384575
0 0.3256960227272727 0.4876346153846154 0.021960227272727242 0.04503846153846151
0 0.3482102272727272 0.5023557692307693 0.027045454545454574 0.05705769230769234
0 0.3355539772727273 0.5258557692307693 0.03417613636363637 0.033480769230769224
0 0.2764204545454546 0.5508557692307692 0.029801136363636307 0.03809615384615385
0 0.12709517045454544 0.595576923076923 0.05498579545454551 0.058384615384615354
0 0.381328125 0.20281730769230777 0.02984374999999999 0.046673076923077
0 0.40724431818181817 0.20915384615384613 0.03335227272727275 0.036192307692307676
0 0.3795028409090909 0.3420000000000001 0.034772727272727295 0.05900000000000001
0 0.36000710227272725 0.2985769230769231 0.031207386363636402 0.04730769230769235
0 0.38035511363636365 0.26756730769230763 0.024204545454545482 0.031634615384615365
0 0.3878125 0.24260576923076915 0.02562500000000003 0.0365961538461539
0 0.35810369318181823 0.2743557692307692 0.0162073863636364 0.02455769230769238
0 0.39301846590909095 0.28763461538461543 0.03859374999999994 0.06453846153846154
0 0.42454545454545456 0.3691826923076924 0.02718749999999998 0.027634615384615393
0 0.42470170454545453 0.4017980769230769 0.02363636363636362 0.05021153846153849
0 0.44491477272727276 0.9499615384615384 0.09377840909090915 0.09353846153846154
0 0.4086363636363637 0.3593942307692307 0.0508238636363636 0.09782692307692309
0 0.3663707386363636 0.3380576923076922 0.020071022727272722 0.0381153846153846
0 0.3861008522727273 0.3828846153846154 0.01938920454545451 0.02780769230769227
0 0.3955610795454546 0.3760096153846153 0.016605113636363633 0.02467307692307689
0 0.3657244318181818 0.26628846153846164 0.013977272727272692 0.0196923076923076
0 0.6474289772727273 0.8755480769230769 0.05153409090909095 0.04617307692307692
0 0.6579971590909091 0.8652500000000001 0.059318181818181805 0.0778076923076923
0 0.623877840909091 0.8868461538461538 0.03559659090909091 0.0496923076923077
0 0.5736505681818183 0.8567211538461539 0.07303977272727274 0.03863461538461539
0 0.5664133522727273 0.8808076923076923 0.09342329545454543 0.029615384615384627
0 0.42183948863636367 0.1204615384615384 0.0204971590909091 0.03530769230769233
0 0.656690340909091 0.9365288461538461 0.035227272727272746 0.1179423076923077
0 0.167002840909091 0.5145673076923076 0.025198863636363648 0.05305769230769237
0 0.33022017045454544 0.3500384615384615 0.060014204545454544 0.08680769230769228
0 0.3198650568181818 0.27649999999999997 0.030838068181818234 0.060538461538461465
0 0.32442471590909083 0.3150576923076923 0.03362215909090911 0.04280769230769229
0 0.3384303977272727 0.29012499999999997 0.01921874999999996 0.09590384615384616
0 0.2992116477272727 0.5588846153846154 0.052031249999999994 0.03523076923076922
0 0.2535866477272727 0.571346153846154 0.03441761363636366 0.05580769230769233
0 0.3579332386363636 0.48097115384615385 0.041235795454545414 0.05736538461538464
0 0.3217897727272727 0.45306730769230774 0.046875 0.04740384615384622
0 0.6305042613636364 0.19050961538461542 0.024872159090909077 0.0449038461538462
0 0.2052059659090909 0.517625 0.02478693181818188 0.0317884615384616
0 0.2195667613636364 0.5330961538461538 0.031803977272727255 0.03680769230769233
0 0.2410724431818182 0.4616538461538461 0.08188920454545459 0.09146153846153847
0 0.14486505681818163 0.5295576923076923 0.021122159090909098 0.08096153846153845
0 0.21977272727272734 0.4241538461538461 0.05414772727272728 0.03161538461538461
0 0.23519886363636366 0.493923076923077 0.052954545454545414 0.05784615384615382
0 0.22079545454545457 0.549 0.03210227272727276 0.0610384615384615
0 0.26012073863636365 0.6034423076923077 0.07538352272727272 0.0869230769230769
0 0.20150568181818185 0.5521730769230769 0.02380681818181817 0.04296153846153847
0 0.2032741477272727 0.5752115384615385 0.07279829545454546 0.04549999999999999
0 0.4826349431818181 0.8848557692307693 0.019446022727272725 0.07544230769230768
0 0.17196732954545457 0.5531538461538461 0.03205965909090916 0.035153846153846154
0 0.15708096590909093 0.47425000000000006 0.03282670454545456 0.056499999999999995
0 0.19766335227272724 0.46379807692307695 0.06578124999999992 0.05559615384615379
0 0.18998579545454541 0.490625 0.027045454545454494 0.05975000000000004
0 0.762528409090909 0.11581730769230769 0.09326704545454545 0.08667307692307691
0 0.8045596590909091 0.03801923076923075 0.03593750000000002 0.07053846153846166
0 0.7720383522727272 0.062086538461538554 0.03796874999999999 0.04975000000000001
0 0.9534801136363636 0.03654807692307693 0.09238636363636363 0.07309615384615382
0 0.9185014204545454 0.06424038461538462 0.04998579545454545 0.06451923076923079
0 0.8946732954545454 0.051903846153846134 0.028494318181818187 0.04680769230769237
0 0.1800781250000001 0.4324230769230769 0.03066761363636368 0.046653846153846136
0 0.9237571022727273 0.024701923076922983 0.03200284090909091 0.04871153846153854
0 0.9187357954545454 0.02439423076923075 0.05232954545454545 0.04744230769230762
0 0.016818181818181732 0.3988173076923077 0.03363636363636357 0.024211538461538524
0 0.029893465909091033 0.4577788461538461 0.03217329545454542 0.12894230769230772
0 0.02819602272727273 0.5178557692307691 0.05639204545454552 0.09594230769230772
0 0.33438210227272724 0.5514711538461539 0.05169034090909097 0.03463461538461542
0 0.9590269886363636 0.3980961538461538 0.08146306818181819 0.06423076923076919
0 0.41782670454545456 0.22525961538461536 0.033636363636363645 0.07455769230769227
0 0.34880681818181813 0.22757692307692312 0.051732954545454485 0.06769230769230768
0 0.2614417613636365 0.6053846153846154 0.06475852272727277 0.0759230769230769
0 0.49419744318181813 0.8919519230769231 0.01353693181818186 0.020326923076923076
0 0.38022727272727275 0.17351923076923081 0.06664772727272722 0.05449999999999995
0 0.4317684659090909 0.17635576923076923 0.03799715909090909 0.08682692307692304
0 0.5144886363636363 0.915298076923077 0.046676136363636385 0.16821153846153847
0 0.215419034090909 0.364 0.044105113636363574 0.03980769230769229
0 0.9085227272727272 0.4287019230769231 0.022812500000000013 0.13948076923076919
0 0.1036860795454545 0.7897596153846154 0.04251420454545463 0.12721153846153846
0 0.3940838068181818 0.16026923076923083 0.06382102272727265 0.059269230769230755
0 0.6539985795454546 0.1626923076923077 0.03038352272727275 0.10757692307692307
0 0.06626420454545467 0.8616057692307693 0.03857954545454541 0.16294230769230766
0 0.3372727272727273 0.18334615384615383 0.060482954545454604 0.04207692307692307
0 0.660965909090909 0.3636634615384615 0.07795454545454544 0.11294230769230773
0 0.49019886363636367 0.9662596153846154 0.017528409090909056 0.06736538461538462
0 0.014843750000000044 0.8054038461538462 0.029687499999999967 0.04607692307692309
0 0.41843039772727275 0.7115384615384616 0.05078125 0.1266923076923077
0 0.6334730113636363 0.8179711538461538 0.09322443181818185 0.08740384615384614
0 0.46970880681818183 0.8308173076923078 0.04723011363636364 0.12417307692307694
0 0.4634303977272727 0.8488557692307692 0.04424715909090906 0.04155769230769231
0 0.43154119318181816 0.8959615384615385 0.0628835227272727 0.05234615384615383
0 0.030596590909090837 0.7333461538461539 0.061193181818181876 0.16599999999999998
0 0.08114346590909094 0.749951923076923 0.06410511363636379 0.08344230769230769
0 0.2479616477272728 0.5163461538461538 0.03643465909090906 0.06446153846153843
0 0.29027698863636364 0.352 0.04291193181818179 0.07949999999999995
0 0.6022159090909092 0.16608653846153842 0.0341477272727273 0.0330192307692308
0 0.9579971590909091 0.30128846153846156 0.08400568181818181 0.1189615384615385
0 0.4370525568181818 0.01033653846153848 0.055241477272727255 0.020673076923076922
0 0.12924005681818163 0.1860384615384616 0.052031249999999994 0.04523076923076919
0 0.4305681818181818 0.8451923076923077 0.109375 0.13696153846153847
0 0.23482954545454537 0.6762307692307692 0.12116477272727283 0.035961538461538496
0 0.29682528409090914 0.3548173076923077 0.056434659090909035 0.0484807692307693
0 0.2689985795454546 0.7009134615384616 0.019446022727272805 0.03344230769230767
0 0.2821448863636363 0.6495961538461539 0.06508522727272727 0.04369230769230769
0 0.6917258522727272 0.2846826923076923 0.04129261363636363 0.14001923076923078
0 0.23522017045454546 0.6988942307692307 0.055525568181818225 0.05394230769230766
0 0.2770170454545454 0.6990192307692308 0.05133522727272717 0.05734615384615383
0 0.29892755681818184 0.30064423076923086 0.0171732954545455 0.03863461538461534
0 0.297450284090909 0.24381730769230758 0.05393465909090913 0.08332692307692305
0 0.235752840909091 0.3408173076923078 0.04517045454545448 0.039480769230769285
0 0.2593181818181818 0.7639423076923078 0.13085227272727273 0.19973076923076927
0 0.1983380681818182 0.14926923076923082 0.03531249999999986 0.06453846153846154
0 0.07499999999999996 0.2558173076923076 0.07767045454545447 0.08317307692307692
0 0.3386363636363636 0.610798076923077 0.0777840909090909 0.09901923076923079
0 0.07658380681818178 0.13804807692307686 0.03455965909090915 0.060480769230769206
0 0.05785511363636364 0.13748076923076924 0.032215909090909184 0.07630769230769233
0 0.0793892045454545 0.22891346153846148 0.03630681818181811 0.059942307692307725
0 0.5154119318181818 0.1166442307692307 0.0689204545454546 0.07417307692307691
0 0.6158025568181817 0.13901923076923073 0.022230113636363683 0.06984615384615384
0 0.4888139204545454 0.7109711538461538 0.06475852272727277 0.2445576923076923
0 0.2393323863636364 0.3312788461538462 0.04076704545454552 0.02513461538461537
0 0.39437500000000003 0.45970192307692315 0.06017045454545456 0.04686538461538462
0 0.7441832386363636 0.25313461538461535 0.0833380681818182 0.09334615384615377
0 0.16165482954545463 0.6944903846153846 0.032343750000000136 0.04201923076923076
0 0.4373934659090909 0.3479423076923076 0.037713068181818195 0.05684615384615385
0 0.5694744318181817 0.8323365384615384 0.09318181818181813 0.05648076923076924
0 0.78828125 0.3775288461538463 0.03312500000000003 0.17559615384615385
0 0.45918323863636357 0.2836826923076923 0.07822443181818181 0.07640384615384618
0 0.2514346590909091 0.29856730769230766 0.06522727272727283 0.0449038461538462
0 0.2818323863636363 0.2931730769230769 0.021676136363636432 0.0410769230769231
0 0.45596590909090906 0.2602596153846154 0.03619318181818185 0.0586346153846154
0 0.263671875 0.3285096153846153 0.04075284090909099 0.07782692307692313
0 0.49286931818181823 0.4857403846153846 0.06357954545454544 0.0927884615384616
0 0.13091619318181813 0.2351826923076923 0.042940340909090935 0.0550576923076923
0 0.4476136363636364 0.48124038461538465 0.03943181818181817 0.040942307692307625
0 0.03821022727272727 0.09614423076923073 0.07642045454545449 0.043096153846153784
0 0.45408380681818183 0.3837307692307692 0.037286931818181816 0.06526923076923076
0 0.19348011363636364 0.5991153846153846 0.03823863636363631 0.06873076923076925
0 0.8547230113636364 0.7975288461538461 0.059843750000000015 0.029134615384615394
0 0.16057528409090915 0.5997596153846154 0.05453124999999998 0.03774999999999999
0 0.15570312500000005 0.06825000000000003 0.07606534090909084 0.05553846153846153
0 0.264481534090909 0.3791730769230769 0.07552556818181812 0.027038461538461542
0 0.07853693181818178 0.3984326923076923 0.031221590909090935 0.11421153846153843
0 0.24492187499999996 0.08069230769230773 0.0605255681818182 0.1613846153846154
0 0.10291193181818192 0.20204807692307702 0.0702556818181817 0.036173076923076926
0 0.4592897727272728 0.10800961538461529 0.049204545454545515 0.0794807692307692
0 0.48151278409090914 0.16037499999999993 0.04004261363636363 0.05559615384615389
0 0.5997727272727273 0.044471153846153855 0.08448863636363635 0.0889423076923077
0 0.5604048295454545 0.10478846153846155 0.05666193181818188 0.03353846153846153
0 0.5650213068181817 0.12247115384615381 0.026605113636363583 0.04305769230769228
0 0.15311079545454542 0.12356730769230773 0.05551136363636369 0.045480769230769186
0 0.425546875 0.4748365384615385 0.060014204545454544 0.10136538461538463
0 0.4892684659090909 0.41603846153846147 0.09603693181818183 0.07092307692307691
