0 0.7507883522727272 0.9782115384615384 0.047116477272727254 0.043576923076923076
0 0.9419744318181819 0.6318846153846154 0.02076704545454545 0.029692307692307688
0 0.2422301136363636 0.42236538461538464 0.043465909090909124 0.0678846153846153
0 0.5911150568181818 0.3791057692307692 0.06774147727272727 0.07794230769230764
0 0.9266761363636363 0.10293269230769231 0.06730113636363637 0.06378846153846157
0 0.8759446022727273 0.12228846153846151 0.06109375000000001 0.05673076923076923
0 0.2928196022727273 0.9277211538461538 0.029446022727272755 0.07263461538461538
0 0.13029119318181803 0.6739903846153846 0.027116477272727316 0.048403846153846186
0 0.22963778409090907 0.21687499999999993 0.03450284090909086 0.05363461538461547
0 0.6659232954545455 0.1644134615384616 0.03596590909090908 0.05482692307692306
0 0.7594105113636364 0.6435 0.032940340909090905 0.04676923076923076
0 0.889453125 0.8446538461538462 0.043082386363636364 0.051038461538461526
0 0.6800426136363636 0.5675865384615384 0.033295454545454545 0.041750000000000016
0 0.43339488636363643 0.7506730769230769 0.015539772727272723 0.01934615384615385
0 0.4611292613636363 0.8073846153846154 0.043082386363636344 0.06561538461538463
0 0.6861576704545455 0.611 0.02987215909090909 0.05038461538461536
0 0.7479545454545455 0.7759615384615385 0.03818181818181818 0.06361538461538462
0 0.5821661931818183 0.4875576923076923 0.051463068181818124 0.08684615384615389
0 0.1121875 0.36077884615384614 0.04798295454545451 0.07290384615384621
0 0.6106605113636363 0.20977884615384623 0.018110795454545456 0.02321153846153845
0 0.12498579545454547 0.5847307692307693 0.03866477272727276 0.03911538461538462
0 0.7863494318181818 0.011798076923076883 0.046988636363636344 0.023596153846153812
0 0.49502840909090906 0.9135865384615385 0.05630681818181816 0.06428846153846154
0 0.8955326704545454 0.7680288461538461 0.04404829545454545 0.06794230769230769
0 0.9303338068181818 0.8264230769230769 0.023991477272727272 0.06496153846153846
0 0.2924715909090909 0.6830576923076923 0.04480113636363639 0.06319230769230771
0 0.468359375 0.6239230769230769 0.01728693181818184 0.027153846153846164
0 0.5047798295454546 0.5049711538461539 0.027968749999999997 0.02878846153846148
0 0.9685085227272727 0.7942788461538461 0.06119318181818181 0.07886538461538463
0 0.4750994318181818 0.956798076923077 0.0552272727272728 0.07317307692307694
0 0.34584517045454544 0.9240288461538462 0.03427556818181818 0.04459615384615385
0 0.7986363636363636 0.6568557692307693 0.06005681818181818 0.10278846153846152
0 0.8806818181818181 0.4325096153846153 0.027414772727272742 0.034980769230769225
0 0.857840909090909 0.5305384615384615 0.05639204545454546 0.05884615384615389
0 0.2575781250000001 0.553048076923077 0.041008522727272734 0.08748076923076925
0 0.8762571022727272 0.17094230769230767 0.034303977272727264 0.048961538461538424
0 0.32579545454545455 0.6464711538461538 0.03838068181818179 0.08590384615384614
0 0.4956818181818182 0.6038942307692308 0.025823863636363645 0.018326923076923077
0 0.1500071022727273 0.9881153846153846 0.051860795454545444 0.023653846153846154
0 0.6705752840909092 0.13002884615384613 0.043252840909090894 0.04528846153846156
0 0.11597301136363636 0.9951634615384616 0.022372159090909092 0.009673076923076923
0 0.3408096590909091 0.06152884615384613 0.05835227272727279 0.08271153846153845
0 0.4986860795454545 0.4740288461538462 0.031065340909090914 0.04705769230769236
0 0.06134232954545449 0.6185288461538461 0.04944602272727281 0.06428846153846156
0 0.08602982954545457 0.27984615384615386 0.08316761363636373 0.0666538461538462
0 0.24642755681818185 0.24969230769230777 0.03262784090909095 0.06500000000000002
0 0.7528338068181818 0.6172980769230769 0.07632102272727276 0.08151923076923075
0 0.10995028409090901 0.9663557692307693 0.03876420454545449 0.050173076923076924
0 0.4250284090909091 0.690076923076923 0.03448863636363641 0.07761538461538464
0 0.9163707386363636 0.835701923076923 0.028394886363636365 0.04109615384615385
0 0.06815340909090917 0.47926923076923067 0.03889204545454545 0.05938461538461543
0 0.32188920454545455 0.9095576923076923 0.039346590909090894 0.06288461538461539
0 0.29049005681818185 0.03879807692307691 0.0391051136363636 0.05463461538461532
0 0.5308948863636364 0.16019230769230774 0.0363636363636364 0.038499999999999965
0 0.9223934659090909 0.25302884615384613 0.03720170454545455 0.04717307692307687
0 0.23323153409090913 0.550923076923077 0.034076704545454556 0.08749999999999994
0 0.9673508522727273 0.7303365384615383 0.06529829545454545 0.0886346153846154
0 0.42955255681818183 0.7921442307692308 0.029872159090909133 0.052365384615384626
0 0.0506321022727273 0.38423076923076915 0.029872159090909053 0.042423076923076924
0 0.10680397727272739 0.318875 0.03329545454545446 0.0460961538461539
0 0.7910369318181818 0.6812307692307693 0.049005681818181816 0.07119230769230771
0 0.8165767045454546 0.934548076923077 0.033039772727272716 0.06694230769230769
0 0.7105610795454546 0.15437499999999993 0.05632102272727273 0.0497115384615384
0 0.08309659090909094 0.9688942307692308 0.03196022727272727 0.047865384615384615
0 0.739325284090909 0.6725192307692307 0.034559659090909106 0.058384615384615354
0 0.6067400568181818 0.09080769230769237 0.055326704545454526 0.07953846153846146
0 0.9750710227272728 0.9350288461538462 0.049857954545454546 0.05567307692307692
0 0.25612215909090896 0.6991730769230768 0.0316477272727274 0.06830769230769233
0 0.6383948863636364 0.012317307692307655 0.019545454545454533 0.024096153846153903
0 0.3295454545454546 0.9825865384615384 0.05190340909090904 0.034826923076923075
0 0.4981392045454546 0.4129903846153846 0.04960227272727267 0.07898076923076922
0 0.11371448863636369 0.52275 0.0410369318181818 0.06065384615384614
0 0.9675213068181818 0.9025576923076923 0.04063920454545455 0.042423076923076924
0 0.2825639204545455 0.4266057692307693 0.05600852272727266 0.07528846153846161
0 0.9892684659090909 0.9227980769230769 0.02146306818181818 0.05771153846153846
0 0.9300284090909091 0.46061538461538454 0.03446022727272727 0.04453846153846159
0 0.3930042613636363 0.0174423076923077 0.03007102272727275 0.03488461538461536
0 0.8688068181818182 0.5660673076923077 0.06735795454545453 0.057788461538461504
0 0.4323650568181818 0.9039807692307692 0.07882102272727275 0.09146153846153846
0 0.35552556818181813 0.5524134615384615 0.023892045454545444 0.036057692307692304
0 0.08677556818181809 0.13503846153846155 0.05812499999999994 0.06834615384615389
0 0.15485795454545448 0.2049423076923077 0.05048295454545449 0.0673076923076923
0 0.7671306818181818 0.6925576923076924 0.05139204545454546 0.051769230769230797
0 0.33536931818181825 0.04899038461538463 0.06383522727272727 0.08005769230769241
0 0.48453124999999997 0.6441153846153846 0.035085227272727254 0.02546153846153848
0 0.5586718749999999 0.5655673076923077 0.03580965909090914 0.06613461538461536
0 0.76890625 0.9252788461538461 0.04735795454545455 0.08532692307692308
0 0.94546875 0.18329807692307687 0.05875 0.06628846153846159
0 0.31484375 0.15940384615384617 0.02076704545454546 0.028346153846153865
0 0.7922159090909091 0.7983653846153846 0.05718749999999999 0.06415384615384616
0 0.6484588068181818 0.6868846153846153 0.03475852272727276 0.05765384615384613
0 0.3434730113636364 0.11462500000000009 0.03904829545454547 0.07859615384615386
0 0.7453622159090909 0.8348461538461538 0.055809659090909076 0.060307692307692305
0 0.3085298295454546 0.9603076923076923 0.04626420454545454 0.04492307692307692
0 0.7551349431818182 0.9183365384615385 0.05629261363636363 0.07621153846153847
0 0.44081676136363646 0.8339038461538462 0.04944602272727273 0.0536923076923077
0 0.6987428977272727 0.17104807692307689 0.04274147727272728 0.04971153846153851
0 0.6781605113636364 0.023596153846153767 0.03231534090909091 0.03315384615384617
0 0.38108664772727274 0.9276153846153846 0.018650568181818174 0.018999999999999993
0 0.3861008522727273 0.6998557692307692 0.052684659090909136 0.06059615384615388
0 0.3959517045454546 0.6158076923076923 0.032443181818181864 0.06815384615384615
0 0.8869602272727273 0.8040769230769231 0.03181818181818183 0.0323076923076923
0 0.5352769886363637 0.3890769230769232 0.06430397727272733 0.07653846153846156
0 0.7517258522727273 0.8775961538461539 0.04896306818181818 0.0715769230769231
0 0.9246022727272727 0.7750673076923077 0.05201704545454545 0.08367307692307693
0 0.4266619318181818 0.10254807692307688 0.04210227272727271 0.09809615384615383
0 0.5834659090909091 0.4353173076923077 0.05875000000000002 0.04667307692307689
0 0.8525639204545454 0.20987500000000003 0.04836647727272727 0.05917307692307689
0 0.9235653409090909 0.438875 0.0325 0.04136538461538471
0 0.40364346590909084 0.9917884615384616 0.04450284090909089 0.015692307692307693
0 0.07521306818181828 0.3432115384615385 0.03767045454545452 0.07219230769230774
0 0.04191051136363633 0.03536538461538463 0.054474431818181686 0.04296153846153841
0 0.5812784090909091 0.33616346153846155 0.04363636363636359 0.08936538461538467
0 0.29460937499999995 0.9932692307692308 0.01691761363636367 0.011884615384615384
0 0.39911931818181823 0.13449999999999995 0.05011363636363641 0.06784615384615379
0 0.04588778409090921 0.900875 0.016605113636363553 0.026288461538461542
0 0.8464488636363636 0.16648076923076927 0.03613636363636363 0.06073076923076931
0 0.4875355113636364 0.6205288461538462 0.03007102272727275 0.03663461538461535
0 0.8793678977272728 0.21854807692307687 0.041377840909090906 0.05917307692307689
0 0.3512428977272727 0.5934423076923077 0.05535511363636359 0.0607307692307692
0 0.6560511363636363 0.7379230769230769 0.05775568181818185 0.05103846153846155
0 0.7118607954545455 0.590125 0.03622159090909091 0.07224999999999998
0 0.09049715909090916 0.605201923076923 0.03230113636363638 0.06494230769230772
0 0.8197727272727273 0.9805576923076923 0.03230113636363636 0.038884615384615386
0 0.4185014204545454 0.6320192307692307 0.041946022727272686 0.05365384615384616
0 0.7873650568181818 0.968875 0.042514204545454556 0.06209615384615384
0 0.35367187499999997 0.9568461538461539 0.04151988636363639 0.04453846153846155
0 0.8554190340909091 0.39248076923076924 0.026235795454545453 0.034461538461538495
0 0.59890625 0.1620576923076923 0.06511363636363642 0.08549999999999996
0 0.0955965909090909 0.9938557692307692 0.020369318181818228 0.011634615384615384
0 0.4090198863636364 0.060336538461538414 0.045454545454545456 0.05048076923076923
0 0.5279900568181818 0.20215384615384613 0.04703125000000002 0.05169230769230768
0 0.8024715909090909 0.9106346153846154 0.03840909090909092 0.06311538461538463
0 0.503778409090909 0.17147115384615375 0.02943181818181814 0.06328846153846159
0 0.9143110795454545 0.8775384615384615 0.048252840909090905 0.04453846153846155
0 0.6886860795454546 0.05905769230769242 0.04944602272727273 0.05234615384615379
0 0.2186860795454546 0.2531538461538462 0.031235795454545467 0.06184615384615389
0 0.10413352272727261 0.6651634615384615 0.033011363636363485 0.0675576923076923
0 0.5426278409090909 0.33378846153846153 0.0523295454545455 0.08892307692307694
0 0.6551349431818182 0.847 0.03384943181818179 0.046653846153846136
0 0.26567471590909086 0.02405769230769228 0.04362215909090914 0.04811538461538458
