0 0.8091335227272727 0.4472788461538463 0.04886363636363635 0.09021153846153851
0 0.6444744318181819 0.4953653846153846 0.06673295454545448 0.1704615384615385
0 0.7017258522727272 0.7657884615384616 0.040838068181818184 0.05723076923076921
0 0.8831818181818182 0.2472788461538461 0.06886363636363636 0.11728846153846155
0 0.72484375 0.6723557692307692 0.05744318181818182 0.14625000000000002
0 0.05843750000000003 0.7677403846153846 0.06028409090909099 0.08367307692307693
0 0.6475355113636363 0.8220288461538462 0.05166193181818182 0.07190384615384615
0 0.6739062499999999 0.7814326923076923 0.018437499999999985 0.03178846153846154
0 0.2602982954545454 0.46887500000000004 0.07193181818181825 0.0929038461538461
0 0.6782457386363636 0.8242403846153846 0.08129261363636363 0.11151923076923077
0 0.2603267045454545 0.8281346153846154 0.07491477272727275 0.08903846153846154
0 0.9215838068181819 0.9453846153846154 0.07001420454545454 0.08596153846153846
0 0.9157883522727273 0.6317692307692307 0.14669034090909092 0.19223076923076923
0 0.8396803977272728 0.48086538461538464 0.11217329545454545 0.07719230769230767
0 0.11597301136363636 0.35686538461538464 0.025582386363636352 0.035576923076923075
0 0.34238636363636354 0.7526923076923078 0.07948863636363633 0.1657307692307692
0 0.6664985795454546 0.7777692307692308 0.0794744318181818 0.10857692307692307
0 0.3210227272727273 0.2288461538461538 0.11079545454545454 0.11538461538461539
0 0.1887642045454545 0.6943653846153846 0.06821022727272724 0.10842307692307691
0 0.17980113636363626 0.29056730769230776 0.06383522727272718 0.06832692307692313
0 0.13428977272727272 0.35951923076923076 0.013835227272727285 0.02276923076923083
0 0.41906960227272727 0.09843269230769236 0.10467329545454546 0.1098269230769231
0 0.8485866477272728 0.7667596153846155 0.04697443181818181 0.08071153846153849
0 0.6627272727272727 0.3638269230769231 0.07806818181818183 0.08807692307692298
0 0.6965127840909091 0.4411057692307693 0.08100852272727273 0.12444230769230777
0 0.1531392045454545 0.029365384615384627 0.03505681818181811 0.05788461538461532
0 0.2265411931818182 0.41348076923076926 0.05504261363636364 0.10134615384615382
0 0.7346022727272727 0.7427980769230769 0.05093750000000002 0.07875
0 0.7933167613636364 0.7711730769230769 0.0708096590909091 0.08657692307692307
0 0.5388352272727273 0.9358846153846154 0.09321022727272728 0.12769230769230772
0 0.5067187500000001 0.9248461538461539 0.060539772727272734 0.1503076923076923
0 0.04223011363636364 0.1734134615384616 0.05644886363636365 0.08798076923076924
0 0.10133522727272715 0.3372115384615385 0.05346590909090907 0.06365384615384609
0 0.15130681818181813 0.9592307692307692 0.07369318181818181 0.0635
0 0.8300568181818182 0.3542884615384616 0.16178977272727274 0.15488461538461543
0 0.8346732954545455 0.8408653846153846 0.085625 0.09976923076923076
0 0.42504261363636364 0.5246634615384616 0.05130681818181819 0.06344230769230771
0 0.9040980113636363 0.5552884615384616 0.07220170454545455 0.12280769230769234
0 0.02191051136363631 0.8419423076923077 0.04382102272727276 0.07792307692307693
0 0.15042613636363644 0.33564423076923067 0.02258522727272724 0.034942307692307724
0 0.5042045454545454 0.16421153846153846 0.053267045454545456 0.1000384615384615
0 0.5179119318181818 0.715798076923077 0.12696022727272727 0.07898076923076922
0 0.97546875 0.3806153846153846 0.0490625 0.09023076923076927
0 0.030042613636363624 0.12724038461538467 0.06008522727272721 0.06924999999999998
0 0.037137784090909065 0.9359423076923077 0.07427556818181813 0.11007692307692309
0 0.8204261363636364 0.5342403846153847 0.0921875 0.06967307692307691
0 0.7766903409090908 0.6581826923076923 0.06286931818181817 0.09244230769230768
0 0.9555610795454546 0.25604807692307685 0.08848011363636364 0.09675
0 0.13037642045454545 0.3337692307692308 0.02166193181818182 0.030576923076923033
0 0.9450071022727272 0.17936538461538454 0.039247159090909096 0.04861538461538467
0 0.20566761363636354 0.6360288461538461 0.08008522727272727 0.09894230769230772
0 0.9177982954545454 0.4853653846153846 0.04480113636363636 0.0491153846153846
0 0.0255610795454545 0.9171730769230769 0.05112215909090911 0.10553846153846154
0 0.6761931818181819 0.08782692307692297 0.055454545454545444 0.08446153846153849
0 0.2680894886363636 0.911 0.10870738636363632 0.10388461538461541
0 0.8839275568181818 0.15429807692307695 0.08737215909090909 0.12482692307692313
0 0.4829545454545454 0.4769230769230769 0.07102272727272728 0.11538461538461539
0 0.9581534090909091 0.4450192307692308 0.056647727272727266 0.058653846153846154
0 0.3415838068181819 0.5011730769230769 0.06936079545454543 0.09984615384615388
0 0.48238636363636367 0.26659615384615387 0.10761363636363636 0.17215384615384613
0 0.08599431818181813 0.8753365384615385 0.08375000000000005 0.09771153846153846
0 0.0995454545454546 0.9767307692307692 0.04931818181818186 0.046538461538461535
0 0.9887428977272728 0.9524615384615385 0.022514204545454546 0.06119230769230769
0 0.20125000000000004 0.8380288461538461 0.06028409090909082 0.12367307692307693
0 0.7101207386363637 0.08086538461538462 0.0407244318181818 0.16173076923076926
0 0.4432883522727272 0.5800961538461539 0.0562357954545455 0.062115384615384635
0 0.6413210227272728 0.5300288461538462 0.035255681818181846 0.059096153846153826
0 0.21753551136363636 0.959 0.030752840909090876 0.082
0 0.08279829545454542 0.7928846153846154 0.09562500000000007 0.08038461538461537
0 0.1476633522727272 0.3613846153846153 0.013366477272727228 0.02465384615384614
0 0.49502840909090906 0.3798076923076923 0.046875 0.08653846153846154
0 0.029673295454545445 0.7559903846153846 0.05934659090909087 0.10801923076923077
0 0.9146519886363637 0.4365 0.03776988636363636 0.06065384615384619
0 0.6190767045454546 0.557298076923077 0.04869318181818182 0.07955769230769226
0 0.5447443181818181 0.49903846153846154 0.032670454545454544 0.17884615384615385
0 0.8776704545454546 0.7207788461538462 0.05744318181818182 0.11494230769230772
0 0.5889204545454545 0.6681057692307693 0.015056818181818133 0.022365384615384606
0 0.1659090909090909 0.01768269230769226 0.01926136363636372 0.03536538461538459
0 0.6106889204545455 0.5200865384615385 0.0453267045454545 0.06305769230769229
0 0.45494318181818183 0.10694230769230773 0.057017045454545515 0.19861538461538455
0 0.08813210227272739 0.6123173076923076 0.08495738636363645 0.1455192307692308
0 0.76265625 0.03648076923076926 0.07630681818181818 0.07296153846153845
0 0.9483451704545455 0.48286538461538464 0.018508522727272728 0.024076923076923152
0 0.13760653409090906 0.6131442307692307 0.06333806818181807 0.1298653846153846
0 0.3554900568181818 0.04006730769230771 0.10921874999999998 0.08013461538461542
0 0.9665838068181818 0.5109326923076923 0.06683238636363636 0.08821153846153847
0 0.44450994318181813 0.024307692307692252 0.10521306818181825 0.047115384615384615
0 0.17796164772727263 0.36076923076923084 0.05461647727272734 0.10015384615384612
