0 0.5911789772727273 0.7027692307692308 0.037215909090909154 0.07419230769230767
0 0.9832315340909091 0.8452211538461538 0.03353693181818182 0.03898076923076925
0 0.6904758522727272 0.9465 0.039190340909090876 0.08107692307692307
0 0.5431605113636364 0.4826346153846154 0.025553977272727287 0.047076923076923
0 0.7130539772727273 0.28084615384615386 0.05485795454545455 0.08507692307692309
0 0.18939630681818187 0.23194230769230773 0.12103693181818187 0.08592307692307694
0 0.6777272727272727 0.4964615384615384 0.0931534090909091 0.0815769230769231
0 0.21536221590909088 0.29893269230769226 0.06788352272727267 0.06728846153846156
0 0.1848153409090909 0.16020192307692305 0.05954545454545465 0.09832692307692306
0 0.8368536931818182 0.05035576923076923 0.08708806818181816 0.03444230769230763
0 0.5888991477272727 0.7793173076923077 0.04930397727272724 0.09294230769230766
0 0.41254971590909095 0.9304134615384615 0.04669034090909092 0.049480769230769224
0 0.45071022727272725 0.9590096153846154 0.09872159090909091 0.03401923076923077
0 0.560653409090909 0.20906730769230775 0.07727272727272724 0.09051923076923075
0 0.992606534090909 0.7085576923076923 0.014786931818181819 0.0713846153846154
0 0.4371803977272727 0.316923076923077 0.07782670454545458 0.05269230769230765
0 0.3694176136363636 0.8836923076923077 0.023551136363636423 0.040423076923076916
0 0.6740269886363637 0.1747884615384615 0.019673295454545447 0.026384615384615437
0 0.7182102272727273 0.39484615384615385 0.05602272727272727 0.09992307692307699
0 0.8908309659090909 0.22406730769230765 0.06617897727272727 0.15198076923076917
0 0.8418039772727273 0.10875961538461543 0.05536931818181821 0.09401923076923074
0 0.9771164772727273 0.8178846153846153 0.045767045454545456 0.05534615384615385
0 0.32090198863636354 0.7022980769230769 0.07916193181818176 0.13021153846153846
0 0.8261931818181818 0.3333942307692308 0.057642045454545474 0.15525000000000003
0 0.6130752840909091 0.4225096153846154 0.06211647727272726 0.1252884615384615
0 0.6274715909090909 0.32054807692307696 0.1057386363636364 0.150326923076923
0 0.9841335227272727 0.10922115384615372 0.03173295454545454 0.05325
0 0.6505539772727273 0.38011538461538463 0.03142045454545455 0.04903846153846154
0 0.6468607954545454 0.41902884615384617 0.04411931818181814 0.0806730769230769
0 0.6850142045454546 0.4257596153846154 0.054971590909090894 0.06375000000000007
0 0.28001420454545456 0.2611730769230769 0.06281250000000003 0.08415384615384613
0 0.776534090909091 0.8750769230769231 0.08747159090909093 0.0998076923076923
0 0.08448153409090897 0.5148365384615385 0.06873579545454543 0.0499807692307692
0 0.5325639204545454 0.7717403846153846 0.06865056818181815 0.1200192307692308
0 0.028082386363636358 0.07534615384615384 0.056107954545454544 0.1506923076923077
0 0.5804119318181818 0.31626923076923075 0.06522727272727274 0.1273846153846154
0 0.12730823863636365 0.5351057692307692 0.0745596590909091 0.04925000000000002
0 0.8271875 0.7306826923076923 0.06062500000000001 0.060596153846153855
0 0.6188494318181817 0.21879807692307685 0.06982954545454549 0.16628846153846147
0 0.09673295454545461 0.3622596153846154 0.034545454545454456 0.0949423076923077
0 0.46105823863636364 0.384375 0.0595596590909091 0.12213461538461537
0 0.06093039772727271 0.9006442307692307 0.12186079545454541 0.032019230769230765
0 0.9824644886363636 0.902298076923077 0.03498579545454545 0.08532692307692306
0 0.5784588068181818 0.8758173076923077 0.054303977272727295 0.06890384615384615
0 0.43847301136363637 0.2216538461538461 0.03964488636363632 0.09603846153846153
0 0.6211576704545454 0.9190865384615384 0.08282670454545454 0.05382692307692308
0 0.27346590909090907 0.3218557692307692 0.06542613636363637 0.13994230769230764
0 0.7636789772727273 0.18149038461538458 0.07928977272727272 0.03621153846153854
0 0.14393465909090897 0.5919615384615384 0.05389204545454537 0.06688461538461539
0 0.688778409090909 0.5960192307692308 0.06355113636363638 0.075
0 0.24288352272727276 0.7142788461538462 0.09755681818181819 0.10798076923076924
0 0.10620028409090909 0.6089807692307693 0.09970170454545463 0.08876923076923077
0 0.9458309659090909 0.7891346153846154 0.03191761363636363 0.05657692307692308
0 0.1434161931818182 0.7673846153846153 0.09515625000000001 0.07796153846153844
0 0.47457386363636367 0.4812980769230769 0.09863636363636363 0.06021153846153847
0 0.5031818181818182 0.8303461538461538 0.04633522727272728 0.16996153846153844
0 0.9075 0.8623942307692307 0.05860795454545454 0.054711538461538464
0 0.7121022727272728 0.6938942307692307 0.09269886363636362 0.054480769230769256
0 0.5329545454545455 0.9778269230769231 0.04647727272727276 0.043730769230769226
0 0.3434730113636364 0.17039423076923077 0.06805397727272723 0.1062884615384615
0 0.7536363636363637 0.4768461538461539 0.03749999999999997 0.04238461538461542
0 0.3915624999999999 0.3731153846153846 0.027187500000000062 0.04523076923076919
0 0.5059374999999999 0.38676923076923075 0.05031249999999994 0.062230769230769256
0 0.33921875 0.25940384615384615 0.06999999999999997 0.09123076923076923
0 0.6271875 0.5993653846153846 0.06602272727272726 0.10488461538461537
0 0.027059659090909016 0.5289903846153846 0.05411931818181821 0.04005769230769233
0 0.9830397727272727 0.5732692307692308 0.033920454545454545 0.0607307692307692
0 0.0955113636363637 0.3970769230769231 0.12335227272727262 0.09076923076923074
0 0.18165482954545453 0.5557884615384615 0.05029829545454557 0.12099999999999998
0 0.38243607954545455 0.9588076923076922 0.04330965909090911 0.06046153846153846
0 0.6894247159090909 0.7912884615384616 0.051065340909090935 0.12265384615384613
0 0.015482954545454564 0.5975961538461538 0.030142045454545494 0.11349999999999996
0 0.3505681818181817 0.5005865384615384 0.04218749999999998 0.10651923076923074
0 0.7949502840909091 0.47151923076923075 0.1161505681818182 0.14680769230769236
0 0.3784801136363636 0.6367115384615385 0.0647727272727273 0.1922692307692308
0 0.42800426136363634 0.114201923076923 0.06495738636363639 0.042134615384615326
0 0.8492897727272728 0.6326153846153846 0.040227272727272737 0.09200000000000001
0 0.27943892045454544 0.8133653846153847 0.04873579545454538 0.08853846153846152
0 0.22635653409090917 0.14558653846153846 0.05365056818181815 0.1293269230769231
0 0.8835227272727273 0.7758173076923077 0.0675 0.0595192307692308
0 0.3365625 0.8940192307692307 0.06309659090909085 0.11388461538461538
0 0.43680397727272724 0.08213461538461542 0.06630681818181819 0.03480769230769224
0 0.9727840909090909 0.43365384615384617 0.054431818181818185 0.05388461538461535
0 0.27166193181818177 0.9379615384615385 0.06909090909090915 0.12407692307692307
0 0.061889204545454435 0.16703846153846158 0.06673295454545441 0.0928461538461538
0 0.7698437499999999 0.08070192307692314 0.0660227272727273 0.05536538461538466
0 0.6995880681818182 0.2278365384615385 0.04090909090909089 0.0682115384615384
0 0.22107954545454545 0.8436826923076923 0.0746022727272727 0.0840576923076923
0 0.043323863636363646 0.3557403846153846 0.0817329545454545 0.05898076923076926
0 0.16571022727272722 0.6293557692307692 0.09477272727272731 0.09182692307692308
0 0.25293323863636374 0.3510384615384615 0.04848011363636363 0.06646153846153846
0 0.5336292613636364 0.3821442307692309 0.05828124999999996 0.15778846153846157
0 0.876328125 0.9130384615384616 0.04907670454545454 0.07942307692307693
0 0.18493607954545466 0.8309807692307692 0.05575284090909091 0.07549999999999998
0 0.25711647727272724 0.04327884615384614 0.09028409090909091 0.08590384615384618
0 0.9153125 0.8194615384615385 0.04443181818181819 0.06842307692307692
0 0.8137926136363636 0.3258365384615385 0.06755681818181819 0.0847500000000001
0 0.624893465909091 0.8574903846153846 0.038224431818181775 0.06740384615384615
0 0.9792613636363636 0.7726346153846154 0.041477272727272724 0.06342307692307693
0 0.9199786931818181 0.9722211538461538 0.07515625000000002 0.05555769230769231
0 0.16355113636363638 0.028221153846153757 0.10860795454545459 0.05578846153846163
0 0.39796875 0.7920096153846155 0.046732954545454515 0.05125000000000001
0 0.42525568181818185 0.46778846153846154 0.07982954545454551 0.12426923076923078
0 0.74125 0.6394326923076923 0.035568181818181846 0.09078846153846155
0 0.38449573863636366 0.536875 0.05302556818181824 0.07255769230769228
0 0.9205610795454545 0.01882692307692302 0.06186079545454546 0.03765384615384612
0 0.9879190340909091 0.878375 0.023906250000000004 0.07036538461538462
0 0.9144957386363637 0.5796442307692308 0.054502840909090904 0.1693653846153846
0 0.8695880681818182 0.646798076923077 0.06926136363636362 0.11009615384615384
0 0.5041548295454545 0.026211538461538453 0.07302556818181814 0.052307692307692395
0 0.4707883522727273 0.1145576923076923 0.044815340909090846 0.10934615384615387
0 0.0505468750000001 0.6562019230769232 0.054247159090909006 0.11051923076923077
0 0.07490056818181823 0.047701923076923114 0.08832386363636373 0.04517307692307694
0 0.23303267045454557 0.9187980769230769 0.05992897727272719 0.08113461538461537
0 0.013565340909090895 0.3498461538461538 0.026306818181818157 0.11646153846153846
0 0.7809303977272728 0.5232019230769231 0.056548295454545455 0.06836538461538458
0 0.9549289772727273 0.5702692307692308 0.08176136363636363 0.13973076923076927
0 0.4870809659090909 0.2788942307692307 0.03467329545454549 0.10009615384615386
0 0.8961505681818182 0.9390000000000001 0.06522727272727272 0.122
0 0.286484375 0.8715288461538462 0.05771306818181818 0.04859615384615384
0 0.07260653409090911 0.09863461538461538 0.07720170454545441 0.05315384615384613
0 0.4215767045454545 0.05144230769230773 0.14005681818181814 0.09984615384615388
0 0.6228196022727273 0.9348846153846154 0.06654829545454541 0.05826923076923076
0 0.1485866477272727 0.2636442307692308 0.09276988636363628 0.1407115384615385
0 0.6415553977272728 0.6062788461538462 0.09035511363636362 0.12709615384615386
0 0.8928409090909091 0.5459038461538461 0.03670454545454545 0.11315384615384616
0 0.034119318181818126 0.40585576923076916 0.05534090909090914 0.0919807692307692
0 0.776328125 0.9902596153846154 0.08569602272727272 0.019480769230769232
0 0.11507102272727276 0.9724903846153846 0.06338068181818182 0.055019230769230765
0 0.4235440340909091 0.9796634615384615 0.03671875000000003 0.04067307692307692
0 0.49919034090909087 0.22840384615384612 0.14786931818181823 0.15853846153846154
0 0.5606036931818181 0.9337788461538462 0.04794034090909091 0.10663461538461538
0 0.665205965909091 0.20850961538461543 0.03274147727272729 0.058173076923076925
0 0.4000639204545454 0.17702884615384618 0.052997159090909095 0.06821153846153852
0 0.011250000000000093 0.8605192307692308 0.022500000000000044 0.0755
0 0.10710227272727268 0.5688653846153846 0.10687500000000001 0.047423076923076915
0 0.40769886363636365 0.2494615384615385 0.08372159090909091 0.11096153846153844
0 0.32746448863636357 0.9542115384615385 0.05705965909090911 0.09126923076923077
0 0.014730113636363673 0.4429423076923078 0.029460227272727287 0.07269230769230771
0 0.7956321022727273 0.024307692307692252 0.02776988636363638 0.0482307692307692
0 0.7812571022727273 0.40640384615384617 0.05950284090909089 0.15188461538461542
0 0.9743963068181818 0.9717307692307693 0.05120738636363636 0.05653846153846154
0 0.5703622159090909 0.4204423076923077 0.05805397727272728 0.08653846153846154
0 0.5105610795454545 0.6923173076923077 0.07569602272727267 0.1454038461538462
0 0.8025 0.6174326923076923 0.049886363636363625 0.11063461538461539
0 0.9484872159090909 0.8658846153846154 0.04535511363636363 0.053846153846153835
0 0.14948153409090914 0.15931730769230779 0.056917613636363544 0.0770576923076923
0 0.10205255681818182 0.1548942307692307 0.08504261363636365 0.07175000000000001
0 0.887109375 0.8833269230769231 0.05319602272727273 0.05403846153846154
0 0.755 0.151625 0.0563068181818182 0.04001923076923077
0 0.9405752840909091 0.055288461538461564 0.0635653409090909 0.07311538461538458
0 0.7614133522727273 0.2973076923076924 0.0458664772727273 0.09315384615384614
0 0.6944389204545454 0.2014134615384615 0.04242897727272728 0.06686538461538458
0 0.4281036931818182 0.760375 0.04626420454545454 0.04998076923076922
0 0.030461647727272667 0.8100576923076923 0.060440340909091006 0.17315384615384613
0 0.5589701704545454 0.7030480769230769 0.08450284090909092 0.13586538461538464
0 0.7202485795454545 0.8071538461538461 0.0530255681818182 0.11742307692307692
0 0.33859375 0.5700576923076923 0.05701704545454544 0.08180769230769229
0 0.779921875 0.5942980769230769 0.06765624999999999 0.10117307692307695
0 0.24893465909090906 0.6274423076923077 0.08832386363636364 0.09919230769230772
0 0.3961434659090909 0.8390576923076923 0.036150568181818166 0.06634615384615385
0 0.1455823863636364 0.3043461538461538 0.08846590909090905 0.0755769230769231
0 0.6902414772727272 0.6745576923076922 0.07230113636363637 0.09630769230769233
0 0.6739133522727272 0.863201923076923 0.0722869318181818 0.09471153846153847
0 0.45470170454545455 0.7213365384615384 0.06542613636363637 0.05844230769230767
0 0.6399289772727272 0.9736442307692308 0.10786931818181814 0.05228846153846154
0 0.7590340909090909 0.5380096153846153 0.07928977272727276 0.12628846153846152
0 0.028877840909090846 0.5035480769230769 0.057755681818181775 0.06532692307692307
0 0.19708096590909097 0.7222019230769231 0.0777414772727273 0.2041346153846154
0 0.5241761363636364 0.43806730769230773 0.2502840909090909 0.34271153846153846
0 0.9787571022727273 0.23188461538461547 0.04248579545454546 0.13669230769230767
0 0.36203125 0.9133173076923077 0.0663636363636364 0.07148076923076924
0 0.267578125 0.547278846153846 0.07589488636363638 0.10363461538461541
0 0.13126420454545462 0.8660384615384615 0.08497159090909098 0.09888461538461539
0 0.8063565340909091 0.24612500000000004 0.07623579545454545 0.10825000000000004
0 0.7289417613636364 0.8336634615384615 0.041491477272727284 0.07828846153846153
0 0.9686434659090909 0.6555673076923076 0.06271306818181818 0.07925000000000001
0 0.514815340909091 0.2009519230769231 0.0539204545454546 0.06678846153846157
0 0.3753693181818182 0.4562115384615385 0.06897727272727273 0.10573076923076921
0 0.19360795454545443 0.972173076923077 0.09934659090909083 0.0555
0 0.18602982954545444 0.47332692307692303 0.06302556818181819 0.1270769230769231
0 0.5070383522727273 0.6371923076923077 0.07197443181818185 0.08326923076923079
0 0.04478693181818183 0.9476153846153846 0.08951704545454543 0.08326923076923076
0 0.3205752840909091 0.76075 0.07458806818181817 0.12134615384615387
0 0.8686505681818182 0.423125 0.0584375 0.11986538461538458
0 0.4900639204545455 0.03945192307692302 0.07953125000000001 0.0789038461538461
0 0.23865767045454545 0.4960096153846154 0.07575284090909089 0.15975000000000003
0 0.6090269886363636 0.06424999999999992 0.0710653409090909 0.06353846153846157
0 0.83328125 0.556903846153846 0.041278409090909095 0.10626923076923081
0 0.4069389204545455 0.7213365384615384 0.04973011363636362 0.06732692307692306
0 0.6567045454545455 0.24244230769230768 0.034914772727272746 0.07423076923076928
0 0.644765625 0.9417115384615384 0.06552556818181814 0.08815384615384615
0 0.3674431818181818 0.12015384615384617 0.13329545454545458 0.10719230769230771
0 0.6206178977272727 0.939125 0.12924715909090906 0.12175000000000001
0 0.6007670454545455 0.16983653846153846 0.060426136363636314 0.09655769230769237
0 0.329502840909091 0.8282403846153846 0.04693181818181821 0.07444230769230771
0 0.4168963068181818 0.8954423076923077 0.0687642045454545 0.053038461538461534
0 0.9098153409090909 0.10896153846153844 0.07997159090909091 0.07865384615384621
0 0.858203125 0.1421730769230768 0.05376420454545454 0.09915384615384616
0 0.6944318181818181 0.12230769230769234 0.09110795454545452 0.13842307692307684
0 0.1818749999999999 0.07250961538461542 0.06934659090909098 0.07175000000000001
0 0.7738352272727272 0.6949903846153846 0.043039772727272746 0.12174999999999998
0 0.5594105113636363 0.8430769230769231 0.04666193181818185 0.0846153846153846
0 0.7608877840909091 0.8355576923076924 0.05876420454545455 0.08207692307692306
0 0.5290411931818182 0.8537980769230769 0.038735795454545426 0.08459615384615383
0 0.9786647727272727 0.025211538461538452 0.04207386363636363 0.049961538461538495
0 0.6619247159090909 0.3689807692307693 0.044389204545454544 0.08846153846153847
0 0.10182528409090896 0.9790576923076924 0.04396306818181808 0.04188461538461539
0 0.8264843749999999 0.8132115384615385 0.061946022727272745 0.048153846153846165
0 0.5547585227272727 0.03146153846153854 0.0664488636363636 0.054730769230769194
0 0.753515625 0.03400000000000014 0.08112215909090911 0.06773076923076918
0 0.8869815340909091 0.7055 0.06115056818181819 0.09438461538461541
0 0.45575284090909096 0.16183653846153845 0.05278409090909095 0.07144230769230776
0 0.7812002840909091 0.7616538461538461 0.07529829545454544 0.13623076923076927
0 0.6998508522727273 0.7215192307692307 0.07870738636363636 0.05446153846153845
0 0.3481036931818182 0.969701923076923 0.08578124999999998 0.06009615384615385
0 0.7563139204545455 0.9534230769230769 0.06708806818181817 0.08473076923076923
0 0.7109375 0.5766826923076923 0.05772727272727271 0.09155769230769234
0 0.3974502840909091 0.6349711538461538 0.039900568181818225 0.11071153846153844
0 0.463174715909091 0.570451923076923 0.07924715909090913 0.048634615384615366
0 0.6512926136363637 0.7932692307692308 0.039176136363636344 0.09723076923076923
0 0.12034801136363626 0.6992788461538462 0.06691761363636366 0.1003269230769231
0 0.24064630681818178 0.7825865384615385 0.06470170454545456 0.11867307692307691
0 0.450596590909091 0.9795769230769231 0.04869318181818186 0.040538461538461544
0 0.8255610795454545 0.019000000000000017 0.06086647727272727 0.03796153846153848
0 0.3763707386363636 0.7886538461538461 0.030184659090909092 0.057730769230769224
0 0.6309517045454545 0.7607980769230769 0.08133522727272725 0.1381346153846154
0 0.01725142045454542 0.6932788461538462 0.03427556818181818 0.08678846153846154
0 0.6007457386363635 0.8363846153846154 0.04626420454545454 0.059230769230769226
0 0.8021377840909091 0.9510384615384615 0.08461647727272728 0.06673076923076923
0 0.4586221590909091 0.8125769230769231 0.04710227272727268 0.12223076923076924
0 0.07424715909090907 0.07206730769230774 0.08178977272727263 0.038980769230769305
0 0.035688920454545414 0.47005769230769234 0.060184659090908935 0.05169230769230768
0 0.6487571022727273 0.5058173076923076 0.0651278409090909 0.10367307692307692
0 0.3248224431818182 0.6323173076923077 0.07524147727272731 0.11071153846153844
0 0.483125 0.5040576923076923 0.07241477272727276 0.056346153846153865
0 0.2433664772727273 0.0946538461538462 0.06673295454545448 0.10007692307692312
0 0.20446732954545443 0.43927884615384605 0.07441761363636362 0.05536538461538466
0 0.9610582386363636 0.4530288461538461 0.07788352272727272 0.061519230769230784
0 0.5757386363636363 0.613923076923077 0.06159090909090911 0.058461538461538474
0 0.25179687500000003 0.9788653846153846 0.06208806818181823 0.04226923076923077
0 0.06510653409090916 0.2864326923076923 0.07859375000000006 0.08936538461538467
0 0.060980113636363686 0.7429903846153847 0.08122159090909084 0.18682692307692308
0 0.6046093749999999 0.5117307692307692 0.07569602272727272 0.09380769230769237
0 0.9580326704545454 0.9171153846153847 0.02467329545454545 0.06553846153846153
0 0.1321448863636363 0.09067307692307691 0.04448863636363643 0.08503846153846148
0 0.8838636363636364 0.07792307692307687 0.06812499999999999 0.10184615384615381
0 0.7307599431818181 0.29637500000000006 0.044389204545454544 0.11209615384615378
0 0.8743039772727272 0.823875 0.054488636363636364 0.08078846153846155
0 0.4622230113636363 0.6137115384615385 0.11711647727272725 0.06288461538461536
0 0.451640625 0.9279807692307692 0.036235795454545444 0.04403846153846153
0 0.4558948863636364 0.01272115384615391 0.06164772727272724 0.025173076923076874
0 0.8724644886363636 0.021538461538461506 0.06901988636363637 0.043076923076923034
0 0.9397372159090909 0.8323461538461538 0.04146306818181819 0.03965384615384614
0 0.4612428977272728 0.6699615384615385 0.10205965909090904 0.0690769230769231
0 0.20253551136363646 0.5785865384615385 0.033678977272727326 0.12282692307692308
0 0.38469460227272734 0.7505673076923077 0.047116477272727296 0.05136538461538463
0 0.47491477272727267 0.9788269230769231 0.07883522727272728 0.04188461538461538
0 0.4941619318181818 0.9264711538461539 0.03400568181818182 0.04905769230769231
0 0.9367755681818182 0.3764615384615384 0.12644886363636362 0.11273076923076925
0 0.42525568181818185 0.8271826923076923 0.039261363636363615 0.09478846153846154
0 0.3898721590909091 0.02796153846153837 0.0748863636363636 0.055923076923076895
0 0.9399431818181818 0.4666826923076923 0.12011363636363637 0.09067307692307688
0 0.6398650568181818 0.9675480769230769 0.0742471590909091 0.06490384615384616
0 0.2453409090909091 0.666923076923077 0.1061363636363636 0.10965384615384617
0 0.13909090909090915 0.36031730769230774 0.08715909090909092 0.1098269230769231
0 0.2046448863636363 0.883576923076923 0.05835227272727279 0.0555
0 0.9752272727272727 0.7253076923076923 0.042187499999999996 0.08596153846153846
0 0.6953409090909091 0.32744230769230764 0.037414772727272734 0.07700000000000004
0 0.0603338068181819 0.22959615384615384 0.1206676136363637 0.10430769230769232
0 0.7162926136363637 0.17718269230769224 0.1052556818181818 0.15463461538461531
0 0.1561434659090909 0.8424711538461539 0.07819602272727283 0.08532692307692308
0 0.9154900568181819 0.7192980769230769 0.034644886363636364 0.11001923076923076
0 0.04921874999999998 0.02233653846153849 0.07948863636363641 0.04455769230769234
0 0.29178267045454553 0.13584615384615384 0.051036931818181745 0.12223076923076924
0 0.38600142045454544 0.2328365384615385 0.06149147727272722 0.0770576923076923
0 0.40558948863636357 0.4125961538461539 0.08836647727272724 0.08799999999999998
0 0.12885653409090914 0.176701923076923 0.1399005681818182 0.13086538461538463
0 0.8322869318181818 0.7824519230769231 0.05269886363636365 0.049096153846153845
0 0.5190127840909091 0.9473557692307693 0.04305397727272728 0.046365384615384614
0 0.8341548295454546 0.9088846153846154 0.06441761363636365 0.08149999999999999
0 0.3234872159090909 0.48670192307692306 0.030213068181818157 0.10344230769230768
0 0.0996519886363636 0.7645192307692308 0.05345170454545454 0.14015384615384613
0 0.0312713068181818 0.18199038461538464 0.0625426136363636 0.08613461538461531
0 0.8074076704545454 0.6487115384615385 0.06061079545454544 0.1461923076923077
0 0.3627840909090909 0.37886538461538455 0.041619318181818195 0.0714615384615384
0 0.9426278409090909 0.12793269230769222 0.06767045454545453 0.08513461538461546
0 0.2864914772727274 0.5277788461538462 0.06284090909090902 0.10763461538461544
0 0.5142329545454545 0.3067980769230768 0.04710227272727276 0.1045192307692307
0 0.38282670454545453 0.3184038461538461 0.042130681818181775 0.07696153846153843
0 0.1668323863636364 0.6950192307692309 0.05389204545454537 0.09788461538461539
0 0.8463210227272727 0.971125 0.062045454545454556 0.05775
0 0.8992897727272727 0.745451923076923 0.06261363636363636 0.08655769230769232
0 0.1524289772727272 0.10041346153846165 0.0680397727272727 0.05490384615384618
0 0.09061079545454542 0.44737499999999997 0.07301136363636361 0.10117307692307695
0 0.49271306818181815 0.43665384615384617 0.05960227272727278 0.05042307692307697
0 0.6281392045454546 0.03302884615384616 0.05698863636363641 0.06605769230769235
0 0.7068039772727273 0.9695961538461538 0.05411931818181817 0.06080769230769231
0 0.8652414772727273 0.2851442307692307 0.06136363636363637 0.1258653846153846
0 0.040426136363636456 0.9663365384615384 0.08085227272727268 0.06732692307692308
0 0.4872940340909091 0.8414230769230769 0.05575284090909091 0.13046153846153846
0 0.3674431818181818 0.06015384615384611 0.07374999999999994 0.06411538461538457
0 0.7476775568181818 0.21918269230769238 0.06634943181818183 0.06136538461538466
0 0.22818892045454542 0.9511634615384615 0.057627840909090816 0.05740384615384616
0 0.35933948863636367 0.7932884615384616 0.04089488636363639 0.15157692307692308
0 0.7507102272727273 0.7267307692307692 0.05460227272727272 0.06696153846153845
0 0.8400994318181818 0.8484038461538461 0.061732954545454556 0.061269230769230784
0 0.7462215909090909 0.3761826923076923 0.04090909090909092 0.17094230769230767
0 0.2973863636363636 0.4487788461538462 0.09232954545454546 0.09548076923076919
0 0.7924573863636364 0.21598076923076925 0.09994318181818179 0.10799999999999994
0 0.5671803977272727 0.4848076923076924 0.03677556818181816 0.06196153846153846
0 0.3075639204545454 0.040153846153846096 0.10149147727272734 0.08030769230769229
0 0.7119176136363636 0.908451923076923 0.05693181818181816 0.09309615384615386
0 0.5590767045454546 0.057432692307692323 0.08514204545454546 0.07351923076923081
0 0.09609374999999998 0.592875 0.06781250000000001 0.0553269230769231
0 0.4631036931818181 0.9029519230769231 0.03992897727272721 0.08209615384615385
0 0.7988707386363636 0.1322596153846154 0.05021306818181819 0.08767307692307688
0 0.5737428977272727 0.012528846153846085 0.06600852272727269 0.025057692307692257
0 0.07451704545454552 0.8364134615384615 0.10829545454545456 0.11621153846153846
0 0.469609375 0.33807692307692305 0.07075284090909091 0.09499999999999996
0 0.16490056818181809 0.47423076923076923 0.11732954545454549 0.09623076923076927
0 0.07364346590909099 0.33050961538461543 0.050752840909090935 0.07540384615384622
0 0.973125 0.0436057692307692 0.053750000000000006 0.08721153846153851
0 0.9301846590909091 0.913 0.04056818181818182 0.06838461538461539
0 0.6755326704545455 0.07205769230769232 0.09117897727272722 0.14411538461538462
0 0.42924715909090905 0.5418942307692307 0.042187500000000065 0.037826923076923105
0 0.6768892045454545 0.30347115384615386 0.026448863636363642 0.0925192307692308
0 0.3803053977272728 0.10550000000000004 0.05345170454545454 0.04673076923076925
0 0.8186292613636363 0.06461538461538463 0.04947443181818181 0.03996153846153852
0 0.6423082386363637 0.6945288461538461 0.029133522727272713 0.05948076923076925
0 0.18257102272727266 0.922 0.07096590909090915 0.08753846153846154
0 0.8518394886363636 0.7176346153846154 0.03853693181818183 0.06980769230769228
0 0.39776278409090904 0.9794134615384615 0.031093750000000062 0.04117307692307692
0 0.045894886363636256 0.5942596153846154 0.047130681818181745 0.0934807692307692
0 0.568465909090909 0.12551923076923077 0.15488636363636363 0.09530769230769232
0 0.29546874999999995 0.921875 0.06539772727272722 0.06944230769230769
0 0.20094460227272737 0.2908942307692307 0.04967329545454549 0.08609615384615381
0 0.411534090909091 0.34205769230769234 0.0736931818181819 0.09819230769230769
0 0.7042329545454545 0.44462499999999994 0.06911931818181821 0.08032692307692305
0 0.20779119318181827 0.3767115384615385 0.07660511363636356 0.09253846153846154
0 0.46459517045454546 0.25704807692307685 0.03478693181818183 0.11017307692307696
0 0.11826704545454547 0.7874903846153847 0.08849431818181812 0.052519230769230776
0 0.6182457386363636 0.6954423076923077 0.031803977272727255 0.07419230769230767
0 0.9741761363636363 0.15514423076923078 0.05164772727272727 0.07455769230769227
0 0.06507102272727261 0.5404807692307693 0.0723295454545454 0.030423076923076966
0 0.1726704545454545 0.729375 0.06465909090909104 0.11551923076923076
0 0.6803267045454545 0.6425865384615383 0.09678977272727275 0.07182692307692307
0 0.11840909090909091 0.028663461538461443 0.07196022727272738 0.05667307692307698
0 0.34019886363636365 0.32717307692307696 0.06673295454545457 0.06553846153846161
0 0.9394744318181818 0.7027692307692308 0.04440340909090909 0.14307692307692307
0 0.7890625 0.0993846153846154 0.051249999999999976 0.06738461538461532
0 0.22605113636363638 0.40592307692307694 0.12767045454545445 0.0809615384615385
0 0.9276704545454546 0.17781730769230775 0.07028409090909091 0.07648076923076931
0 0.424403409090909 0.5584807692307693 0.06784090909090916 0.06484615384615385
0 0.5308096590909092 0.9050384615384616 0.05105113636363636 0.05361538461538462
0 0.5138352272727273 0.0973942307692307 0.05778409090909092 0.12294230769230771
0 0.9877982954545454 0.5310769230769231 0.02440340909090909 0.041653846153846145
0 0.11554687500000005 0.9336057692307692 0.08830965909090903 0.10432692307692308
0 0.3215553977272727 0.370576923076923 0.06345170454545448 0.09034615384615388
0 0.9554829545454545 0.04530769230769238 0.044431818181818176 0.07826923076923074
0 0.8661789772727273 0.5357115384615385 0.04991477272727273 0.1326923076923077
0 0.39454545454545453 0.8463942307692307 0.08715909090909092 0.1506730769230769
0 0.28426846590909094 0.2009519230769231 0.07393465909090903 0.13021153846153855
