0 0.40694602272727276 0.35161538461538466 0.047499999999999994 0.10349999999999998
0 0.6736576704545454 0.10391346153846148 0.05211647727272727 0.07078846153846154
0 0.5611079545454545 0.26393269230769234 0.02482954545454548 0.07271153846153847
0 0.5156747159090909 0.24533653846153858 0.07220170454545452 0.1318269230769231
0 0.8382670454545454 0.34660576923076925 0.02355113636363638 0.07532692307692311
0 0.8359446022727273 0.2874423076923077 0.039872159090909104 0.053384615384615475
0 0.9347727272727273 0.38660576923076917 0.05838068181818181 0.11894230769230763
0 0.9094247159090909 0.29919230769230776 0.038650568181818196 0.08088461538461539
0 0.6562002840909091 0.028298076923076954 0.04419034090909089 0.05659615384615386
0 0.9495454545454546 0.2891538461538462 0.05036931818181818 0.06723076923076919
0 0.9765482954545455 0.23757692307692302 0.021505681818181816 0.03476923076923074
0 0.9431605113636363 0.21347115384615378 0.08066761363636364 0.08905769230769231
0 0.673828125 0.1456057692307693 0.055326704545454526 0.046134615384615295
0 0.9456107954545454 0.3519423076923077 0.032528409090909094 0.04696153846153849
0 0.9267755681818182 0.6016923076923077 0.040624999999999994 0.03365384615384615
0 0.8398721590909091 0.6954230769230769 0.04204545454545454 0.043000000000000024
0 0.8267329545454545 0.6266538461538462 0.02798295454545457 0.05830769230769235
0 0.38078125000000007 0.6850865384615386 0.05903409090909091 0.07905769230769233
0 0.4362571022727273 0.7175961538461539 0.03762784090909092 0.04215384615384619
0 0.44665482954545455 0.6850096153846154 0.06248579545454547 0.06917307692307692
0 0.4104971590909091 0.6720384615384615 0.02034090909090908 0.09861538461538462
0 0.34015625000000005 0.749125 0.049488636363636325 0.08855769230769228
0 0.35080255681818173 0.8711538461538462 0.041548295454545456 0.11149999999999999
0 0.6339488636363637 0.08198076923076925 0.07920454545454544 0.049500000000000016
0 0.33862926136363636 0.9081153846153847 0.03007102272727275 0.0761923076923077
0 0.3923863636363637 0.84675 0.0336079545454545 0.1065
0 0.3895951704545454 0.8615576923076923 0.05373579545454543 0.1221153846153846
0 0.3238565340909091 0.8240961538461539 0.05132102272727272 0.07103846153846154
0 0.38024857954545455 0.7677596153846153 0.07546874999999999 0.09144230769230768
0 0.28068181818181825 0.8759423076923077 0.0784659090909091 0.10273076923076924
0 0.16380681818181808 0.9305673076923077 0.03201704545454556 0.03536538461538461
0 0.1202130681818182 0.9322211538461539 0.06463068181818182 0.1355576923076923
0 0.06110795454545448 0.8567403846153846 0.09934659090909098 0.07309615384615384
0 0.27941761363636364 0.9814615384615385 0.019062500000000024 0.03146153846153846
0 0.7165127840909091 0.6261442307692308 0.04382102272727272 0.05344230769230773
0 0.26366477272727273 0.9804038461538461 0.02573863636363645 0.03692307692307692
0 0.5250355113636364 0.9792403846153847 0.05041193181818183 0.04151923076923077
0 0.48887073863636366 0.9757596153846154 0.041178977272727284 0.04848076923076923
0 0.46987926136363634 0.828701923076923 0.10191761363636363 0.12621153846153846
0 0.5040625000000001 0.7690576923076923 0.07596590909090911 0.05053846153846151
0 0.47884943181818185 0.7279711538461537 0.051676136363636355 0.05640384615384615
0 0.23101562499999995 0.6605673076923078 0.04367897727272727 0.09063461538461537
0 0.18372869318181817 0.891625 0.0956392045454546 0.04648076923076922
0 0.19973721590909088 0.74975 0.06566761363636366 0.11523076923076923
0 0.059566761363636256 0.5818269230769231 0.11913352272727273 0.12207692307692306
0 0.9683380681818182 0.31019230769230766 0.041051136363636366 0.09246153846153843
0 0.14735085227272726 0.7776538461538461 0.025184659090909115 0.05592307692307692
0 0.1513352272727272 0.8178557692307692 0.072159090909091 0.1301346153846154
0 0.07144176136363634 0.6285096153846154 0.05149147727272727 0.04178846153846152
0 0.03695312500000003 0.6401634615384615 0.06109374999999999 0.06975000000000002
0 0.006903409090909141 0.618375 0.01380681818181822 0.043134615384615396
0 0.01634232954545456 0.7105961538461538 0.03268465909090908 0.07123076923076921
0 0.03743607954545458 0.7111538461538462 0.052428977272727224 0.07976923076923075
0 0.00982244318181813 0.4286923076923076 0.01953125 0.1351538461538462
0 0.03590909090909089 0.41264423076923074 0.03795454545454549 0.16125000000000003
0 0.06676136363636365 0.3310480769230769 0.03946022727272724 0.07786538461538463
0 0.4382741477272727 0.9719134615384616 0.05248579545454544 0.05617307692307692
0 0.09217329545454545 0.4340384615384616 0.08710227272727264 0.09196153846153844
0 0.18593749999999998 0.4445769230769231 0.06883522727272733 0.11303846153846149
0 0.1524502840909091 0.3760673076923077 0.0725426136363637 0.11613461538461536
0 0.20255681818181825 0.5386923076923077 0.06468749999999995 0.059692307692307676
0 0.1289488636363636 0.499826923076923 0.07886363636363634 0.16049999999999995
0 0.14186079545454544 0.6884134615384615 0.06647727272727266 0.11032692307692309
0 0.26707386363636365 0.5275384615384615 0.05832386363636364 0.08576923076923082
0 0.25029119318181803 0.6072403846153847 0.08143465909090915 0.07959615384615387
0 0.25661931818181827 0.672826923076923 0.02156249999999993 0.05323076923076924
0 0.32126420454545446 0.4290576923076923 0.053522727272727284 0.059846153846153854
0 0.015241477272727288 0.8802403846153846 0.030482954545454598 0.0683653846153846
0 0.2724076704545454 0.439875 0.04666193181818177 0.059250000000000004
0 0.3648863636363636 0.3406634615384615 0.03707386363636367 0.04328846153846152
0 0.3199005681818182 0.3335865384615384 0.07460227272727278 0.056980769230769224
0 0.5025994318181819 0.3454711538461538 0.08602272727272728 0.05024999999999999
0 0.23310369318181823 0.27221153846153845 0.08012784090909095 0.075
0 0.3196946022727273 0.20999038461538455 0.04205965909090911 0.037173076923077
0 0.3334872159090909 0.1603461538461538 0.030042613636363683 0.08134615384615376
0 0.44134943181818187 0.18319230769230765 0.04451704545454542 0.05453846153846156
0 0.4029829545454545 0.21681730769230767 0.04636363636363634 0.05186538461538467
0 0.2777485795454546 0.1952115384615385 0.06595170454545447 0.09803846153846157
0 0.023934659090909083 0.9159519230769231 0.04786931818181825 0.049288461538461545
0 0.5968821022727273 0.12250961538461547 0.039474431818181846 0.04459615384615384
0 0.622578125 0.16511538461538466 0.03018465909090905 0.04553846153846155
0 0.5678267045454546 0.15015384615384608 0.049062499999999946 0.06873076923076925
0 0.5507670454545455 0.1024711538461539 0.04073863636363637 0.03413461538461538
0 0.7624502840909091 0.01438461538461544 0.06063920454545458 0.026923076923076925
0 0.7371519886363637 0.07087500000000002 0.033110795454545455 0.05401923076923072
0 0.7563778409090909 0.040750000000000064 0.0455965909090909 0.060038461538461485
0 0.8252982954545455 0.03281730769230773 0.07332386363636365 0.06417307692307693
0 0.5808025568181818 0.06980769230769224 0.03248579545454546 0.06142307692307692
0 0.5170880681818182 0.04236538461538453 0.024431818181818166 0.03765384615384612
0 0.014495738636363553 0.9665384615384616 0.028877840909090968 0.06692307692307692
0 0.501044034090909 0.07498076923076924 0.017911931818181837 0.04850000000000005
0 0.5167187499999999 0.08054807692307686 0.015426136363636383 0.04467307692307696
0 0.5495454545454546 0.3610096153846154 0.04130681818181824 0.06144230769230767
0 0.5873792613636364 0.34916346153846156 0.0439346590909091 0.06701923076923082
0 0.6212642045454546 0.3481826923076923 0.0277272727272727 0.06378846153846146
0 0.6043323863636363 0.27703846153846157 0.04832386363636361 0.09688461538461537
0 0.3920667613636364 0.3552884615384615 0.030582386363636326 0.06899999999999999
0 0.42875710227272734 0.3822692307692307 0.027997159090909062 0.03715384615384614
0 0.42885653409090907 0.4114326923076923 0.029048295454545438 0.020634615384615418
0 0.3990838068181818 0.40530769230769226 0.026661931818181793 0.03288461538461543
0 0.4267045454545454 0.9089134615384615 0.020681818181818187 0.05421153846153846
0 0.3866264204545454 0.44474038461538457 0.05634943181818176 0.0580192307692308
0 0.5530184659090909 0.4449423076923077 0.03589488636363634 0.04350000000000001
0 0.48702414772727276 0.42690384615384613 0.03936079545454551 0.03373076923076916
0 0.5967826704545454 0.47233653846153845 0.05367897727272722 0.053519230769230736
0 0.22264914772727273 0.4772115384615384 0.0917187499999999 0.09573076923076923
0 0.39264914772727266 0.5196346153846154 0.07075284090909091 0.1143846153846153
0 0.46352272727272725 0.5958653846153847 0.05951704545454542 0.2073846153846154
0 0.46043323863636365 0.5088557692307691 0.08367897727272731 0.07894230769230771
0 0.5563352272727272 0.5143942307692309 0.029687500000000047 0.03894230769230769
0 0.5201917613636364 0.5237403846153846 0.04808238636363631 0.07605769230769233
0 0.6978551136363637 0.06571153846153843 0.048522727272727266 0.11599999999999999
0 0.4138068181818182 0.959625 0.048238636363636414 0.07882692307692309
0 0.5342116477272727 0.4928076923076923 0.02703125000000004 0.05165384615384618
0 0.5549289772727273 0.48205769230769224 0.03082386363636362 0.0428461538461539
0 0.11450284090909091 0.6599999999999999 0.11210227272727283 0.0655
0 0.10575284090909098 0.7320576923076924 0.040482954545454544 0.07796153846153844
0 0.13686079545454544 0.7433846153846153 0.046846590909090935 0.032230769230769216
0 0.06975142045454552 0.7142115384615384 0.05467329545454547 0.06119230769230773
0 0.04213778409090907 0.7921826923076923 0.08427556818181824 0.1026346153846154
0 0.2571448863636363 0.7459615384615385 0.02610795454545454 0.05130769230769229
0 0.24791193181818183 0.7314807692307692 0.018068181818181858 0.058807692307692276
0 0.2768678977272727 0.6860384615384616 0.04419034090909093 0.09223076923076924
0 0.3693536931818181 0.9704519230769231 0.07563920454545454 0.058903846153846154
0 0.2762713068181818 0.7840384615384616 0.09410511363636363 0.14238461538461536
0 0.523721590909091 0.6007115384615385 0.030482954545454518 0.059076923076923075
0 0.049609374999999956 0.27265384615384614 0.06004261363636361 0.11915384615384611
0 0.11831676136363645 0.2401923076923076 0.0742755681818183 0.08423076923076925
0 0.09936079545454557 0.15699038461538461 0.042414772727272745 0.06317307692307697
0 0.1295028409090908 0.171875 0.026988636363636364 0.08094230769230776
0 0.9335866477272727 0.022855769230769263 0.04376420454545454 0.04413461538461547
0 0.8414914772727273 0.21743269230769235 0.044744318181818184 0.07990384615384606
0 0.7988423295454545 0.3283076923076924 0.05626420454545453 0.08338461538461531
0 0.9896306818181818 0.23851923076923076 0.020738636363636362 0.045923076923077025
0 0.19630681818181828 0.6760096153846153 0.02707386363636372 0.07301923076923077
0 0.6400923295454546 0.047826923076923045 0.05617897727272725 0.09488461538461533
0 0.34558238636363636 0.5007211538461538 0.034261363636363645 0.06267307692307693
0 0.23975852272727272 0.19355769230769226 0.07051136363636362 0.1131153846153846
0 0.2846448863636364 0.2621057692307692 0.05769886363636356 0.07236538461538461
0 0.26536221590909104 0.28593269230769236 0.047230113636363556 0.055365384615384546
0 0.4437286931818182 0.29418269230769234 0.05893465909090911 0.05909615384615377
0 0.20082386363636362 0.5919807692307693 0.052556818181818184 0.0682307692307692
0 0.2243750000000001 0.5561923076923077 0.06170454545454537 0.057115384615384596
0 0.014978693181818326 0.9489711538461538 0.02975852272727263 0.05371153846153846
0 0.19592329545454557 0.9655 0.07872159090909085 0.03765384615384615
0 0.21452414772727268 0.7377788461538461 0.03754261363636373 0.06632692307692306
0 0.5763920454545455 0.7729519230769231 0.050710227272727254 0.10609615384615385
0 0.13568181818181813 0.05938461538461537 0.05258522727272725 0.08061538461538453
0 0.4193607954545455 0.14000961538461543 0.09596590909090909 0.05671153846153848
0 0.3831747159090909 0.16825 0.07245738636363636 0.08149999999999999
0 0.3224573863636363 0.04880769230769233 0.050056818181818195 0.0238461538461538
0 0.36985795454545456 0.2649711538461538 0.03403409090909096 0.05255769230769228
0 0.6701775568181818 0.27883653846153844 0.033252840909090906 0.09767307692307685
0 0.6320241477272728 0.21459615384615394 0.12776988636363631 0.0470384615384615
0 0.3472017045454545 0.2863365384615384 0.029573863636363627 0.03990384615384615
0 0.3207883522727273 0.24843269230769227 0.02396306818181819 0.048788461538461544
0 0.2256178977272728 0.7204230769230769 0.03467329545454541 0.09507692307692307
0 0.41495028409090906 0.2652788461538461 0.033565340909090906 0.02524999999999999
0 0.2751349431818182 0.3284038461538461 0.026718750000000083 0.04053846153846151
0 0.30664772727272727 0.315701923076923 0.03846590909090915 0.030249999999999926
0 0.41595880681818176 0.2407307692307692 0.06089488636363637 0.037999999999999985
0 0.6035227272727273 0.028278846153846127 0.0556534090909091 0.055942307692307756
0 0.4711505681818182 0.09331730769230762 0.05363636363636362 0.09205769230769231
0 0.29424715909090904 0.9116826923076923 0.0623011363636363 0.08498076923076922
0 0.0587642045454545 0.9466442307692308 0.06346590909090918 0.10671153846153847
0 0.9123934659090909 0.6242596153846154 0.047173295454545454 0.05648076923076924
0 0.3160795454545454 0.18914423076923081 0.025767045454545435 0.05617307692307688
0 0.012499999999999956 0.049038461538461586 0.025000000000000033 0.07403846153846154
0 0.5205042613636364 0.4265096153846154 0.04617897727272726 0.07355769230769231
0 0.5510511363636363 0.4039807692307692 0.03119318181818187 0.061000000000000054
0 0.5860511363636365 0.41000000000000003 0.04923295454545458 0.0726538461538461
0 0.016526988636363593 0.35532692307692304 0.03282670454545456 0.07665384615384618
0 0.17495738636363645 0.527826923076923 0.05767045454545458 0.07299999999999995
0 0.30975852272727267 0.4878076923076923 0.07082386363636366 0.06334615384615384
0 0.3513494318181819 0.42136538461538464 0.07071022727272731 0.07288461538461534
0 0.35202414772727275 0.3794711538461538 0.07697443181818181 0.052865384615384634
0 0.6373863636363637 0.29665384615384616 0.028380681818181805 0.06403846153846156
0 0.5364985795454545 0.017038461538461558 0.04757102272727274 0.03407692307692313
0 0.03413352272727266 0.0325288461538461 0.06707386363636368 0.06413461538461532
0 0.5335866477272727 0.05781730769230764 0.02509943181818184 0.05605769230769227
0 0.5011150568181817 0.13156730769230773 0.06044034090909092 0.05890384615384615
0 0.5281178977272727 0.09487500000000004 0.01680397727272725 0.025673076923076858
0 0.5699360795454546 0.09096153846153854 0.03683238636363637 0.051615384615384674
0 0.5561860795454545 0.05406730769230772 0.02691761363636362 0.06001923076923084
0 0.570625 0.02022115384615386 0.03744318181818176 0.04001923076923077
0 0.9781036931818182 0.3573076923076922 0.043565340909090915 0.08711538461538464
0 0.9905965909090909 0.5890865384615385 0.018352272727272727 0.0779807692307692
0 0.9632244318181818 0.5490673076923076 0.07355113636363636 0.05363461538461541
0 0.9891832386363636 0.5160673076923077 0.021519886363636363 0.056249999999999946
0 0.06783380681818185 0.036038461538461575 0.06711647727272728 0.07207692307692311
0 0.9897017045454546 0.4758365384615385 0.020596590909090908 0.03644230769230778
0 0.987606534090909 0.4267980769230769 0.024786931818181816 0.06155769230769229
0 0.9027982954545455 0.22180769230769237 0.05315340909090909 0.07815384615384624
0 0.8931107954545454 0.26131730769230765 0.04985795454545454 0.055134615384615414
0 0.8585014204545455 0.2656057692307693 0.024644886363636376 0.06628846153846159
0 0.5022443181818183 0.46532692307692314 0.05508522727272731 0.054769230769230695
0 0.4523792613636364 0.44675 0.05183238636363638 0.07642307692307694
0 0.40239346590909086 0.4438653846153846 0.08058238636363631 0.07946153846153856
0 0.5802627840909091 0.6986057692307692 0.04927556818181818 0.06536538461538463
0 0.5658096590909092 0.6650192307692308 0.04730113636363638 0.045730769230769235
0 0.08865056818181816 0.01813461538461536 0.05568181818181825 0.03584615384615382
0 0.5349005681818182 0.7161153846153846 0.08585227272727272 0.09715384615384615
0 0.5431960227272727 0.6291826923076923 0.033295454545454545 0.07755769230769233
0 0.7844105113636364 0.7205192307692307 0.08018465909090909 0.051423076923076884
0 0.5654758522727272 0.9113557692307692 0.05728693181818179 0.08409615384615382
0 0.5916477272727272 0.9746826923076923 0.08596590909090907 0.05063461538461538
0 0.6515269886363637 0.966875 0.07563920454545454 0.06625
0 0.6099573863636364 0.8859134615384615 0.04457386363636363 0.05405769230769229
0 0.5901704545454546 0.8444807692307692 0.04957386363636369 0.062423076923076914
0 0.6273792613636363 0.5864711538461538 0.18313920454545454 0.165326923076923
0 0.6981534090909092 0.5119807692307692 0.02778409090909091 0.07046153846153844
0 0.022109375000000098 0.21199038461538466 0.044218749999999994 0.07744230769230766
0 0.5557812499999999 0.6023076923076922 0.06201704545454549 0.07726923076923073
0 0.560653409090909 0.5978653846153845 0.05556818181818182 0.05311538461538457
0 0.48764914772727264 0.32391346153846157 0.02387784090909091 0.02286538461538459
0 0.5069673295454544 0.38947115384615383 0.03623579545454552 0.022211538461538484
0 0.4831676136363636 0.39502884615384604 0.08582386363636366 0.05044230769230762
0 0.4814843750000001 0.3751057692307692 0.027627840909090894 0.04232692307692306
0 0.3139417613636364 0.28408653846153853 0.03890624999999998 0.0544807692307692
0 0.3013991477272727 0.35506730769230765 0.06936079545454552 0.02628846153846157
0 0.30886363636363623 0.3782692307692308 0.07534090909090913 0.051615384615384674
0 0.23934659090909094 0.36632692307692305 0.0434374999999999 0.041461538461538466
0 0.9472230113636364 0.05842307692307691 0.03438920454545454 0.058769230769230775
0 0.48752130681818184 0.02524038461538458 0.060639204545454545 0.05021153846153838
0 0.25323153409090904 0.3936442307692307 0.037343749999999946 0.06786538461538455
0 0.07544034090909091 0.25105769230769237 0.0473011363636363 0.07673076923076919
0 0.7782102272727273 0.05584615384615377 0.04161931818181816 0.07700000000000004
0 0.7581249999999999 0.09185576923076921 0.04519886363636363 0.04513461538461544
0 0.2155042613636362 0.32300000000000006 0.0214630681818182 0.030346153846153905
0 0.25501420454545454 0.32719230769230767 0.037528409090909036 0.03134615384615387
0 0.22859374999999993 0.3209423076923077 0.048664772727272716 0.06299999999999999
0 0.20353693181818178 0.3722884615384616 0.04005681818181808 0.06292307692307686
0 0.2370809659090909 0.4221442307692307 0.03890624999999998 0.07301923076923082
0 0.5073366477272727 0.3434807692307693 0.039303977272727296 0.10115384615384619
0 0.9001988636363636 0.6787403846153846 0.04238636363636364 0.09505769230769232
0 0.4864559659090909 0.3384711538461538 0.03762784090909084 0.014788461538461533
0 0.3073295454545455 0.02112500000000006 0.03281250000000003 0.040826923076923115
0 0.3901988636363636 0.022980769230769194 0.07082386363636366 0.045961538461538415
0 0.3453409090909091 0.03741346153846159 0.052613636363636314 0.07390384615384617
0 0.421015625 0.014249999999999985 0.08080965909090908 0.028499999999999987
0 0.45323863636363637 0.01411538461538464 0.027755681818181846 0.02734615384615379
0 0.4760227272727273 0.048644230769230745 0.05102272727272721 0.04667307692307689
0 0.0984730113636364 0.3356442307692308 0.04549715909090921 0.10024999999999999
0 0.11963778409090908 0.30600000000000005 0.038451704545454456 0.05861538461538465
0 0.14908380681818167 0.12921153846153843 0.05626420454545456 0.08496153846153837
0 0.9302982954545455 0.1243653846153846 0.05318181818181819 0.09596153846153842
0 0.17014914772727263 0.19125961538461533 0.05890625000000004 0.08509615384615385
0 0.27524857954545456 0.07368269230769231 0.07120738636363627 0.14736538461538462
0 0.31379261363636357 0.13511538461538464 0.04176136363636369 0.0798076923076923
0 0.3393465909090909 0.23530769230769233 0.052130681818181805 0.060538461538461576
0 0.3608309659090909 0.21410576923076918 0.036406249999999994 0.034865384615384604
0 0.4269815340909091 0.3007980769230768 0.051349431818181863 0.04628846153846153
0 0.38692471590909083 0.24998076923076928 0.05288352272727275 0.0613461538461538
0 0.3916832386363637 0.29094230769230767 0.02365056818181815 0.039038461538461564
0 0.36958096590909095 0.30627884615384615 0.033366477272727284 0.03948076923076918
0 0.45221590909090914 0.34505769230769234 0.05088068181818181 0.06146153846153853
0 0.8931747159090909 0.86325 0.06276988636363635 0.07442307692307691
0 0.04058948863636369 0.11676923076923085 0.060553977272727266 0.1023846153846153
0 0.027137784090909167 0.14881730769230772 0.05353693181818189 0.12317307692307694
0 0.04784090909090899 0.07754807692307686 0.06571022727272725 0.0586346153846154
0 0.4586434659090909 0.2479903846153847 0.06811079545454544 0.10175000000000005
0 0.49799005681818176 0.17636538461538454 0.08186079545454544 0.06949999999999998
0 0.8454829545454545 0.05397115384615381 0.015170454545454555 0.024365384615384535
0 0.8581036931818182 0.07569230769230773 0.024019886363636358 0.06773076923076929
0 0.8608522727272727 0.021625000000000005 0.03190340909090908 0.04286538461538455
0 0.8771661931818182 0.0826634615384616 0.024502840909090908 0.03836538461538459
0 0.7128338068181819 0.3700769230769231 0.044389204545454544 0.06519230769230765
0 0.9220880681818182 0.8467115384615385 0.08312499999999999 0.06988461538461538
0 0.6690198863636363 0.37476923076923074 0.05170454545454546 0.05919230769230764
0 0.6856321022727272 0.29583653846153857 0.04009943181818185 0.11621153846153848
0 0.6441548295454546 0.2907211538461538 0.04265624999999996 0.10771153846153844
0 0.8893892045454546 0.030875000000000097 0.037642045454545456 0.06098076923076919
0 0.9113139204545455 0.05055769230769225 0.04214488636363636 0.10111538461538458
0 0.5487428977272728 0.3024038461538462 0.06541193181818175 0.06184615384615379
0 0.5856321022727272 0.18464423076923075 0.0869460227272727 0.08325000000000005
0 0.612109375 0.17275961538461537 0.06299715909090908 0.09109615384615385
0 0.6705539772727273 0.1881346153846154 0.06642045454545453 0.045384615384615426
0 0.6170099431818181 0.1325288461538462 0.0769460227272727 0.09590384615384616
0 0.9718963068181818 0.8615480769230769 0.05620738636363636 0.13982692307692307
0 0.8893039772727273 0.42080769230769244 0.05414772727272727 0.0595
0 0.7114488636363636 0.4762788461538461 0.061988636363636385 0.0806346153846154
0 0.6046803977272728 0.6407499999999999 0.03433238636363631 0.029538461538461565
0 0.640078125 0.657375 0.05174715909090914 0.07694230769230767
0 0.7262571022727273 0.6746923076923077 0.04504261363636361 0.05103846153846158
0 0.713828125 0.729375 0.04850852272727273 0.05940384615384613
0 0.6996803977272728 0.6741057692307693 0.03686079545454548 0.08109615384615387
0 0.856377840909091 0.5847115384615384 0.03678977272727273 0.04484615384615389
0 0.8896875 0.598798076923077 0.039517045454545444 0.040865384615384616
0 0.8881036931818181 0.7084807692307693 0.04302556818181818 0.06138461538461541
0 0.8384161931818181 0.9098557692307693 0.07339488636363636 0.17844230769230768
0 0.8169815340909091 0.6723076923076923 0.03848011363636362 0.05523076923076923
0 0.7578977272727273 0.38232692307692306 0.05224431818181818 0.06076923076923081
0 0.7037073863636364 0.40776923076923066 0.06264204545454545 0.025576923076923098
0 0.8873082386363637 0.3364519230769232 0.06367897727272727 0.11290384615384612
0 0.8050071022727273 0.5194615384615384 0.04319602272727272 0.059884615384615356
0 0.8093821022727272 0.5757403846153846 0.031661931818181825 0.05601923076923076
0 0.8598082386363637 0.6198365384615385 0.024872159090909098 0.038596153846153836
0 0.8528551136363636 0.6250192307692308 0.028323863636363633 0.0365769230769231
0 0.8378622159090909 0.6565096153846154 0.014048295454545456 0.0220192307692308
0 0.8477911931818182 0.6689903846153846 0.020355113636363633 0.024173076923076908
0 0.7867897727272727 0.9596346153846154 0.044971590909090906 0.08073076923076923
0 0.8628977272727273 0.6648076923076922 0.03519886363636364 0.049653846153846194
0 0.8843963068181818 0.06735576923076914 0.031491477272727275 0.0330192307692308
0 0.8937642045454546 0.15095192307692307 0.03477272727272728 0.09125000000000008
0 0.904375 0.4012403846153846 0.04761363636363636 0.04451923076923083
0 0.8115838068181818 0.2392788461538462 0.05666193181818182 0.10751923076923071
0 0.7950071022727273 0.23629807692307692 0.04115056818181818 0.16490384615384615
0 0.7084303977272728 0.14197115384615377 0.03512784090909089 0.06613461538461536
0 0.7546377840909091 0.12513461538461546 0.07254261363636366 0.07538461538461537
0 0.7688991477272727 0.16765384615384615 0.04225852272727273 0.047153846153846116
0 0.7624360795454546 0.21334615384615385 0.03887784090909092 0.05196153846153843
0 0.7869886363636364 0.8693365384615385 0.05872159090909091 0.08051923076923076
0 0.7213991477272728 0.1795961538461538 0.04714488636363636 0.05384615384615385
0 0.31997869318181815 0.5931634615384616 0.09197443181818182 0.10663461538461537
0 0.5062357954545454 0.6641153846153847 0.04500000000000001 0.08669230769230767
0 0.4939275568181819 0.57125 0.060184659090909094 0.11246153846153845
0 0.7925355113636363 0.08878846153846143 0.04544034090909092 0.10330769230769225
0 0.22377840909090907 0.04102884615384628 0.09107954545454545 0.08205769230769233
0 0.13098011363636364 0.014432692307692285 0.04139204545454544 0.02832692307692311
0 0.17285511363636374 0.020240384615384577 0.05721590909090921 0.04048076923076925
0 0.33181107954545463 0.1139230769230769 0.05356534090909088 0.10638461538461537
0 0.34357244318181823 0.13996153846153836 0.016548295454545423 0.04111538461538471
0 0.72203125 0.8980769230769231 0.035539772727272705 0.06984615384615384
0 0.13760653409090906 0.2145769230769231 0.03322443181818196 0.032038461538461585
0 0.09182528409090907 0.16922115384615388 0.07822443181818173 0.1097884615384616
0 0.11247159090909098 0.06944230769230775 0.049289772727272634 0.09580769230769229
0 0.06965909090909084 0.1373557692307692 0.023607954545454553 0.02736538461538465
0 0.07049715909090903 0.1026538461538461 0.025227272727272713 0.047153846153846116
0 0.09664062499999992 0.10712499999999991 0.03132102272727266 0.05990384615384611
0 0.18899147727272725 0.3324615384615385 0.03522727272727282 0.07230769230769235
0 0.1911292613636365 0.24995192307692315 0.03504261363636358 0.1080576923076923
0 0.1484375 0.3237403846153847 0.055937500000000154 0.09501923076923081
0 0.14852982954545457 0.25156730769230773 0.09393465909090909 0.08117307692307699
0 0.9627059659090909 0.018201923076923143 0.031065340909090907 0.03640384615384617
0 0.7783806818181819 0.8996826923076923 0.07627840909090912 0.09094230769230771
0 0.717265625 0.4365096153846154 0.06734375 0.05551923076923078
0 0.6326633522727272 0.420701923076923 0.04555397727272726 0.05024999999999999
0 0.6663068181818181 0.4226923076923077 0.03664772727272725 0.05042307692307697
0 0.6455042613636364 0.47298076923076926 0.04507102272727275 0.05450000000000006
0 0.6658522727272727 0.484625 0.046420454545454556 0.0851730769230769
0 0.4681036931818182 0.7869807692307692 0.05416193181818181 0.044961538461538456
0 0.4434446022727273 0.7529326923076923 0.0359232954545454 0.06378846153846154
0 0.38674715909090907 0.7844615384615384 0.04315340909090908 0.033615384615384596
0 0.4154971590909091 0.791125 0.023352272727272725 0.03159615384615383
0 0.4022727272727272 0.7523653846153846 0.05917613636363632 0.05084615384615387
0 0.75671875 0.8867307692307692 0.04582386363636366 0.11173076923076923
0 0.5113991477272727 0.8377596153846154 0.0793892045454546 0.07586538461538463
0 0.5702414772727273 0.8404807692307692 0.04173295454545454 0.05403846153846153
0 0.5471235795454545 0.862326923076923 0.02771306818181817 0.03503846153846155
0 0.5219744318181818 0.9312019230769231 0.043437499999999976 0.07798076923076923
0 0.5338494318181819 0.8894711538461538 0.029034090909090905 0.04851923076923078
0 0.21790482954545454 0.9926538461538461 0.0261789772727272 0.014692307692307692
0 0.7404971590909091 0.7610961538461538 0.030625000000000003 0.04373076923076922
0 0.8103196022727273 0.76025 0.05288352272727273 0.06988461538461539
0 0.7756676136363636 0.7618076923076923 0.07721590909090911 0.07434615384615384
0 0.7419318181818182 0.6829615384615384 0.03801136363636362 0.0824615384615385
0 0.7009090909090909 0.9284230769230769 0.06815340909090911 0.06780769230769232
0 0.7700426136363636 0.6594326923076923 0.03752840909090907 0.12494230769230769
0 0.6365411931818181 0.5593269230769231 0.05424715909090913 0.12619230769230766
0 0.8066761363636363 0.3956057692307693 0.056107954545454544 0.04001923076923077
0 0.8098011363636364 0.3563173076923076 0.04730113636363638 0.06909615384615386
0 0.7249502840909091 0.5748365384615384 0.04822443181818184 0.07594230769230771
0 0.7394886363636364 0.5230288461538461 0.06161931818181818 0.04501923076923082
0 0.7548792613636364 0.6171153846153845 0.021321022727272713 0.05188461538461536
0 0.7437499999999999 0.6121153846153846 0.018465909090909092 0.06646153846153846
0 0.8031818181818182 0.633951923076923 0.034488636363636346 0.06001923076923073
0 0.7723153409090909 0.5959423076923076 0.041619318181818195 0.05415384615384615
0 0.6371235795454546 0.8139807692307692 0.07893465909090908 0.08569230769230769
0 0.9079900568181818 0.76475 0.03970170454545455 0.052807692307692326
0 0.8609730113636364 0.7617884615384616 0.06373579545454545 0.04896153846153845
0 0.43004261363636365 0.6324134615384616 0.03602272727272729 0.05140384615384613
0 0.3301207386363636 0.5405288461538462 0.07953124999999993 0.08571153846153845
0 0.40224431818181816 0.5924326923076924 0.05752840909090909 0.05794230769230768
0 0.3729829545454546 0.6090192307692308 0.06363636363636366 0.07734615384615384
0 0.4153125 0.5516826923076923 0.06434659090909084 0.12905769230769235
0 0.6903764204545455 0.23758653846153854 0.034389204545454556 0.09828846153846156
0 0.721143465909091 0.2714615384615384 0.05544034090909091 0.15211538461538454
0 0.8309090909090909 0.565375 0.0321306818181818 0.062288461538461515
0 0.7006178977272728 0.7604038461538462 0.05740056818181818 0.04815384615384619
0 0.8635866477272727 0.5072019230769231 0.06004261363636363 0.09351923076923076
0 0.870419034090909 0.559451923076923 0.07524147727272727 0.05763461538461538
0 0.5717542613636364 0.5328846153846154 0.08759943181818185 0.0877692307692308
0 0.7503764204545454 0.44092307692307686 0.057485795454545456 0.06880769230769236
0 0.7778125 0.46299999999999997 0.028238636363636396 0.04469230769230771
0 0.7730113636363636 0.5553365384615385 0.04394886363636363 0.05578846153846152
0 0.8334659090909091 0.491625 0.040965909090909094 0.08813461538461535
0 0.8134090909090909 0.4112596153846154 0.07920454545454546 0.1645576923076923
0 0.7685724431818182 0.49966346153846153 0.07541193181818183 0.06040384615384615
0 0.9414630681818182 0.5234134615384616 0.0571590909090909 0.05982692307692305
0 0.6255823863636364 0.9454423076923077 0.08468749999999997 0.05961538461538462
0 0.914737215909091 0.5518846153846154 0.04427556818181819 0.07938461538461539
0 0.8928622159090909 0.4868365384615384 0.03558238636363637 0.07167307692307694
0 0.91921875 0.48350000000000004 0.03303977272727272 0.0723461538461538
0 0.9427982954545454 0.4747596153846154 0.06892045454545453 0.10674999999999998
0 0.08739346590909092 0.9543173076923077 0.08566761363636356 0.09136538461538461
0 0.18910511363636384 0.8395384615384616 0.06267045454545456 0.07523076923076923
0 0.24133522727272727 0.8480769230769231 0.059914772727272816 0.09873076923076923
0 0.2105752840909091 0.918048076923077 0.09291193181818193 0.06732692307692308
0 0.26500710227272717 0.925673076923077 0.06288352272727278 0.08257692307692308
0 0.14722301136363636 0.9739519230769231 0.033792613636363586 0.05209615384615385
0 0.9480752840909091 0.5955865384615384 0.02629261363636364 0.061942307692307706
0 0.17819602272727275 0.9717307692307693 0.06193181818181821 0.05653846153846154
0 0.34185369318181813 0.9705096153846153 0.10782670454545458 0.05898076923076923
0 0.8236150568181818 0.14794230769230765 0.0710653409090909 0.07315384615384608
0 0.8827272727272727 0.1150096153846153 0.06474431818181817 0.11624999999999998
0 0.8717613636363637 0.1666923076923077 0.03434659090909092 0.07042307692307694
0 0.4027698863636363 0.08099038461538466 0.08693181818181817 0.10578846153846153
0 0.43585937500000005 0.06358653846153839 0.050326704545454556 0.09863461538461542
0 0.49147017045454544 0.00951923076923089 0.04751420454545461 0.019038461538461494
0 0.5484659090909091 0.14375961538461535 0.03971590909090914 0.07148076923076915
0 0.98828125 0.9628269230769231 0.0234375 0.07407692307692308
0 0.7352911931818182 0.8062692307692307 0.0358096590909091 0.06323076923076924
0 0.8722798295454546 0.43792307692307697 0.04899147727272726 0.11280769230769236
0 0.2127627840909092 0.14056730769230774 0.0722017045454546 0.09232692307692317
0 0.20818181818181813 0.08995192307692301 0.12667613636363628 0.09940384615384615
0 0.8901420454545454 0.9222403846153846 0.06678977272727273 0.10490384615384615
0 0.9542755681818181 0.9369807692307692 0.07758522727272726 0.12523076923076923
0 0.6981321022727274 0.8404230769230769 0.06958806818181816 0.06388461538461539
0 0.6745596590909091 0.8856057692307693 0.1021875 0.07101923076923077
0 0.9679474431818181 0.06549038461538459 0.06339488636363637 0.13098076923076926
0 0.6018252840909091 0.9205480769230769 0.04612215909090913 0.05571153846153846
0 0.6417187499999999 0.8711153846153846 0.04943181818181816 0.042884615384615396
0 0.7648366477272728 0.8066057692307692 0.03509943181818183 0.053480769230769235
0 0.8004403409090909 0.8224134615384615 0.04505681818181818 0.0660576923076923
0 0.8448153409090909 0.7969711538461538 0.03392045454545454 0.04409615384615386
0 0.8542613636363636 0.8163942307692308 0.0506534090909091 0.036480769230769226
0 0.8801775568181818 0.7846346153846153 0.04302556818181819 0.05634615384615384
0 0.8460653409090909 0.7244711538461539 0.044914772727272734 0.06944230769230772
0 0.7971235795454545 0.6742884615384614 0.030696022727272707 0.05203846153846154
0 0.9262642045454546 0.7446730769230769 0.06860795454545454 0.03476923076923077
0 0.9791264204545455 0.18848076923076917 0.04174715909090909 0.08653846153846154
0 0.8795099431818182 0.629201923076923 0.022485795454545453 0.049980769230769245
0 0.6705326704545455 0.7309230769230769 0.07100852272727275 0.10138461538461538
0 0.6312073863636364 0.7629326923076922 0.042357954545454574 0.058288461538461546
0 0.9942826704545454 0.6913557692307692 0.011065340909090908 0.059980769230769226
0 0.9783735795454546 0.6042307692307691 0.04049715909090909 0.0764615384615385
0 0.9420525568181818 0.62775 0.030326704545454542 0.041038461538461544
0 0.9776988636363636 0.6593173076923077 0.044602272727272727 0.06655769230769233
0 0.9451207386363636 0.6832211538461539 0.06941761363636365 0.0824807692307692
0 0.9247514204545455 0.7939615384615385 0.06427556818181818 0.06403846153846156
0 0.9873366477272727 0.7406442307692307 0.025326704545454545 0.06736538461538462
0 0.8695454545454545 0.22695192307692302 0.02548295454545454 0.06898076923076923
0 0.9779048295454545 0.772298076923077 0.04419034090909091 0.03759615384615387
0 0.9817258522727272 0.820076923076923 0.03654829545454546 0.07576923076923078
0 0.9550142045454546 0.7566538461538461 0.025028409090909087 0.03746153846153847
0 0.9690127840909091 0.7398076923076923 0.022258522727272724 0.061769230769230805
0 0.44038352272727266 0.894125 0.04556818181818179 0.14009615384615387
0 0.45745028409090904 0.9089423076923077 0.06808238636363638 0.18211538461538462
0 0.5215269886363636 0.7997596153846154 0.05228693181818182 0.05613461538461538
0 0.5581889204545455 0.7997596153846154 0.04387784090909097 0.05940384615384613
0 0.6046448863636364 0.7885384615384615 0.036931818181818184 0.05353846153846152
0 0.6893181818181818 0.9821153846153846 0.06400568181818182 0.035769230769230775
0 0.7516548295454546 0.2801826923076923 0.05149147727272727 0.18532692307692308
0 0.7447727272727273 0.962173076923077 0.04244318181818181 0.048615384615384616
0 0.7378053977272727 0.9846923076923076 0.033735795454545456 0.030615384615384614
0 0.5582244318181818 0.9793942307692308 0.060852272727272776 0.04121153846153846
0 0.5434801136363636 0.9127307692307692 0.04034090909090906 0.035730769230769226
0 0.6779616477272727 0.6424807692307692 0.03049715909090909 0.07719230769230767
0 0.6150568181818181 0.7131826923076923 0.04744318181818179 0.10221153846153848
0 0.6162926136363636 0.6774519230769231 0.021647727272727287 0.0306730769230769
0 0.5912642045454546 0.578076923076923 0.05204545454545453 0.09565384615384617
0 0.5984801136363636 0.6520288461538462 0.056477272727272716 0.03736538461538463
0 0.6349573863636364 0.5256346153846154 0.03301136363636365 0.0800769230769231
0 0.7074502840909092 0.025000000000000022 0.061292613636363645 0.04803846153846157
0 0.6630326704545455 0.532173076923077 0.021974431818181817 0.067
0 0.9703338068181818 0.40948076923076926 0.04365056818181818 0.058115384615384666
0 0.9657457386363636 0.466375 0.035411931818181815 0.0580192307692308
0 0.9216193181818182 0.18679807692307693 0.049147727272727273 0.08055769230769227
0 0.8284303977272727 0.11728846153846151 0.03404829545454547 0.022692307692307713
0 0.8149005681818182 0.09463461538461548 0.027528409090909086 0.041961538461538446
0 0.9742116477272728 0.1393653846153846 0.04282670454545454 0.07019230769230769
0 0.6348650568181817 0.38431730769230776 0.03555397727272727 0.03355769230769229
0 0.6344034090909091 0.3578269230769231 0.04613636363636366 0.06138461538461531
0 0.5908238636363636 0.4005576923076922 0.04295454545454547 0.04815384615384619
