0 0.47796875000000005 0.3009711538461538 0.03357954545454544 0.047596153846153844
0 0.20051136363636357 0.7198173076923078 0.042187500000000065 0.07825
0 0.545965909090909 0.9433365384615384 0.06198863636363634 0.07763461538461539
0 0.5304971590909091 0.972423076923077 0.0595170454545455 0.05515384615384615
0 0.48462357954545454 0.9749423076923077 0.0644744318181818 0.05011538461538461
0 0.5058025568181819 0.8966538461538461 0.07873579545454547 0.10246153846153845
0 0.3653409090909091 0.7144807692307693 0.07042613636363634 0.16203846153846152
0 0.36382812499999995 0.8285673076923077 0.07345170454545459 0.0988653846153846
0 0.4312357954545455 0.7925865384615385 0.08036931818181815 0.14275000000000002
0 0.45975142045454553 0.7972692307692307 0.07086647727272725 0.1567692307692308
0 0.48806107954545463 0.8361634615384615 0.07129261363636363 0.09067307692307693
0 0.3940980113636364 0.9690769230769231 0.03933238636363636 0.06184615384615384
0 0.16224431818181817 0.6224326923076923 0.060539772727272734 0.07932692307692307
0 0.3614985795454545 0.9177211538461538 0.1485369318181818 0.1080576923076923
0 0.20414772727272734 0.7806442307692307 0.06198863636363634 0.09909615384615388
0 0.21358664772727276 0.8485673076923077 0.09975852272727276 0.09590384615384616
0 0.026313920454545392 0.6922884615384616 0.052627840909090846 0.055576923076923086
0 0.1427059659090909 0.5773942307692308 0.07453125000000003 0.10778846153846156
0 0.020468750000000147 0.563548076923077 0.04093750000000007 0.02813461538461543
0 0.05199573863636364 0.4656634615384615 0.10035511363636361 0.20378846153846147
0 0.3646732954545455 0.398451923076923 0.04633522727272728 0.05921153846153839
0 0.3943607954545455 0.3614423076923078 0.05051136363636364 0.05569230769230765
0 0.4026846590909091 0.32619230769230767 0.04426136363636359 0.05569230769230776
0 0.19944602272727263 0.5269230769230769 0.059261363636363674 0.11380769230769226
0 0.41596590909090914 0.2990480769230769 0.04375000000000002 0.06909615384615386
0 0.3649360795454546 0.3367596153846154 0.03748579545454544 0.09094230769230763
0 0.3873224431818181 0.28000961538461544 0.03541193181818183 0.046519230769230764
0 0.428984375 0.26837500000000003 0.05205965909090906 0.08390384615384615
0 0.3833664772727272 0.24441346153846155 0.10207386363636366 0.09178846153846146
0 0.33681107954545453 0.31881730769230765 0.04825284090909095 0.13748076923076913
0 0.7307670454545454 0.3728365384615384 0.040539772727272716 0.0859807692307693
0 0.7525426136363637 0.3298461538461538 0.03326704545454544 0.08353846153846153
0 0.8054758522727272 0.2573557692307692 0.07018465909090911 0.08436538461538462
0 0.6687571022727272 0.47234615384615386 0.13913352272727275 0.05569230769230776
0 0.23734374999999985 0.5092019230769231 0.04318181818181815 0.08582692307692301
0 0.6766264204545455 0.5141153846153845 0.0931676136363636 0.05242307692307696
0 0.5798295454545455 0.5509711538461539 0.15849431818181817 0.10974999999999993
0 0.7023366477272728 0.3128846153846153 0.08723011363636363 0.09976923076923076
0 0.6244176136363637 0.3553173076923076 0.0889204545454545 0.0699423076923077
0 0.6324644886363636 0.29110576923076925 0.06268465909090909 0.08140384615384623
0 0.43530539772727284 0.3800096153846154 0.046946022727272746 0.04236538461538467
0 0.4634019886363636 0.3395576923076924 0.0775426136363636 0.07126923076923078
0 0.512137784090909 0.32606730769230774 0.04410511363636365 0.10786538461538468
0 0.48048295454545453 0.245173076923077 0.10031250000000001 0.09438461538461536
0 0.4936434659090909 0.4146826923076923 0.17927556818181814 0.10401923076923084
0 0.26445312499999996 0.5048461538461538 0.052372159090909094 0.0696538461538461
0 0.15435369318181813 0.42210576923076926 0.10467329545454537 0.10601923076923075
0 0.25799005681818177 0.3860096153846154 0.08265625000000008 0.06794230769230766
0 0.5439985795454545 0.24186538461538454 0.049843749999999964 0.07703846153846154
0 0.5858522727272728 0.26050000000000006 0.03607954545454542 0.05992307692307697
0 0.3238707386363636 0.21709615384615377 0.05606534090909095 0.07311538461538458
0 0.28658380681818185 0.20559615384615382 0.02984374999999999 0.11003846153846149
0 0.22768465909090907 0.015480769230769242 0.013892045454545416 0.03065384615384604
0 0.2449147727272728 0.04125000000000001 0.03806818181818192 0.07661538461538468
0 0.27166903409090903 0.027663461538461553 0.046292613636363604 0.05501923076923069
0 0.33571022727272737 0.06005769230769231 0.09207386363636362 0.0654615384615385
0 0.26147017045454557 0.44390384615384626 0.058338068181818255 0.062192307692307644
0 0.34496448863636364 0.023413461538461577 0.07458806818181817 0.04682692307692312
0 0.2996448863636364 0.08673076923076928 0.06624999999999998 0.08092307692307689
0 0.3028835227272727 0.13985576923076926 0.05977272727272725 0.054596153846153926
0 0.2596803977272728 0.13157692307692315 0.039616477272727255 0.10626923076923075
0 0.22582386363636364 0.11499999999999999 0.05977272727272717 0.10823076923076917
0 0.08274857954545456 0.3835288461538462 0.0828835227272726 0.07863461538461536
0 0.08033380681818192 0.30408653846153844 0.052627840909091006 0.09663461538461539
0 0.1432457386363637 0.3335673076923077 0.08771306818181818 0.08844230769230771
0 0.20343750000000005 0.28156730769230764 0.07017045454545451 0.09417307692307686
0 0.13725852272727268 0.228375 0.08536931818181805 0.12521153846153849
0 0.2237926136363636 0.44545192307692305 0.04914772727272731 0.09640384615384615
0 0.2117755681818182 0.03893269230769236 0.03335227272727275 0.07767307692307701
0 0.1823295454545455 0.03426923076923072 0.03457386363636352 0.0685
0 0.11318181818181827 0.06594230769230758 0.10457386363636365 0.13188461538461535
0 0.7149644886363635 0.20362499999999994 0.061292613636363645 0.1258653846153846
0 0.46575284090909086 0.03423076923076929 0.17355113636363637 0.06657692307692309
0 0.3989346590909091 0.14348076923076925 0.07579545454545449 0.12219230769230773
0 0.44521306818181816 0.10314423076923074 0.05380681818181818 0.10259615384615389
0 0.5672798295454546 0.16894230769230778 0.10123579545454543 0.06657692307692309
0 0.6069105113636364 0.06320192307692307 0.07288352272727269 0.06344230769230771
0 0.6595525568181818 0.06312499999999999 0.1099289772727273 0.12624999999999995
0 0.3129048295454545 0.42648076923076916 0.06936079545454543 0.07834615384615386
0 0.8466974431818182 0.04479807692307691 0.08850852272727275 0.06578846153846139
0 0.9618252840909091 0.2284615384615385 0.07578125 0.16996153846153844
0 0.907734375 0.06312499999999999 0.05785511363636362 0.12624999999999995
0 0.2492897727272727 0.5595673076923077 0.08085227272727274 0.07959615384615382
0 0.271200284090909 0.6417788461538461 0.052088068181818124 0.1044807692307692
0 0.15737926136363634 0.6832019230769231 0.07561079545454548 0.05274999999999996
0 0.1476633522727272 0.7930865384615384 0.08032670454545464 0.10321153846153847
0 0.0879332386363636 0.6909807692307692 0.10725852272727271 0.13438461538461538
0 0.7353480113636364 0.5499134615384615 0.044048295454545444 0.1029807692307692
0 0.7754403409090909 0.5369134615384615 0.10090909090909093 0.1299807692307693
0 0.7568110795454546 0.5985961538461538 0.07643465909090909 0.11265384615384617
0 0.8515056818181819 0.5754038461538461 0.09338068181818181 0.12334615384615387
0 0.7059588068181819 0.4274807692307693 0.062031250000000024 0.0685
0 0.6723792613636363 0.390375 0.05632102272727273 0.05951923076923086
0 0.7398153409090908 0.07592307692307698 0.05812499999999998 0.14903846153846154
0 0.7331321022727273 0.06478846153846152 0.023139204545454574 0.04319230769230776
0 0.14156249999999992 0.735423076923077 0.08872159090909096 0.06319230769230766
0 0.7333877840909091 0.11841346153846155 0.01748579545454546 0.05990384615384611
0 0.9344744318181818 0.6235288461538462 0.07849431818181819 0.09848076923076925
0 0.9670525568181818 0.6649615384615384 0.06589488636363637 0.08188461538461535
0 0.03448153409090926 0.03644230769230772 0.06830965909090914 0.07288461538461534
0 0.029303977272727266 0.07591346153846157 0.05860795454545453 0.051942307692307677
0 0.03661931818181818 0.13065384615384623 0.07323863636363628 0.07607692307692308
0 0.8103764204545454 0.4284423076923076 0.06453125000000001 0.15134615384615382
0 0.8266335227272728 0.3589326923076923 0.0358522727272727 0.06117307692307693
0 0.8094176136363636 0.3191346153846155 0.039431818181818186 0.0631153846153846
0 0.7005752840909091 0.2666153846153846 0.046633522727272746 0.05596153846153851
0 0.11919034090909086 0.9717403846153846 0.06144886363636362 0.05632692307692307
0 0.695887784090909 0.5900865384615385 0.06944602272727271 0.10724999999999997
0 0.6830255681818183 0.6419711538461539 0.08488636363636362 0.15251923076923077
0 0.7231463068181818 0.6910769230769231 0.046803977272727254 0.10446153846153851
0 0.7583735795454545 0.47996153846153844 0.042457386363636385 0.03292307692307693
0 0.7874147727272727 0.44851923076923084 0.022869318181818175 0.03784615384615386
0 0.7702485795454546 0.41667307692307687 0.07012784090909091 0.09561538461538456
0 0.6362286931818182 0.21981730769230767 0.05271306818181816 0.09078846153846161
0 0.6749502840909091 0.23170192307692306 0.04410511363636365 0.05825000000000004
0 0.046676136363636433 0.7776923076923077 0.06105113636363639 0.09130769230769231
0 0.0794531249999999 0.8507884615384615 0.05916193181818179 0.11407692307692308
0 0.08061789772727268 0.9135 0.08225852272727284 0.173
0 0.030163352272727262 0.9272211538461539 0.05975852272727264 0.1455576923076923
0 0.7516690340909091 0.9618461538461538 0.05487215909090908 0.07546153846153847
0 0.7026633522727272 0.9567307692307693 0.04970170454545452 0.08653846153846154
0 0.6684801136363636 0.9667596153846154 0.07556818181818184 0.06648076923076923
0 0.9838139204545454 0.6024903846153846 0.03214488636363637 0.06209615384615383
0 0.9125568181818182 0.5421730769230769 0.1130681818181818 0.09065384615384613
0 0.8438707386363636 0.31073076923076925 0.03759943181818182 0.05323076923076924
0 0.33914772727272724 0.5449134615384615 0.10835227272727269 0.04736538461538461
0 0.31926846590909086 0.7958461538461539 0.06473011363636362 0.167
0 0.2974786931818182 0.7243076923076923 0.09688920454545444 0.13653846153846155
0 0.1999715909090909 0.6186538461538461 0.04309659090909095 0.09100000000000004
0 0.8909232954545454 0.3193365384615384 0.09588068181818182 0.0937884615384615
0 0.881640625 0.4246634615384616 0.07830965909090909 0.14271153846153842
0 0.9453338068181818 0.36078846153846156 0.10933238636363636 0.08834615384615384
0 0.6662926136363636 0.1793365384615384 0.03914772727272728 0.07067307692307692
0 0.8579829545454545 0.46706730769230764 0.05988636363636363 0.07078846153846144
0 0.9279829545454545 0.7951346153846154 0.061732954545454556 0.0740769230769231
0 0.9460440340909091 0.7465384615384616 0.10791193181818182 0.08834615384615387
0 0.8945951704545454 0.6955673076923077 0.06927556818181818 0.06117307692307693
0 0.8711150568181818 0.8307788461538461 0.0729403409090909 0.12901923076923077
0 0.8234019886363636 0.79625 0.058082386363636385 0.0990384615384615
0 0.21994318181818173 0.6502403846153846 0.0648579545454545 0.11028846153846159
0 0.874140625 0.7741538461538462 0.054133522727272725 0.12280769230769231
0 0.8759303977272728 0.6477019230769231 0.07134943181818182 0.08251923076923076
0 0.8190767045454546 0.7015480769230769 0.088125 0.1700961538461538
0 0.8034659090909091 0.7600576923076923 0.09656249999999998 0.12273076923076924
0 0.7849360795454545 0.6682307692307692 0.0576278409090909 0.08092307692307694
0 0.3740767045454546 0.46462500000000007 0.11491477272727278 0.07921153846153846
0 0.4026846590909091 0.4484999999999999 0.058835227272727296 0.1240769230769231
0 0.3110866477272727 0.48924999999999996 0.06589488636363634 0.0827692307692308
0 0.38119318181818185 0.5905865384615385 0.11017045454545454 0.08421153846153845
0 0.32953125000000005 0.6484038461538462 0.08803977272727276 0.0628076923076923
0 0.2541477272727274 0.6982307692307692 0.04318181818181815 0.10703846153846153
0 0.976484375 0.53075 0.04703125 0.06965384615384615
0 0.9715198863636364 0.49071153846153837 0.056960227272727273 0.05323076923076924
0 0.9290838068181818 0.4640961538461539 0.05833806818181817 0.10138461538461532
0 0.9766832386363636 0.8312211538461538 0.046633522727272725 0.04505769230769232
0 0.9743323863636364 0.8774519230769231 0.051335227272727275 0.0635576923076923
0 0.9846235795454545 0.9465096153846154 0.030752840909090907 0.1064423076923077
0 0.8262642045454546 0.9116057692307692 0.05130681818181819 0.17678846153846156
0 0.8659730113636364 0.9292019230769231 0.05481534090909091 0.14159615384615384
0 0.9234588068181818 0.9840288461538461 0.06848011363636362 0.03194230769230769
0 0.7996306818181818 0.969375 0.02894886363636363 0.061250000000000006
0 0.22807528409090916 0.6989038461538462 0.030894886363636364 0.07061538461538461
0 0.7950923295454546 0.881125 0.03887784090909092 0.11759615384615385
0 0.7778125 0.9676153846153847 0.03284090909090906 0.06476923076923077
0 0.5901349431818183 0.8924519230769231 0.05711647727272724 0.0568653846153846
0 0.6361079545454545 0.8491153846153846 0.05122159090909087 0.05338461538461539
0 0.7366335227272727 0.8455769230769231 0.1068181818181818 0.12273076923076921
0 0.6760653409090909 0.7662211538461539 0.09386363636363634 0.13267307692307695
0 0.6515767045454546 0.8860961538461538 0.07201704545454544 0.11349999999999999
0 0.607890625 0.9592211538461538 0.08382102272727275 0.08071153846153846
0 0.5671590909090909 0.8797019230769231 0.06494318181818177 0.06551923076923077
0 0.5594815340909092 0.9120673076923077 0.06257102272727266 0.04236538461538462
