0 0.6316832386363638 0.5081538461538462 0.1263494318181818 0.13996153846153842
0 0.09305397727272724 0.9534326923076923 0.08343750000000001 0.060250000000000005
0 0.14657670454545457 0.5985288461538462 0.050340909090909006 0.21855769230769226
0 0.12056107954545459 0.6871346153846154 0.06612215909090903 0.11676923076923076
0 0.24406960227272734 0.62625 0.05134943181818179 0.07315384615384614
0 0.17590198863636364 0.9293269230769231 0.15913352272727269 0.14134615384615384
0 0.14622869318181808 0.7812307692307693 0.13095170454545446 0.08842307692307694
0 0.19330965909090903 0.7145769230769231 0.08653409090909085 0.14723076923076922
0 0.043828124999999996 0.6616538461538461 0.08765625000000005 0.15269230769230765
0 0.5867968750000001 0.811125 0.11691761363636365 0.16582692307692312
0 0.5191619318181818 0.8718653846153847 0.11789772727272728 0.09576923076923077
0 0.7981960227272727 0.8581153846153846 0.07073863636363636 0.15696153846153846
0 0.06547585227272734 0.8997788461538462 0.06535511363636362 0.09851923076923078
0 0.7592329545454546 0.8326923076923077 0.05823863636363636 0.11923076923076924
0 0.6661931818181819 0.8538461538461538 0.045454545454545456 0.13076923076923078
0 0.8451704545454546 0.9317307692307693 0.11647727272727272 0.08653846153846154
0 0.9275568181818181 0.85 0.08522727272727272 0.08461538461538462
0 0.3994744318181819 0.9166057692307692 0.07500000000000001 0.05628846153846154
0 0.39160511363636363 0.9410961538461539 0.08309659090909091 0.11342307692307692
0 0.40050426136363637 0.8690769230769231 0.08811079545454549 0.08065384615384615
0 0.40256392045454537 0.8318365384615385 0.06575284090909093 0.04263461538461539
0 0.4081178977272727 0.7972692307692308 0.045980113636363645 0.04942307692307693
0 0.32116477272727273 0.8441346153846154 0.08389204545454546 0.11103846153846154
0 0.4657386363636363 0.48406730769230766 0.049261363636363645 0.0850961538461539
0 0.3609232954545455 0.8021153846153846 0.09667613636363637 0.055730769230769236
0 0.3868110795454546 0.7324519230769231 0.09356534090909091 0.10640384615384615
0 0.30166903409090906 0.5800384615384615 0.07546875000000007 0.07346153846153844
0 0.606612215909091 0.14646153846153842 0.07231534090909086 0.07730769230769229
0 0.567578125 0.17128846153846167 0.055014204545454574 0.07873076923076923
0 0.5673224431818182 0.25250000000000006 0.05973011363636365 0.1
0 0.43437500000000007 0.19344230769230775 0.08880681818181815 0.12661538461538457
0 0.48925426136363637 0.21614423076923073 0.028821022727272674 0.14648076923076925
0 0.36436079545454547 0.15377884615384618 0.04744318181818179 0.1305576923076924
0 0.32276988636363635 0.14627884615384612 0.04497159090909095 0.24148076923076933
0 0.4896093749999999 0.4308846153846154 0.05228693181818182 0.0785384615384616
0 0.2944318181818182 0.18360576923076932 0.057301136363636325 0.09759615384615385
0 0.30166903409090906 0.25930769230769235 0.08657670454545462 0.13888461538461533
0 0.3572727272727273 0.2751538461538462 0.04806818181818178 0.13138461538461538
0 0.3223082386363636 0.3875576923076922 0.05268465909090905 0.13846153846153847
0 0.3997869318181819 0.32645192307692306 0.08565340909090911 0.09551923076923069
0 0.44227982954545453 0.3769230769230769 0.10839488636363637 0.07799999999999989
0 0.4247443181818181 0.41028846153846155 0.0985795454545455 0.07130769230769228
0 0.5823224431818181 0.5520961538461538 0.14140624999999998 0.14888461538461542
0 0.555830965909091 0.6836826923076923 0.0643892045454546 0.22440384615384618
0 0.4955965909090909 0.6275865384615384 0.08872159090909087 0.16890384615384613
0 0.5036576704545455 0.46689423076923076 0.03686079545454544 0.07363461538461542
0 0.43090198863636364 0.6406346153846154 0.0807244318181818 0.1457692307692308
0 0.4911150568181818 0.5333653846153847 0.035355113636363615 0.0634230769230769
0 0.4600000000000001 0.5127115384615384 0.027499999999999938 0.05973076923076923
0 0.42403409090909083 0.4580961538461539 0.03897727272727272 0.05196153846153854
0 0.4066619318181818 0.48733653846153846 0.044715909090909035 0.07117307692307685
0 0.39125 0.4421346153846153 0.06406250000000004 0.07815384615384624
0 0.5825213068181818 0.40067307692307697 0.08276988636363641 0.09238461538461543
0 0.6846661931818181 0.12786538461538466 0.04370738636363634 0.06453846153846154
0 0.7052059659090909 0.10149038461538462 0.07109375000000001 0.06309615384615386
0 0.6495028409090908 0.11496153846153845 0.04661931818181821 0.047769230769230724
0 0.9749644886363636 0.9492211538461538 0.03867897727272727 0.10155769230769231
0 0.9419744318181819 0.9834903846153846 0.02948863636363636 0.03225
0 0.7332670454545455 0.133798076923077 0.055511363636363616 0.07513461538461537
0 0.7602485795454546 0.1765865384615386 0.06475852272727273 0.12105769230769228
0 0.20256392045454552 0.6141153846153846 0.040838068181818184 0.07923076923076922
0 0.17161221590909104 0.6142980769230769 0.040838068181818184 0.08732692307692307
0 0.14973011363636357 0.9838076923076923 0.06431818181818177 0.03238461538461539
0 0.8564346590909091 0.7397019230769231 0.03775568181818181 0.09144230769230768
0 0.6708735795454546 0.9281442307692308 0.05683238636363639 0.05259615384615384
0 0.7054048295454545 0.9093942307692308 0.09640625000000001 0.13294230769230772
0 0.6875994318181817 0.9820961538461539 0.04999999999999998 0.03580769230769231
0 0.7253693181818182 0.9679711538461538 0.052159090909090905 0.06405769230769232
0 0.7482173295454546 0.9438653846153846 0.09927556818181817 0.11226923076923077
0 0.7000781250000001 0.2093942307692308 0.057116477272727284 0.14940384615384614
0 0.6937286931818182 0.24661538461538468 0.04160511363636363 0.09211538461538457
0 0.665 0.2988846153846153 0.026448863636363642 0.04392307692307688
0 0.6440198863636364 0.35950000000000004 0.050056818181818195 0.08876923076923071
0 0.7443252840909091 0.03346153846153843 0.04336647727272727 0.06692307692307695
0 0.8345809659090909 0.7213173076923077 0.04569602272727271 0.14075
0 0.6111505681818181 0.9436730769230769 0.09590909090909089 0.11115384615384614
0 0.4976988636363636 0.9398942307692307 0.13769886363636363 0.08740384615384615
0 0.9824715909090909 0.5250288461538462 0.03505681818181818 0.0565961538461538
0 0.17856534090909093 0.5322692307692307 0.10406249999999999 0.14842307692307694
0 0.17707386363636357 0.5525576923076922 0.03340909090909088 0.06261538461538461
0 0.15394886363636362 0.5418365384615385 0.04624999999999992 0.11075000000000006
0 0.016541193181818126 0.9005480769230769 0.03299715909090912 0.11625
0 0.07135653409090914 0.9698557692307692 0.09947443181818177 0.060134615384615384
0 0.025845170454545374 0.7716826923076923 0.050752840909090775 0.1517884615384615
0 0.6454545454545455 0.4527692307692308 0.048039772727272716 0.07280769230769234
0 0.8589701704545455 0.6187211538461539 0.0751846590909091 0.13840384615384616
0 0.6637357954545454 0.3545865384615384 0.0688920454545455 0.16363461538461543
0 0.6974289772727273 0.34680769230769226 0.06374999999999999 0.09326923076923077
0 0.563174715909091 0.4391250000000001 0.08143465909090906 0.03521153846153847
0 0.5334375 0.43172115384615384 0.04318181818181823 0.048250000000000064
0 0.6853409090909091 0.5324423076923077 0.07855113636363634 0.10811538461538461
0 0.7610369318181818 0.6296346153846155 0.15451704545454545 0.16796153846153847
0 0.8939559659090909 0.5308557692307693 0.09987215909090909 0.08944230769230767
0 0.9258238636363636 0.5889615384615384 0.06321022727272728 0.07676923076923074
0 0.9126846590909091 0.6292788461538462 0.05306818181818183 0.07359615384615387
0 0.942684659090909 0.6838653846153846 0.11463068181818183 0.07780769230769233
0 0.22857244318181813 0.18052884615384612 0.07350852272727272 0.08786538461538472
0 0.9228551136363636 0.6832692307692307 0.09880681818181819 0.0658461538461538
0 0.8722301136363636 0.6499230769230768 0.031193181818181828 0.10188461538461537
0 0.6731605113636363 0.07068269230769231 0.09447443181818184 0.07478846153846151
0 0.31688920454545455 0.008749999999999925 0.05619318181818182 0.017500000000000043
0 0.3601065340909091 0.0353365384615385 0.06526988636363634 0.07067307692307692
0 0.36312500000000003 0.06618269230769225 0.039886363636363616 0.07609615384615383
0 0.41705965909090914 0.03509615384615383 0.08974431818181819 0.06299999999999999
0 0.4095099431818181 0.09031730769230772 0.09276988636363637 0.07690384615384606
0 0.4652556818181818 0.02548076923076925 0.09488636363636366 0.05030769230769236
0 0.08801136363636364 0.22195192307692313 0.06454545454545446 0.05963461538461537
0 0.17096590909090892 0.24149038461538463 0.06159090909090911 0.08963461538461541
0 0.0334161931818181 0.16541346153846148 0.06669034090909097 0.12548076923076923
0 0.01643465909090902 0.2217403846153846 0.032727272727272834 0.05921153846153839
0 0.046875 0.26523076923076916 0.06607954545454543 0.08738461538461538
0 0.09703835227272739 0.27329807692307695 0.056889204545454646 0.05136538461538469
0 0.14613636363636362 0.27039423076923086 0.08167613636363637 0.0795192307692307
0 0.25693892045454547 0.016307692307692356 0.07149147727272726 0.03207692307692309
0 0.2645525568181818 0.05382692307692305 0.07657670454545458 0.06357692307692309
0 0.209559659090909 0.03778846153846149 0.08755681818181817 0.05784615384615382
0 0.2588423295454544 0.10164423076923079 0.09137784090909097 0.08590384615384618
0 0.2563068181818182 0.12684615384615383 0.08122159090909084 0.11226923076923076
0 0.05551136363636355 0.8039326923076924 0.06622159090909091 0.09232692307692306
0 0.05911221590909088 0.5084230769230769 0.11811079545454559 0.10269230769230771
0 0.04376420454545449 0.5683173076923076 0.07295454545454548 0.03959615384615385
0 0.08367187499999995 0.577375 0.06609374999999997 0.0880192307692308
0 0.9581960227272728 0.025788461538461482 0.08360795454545454 0.05157692307692306
0 0.8718892045454545 0.024384615384615338 0.05125 0.04869230769230768
0 0.8051988636363636 0.027817307692307724 0.09650568181818184 0.0556346153846154
0 0.5945170454545454 0.08301923076923079 0.08451704545454541 0.10915384615384614
0 0.7343252840909091 0.052990384615384634 0.07643465909090909 0.05478846153846156
0 0.6712357954545455 0.021326923076923188 0.06534090909090909 0.04265384615384617
0 0.563799715909091 0.017471153846153942 0.1933096590909091 0.034942307692307724
0 0.09808238636363631 0.8290096153846154 0.040198863636363734 0.058173076923076925
0 0.7662713068181818 0.08525961538461546 0.06217329545454547 0.06494230769230777
0 0.8189630681818182 0.11011538461538461 0.06514204545454545 0.14188461538461533
0 0.7589914772727273 0.24350000000000005 0.0656534090909091 0.1505
0 0.8211647727272727 0.3308653846153845 0.06863636363636365 0.1232307692307692
0 0.9552059659090909 0.29181730769230774 0.08953124999999999 0.10301923076923075
0 0.9438707386363636 0.4338942307692307 0.10794034090909092 0.1499038461538462
0 0.47691761363636365 0.9637211538461539 0.11008522727272728 0.0725576923076923
0 0.4633238636363637 0.9824038461538461 0.07474431818181819 0.0345
0 0.25239346590909095 0.9831057692307692 0.09444602272727266 0.03378846153846154
0 0.07676846590909081 0.7230288461538462 0.10404829545454546 0.11040384615384614
