0 0.4663068181818182 0.9824711538461538 0.03724431818181814 0.03505769230769231
0 0.9287286931818182 0.8959326923076923 0.09544034090909091 0.08163461538461539
0 0.9085156249999999 0.19873076923076927 0.06296874999999999 0.11884615384615387
0 0.9450355113636364 0.17644230769230773 0.07231534090909092 0.09419230769230773
0 0.8307244318181818 0.09289423076923076 0.1140340909090909 0.07686538461538467
0 0.8967968749999999 0.07105769230769232 0.1855255681818182 0.14211538461538456
0 0.8533451704545454 0.1990384615384615 0.05924715909090908 0.14419230769230773
0 0.8576988636363636 0.272423076923077 0.07761363636363637 0.08173076923076923
0 0.967471590909091 0.21054807692307698 0.0650284090909091 0.0830961538461538
0 0.9565767045454545 0.2846923076923076 0.08684659090909091 0.07230769230769224
0 0.8540340909090909 0.3338365384615385 0.06505681818181817 0.08878846153846157
0 0.4510227272727273 0.6487403846153846 0.06482954545454543 0.11878846153846151
0 0.9695454545454545 0.31863461538461535 0.06090909090909091 0.044653846153846204
0 0.21747869318181823 0.27757692307692317 0.031122159090909044 0.043192307692307655
0 0.5132954545454546 0.663375 0.03707386363636367 0.04548076923076924
0 0.8497443181818182 0.7576153846153846 0.08210227272727275 0.09815384615384616
0 0.8914133522727272 0.8276730769230769 0.0629971590909091 0.06719230769230769
0 0.8592471590909091 0.8384615384615385 0.11002840909090908 0.08834615384615384
0 0.8345596590909091 0.9337115384615384 0.10750000000000001 0.13257692307692306
0 0.7761434659090909 0.8485576923076923 0.07603693181818182 0.15457692307692306
0 0.7097372159090909 0.8121826923076924 0.07311079545454545 0.11909615384615384
0 0.6524857954545454 0.878125 0.055312499999999994 0.1338269230769231
0 0.4099857954545455 0.6519230769230769 0.03678977272727269 0.0976153846153846
0 0.5554119318181818 0.8148942307692308 0.12153409090909091 0.10563461538461537
0 0.5105539772727272 0.8375576923076923 0.07593750000000005 0.06530769230769232
0 0.5340625000000001 0.9117500000000001 0.16355113636363636 0.11326923076923077
0 0.8666903409090909 0.40763461538461543 0.08008522727272728 0.08069230769230765
0 0.9765838068181818 0.5080961538461538 0.04683238636363636 0.10584615384615383
0 0.8830539772727273 0.6311249999999999 0.1287784090909091 0.10051923076923074
0 0.72328125 0.7082596153846155 0.07411931818181819 0.10405769230769228
0 0.6517826704545455 0.5533173076923077 0.10654829545454544 0.15963461538461532
0 0.5552982954545455 0.6239134615384616 0.09122159090909095 0.17421153846153847
0 0.24980113636363643 0.9464038461538462 0.10607954545454547 0.1071923076923077
0 0.3927698863636363 0.6430769230769231 0.06951704545454546 0.14573076923076922
0 0.2913352272727272 0.9052884615384615 0.055880681818181864 0.18942307692307692
0 0.2148011363636364 0.9031153846153847 0.08528409090909085 0.09699999999999999
0 0.03431107954545454 0.9857403846153846 0.03768465909090905 0.02851923076923077
0 0.07833096590909083 0.9121346153846154 0.10498579545454541 0.11434615384615385
0 0.12901988636363626 0.5527692307692308 0.07840909090909082 0.09399999999999999
0 0.09981534090909083 0.49378846153846145 0.04934659090909092 0.08476923076923074
0 0.08264204545454557 0.47332692307692303 0.05849431818181811 0.1044230769230769
0 0.08248579545454537 0.5872115384615384 0.06488636363636356 0.11973076923076921
0 0.052066761363636305 0.7610192307692307 0.08183238636363638 0.13580769230769235
0 0.12424715909090911 0.6902307692307692 0.07113636363636369 0.10142307692307688
0 0.1617187499999999 0.9260673076923077 0.05491477272727268 0.09117307692307691
0 0.12183238636363636 0.7480673076923077 0.051335227272727255 0.08401923076923076
0 0.17351562499999995 0.6751153846153846 0.07535511363636357 0.11173076923076927
0 0.2941761363636364 0.6465096153846154 0.06329545454545447 0.11236538461538463
0 0.39068181818181824 0.48198076923076927 0.08343750000000001 0.108
0 0.3554261363636364 0.38066346153846153 0.054346590909090976 0.07098076923076917
0 0.3676349431818182 0.32154807692307685 0.02938920454545454 0.06898076923076923
0 0.18088068181818184 0.44918269230769226 0.07568181818181814 0.06663461538461535
0 0.2198011363636364 0.42111538461538467 0.11272727272727283 0.07642307692307694
0 0.23488636363636362 0.38575000000000004 0.09355113636363646 0.08373076923076928
0 0.26765625000000004 0.3340961538461539 0.07295454545454548 0.11711538461538468
0 0.18099431818181833 0.9722596153846154 0.035994318181818225 0.055480769230769236
0 0.1605823863636363 0.3035096153846155 0.08636363636363646 0.16598076923076924
0 0.06484375000000009 0.33117307692307685 0.1149147727272727 0.14157692307692307
0 0.29411931818181813 0.19498076923076924 0.09113636363636358 0.06380769230769232
0 0.15244318181818173 0.13005769230769226 0.07727272727272724 0.1
0 0.2111292613636363 0.1278173076923077 0.06342329545454559 0.1628653846153846
0 0.5312571022727273 0.44063461538461535 0.058394886363636385 0.11234615384615376
0 0.5351775568181818 0.3717307692307692 0.057769886363636384 0.10492307692307692
0 0.6536860795454545 0.3091153846153847 0.06390625000000001 0.09134615384615384
0 0.5893536931818182 0.23569230769230765 0.08208806818181821 0.1600000000000001
0 0.5091477272727273 0.14088461538461539 0.1342897727272727 0.2059230769230769
0 0.13919034090909088 0.9778173076923077 0.06372159090909092 0.04409615384615385
0 0.6162002840909091 0.12524999999999997 0.08566761363636367 0.11046153846153846
0 0.49460227272727275 0.028990384615384612 0.05832386363636364 0.05798076923076919
0 0.634453125 0.038403846153846066 0.07822443181818181 0.07569230769230773
0 0.7446875 0.1366153846153847 0.053125000000000006 0.06946153846153846
0 0.8722017045454545 0.8762307692307693 0.040653409090909094 0.07038461538461538
0 0.9594673295454546 0.8944807692307692 0.08106534090909091 0.15673076923076923
