0 0.026910511363636314 0.7141057692307693 0.05382102272727271 0.10613461538461538
0 0.05202414772727271 0.6401442307692308 0.055014204545454574 0.08763461538461537
0 0.5181178977272727 0.3984423076923077 0.056406250000000054 0.05546153846153852
0 0.4031818181818182 0.4106826923076923 0.05505681818181825 0.11855769230769227
0 0.44165482954545443 0.2898942307692308 0.08424715909090909 0.08532692307692309
0 0.5030042613636363 0.43335576923076924 0.09762784090909093 0.10201923076923079
0 0.6138068181818181 0.9427019230769231 0.05482954545454544 0.1125576923076923
0 0.5634588068181818 0.874 0.11606534090909087 0.06419230769230769
0 0.5993323863636364 0.8292211538461538 0.018096590909090923 0.0608269230769231
0 0.7463778409090909 0.5933846153846154 0.027840909090909083 0.17900000000000002
0 0.6651917613636364 0.937 0.09853693181818178 0.126
0 0.8349076704545455 0.7148942307692308 0.049048295454545476 0.03632692307692305
0 0.0664701704545454 0.8397692307692308 0.07106534090909088 0.09353846153846154
0 0.807784090909091 0.7379423076923077 0.047329545454545444 0.03646153846153845
0 0.74390625 0.949451923076923 0.08082386363636364 0.10032692307692306
0 0.7247088068181817 0.8655480769230769 0.07342329545454546 0.11125
0 0.8291122159090909 0.9254807692307693 0.12191761363636364 0.14903846153846154
0 0.6480468749999999 0.8360673076923077 0.08086647727272728 0.08544230769230768
0 0.7546164772727273 0.7150865384615385 0.07500000000000001 0.1173653846153846
0 0.6953480113636363 0.6886442307692308 0.08660511363636364 0.09325000000000001
0 0.6365482954545454 0.5355480769230769 0.04204545454545458 0.05198076923076923
0 0.6753196022727272 0.5111057692307692 0.07762784090909092 0.11475000000000003
0 0.5950923295454545 0.45778846153846153 0.10461647727272728 0.12561538461538466
0 0.15678267045454541 0.8754807692307692 0.04265624999999996 0.12173076923076924
0 0.6081321022727273 0.5284423076923077 0.046150568181818195 0.07903846153846153
0 0.3653409090909091 0.28509615384615383 0.07667613636363639 0.15573076923076926
0 0.7039488636363636 0.4451346153846154 0.0601136363636364 0.0928076923076924
0 0.7337357954545455 0.4451346153846154 0.029005681818181802 0.08711538461538464
0 0.7640625 0.3645288461538462 0.05781249999999998 0.08109615384615376
0 0.7243181818181819 0.365451923076923 0.04667613636363634 0.09282692307692315
0 0.6151349431818183 0.439701923076923 0.057116477272727284 0.08151923076923075
0 0.7303196022727272 0.522173076923077 0.03407670454545452 0.07042307692307688
0 0.4666690340909091 0.27531730769230767 0.06598011363636362 0.10905769230769227
0 0.5469886363636363 0.2151153846153846 0.045284090909090906 0.13188461538461535
0 0.1643394886363635 0.8071442307692308 0.04711647727272721 0.03863461538461539
0 0.5231889204545455 0.2819903846153846 0.08356534090909089 0.14563461538461542
0 0.6401207386363637 0.2536442307692307 0.09188920454545454 0.09248076923076919
0 0.7613494318181818 0.09397115384615384 0.04553977272727273 0.09744230769230772
0 0.6843892045454545 0.12939423076923073 0.06414772727272727 0.10117307692307684
0 0.7663210227272728 0.5715384615384616 0.03568181818181819 0.13992307692307696
0 0.8920099431818181 0.12779807692307688 0.06884943181818183 0.21317307692307697
0 0.9597230113636364 0.31071153846153843 0.08049715909090908 0.16346153846153846
0 0.9864559659090909 0.22522115384615382 0.027031250000000003 0.033288461538461545
0 0.9102556818181818 0.3204807692307692 0.03687499999999999 0.08569230769230769
0 0.9433451704545455 0.219923076923077 0.07708806818181818 0.13149999999999998
0 0.10909090909090902 0.9713846153846154 0.0574715909090908 0.056846153846153845
0 0.8997514204545455 0.06297115384615382 0.0592471590909091 0.12594230769230771
0 0.9624147727272727 0.047307692307692384 0.07517045454545455 0.09461538461538459
0 0.9901278409090909 0.1603365384615385 0.019744318181818182 0.0639807692307692
0 0.7975426136363637 0.14741346153846147 0.08207386363636361 0.05948076923076925
0 0.7453693181818182 0.1900480769230769 0.08633522727272727 0.1085961538461539
0 0.7852982954545454 0.287673076923077 0.08443181818181818 0.07988461538461543
0 0.8551349431818182 0.1704134615384616 0.04654829545454547 0.08621153846153844
0 0.9140625 0.6037788461538461 0.030426136363636357 0.17351923076923081
0 0.8959446022727273 0.6553461538461538 0.030582386363636357 0.07096153846153842
0 0.8662642045454545 0.6902596153846154 0.03698863636363637 0.050673076923076966
0 0.057017045454545556 0.9431153846153846 0.050227272727272745 0.11376923076923076
0 0.957265625 0.6945576923076924 0.08546875 0.12438461538461537
0 0.8227414772727273 0.800701923076923 0.1038068181818182 0.10136538461538463
0 0.8914701704545455 0.7584807692307692 0.05240056818181817 0.14284615384615382
0 0.9424573863636364 0.7407788461538461 0.05127840909090909 0.057403846153846146
0 0.8470525568181818 0.7354423076923078 0.03697443181818182 0.0413846153846154
0 0.7661576704545454 0.4570096153846154 0.04410511363636365 0.10021153846153849
0 0.7958238636363636 0.36760576923076915 0.10184659090909091 0.10748076923076931
0 0.8920454545454546 0.3486634615384615 0.08900568181818182 0.09759615384615385
0 0.8671946022727273 0.41754807692307694 0.07617897727272727 0.08794230769230772
0 0.8198792613636363 0.4474038461538461 0.06333806818181817 0.08250000000000006
0 0.2569105113636364 0.7713653846153846 0.03913352272727266 0.05249999999999999
0 0.8832315340909092 0.4761826923076923 0.06975852272727273 0.13136538461538466
0 0.959453125 0.41918269230769234 0.08109375 0.17151923076923076
0 0.6079332386363636 0.34016346153846155 0.05069602272727272 0.13082692307692304
0 0.5754545454545454 0.3594711538461539 0.05227272727272721 0.11151923076923079
0 0.674872159090909 0.34875 0.08792613636363633 0.10296153846153851
0 0.18423295454545463 0.8683076923076923 0.03676136363636363 0.0866923076923077
0 0.12943892045454541 0.8496538461538462 0.057684659090908946 0.07415384615384614
0 0.16954545454545455 0.9815480769230769 0.07176136363636361 0.036903846153846155
0 0.11325284090909093 0.9187980769230769 0.07457386363636363 0.08859615384615387
0 0.29605113636363634 0.8514423076923077 0.02477272727272727 0.041153846153846166
0 0.20669034090909089 0.7551346153846153 0.06178977272727273 0.07403846153846157
0 0.38835937499999995 0.8708846153846154 0.06529829545454541 0.12726923076923077
0 0.16611505681818173 0.9425096153846154 0.0718607954545455 0.07848076923076922
0 0.22118607954545455 0.9436346153846153 0.046150568181818195 0.11273076923076923
0 0.3005468750000001 0.9554423076923076 0.05853693181818179 0.08911538461538462
0 0.36528409090909086 0.9767788461538461 0.07318181818181824 0.04644230769230769
0 0.35852982954545454 0.9482211538461538 0.08893465909090903 0.03809615384615384
0 0.25967329545454554 0.9655673076923077 0.03869318181818175 0.06667307692307693
0 0.4345170454545454 0.9213461538461538 0.07176136363636369 0.15730769230769232
0 0.24159801136363646 0.8910769230769231 0.03771306818181828 0.0746923076923077
0 0.3333380681818182 0.8895480769230769 0.05346590909090907 0.09144230769230768
0 0.25383522727272734 0.7877596153846154 0.0324147727272728 0.046288461538461556
0 0.2169886363636363 0.8614807692307692 0.04286931818181827 0.08584615384615384
0 0.16630681818181825 0.5338653846153847 0.03377840909090905 0.0384230769230769
0 0.15421874999999996 0.6831538461538462 0.0415056818181817 0.09715384615384617
0 0.7209588068181818 0.7772115384615385 0.05910511363636366 0.11526923076923076
0 0.3809872159090909 0.8049423076923077 0.027571022727272763 0.04496153846153848
0 0.6690553977272726 0.6443749999999999 0.039957386363636396 0.08001923076923075
0 0.5052130681818182 0.6616346153846154 0.07261363636363637 0.09676923076923082
0 0.652890625 0.6245192307692308 0.06154829545454543 0.11949999999999997
0 0.3929900568181818 0.71425 0.052769886363636415 0.1314615384615385
0 0.6167329545454545 0.7266346153846154 0.08372159090909094 0.10288461538461538
0 0.2866761363636363 0.8801730769230769 0.062301136363636385 0.07488461538461538
0 0.5116903409090909 0.6988173076923077 0.06642045454545453 0.06705769230769232
0 0.27411931818181823 0.7218269230769232 0.14951704545454544 0.12146153846153845
0 0.5701917613636363 0.5969423076923077 0.07092329545454547 0.13107692307692306
0 0.5305042613636364 0.5139807692307692 0.05629261363636363 0.09430769230769229
0 0.25083096590909093 0.6449615384615385 0.06683238636363646 0.11050000000000001
0 0.41265624999999995 0.48016346153846157 0.0598011363636364 0.13144230769230775
0 0.47703125 0.48587499999999995 0.08161931818181815 0.09525
0 0.567450284090909 0.5073173076923077 0.04009943181818185 0.10001923076923075
0 0.4527627840909091 0.6668653846153847 0.05981534090909093 0.10096153846153846
0 0.3123934659090909 0.5192211538461539 0.07177556818181814 0.09524999999999995
0 0.20296875000000003 0.03832692307692309 0.15215909090909083 0.07665384615384618
0 0.26484375000000004 0.9341634615384615 0.06170454545454545 0.05201923076923076
0 0.4830184659090908 0.5773173076923077 0.10623579545454548 0.11240384615384619
0 0.3644602272727273 0.5515961538461538 0.04502840909090908 0.1181153846153846
0 0.013451704545454635 0.8691057692307692 0.02690340909090917 0.045865384615384606
0 0.023430397727272734 0.9024326923076923 0.04686079545454547 0.09244230769230768
0 0.016789772727272667 0.8313846153846154 0.03357954545454544 0.04280769230769232
0 0.011732954545454533 0.7444903846153845 0.023465909090909065 0.06932692307692305
0 0.41510653409090914 0.8025384615384615 0.04072443181818184 0.07434615384615387
0 0.33704545454545454 0.8397019230769232 0.02536931818181812 0.03086538461538461
0 0.2909730113636364 0.8100192307692308 0.0509801136363637 0.06807692307692306
0 0.0754687500000002 0.7188173076923077 0.056647727272727266 0.061365384615384606
0 0.07487926136363621 0.6810961538461539 0.04029829545454546 0.04899999999999998
0 0.16475852272727276 0.7463942307692308 0.08647727272727272 0.09744230769230769
0 0.24661221590909088 0.2650673076923078 0.05629261363636371 0.21148076923076917
0 0.3045383522727273 0.20116346153846154 0.0576278409090909 0.05225000000000003
0 0.38852982954545456 0.14931730769230767 0.05029829545454549 0.11448076923076929
0 0.09905539772727256 0.024884615384615394 0.07083806818181819 0.04976923076923076
0 0.30390625000000004 0.1657019230769231 0.02369318181818183 0.05794230769230768
0 0.1652414772727272 0.24039423076923072 0.0566193181818182 0.16413461538461543
0 0.1091832386363637 0.2869519230769232 0.11038352272727278 0.11409615384615382
0 0.22041193181818197 0.0693173076923076 0.10397727272727263 0.12082692307692304
0 0.10620028409090909 0.19980769230769224 0.0721448863636363 0.09684615384615376
0 0.050539772727272614 0.012884615384615494 0.02465909090909093 0.025769230769230725
0 0.019367897727272765 0.04765384615384605 0.038735795454545426 0.09530769230769232
0 0.058373579545454635 0.13395192307692305 0.061605113636363645 0.08913461538461531
0 0.1281960227272727 0.09787499999999993 0.08269886363636368 0.15944230769230774
0 0.1778409090909091 0.5224519230769231 0.04366477272727274 0.042211538461538495
0 0.09835227272727276 0.08589423076923075 0.04437500000000001 0.14325000000000013
0 0.11683238636363635 0.6333076923076923 0.053551136363636426 0.1213846153846154
0 0.14361505681818187 0.5580384615384615 0.01745738636363631 0.04492307692307695
0 0.4066548295454545 0.18872115384615384 0.06021306818181824 0.047211538461538485
0 0.4327556818181818 0.15308653846153852 0.05752840909090909 0.05775000000000006
0 0.4615198863636363 0.18628846153846157 0.07721590909090903 0.11415384615384618
0 0.4907670454545454 0.09878846153846155 0.10352272727272727 0.13130769230769226
0 0.5777556818181818 0.15454807692307693 0.060284090909090905 0.30340384615384614
0 0.5010653409090908 0.026221153846153866 0.07443181818181815 0.052442307692307656
0 0.28965198863636354 0.04099038461538451 0.04126420454545456 0.07982692307692317
0 0.31457386363636364 0.045346153846153925 0.03965909090909093 0.06530769230769227
0 0.017357954545454635 0.15341346153846147 0.034715909090909165 0.12390384615384617
0 0.3913139204545455 0.03695192307692319 0.1665767045454545 0.07390384615384617
0 0.5782315340909092 0.015153846153846184 0.039531249999999976 0.03030769230769229
0 0.6149076704545454 0.02109615384615393 0.03558238636363638 0.04219230769230769
0 0.6187428977272728 0.08060576923076923 0.035838068181818165 0.04278846153846154
0 0.5323366477272726 0.06498076923076912 0.04382102272727276 0.06988461538461534
0 0.4230539772727272 0.11014423076923074 0.07122159090909089 0.07417307692307691
0 0.34884943181818184 0.1076442307692308 0.06903409090909086 0.0990961538461539
0 0.41467329545454545 0.22818269230769228 0.07213068181818177 0.05344230769230773
0 0.34391335227272724 0.17199038461538463 0.05714488636363639 0.0847500000000001
0 0.25398437500000004 0.8400480769230769 0.03853693181818181 0.06913461538461539
0 0.29977982954545457 0.12696153846153846 0.0720312499999999 0.12215384615384611
0 0.08349431818181818 0.8743942307692307 0.05258522727272725 0.08590384615384616
0 0.2138565340909092 0.8047403846153847 0.05095170454545455 0.05048076923076923
0 0.3501633522727272 0.7693846153846153 0.08592329545454547 0.12026923076923075
0 0.03318892045454547 0.8042884615384616 0.06637784090909093 0.08973076923076923
0 0.03749289772727271 0.5367884615384615 0.07498579545454541 0.21296153846153848
0 0.12551846590909088 0.7151153846153846 0.05109375000000004 0.07999999999999999
0 0.07122159090909086 0.7707884615384615 0.07346590909090912 0.07026923076923078
0 0.11952414772727271 0.7821346153846154 0.048707386363636314 0.06053846153846155
0 0.21637784090909085 0.4139807692307692 0.037471590909090906 0.0731538461538462
0 0.13794744318181817 0.4870769230769232 0.04896306818181822 0.10669230769230767
0 0.01019176136363631 0.2886057692307692 0.02038352272727276 0.018711538461538498
0 0.545028409090909 0.11585576923076923 0.028920454545454565 0.06594230769230762
0 0.6475639204545454 0.05651923076923071 0.06717329545454544 0.0375
0 0.19259943181818173 0.4110865384615384 0.0797159090909091 0.22171153846153846
0 0.13919034090909088 0.3760096153846153 0.06693181818181819 0.1067884615384616
0 0.07284090909090901 0.3733653846153846 0.07130681818181825 0.07819230769230774
0 0.12722301136363645 0.3965961538461539 0.04401988636363621 0.09380769230769237
0 0.3009303977272727 0.28554807692307693 0.0639914772727272 0.13336538461538466
0 0.5710653409090909 0.9800673076923077 0.0733522727272728 0.03625
0 0.4773792613636364 0.852625 0.07208806818181818 0.29459615384615384
0 0.22286221590909083 0.5303557692307692 0.05612215909090908 0.12213461538461542
0 0.0597727272727272 0.26801923076923073 0.08153409090909088 0.18523076923076923
0 0.2619531249999999 0.5385 0.035071022727272645 0.13703846153846158
0 0.24108664772727262 0.48577884615384614 0.03285511363636363 0.07994230769230767
0 0.10071022727272727 0.4461538461538461 0.05227272727272721 0.12557692307692303
0 0.19487215909090916 0.18125000000000002 0.07874999999999992 0.13488461538461535
0 0.2977130681818182 0.37684615384615394 0.0795170454545454 0.19611538461538455
0 0.34968749999999993 0.45809615384615376 0.08176136363636365 0.09065384615384613
0 0.3485937499999999 0.39495192307692306 0.051022727272727296 0.07428846153846153
0 0.7673082386363637 0.033769230769230774 0.10646306818181817 0.06753846153846155
0 0.8482670454545455 0.014346153846153897 0.047812500000000015 0.028692307692307722
0 0.6775213068181818 0.04928846153846156 0.08711647727272726 0.09857692307692306
0 0.03289062499999995 0.6739038461538462 0.06578124999999992 0.08942307692307692
0 0.7335440340909091 0.08008653846153846 0.052571022727272716 0.10828846153846154
0 0.6810724431818183 0.06662499999999993 0.03950284090909091 0.04159615384615384
0 0.650625 0.09367307692307703 0.033039772727272675 0.04961538461538464
0 0.8185085227272727 0.05594230769230768 0.0798863636363636 0.08284615384615393
0 0.8449786931818182 0.11551923076923076 0.030696022727272728 0.08023076923076929
0 0.3973224431818182 0.3431057692307692 0.07669034090909084 0.12844230769230774
0 0.4767116477272727 0.34943269230769225 0.10470170454545452 0.06655769230769233
0 0.4565553977272727 0.4080576923076924 0.06950284090909092 0.11646153846153846
0 0.5149786931818182 0.18147115384615387 0.06566761363636366 0.10694230769230773
0 0.5197940340909091 0.36206730769230766 0.09467329545454542 0.0663653846153846
