0 0.8720170454545455 0.9575673076923077 0.042414772727272725 0.03909615384615384
0 0.6020241477272728 0.9616730769230769 0.023025568181818154 0.04988461538461538
0 0.9719034090909091 0.36411538461538473 0.031590909090909086 0.057615384615384575
0 0.9848011363636364 0.3383750000000001 0.02127840909090909 0.03228846153846158
0 0.9883735795454546 0.40122115384615387 0.02325284090909091 0.08467307692307686
0 0.9577272727272728 0.30738461538461537 0.0509375 0.040153846153846144
0 0.9477272727272728 0.26330769230769235 0.05028409090909091 0.05500000000000004
0 0.9274218750000001 0.2794519230769231 0.029019886363636362 0.038403846153846205
0 0.7049786931818183 0.03585576923076916 0.07544034090909092 0.07171153846153851
0 0.6766122159090909 0.028932692307692354 0.04964488636363635 0.057596153846153714
0 0.6492116477272727 0.02631730769230778 0.03998579545454542 0.05236538461538454
0 0.9058238636363636 0.05904807692307701 0.05286931818181818 0.04101923076923074
0 0.6181392045454546 0.9866057692307693 0.032244318181818166 0.02494230769230769
0 0.8893821022727273 0.06253846153846154 0.056093750000000005 0.04103846153846149
0 0.901953125 0.09963461538461538 0.03353693181818182 0.04188461538461533
0 0.8845454545454545 0.021951923076923063 0.05028409090909092 0.04363461538461527
0 0.9857954545454546 0.14547115384615383 0.028409090909090908 0.04451923076923083
0 0.929034090909091 0.1101057692307692 0.02707386363636364 0.047134615384615365
0 0.9561079545454545 0.14327884615384612 0.03610795454545454 0.03667307692307691
0 0.9906321022727272 0.21005769230769233 0.018735795454545453 0.0654615384615385
0 0.9789985795454546 0.1860480769230769 0.040610795454545455 0.059365384615384625
0 0.9454758522727272 0.18299999999999994 0.047059659090909096 0.04799999999999996
0 0.8697159090909091 0.09222115384615381 0.05159090909090908 0.04975000000000001
0 0.6438494318181818 0.9866057692307693 0.03454545454545454 0.022865384615384617
0 0.8967968749999999 0.1262596153846154 0.04254261363636363 0.025326923076923108
0 0.9183948863636364 0.23624038461538466 0.027727272727272722 0.05848076923076928
0 0.9035653409090909 0.18038461538461537 0.06511363636363637 0.06896153846153849
0 0.7749431818181818 0.23144230769230778 0.03997159090909089 0.09076923076923074
0 0.7549502840909091 0.1995865384615384 0.0335369318181818 0.08117307692307689
0 0.8103977272727272 0.22663461538461538 0.042556818181818196 0.10038461538461536
0 0.7842897727272727 0.18125000000000002 0.0444886363636364 0.04800000000000007
0 0.8906747159090909 0.24148076923076922 0.043196022727272736 0.04276923076923079
0 0.8987286931818181 0.20743269230769235 0.036093749999999994 0.03578846153846157
0 0.8790625 0.14284615384615384 0.05221590909090908 0.05150000000000006
0 0.6304261363636363 0.925298076923077 0.04298295454545453 0.049865384615384624
0 0.9232244318181818 0.14982692307692302 0.03610795454545455 0.04103846153846149
0 0.5118821022727273 0.15331730769230778 0.03353693181818184 0.04801923076923071
0 0.4873863636363637 0.14590384615384622 0.023210227272727316 0.045384615384615426
0 0.4702911931818181 0.14547115384615383 0.02643465909090911 0.03578846153846157
0 0.4506321022727273 0.13629807692307694 0.02708806818181817 0.03490384615384611
0 0.47513494318181815 0.11448076923076922 0.021917613636363645 0.03142307692307687
0 0.4332244318181818 0.10924038461538466 0.032244318181818166 0.04190384615384608
0 0.46352272727272725 0.10356730769230771 0.03093749999999996 0.03928846153846155
0 0.4267755681818183 0.13149999999999995 0.032244318181818166 0.03230769230769222
0 0.4083948863636363 0.12058653846153844 0.03417613636363637 0.059365384615384625
0 0.6285014204545455 0.8821730769230769 0.029928977272727263 0.0446923076923077
0 0.41517045454545454 0.08698076923076925 0.03738636363636363 0.04976923076923076
0 0.45030539772727274 0.0786826923076922 0.03933238636363636 0.029673076923076937
0 0.6076207386363637 0.03329807692307685 0.06254261363636364 0.055865384615384636
0 0.6124644886363637 0.011038461538461553 0.061889204545454574 0.02180769230769226
0 0.49995028409090914 0.0926538461538462 0.05350852272727275 0.07330769230769231
0 0.47674005681818177 0.05425000000000002 0.049644886363636426 0.057615384615384575
0 0.4322585227272727 0.049884615384615416 0.04190340909090909 0.052384615384615404
0 0.34715198863636365 0.07825000000000004 0.06254261363636368 0.1160769230769231
0 0.30137073863636354 0.047701923076923114 0.030298295454545432 0.05674999999999998
0 0.3249076704545455 0.011913461538461623 0.0683380681818182 0.0235576923076922
0 0.5759232954545455 0.9762211538461538 0.015340909090909106 0.037403846153846156
0 0.2755823863636363 0.014096153846153925 0.05093749999999994 0.02792307692307678
0 0.27106534090909096 0.052057692307692305 0.06383522727272727 0.07419230769230777
0 0.22593039772727264 0.025009615384615325 0.05609375000000001 0.0497499999999999
0 0.017024147727272787 0.053384615384615364 0.03404829545454549 0.07330769230769231
0 0.02121448863636355 0.09441346153846164 0.04242897727272728 0.057596153846153825
0 0.0324289772727272 0.14722115384615375 0.048352272727272834 0.08640384615384616
0 0.009928977272727235 0.16380769230769232 0.01985795454545457 0.09165384615384609
0 0.07401988636363643 0.14328846153846153 0.049005681818181816 0.08553846153846158
0 0.05693181818181803 0.06778846153846152 0.048352272727272834 0.08992307692307691
0 0.09916193181818178 0.08088461538461544 0.06190340909090915 0.05673076923076923
0 0.5555894886363637 0.975701923076923 0.025326704545454524 0.028057692307692308
0 0.09884232954545458 0.031124999999999958 0.03933238636363628 0.04975000000000001
0 0.13301136363636357 0.011413461538461456 0.034176136363636284 0.022826923076923085
0 0.08369318181818175 0.02450961538461538 0.07349431818181819 0.04901923076923079
0 0.16396306818181827 0.025451923076923122 0.03545454545454534 0.05063461538461524
0 0.1455823863636364 0.07564423076923088 0.04642045454545463 0.06721153846153843
0 0.1297869318181818 0.037673076923076865 0.04190340909090909 0.045384615384615426
0 0.2448721590909091 0.0795769230769231 0.06963068181818179 0.06807692307692303
0 0.23379261363636372 0.4777596153846154 0.049005681818181816 0.10909615384615388
0 0.16577414772727284 0.3638461538461538 0.04191761363636362 0.059346153846153875
0 0.14707386363636354 0.3577307692307692 0.021278409090909115 0.07157692307692302
0 0.5429190340909091 0.9476346153846154 0.0337642045454546 0.05923076923076924
0 0.12805397727272738 0.36776923076923074 0.023210227272727316 0.05149999999999995
0 0.2992400568181818 0.24688461538461537 0.032883522727272775 0.036653846153846155
0 0.26893465909090897 0.228548076923077 0.030312500000000044 0.038403846153846094
0 0.2969815340909091 0.21806730769230764 0.05416193181818181 0.029673076923076937
0 0.2528125 0.26084615384615384 0.03159090909090911 0.029692307692307688
0 0.25281960227272715 0.23596153846153844 0.02643465909090911 0.028807692307692343
0 0.20220880681818187 0.22767307692307692 0.02836647727272731 0.06807692307692303
0 0.17705965909090926 0.21327884615384607 0.03352272727272731 0.05325
0 0.15546164772727267 0.17835576923076923 0.03288352272727269 0.05325
0 0.12644886363636365 0.18403846153846148 0.034176136363636284 0.040153846153846144
0 0.588203125 0.981875 0.03223011363636363 0.036250000000000004
0 0.1193536931818181 0.21546153846153848 0.04191761363636362 0.040153846153846144
0 0.5081392045454546 0.6501538461538461 0.022556818181818174 0.05761538461538463
0 0.5203835227272728 0.6082596153846154 0.03417613636363637 0.0523653846153846
0 0.5361860795454545 0.5602499999999999 0.058025568181818137 0.06111538461538462
0 0.45301136363636363 0.17660576923076932 0.03093750000000004 0.05848076923076928
0 0.42077414772727273 0.17400000000000004 0.04384943181818182 0.06023076923076922
0 0.33470170454545456 0.165701923076923 0.04062500000000003 0.03490384615384622
0 0.33470170454545456 0.22898076923076927 0.05221590909090908 0.08292307692307693
0 0.33566761363636366 0.2887788461538461 0.06190340909090915 0.0645961538461538
0 0.14482244318181803 0.228548076923077 0.04254261363636354 0.05413461538461545
0 0.5314062500000001 0.9829711538461539 0.02610795454545454 0.028057692307692304
0 0.12063920454545451 0.3023076923076923 0.04190340909090909 0.05149999999999995
0 0.09259943181818187 0.4751346153846153 0.03997159090909089 0.03753846153846151
0 0.11129261363636356 0.44764423076923077 0.036107954545454485 0.04540384615384607
0 0.408203125 0.6794038461538462 0.06512784090909095 0.09165384615384614
0 0.445596590909091 0.6741538461538461 0.03931818181818183 0.04276923076923079
0 0.4907315340909091 0.6850673076923077 0.02257102272727279 0.05936538461538457
0 0.5120099431818181 0.7020865384615385 0.03288352272727269 0.058480769230769225
0 0.46654829545454546 0.6903076923076923 0.03869318181818183 0.05411538461538464
0 0.35243607954545453 0.5624326923076923 0.04126420454545456 0.04451923076923078
0 0.40433238636363633 0.44807692307692304 0.043210227272727296 0.1178461538461538
0 0.8458380681818182 0.9215192307692308 0.040624999999999994 0.05499999999999999
0 0.5555823863636364 0.9912211538461538 0.03607954545454542 0.01755769230769231
0 0.16674005681818183 0.5698461538461539 0.024502840909090908 0.08553846153846152
0 0.1451491477272726 0.5672307692307692 0.02643465909090911 0.08553846153846152
0 0.12483664772727276 0.5266442307692307 0.024502840909090908 0.03928846153846155
0 0.19317471590909097 0.5654903846153847 0.047713068181818065 0.07332692307692307
0 0.10161931818181813 0.36776923076923074 0.04642045454545447 0.03403846153846152
0 0.11580965909090901 0.34289423076923076 0.04255681818181823 0.038403846153846205
0 0.14449573863636356 0.13995192307692306 0.04319602272727268 0.04451923076923083
0 0.12063920454545451 0.16613461538461538 0.03159090909090911 0.04103846153846149
0 0.10129971590909104 0.24556730769230772 0.03933238636363628 0.05498076923076929
0 0.07873579545454557 0.22767307692307692 0.04448863636363643 0.04365384615384613
0 0.43463778409090914 0.5320192307692309 0.03481534090909089 0.03403846153846152
0 0.0906605113636364 0.18490384615384614 0.04384943181818182 0.057615384615384575
0 0.03791903409090902 0.27175961538461535 0.07583806818181817 0.08117307692307699
0 0.07260653409090911 0.2813557692307692 0.05029829545454557 0.06371153846153846
0 0.11612926136363655 0.26041346153846145 0.036747159090909094 0.04801923076923071
0 0.008259943181818219 0.345951923076923 0.016519886363636358 0.05848076923076928
0 0.04585227272727266 0.1993076923076923 0.05480113636363642 0.08815384615384611
0 0.1619105113636362 0.2508076923076922 0.036747159090909094 0.05323076923076924
0 0.14740056818181813 0.27525 0.03610795454545465 0.04626923076923077
0 0.3118110795454545 0.30055769230769225 0.03998579545454542 0.05150000000000006
0 0.4842826704545454 0.45724038461538463 0.04319602272727268 0.050634615384615354
0 0.4107173295454545 0.5784134615384615 0.050752840909090935 0.04417307692307692
0 0.4768678977272728 0.43934615384615394 0.04771306818181815 0.04626923076923077
0 0.4649360795454546 0.40049999999999997 0.04578125000000002 0.040153846153846144
0 0.5258664772727273 0.6750384615384615 0.032244318181818166 0.06896153846153844
0 0.5336079545454546 0.6466634615384614 0.029659090909090902 0.05586538461538458
0 0.5471448863636365 0.6134903846153845 0.02707386363636364 0.06459615384615386
0 0.41497159090909086 0.26476923076923076 0.029659090909090902 0.025307692307692246
0 0.41851562499999995 0.2979423076923077 0.022571022727272707 0.05149999999999995
0 0.43946732954545453 0.3014326923076923 0.030951704545454494 0.05325
0 0.4555894886363636 0.2556057692307693 0.048991477272727284 0.045403846153846183
0 0.4433380681818182 0.2503750000000001 0.03093749999999996 0.04363461538461538
0 0.39258522727272727 0.522576923076923 0.03988636363636369 0.05030769230769225
0 0.43302556818181825 0.23989423076923078 0.033522727272727225 0.04190384615384608
0 0.4117471590909091 0.22679807692307696 0.03738636363636363 0.055865384615384525
0 0.38338068181818175 0.24731730769230775 0.033522727272727225 0.04625000000000002
0 0.398203125 0.30056730769230766 0.024502840909090908 0.04101923076923074
0 0.46461647727272737 0.2861538461538461 0.04125000000000003 0.0768076923076923
0 0.2515269886363637 0.2010480769230769 0.03933238636363628 0.04451923076923073
0 0.30536221590909096 0.17574038461538455 0.09154829545454544 0.07071153846153842
0 0.21639204545454538 0.20236538461538467 0.03997159090909089 0.059346153846153875
0 0.23830965909090907 0.17094230769230767 0.059318181818181805 0.06284615384615386
0 0.18995028409090908 0.1613365384615384 0.05157670454545447 0.0645961538461538
0 0.41977982954545456 0.5047788461538462 0.04532670454545458 0.046634615384615385
0 0.061328124999999956 0.4197115384615384 0.07671874999999999 0.08030769230769229
0 0.10291193181818192 0.5105 0.03738636363636371 0.03142307692307687
0 0.09034090909090897 0.49696153846153834 0.022556818181818174 0.05150000000000006
0 0.12644886363636365 0.5550096153846154 0.025142045454545518 0.029673076923076937
0 0.09839488636363636 0.5493365384615385 0.03352272727272731 0.05325
0 0.13031250000000005 0.5890576923076923 0.047073863636363615 0.048884615384615415
0 0.20671874999999995 0.5353749999999999 0.04383522727272729 0.07244230769230767
0 0.08034801136363645 0.39177884615384617 0.0722017045454546 0.057596153846153825
0 0.013096590909090988 0.44546153846153846 0.026193181818181897 0.05149999999999995
0 0.025866477272727284 0.48778846153846145 0.03676136363636363 0.0401538461538462
0 0.45377840909090916 0.48207692307692307 0.02991477272727273 0.062576923076923
0 0.018771306818181843 0.4672788461538462 0.03416193181818175 0.03578846153846157
0 0.041015625 0.45200961538461526 0.033536931818181674 0.055865384615384636
0 0.04037642045454537 0.5096153846153846 0.047713068181818225 0.07157692307692314
0 0.06680397727272724 0.4939038461538461 0.03224431818181825 0.06807692307692309
0 0.047677556818181865 0.7150576923076923 0.049644886363636266 0.028807692307692288
0 0.03285511363636362 0.6945384615384615 0.034176136363636284 0.040153846153846144
0 0.006271306818181777 0.7827019230769231 0.012542613636363694 0.041903846153846167
0 0.014005681818181848 0.7674326923076923 0.028011363636363674 0.04975000000000001
0 0.016583806818181723 0.8040961538461538 0.03316761363636367 0.04276923076923076
0 0.017052556818181852 0.84425 0.033536931818181674 0.04799999999999999
0 0.4646519886363637 0.5115288461538461 0.028110795454545402 0.06013461538461535
0 0.043167613636363567 0.8128269230769231 0.03159090909090911 0.08642307692307692
0 0.02575994318181818 0.7630673076923077 0.023849431818181766 0.03751923076923078
0 0.008849431818181874 0.7342692307692307 0.01769886363636369 0.04626923076923077
0 0.02318181818181808 0.7285865384615384 0.025142045454545358 0.03667307692307691
0 0.057677556818181874 0.7543461538461538 0.05416193181818181 0.06023076923076925
0 0.01608664772727275 0.6775192307692308 0.03160511363636364 0.07769230769230764
0 0.07701704545454546 0.9895576923076923 0.03869318181818183 0.020884615384615383
0 0.1208593750000001 0.9795192307692308 0.05157670454545463 0.040961538461538466
0 0.16986505681818187 0.979951923076923 0.05157670454545463 0.04009615384615385
0 0.2794673295454545 0.9878076923076923 0.04643465909090909 0.024384615384615383
0 0.43474431818181813 0.4409615384615385 0.019034090909090876 0.10065384615384622
0 0.24432528409090926 0.9808269230769231 0.036747159090909094 0.03834615384615385
0 0.2324005681818181 0.9585961538461538 0.04383522727272729 0.051500000000000004
0 0.20887073863636374 0.9886826923076923 0.03029829545454551 0.022634615384615385
0 0.1859801136363637 0.9489903846153847 0.05286931818181806 0.0759423076923077
0 0.23659090909090896 0.9084038461538462 0.04321022727272721 0.09776923076923076
0 0.20693181818181827 0.915826923076923 0.03803977272727285 0.06373076923076923
0 0.2488423295454545 0.8983653846153846 0.02515624999999989 0.0445
0 0.27366477272727263 0.9167019230769231 0.0490056818181819 0.05848076923076924
0 0.42291903409090914 0.7499807692307692 0.05609375000000001 0.0567307692307692
0 0.4693465909090909 0.8071538461538461 0.061250000000000006 0.0768076923076923
0 0.44379971590909095 0.4151826923076922 0.024474431818181843 0.07609615384615383
0 0.5061008522727273 0.8032211538461539 0.02643465909090911 0.06721153846153846
0 0.4928764204545455 0.7591442307692308 0.04771306818181815 0.04190384615384614
0 0.38198153409090907 0.8184903846153846 0.04126420454545456 0.04713461538461539
0 0.3616761363636364 0.8001634615384615 0.05480113636363642 0.045403846153846156
0 0.3397514204545454 0.8232980769230769 0.05350852272727267 0.03928846153846152
0 0.3146022727272727 0.79275 0.035454545454545426 0.023576923076923086
0 0.3323366477272728 0.7822788461538461 0.02322443181818177 0.03578846153846154
0 0.31750710227272727 0.7445192307692308 0.05157670454545455 0.04580769230769229
0 0.3039630681818182 0.7669903846153846 0.04255681818181823 0.041903846153846167
0 0.29688210227272727 0.8136923076923077 0.04126420454545448 0.07246153846153845
0 0.49683238636363636 0.5593942307692308 0.03264204545454548 0.050326923076923054
0 0.33394886363636367 0.8603942307692307 0.04062499999999995 0.05759615384615384
0 0.38294744318181817 0.8778557692307692 0.06382102272727273 0.08378846153846153
0 0.3619957386363637 0.7613269230769231 0.03867897727272722 0.06546153846153845
0 0.8603835227272727 0.5016346153846154 0.050284090909090896 0.06634615384615379
0 0.8028480113636364 0.08690384615384628 0.0873153409090909 0.0606923076923077
0 0.8199502840909091 0.02167307692307685 0.028707386363636376 0.04311538461538476
0 0.7879048295454545 0.07092307692307687 0.05819602272727273 0.07453846153846153
0 0.5914559659090909 0.25948076923076924 0.03683238636363637 0.05680769230769224
0 0.5815482954545454 0.2129423076923077 0.06130681818181822 0.04638461538461539
0 0.3475639204545454 0.9340673076923077 0.02049715909090902 0.04094230769230769
0 0.8745028409090909 0.8930865384615385 0.027642045454545447 0.03532692307692309
0 0.48958096590909084 0.5305480769230769 0.03262784090909087 0.03190384615384616
0 0.12463778409090909 0.09101923076923069 0.021008522727272674 0.02288461538461534
0 0.9646590909090909 0.010221153846153963 0.017926136363636366 0.02040384615384618
0 0.9449289772727273 0.01215384615384607 0.022954545454545453 0.02430769230769228
0 0.9693252840909091 0.03985576923076928 0.02725852272727273 0.040788461538461496
0 0.9492400568181818 0.039365384615384524 0.024389204545454547 0.06507692307692314
0 0.9821519886363637 0.05394230769230768 0.03569602272727273 0.07284615384615384
0 0.98609375 0.01750000000000007 0.027812499999999997 0.034999999999999976
0 0.9657386363636363 0.08598076923076925 0.040170454545454544 0.04176923076923071
0 0.9312997159090909 0.09035576923076927 0.03444602272727273 0.05051923076923073
0 0.9206107954545455 0.031961538461538486 0.05022727272727272 0.06392307692307694
0 0.4981960227272727 0.48268269230769234 0.048039772727272716 0.11536538461538463
0 0.9703338068181818 0.10947115384615391 0.05725852272727273 0.0312884615384615
0 0.15050426136363626 0.5201153846153845 0.03487215909090919 0.039499999999999987
0 0.1380539772727274 0.48687500000000006 0.022784090909091018 0.032749999999999946
0 0.16154119318181825 0.49313461538461545 0.02990056818181812 0.029884615384615315
0 0.17328125000000005 0.518673076923077 0.026335227272727222 0.04238461538461537
0 0.2814630681818181 0.25850000000000006 0.027755681818181846 0.021192307692307656
0 0.1925 0.36643269230769226 0.03772727272727265 0.04625000000000002
0 0.15868607954545455 0.4738653846153845 0.019928977272727234 0.029884615384615423
0 0.1789772727272727 0.4642307692307692 0.022073863636363586 0.03180769230769235
0 0.18786931818181818 0.4859038461538461 0.02562499999999995 0.036615384615384654
0 0.41887784090909086 0.6262884615384616 0.04170454545454547 0.05400000000000003
0 0.28644886363636357 0.387625 0.05622159090909089 0.05590384615384625
0 0.24872869318181823 0.40255769230769234 0.024900568181818142 0.03180769230769235
0 0.23769176136363646 0.43436538461538465 0.03416193181818192 0.03757692307692301
0 0.32808948863636367 0.3524519230769231 0.051235795454545444 0.07032692307692306
0 0.32487926136363643 0.3813653846153846 0.01921875000000004 0.03180769230769224
0 0.2925 0.35390384615384607 0.029886363636363666 0.03469230769230773
0 0.15549005681818184 0.44736538461538455 0.03061079545454539 0.028923076923076853
0 0.15157670454545458 0.42520192307692306 0.015653409090909065 0.025057692307692364
0 0.1245312500000001 0.43628846153846157 0.049829545454545515 0.04915384615384616
0 0.17612926136363638 0.42953846153846154 0.032031249999999935 0.029884615384615423
0 0.45468039772727276 0.6397788461538462 0.03353693181818176 0.046634615384615385
0 0.7622514204545454 0.6844134615384615 0.044133522727272716 0.05009615384615381
0 0.7565553977272728 0.6636923076923077 0.031321022727272704 0.03565384615384614
0 0.7287997159090909 0.6632115384615385 0.031321022727272704 0.04238461538461537
0 0.7522869318181818 0.6217788461538462 0.027045454545454536 0.04432692307692304
0 0.7686505681818182 0.6347788461538462 0.027045454545454536 0.027942307692307693
0 0.7729261363636364 0.5996153846153847 0.03130681818181817 0.04238461538461537
0 0.79890625 0.6309326923076923 0.04769886363636366 0.04528846153846156
0 0.7974786931818182 0.6781538461538461 0.06191761363636364 0.05492307692307687
0 0.8603693181818182 0.2863269230769231 0.04971590909090909 0.0673076923076923
0 0.8683948863636364 0.25130769230769223 0.03264204545454546 0.06934615384615385
0 0.48786221590909096 0.6189134615384615 0.027741477272727313 0.047134615384615365
0 0.9007954545454545 0.2754423076923077 0.03715909090909091 0.0482692307692307
0 0.8812002840909091 0.3220288461538461 0.038167613636363625 0.047596153846153844
0 0.8473082386363636 0.3206634615384616 0.04870738636363637 0.11694230769230769
0 0.8756818181818182 0.3733557692307692 0.03213068181818182 0.037403846153846135
0 0.8844744318181819 0.40123076923076917 0.03264204545454544 0.03469230769230773
0 0.8960227272727272 0.41993269230769237 0.012556818181818186 0.032634615384615435
0 0.8882386363636363 0.4338653846153846 0.025113636363636352 0.036038461538461554
0 0.8638778409090909 0.41891346153846165 0.03465909090909092 0.030596153846153894
0 0.8568536931818181 0.3900096153846153 0.042684659090909086 0.02582692307692309
0 0.8987855113636364 0.3556826923076922 0.032144886363636355 0.03874999999999996
0 0.4924857954545454 0.5916730769230769 0.02718749999999998 0.030923076923076945
0 0.9085795454545454 0.3757307692307692 0.03465909090909092 0.029923076923076927
0 0.9100852272727273 0.3981730769230769 0.03465909090909091 0.03126923076923075
0 0.9402201704545454 0.3876346153846154 0.033650568181818184 0.03876923076923071
0 0.9329332386363636 0.4206057692307693 0.03615056818181817 0.03944230769230778
0 0.9075710227272727 0.31488461538461543 0.021590909090909095 0.04692307692307688
0 0.9251491477272727 0.31352884615384613 0.03365056818181819 0.03875000000000006
0 0.9269105113636363 0.35397115384615385 0.027116477272727278 0.04351923076923076
0 0.8801988636363636 0.34207692307692306 0.028124999999999997 0.03196153846153847
0 0.9055681818181818 0.4549423076923078 0.018579545454545453 0.03738461538461538
0 0.9181178977272727 0.45596153846153853 0.021605113636363638 0.03126923076923075
0 0.38533380681818175 0.5456442307692309 0.03589488636363642 0.06405769230769226
0 0.91359375 0.4882596153846154 0.040681818181818194 0.0360192307692308
0 0.9603053977272727 0.4263846153846155 0.03867897727272728 0.0428461538461539
0 0.9598011363636364 0.39749038461538455 0.03363636363636364 0.0312884615384615
0 0.9090838068181818 0.42536538461538465 0.01958806818181819 0.033999999999999905
0 0.9377059659090909 0.4525673076923077 0.03163352272727273 0.047596153846153844
0 0.8828480113636363 0.4620288461538461 0.029786931818181817 0.030557692307692282
0 0.8968394886363636 0.49013461538461545 0.02708806818181817 0.028115384615384625
0 0.9216619318181818 0.5102980769230769 0.017159090909090905 0.024442307692307708
0 0.9356534090909091 0.49441346153846144 0.028892045454545448 0.046442307692307706
0 0.8990980113636364 0.5255769230769232 0.03521306818181819 0.05011538461538467
0 0.39482244318181814 0.603201923076923 0.038678977272727295 0.05601923076923076
0 0.991171875 0.9215192307692308 0.017144886363636366 0.04523076923076923
0 0.9428764204545454 0.9251923076923076 0.03069602272727273 0.04765384615384615
0 0.9631818181818181 0.9447403846153846 0.024375 0.04521153846153846
0 0.9370099431818182 0.9861153846153846 0.038821022727272725 0.02776923076923077
0 0.1512713068181818 0.3158365384615385 0.02836647727272731 0.038403846153846205
0 0.17351562499999995 0.3127788461538461 0.03288352272727269 0.04451923076923083
0 0.17480823863636374 0.28004807692307687 0.02643465909090911 0.048865384615384554
0 0.13353693181818183 0.40530769230769226 0.048352272727272674 0.030538461538461528
0 0.1809303977272727 0.3970096153846153 0.05157670454545447 0.047134615384615365
0 0.12806107954545454 0.47033653846153844 0.03481534090909089 0.03317307692307692
0 0.9781178977272728 0.8269423076923077 0.022116477272727274 0.03711538461538461
0 0.11644886363636364 0.48997115384615386 0.03352272727272731 0.03578846153846151
0 0.9648579545454545 0.8167692307692308 0.03272727272727272 0.03592307692307694
0 0.6139204545454545 0.8593076923076923 0.04068181818181816 0.04053846153846155
0 0.8755113636363636 0.8125769230769231 0.02034090909090908 0.051500000000000004
0 0.8768323863636364 0.7766538461538461 0.02477272727272729 0.04430769230769229
0 0.8578196022727272 0.7502980769230769 0.027428977272727275 0.06825000000000002
0 0.7211505681818182 0.6299423076923076 0.04068181818181816 0.028730769230769226
0 0.4854048295454546 0.6532884615384615 0.029190340909090926 0.03473076923076923
0 0.8303977272727272 0.7275384615384615 0.04511363636363637 0.06826923076923076
0 0.9749147727272727 0.9162115384615385 0.03159090909090909 0.040153846153846144
0 0.9778125 0.9842884615384615 0.03997159090909091 0.03142307692307692
0 0.9849005681818181 0.9668365384615385 0.02965909090909091 0.06632692307692307
0 0.9745880681818182 0.7848365384615384 0.03224431818181818 0.034057692307692296
0 0.6047017045454546 0.8987980769230769 0.04068181818181816 0.04259615384615386
0 0.990390625 0.79575 0.01740056818181818 0.04888461538461539
0 0.8646590909090909 0.9668365384615385 0.061250000000000006 0.06632692307692307
0 0.8508025568181818 0.8821634615384615 0.03740056818181818 0.03317307692307694
0 0.8327485795454546 0.8594711538461538 0.06188920454545455 0.04886538461538462
0 0.8137215909090909 0.8808557692307692 0.05480113636363638 0.09163461538461538
0 0.5184303977272728 0.9619134615384616 0.03384943181818179 0.03982692307692308
0 0.56671875 0.9277307692307692 0.020539772727272698 0.03307692307692307
0 0.5531178977272727 0.9344903846153846 0.019985795454545444 0.030057692307692313
0 0.545625 0.9021826923076923 0.026079545454545473 0.031557692307692314
0 0.5586647727272727 0.8833942307692307 0.031079545454545447 0.030057692307692313
0 0.5724715909090909 0.9045096153846154 0.028409090909090908 0.04155769230769231
0 0.5403551136363636 0.8747596153846153 0.033295454545454545 0.04282692307692308
0 0.5278622159090909 0.9014326923076923 0.03274147727272729 0.0390576923076923
0 0.5625497159090909 0.8653653846153846 0.06882102272727271 0.045076923076923084
0 0.6591264204545455 0.9480192307692308 0.04884943181818184 0.0646153846153846
0 0.518153409090909 0.9834038461538461 0.03997159090909097 0.033192307692307695
0 0.5173224431818182 0.939375 0.02720170454545451 0.03532692307692308
0 0.6521874999999999 0.8570961538461539 0.05383522727272728 0.06761538461538462
0 0.6571803977272728 0.9018076923076923 0.04606534090909092 0.048846153846153845
0 0.6219460227272728 0.9547788461538461 0.03107954545454541 0.040557692307692315
0 0.612372159090909 0.8303076923076923 0.028806818181818142 0.042423076923076924
0 0.5697798295454546 0.9434807692307692 0.026093750000000006 0.04261538461538462
0 0.48065340909090903 0.9769134615384616 0.04210227272727271 0.044980769230769234
0 0.9511150568181819 0.7799423076923077 0.04191761363636364 0.06284615384615386
0 0.9356392045454546 0.8235865384615384 0.027727272727272732 0.029673076923076937
0 0.9211363636363636 0.8043846153846154 0.02579545454545454 0.04538461538461537
0 0.895674715909091 0.8165961538461538 0.02643465909090909 0.04365384615384616
0 0.8537642045454545 0.802625 0.03803977272727273 0.07855769230769233
0 0.825390625 0.8048173076923077 0.05350852272727271 0.07767307692307693
0 0.8769673295454545 0.7432788461538462 0.019985795454545464 0.03667307692307694
0 0.8937357954545455 0.7690288461538461 0.021278409090909098 0.058480769230769225
0 0.9143678977272727 0.7707692307692308 0.0264346590909091 0.054999999999999986
0 0.598565340909091 0.929451923076923 0.03147727272727276 0.02701923076923077
0 0.9159730113636364 0.7419711538461538 0.030951704545454543 0.048019230769230765
0 0.9862571022727272 0.7419711538461538 0.027088068181818182 0.061980769230769214
0 0.9727201704545454 0.7192788461538462 0.034815340909090914 0.07594230769230768
0 0.94015625 0.7528846153846154 0.039318181818181815 0.08030769230769229
0 0.856015625 0.7101057692307693 0.05544034090909091 0.04190384615384614
0 0.9111434659090909 0.7131634615384616 0.054815340909090904 0.06198076923076926
0 0.9050142045454546 0.6974519230769232 0.04900568181818183 0.048019230769230765
0 0.8624644886363637 0.6786826923076923 0.06447443181818181 0.04363461538461538
0 0.7077272727272728 0.5892115384615384 0.03224431818181821 0.06896153846153844
0 0.722549715909091 0.5778653846153846 0.04126420454545452 0.08642307692307692
0 0.588203125 0.9492019230769231 0.030696022727272666 0.027019230769230764
0 0.7431889204545454 0.5573557692307691 0.0374005681818182 0.10125
0 0.9688494318181818 0.6219423076923077 0.046420454545454556 0.06111538461538462
0 0.8550497159090908 0.6171442307692308 0.029019886363636373 0.06371153846153846
0 0.8063707386363637 0.5900865384615385 0.05802556818181819 0.07244230769230772
0 0.7061150568181818 0.6673365384615384 0.04705965909090908 0.06632692307692303
0 0.6841903409090909 0.6018653846153846 0.057386363636363645 0.06634615384615385
0 0.7773579545454545 0.5551730769230769 0.043835227272727255 0.06023076923076922
0 0.8626207386363636 0.4514038461538462 0.04126420454545454 0.048884615384615415
0 0.9619176136363636 0.48196153846153844 0.03997159090909091 0.07507692307692301
0 0.95546875 0.3422980769230769 0.045142045454545456 0.06459615384615391
