0 0.1539133522727273 0.9732211538461538 0.05907670454545459 0.03521153846153846
0 0.7939630681818182 0.7391634615384616 0.021221590909090905 0.04290384615384613
0 0.09335937500000002 0.11205769230769225 0.022400568181818157 0.0702692307692308
0 0.3932457386363637 0.4742115384615385 0.031264204545454616 0.050153846153846125
0 0.0529687499999999 0.9631826923076923 0.024176136363636337 0.05125
0 0.8260298295454546 0.2507211538461539 0.019190340909090896 0.04905769230769229
0 0.8644389204545455 0.584875 0.04674715909090909 0.06378846153846152
0 0.5897443181818183 0.7591442307692308 0.030426136363636305 0.03786538461538461
0 0.05579545454545454 0.18725961538461533 0.022386363636363624 0.03817307692307697
0 0.8343323863636364 0.15121153846153845 0.018863636363636364 0.03880769230769232
0 0.7509801136363636 0.9140096153846153 0.04406249999999998 0.04713461538461538
0 0.39082386363636357 0.9917115384615385 0.06372159090909092 0.016576923076923076
0 0.6291974431818181 0.2772499999999999 0.039616477272727296 0.03934615384615381
0 0.010475852272727293 0.4319711538461538 0.020951704545454544 0.028019230769230866
0 0.729921875 0.43772115384615384 0.026690340909090896 0.035557692307692325
0 0.5724928977272727 0.4363942307692308 0.015099431818181812 0.04644230769230765
0 0.48470880681818185 0.8813173076923076 0.03109374999999998 0.057865384615384624
0 0.9246306818181818 0.6793653846153846 0.03272727272727272 0.04150000000000002
0 0.03577414772727261 0.3020673076923077 0.04768465909090916 0.061711538461538526
0 0.06772017045454537 0.04865384615384616 0.052201704545454544 0.06396153846153844
0 0.8204616477272727 0.8760865384615385 0.04541193181818182 0.08467307692307692
0 0.35049715909090906 0.5629711538461539 0.026051136363636408 0.03975000000000003
0 0.987734375 0.5939519230769231 0.024190340909090904 0.07063461538461537
0 0.08399147727272727 0.3856442307692307 0.03701704545454538 0.07555769230769235
0 0.11975852272727261 0.7587019230769231 0.03954545454545459 0.06178846153846153
0 0.19667613636363646 0.7399423076923077 0.020880681818181722 0.025615384615384602
0 0.03776278409090916 0.14966346153846166 0.029786931818181858 0.043173076923076904
0 0.5377627840909092 0.16101923076923086 0.04055397727272729 0.09215384615384618
0 0.05226562500000009 0.5420769230769231 0.03615056818181808 0.03915384615384618
0 0.7221519886363637 0.2280192307692308 0.03007102272727271 0.03419230769230764
0 0.19124289772727276 0.8538557692307692 0.024275568181818065 0.039211538461538464
0 0.03211647727272726 0.9344807692307693 0.027329545454545467 0.02988461538461539
0 0.8214346590909091 0.44608653846153856 0.04366477272727274 0.023980769230769174
0 0.7174857954545455 0.4899326923076923 0.029517045454545456 0.0312884615384615
0 0.7002911931818181 0.02629807692307684 0.01632102272727274 0.03755769230769236
0 0.35784090909090904 0.9139711538461539 0.028011363636363595 0.051673076923076926
0 0.6468323863636364 0.5169711538461539 0.06392045454545454 0.05490384615384612
0 0.9394957386363636 0.12301923076923083 0.04035511363636363 0.08053846153846164
0 0.10649857954545439 0.21267307692307702 0.0218892045454545 0.06134615384615391
0 0.23793323863636362 0.0755769230769231 0.02600852272727265 0.05430769230769233
0 0.3754048295454545 0.2053846153846154 0.036377840909090846 0.04692307692307688
0 0.5259446022727272 0.194673076923077 0.03313920454545452 0.034384615384615375
0 0.22790482954545443 0.955125 0.03930397727272721 0.04336538461538461
0 0.9868892045454546 0.4668365384615385 0.019431818181818182 0.04698076923076924
0 0.18833806818181809 0.4722788461538462 0.04499999999999993 0.04224999999999994
0 0.9328267045454546 0.5017019230769231 0.033125 0.06090384615384613
0 0.9835866477272728 0.1482596153846154 0.03282670454545455 0.03990384615384615
0 0.13945312499999996 0.7926153846153846 0.021747159090909175 0.03911538461538462
0 0.1900710227272726 0.2696826923076924 0.03900568181818171 0.06501923076923077
0 0.6611363636363636 0.026317307692307668 0.02028409090909091 0.025288461538461496
0 0.9085227272727272 0.5406923076923078 0.03707386363636364 0.04923076923076922
0 0.9593678977272727 0.5371634615384615 0.021605113636363638 0.03990384615384615
0 0.41431107954545454 0.23940384615384613 0.03782670454545454 0.04692307692307688
0 0.3543323863636364 0.9438365384615385 0.04693181818181821 0.032711538461538466
0 0.45745028409090904 0.8704038461538461 0.02782670454545451 0.029230769230769223
0 0.3072372159090909 0.9867307692307692 0.038735795454545426 0.02653846153846154
0 0.15976562500000002 0.9398461538461539 0.07737215909090912 0.07346153846153847
0 0.11133522727272727 0.029990384615384613 0.03491477272727262 0.041942307692307584
0 0.6596235795454546 0.4113173076923077 0.04762784090909087 0.033096153846153914
0 0.13838778409090902 0.058615384615384625 0.020156249999999917 0.04992307692307688
0 0.2283238636363637 0.1136442307692308 0.025028409090909098 0.0467115384615385
0 0.3026420454545454 0.9255288461538461 0.030369318181818174 0.03628846153846153
0 0.9388849431818181 0.22663461538461538 0.03061079545454545 0.041461538461538466
0 0.36024857954545453 0.17647115384615386 0.020042613636363657 0.04094230769230773
0 0.004197443181818028 0.809076923076923 0.008394886363636318 0.028000000000000004
0 0.84640625 0.13130769230769224 0.021874999999999988 0.03761538461538462
0 0.09075284090909086 0.1623557692307691 0.02017045454545461 0.03640384615384617
0 0.9503480113636363 0.5990673076923076 0.03862215909090909 0.047442307692307666
0 0.8032244318181818 0.49542307692307697 0.034659090909090896 0.03669230769230772
0 0.9920028409090909 0.11996153846153845 0.015994318181818182 0.04276923076923079
0 0.18920454545454557 0.8984038461538462 0.035596590909090994 0.05646153846153847
0 0.9844815340909091 0.10018269230769239 0.025838068181818177 0.04455769230769234
0 0.19210227272727276 0.7050961538461539 0.02252840909090911 0.04846153846153844
0 0.15364346590909084 0.29719230769230764 0.04052556818181814 0.03407692307692302
0 0.7065767045454545 0.07783653846153848 0.03386363636363637 0.036249999999999935
0 0.8278693181818182 0.03823076923076918 0.04068181818181818 0.03896153846153844
0 0.9471519886363636 0.18553846153846154 0.02458806818181818 0.044961538461538456
0 0.48796874999999995 0.2630865384615385 0.029744318181818177 0.06328846153846147
0 0.8184517045454546 0.7577596153846153 0.023579545454545468 0.03821153846153847
0 0.2293110795454545 0.8587788461538461 0.03470170454545447 0.03678846153846154
0 0.03425426136363641 0.23435576923076928 0.033423295454545414 0.04717307692307687
0 0.14181818181818173 0.7184423076923077 0.028636363636363592 0.047230769230769236
0 0.6225923295454545 0.3116153846153845 0.0487357954545455 0.03973076923076928
0 0.8047088068181818 0.24722115384615384 0.02830965909090908 0.03874999999999996
0 0.25671164772727273 0.7073942307692307 0.03802556818181815 0.03548076923076921
0 0.21992187500000004 0.9031923076923076 0.029048295454545358 0.03484615384615384
0 0.3802130681818182 0.5232019230769231 0.05383522727272724 0.07601923076923077
0 0.6220170454545455 0.7379615384615386 0.06213068181818187 0.058961538461538454
0 0.6758096590909091 0.4396826923076923 0.02477272727272727 0.03998076923076916
0 0.6545951704545454 0.06565384615384617 0.031178977272727258 0.04869230769230768
0 0.4595809659090908 0.4935480769230769 0.05330965909090913 0.06140384615384617
0 0.1824573863636364 0.6826730769230769 0.0316477272727274 0.04726923076923079
0 0.20215198863636374 0.7583365384615385 0.03154829545454534 0.015788461538461553
0 0.026044034090909163 0.3923653846153846 0.052088068181818124 0.032000000000000084
0 0.24443892045454552 0.03911538461538466 0.035298295454545485 0.05380769230769223
0 0.9778196022727272 0.5528653846153846 0.023934659090909086 0.044538461538461534
0 0.7011576704545455 0.9858461538461538 0.06507102272727273 0.028307692307692308
0 0.45682528409090917 0.2262019230769231 0.029559659090909095 0.04282692307692304
0 0.11896306818181823 0.060278846153846155 0.018693181818181935 0.03194230769230761
0 0.16102982954545453 0.7044903846153846 0.022457386363636287 0.04778846153846153
0 0.9756676136363637 0.1386250000000001 0.022869318181818185 0.04405769230769235
0 0.5879190340909091 0.7171826923076923 0.05390624999999998 0.04059615384615387
0 0.8366335227272728 0.48903846153846153 0.030681818181818196 0.04292307692307697
0 0.6966974431818183 0.4910096153846155 0.06382102272727273 0.0657884615384615
0 0.024098011363636207 0.46269230769230774 0.04819602272727266 0.02465384615384614
0 0.021278409090909167 0.19127884615384616 0.024545454545454506 0.04186538461538469
0 0.5256605113636363 0.38912500000000005 0.02632102272727269 0.051134615384615334
0 0.13789062500000004 0.14070192307692309 0.03427556818181818 0.03867307692307695
0 0.04836647727272725 0.7281923076923077 0.030909090909090896 0.029307692307692326
0 0.23545454545454547 0.671471153846154 0.04434659090909095 0.05678846153846154
0 0.7333451704545455 0.021826923076923133 0.02819602272727272 0.043038461538461636
0 0.04095170454545449 0.07210576923076928 0.019346590909090914 0.05605769230769227
0 0.6903693181818182 0.45833653846153843 0.025397727272727266 0.026942307692307675
0 0.06348721590909079 0.4342211538461538 0.03132102272727282 0.05859615384615379
0 0.07649857954545458 0.34415384615384625 0.03782670454545454 0.04219230769230769
0 0.11269176136363646 0.46924038461538464 0.029048295454545358 0.05559615384615379
0 0.9795809659090909 0.24668269230769224 0.04012784090909091 0.0734807692307692
0 0.004893465909090788 0.5100192307692308 0.009786931818181799 0.03784615384615386
0 0.3746946022727272 0.5540096153846154 0.028110795454545482 0.06325000000000003
0 0.7976988636363636 0.27092307692307693 0.017357954545454544 0.03999999999999991
0 0.3024928977272727 0.8857403846153846 0.049360795454545456 0.043865384615384605
0 0.5882741477272727 0.4228942307692307 0.017144886363636355 0.024826923076923125
0 0.2844247159090909 0.8562019230769231 0.04598011363636372 0.0391346153846154
0 0.9608167613636364 0.8496634615384615 0.03237215909090908 0.033903846153846146
0 0.25044034090909084 0.28019230769230774 0.05863636363636368 0.09169230769230771
0 0.04070312499999995 0.9853846153846154 0.028394886363636376 0.02923076923076923
0 0.42995738636363634 0.4657596153846154 0.0371306818181818 0.05967307692307687
0 0.15559659090909084 0.04962500000000003 0.05556818181818182 0.0585961538461539
0 0.26509943181818185 0.9288942307692307 0.021761363636363627 0.054865384615384614
0 0.7892471590909091 0.9634326923076924 0.05730113636363637 0.05128846153846154
0 0.7763778409090909 0.7801826923076923 0.028380681818181805 0.039634615384615386
0 0.9743181818181819 0.05225961538461543 0.05136363636363636 0.047826923076923086
0 0.5024076704545455 0.22017307692307697 0.0292755681818182 0.03334615384615391
0 0.9028480113636363 0.28719230769230775 0.028025568181818186 0.03257692307692307
0 0.19281960227272732 0.07252884615384625 0.053707386363636284 0.037288461538461624
0 0.6443963068181818 0.05264423076923075 0.03558238636363638 0.04221153846153855
0 0.0431178977272727 0.7514134615384616 0.027826704545454592 0.045634615384615364
0 0.7147869318181819 0.1951153846153847 0.05761363636363637 0.03876923076923082
0 0.5118678977272728 0.27503846153846145 0.031065340909090914 0.03769230769230763
0 0.3339630681818182 0.9913846153846154 0.021903409090909112 0.017230769230769234
0 0.21141335227272728 0.8681057692307692 0.03759943181818186 0.031249999999999986
0 0.5463494318181819 0.4037019230769231 0.017301136363636373 0.043019230769230775
0 0.8647372159090909 0.3418365384615385 0.027173295454545467 0.05255769230769239
0 0.23395596590909085 0.7483269230769231 0.030752840909090876 0.04488461538461536
0 0.061661931818181914 0.7630865384615385 0.02786931818181819 0.03701923076923077
0 0.7501349431818182 0.882125 0.03921875000000002 0.049480769230769224
0 0.2825142045454545 0.9257980769230769 0.021477272727272654 0.05459615384615385
0 0.06833096590909093 0.4819038461538462 0.07205965909090911 0.03865384615384609
0 0.16580965909090917 0.7286826923076923 0.01670454545454544 0.035903846153846126
0 0.15963068181818185 0.21819230769230769 0.11500000000000005 0.06661538461538459
0 0.23075284090909098 0.9858173076923077 0.03508522727272718 0.027980769230769233
0 0.04840198863636369 0.29021153846153835 0.0336505681818181 0.07280769230769223
0 0.9567329545454546 0.22068269230769233 0.024687499999999998 0.026211538461538453
0 0.4203267045454545 0.5233076923076923 0.036789772727272775 0.04311538461538459
0 0.40068181818181825 0.5137884615384616 0.017357954545454503 0.03749999999999994
0 0.79234375 0.782875 0.02573863636363637 0.052250000000000005
0 0.16542613636363646 0.8030192307692308 0.028806818181818142 0.06026923076923075
0 0.5131178977272728 0.2549807692307693 0.03569602272727272 0.054615384615384684
0 0.9893181818181818 0.5478942307692307 0.021363636363636362 0.03532692307692309
0 0.2253835227272728 0.8839807692307693 0.03573863636363632 0.025692307692307705
0 0.6259232954545455 0.02218269230769221 0.02258522727272728 0.044365384615384605
0 0.2050994318181819 0.5224615384615385 0.02755681818181815 0.04423076923076923
0 0.7138210227272728 0.44761538461538464 0.023749999999999997 0.016576923076923086
0 0.4625426136363636 0.25276923076923086 0.026136363636363603 0.027038461538461542
0 0.8089701704545454 0.9544038461538461 0.03853693181818183 0.060384615384615384
0 0.23816761363636374 0.7032499999999999 0.04565340909090907 0.048923076923076916
0 0.06884943181818182 0.12450000000000006 0.03644886363636359 0.05726923076923072
0 0.27046164772727266 0.8908461538461538 0.022230113636363603 0.04080769230769232
0 0.13294744318181817 0.2759903846153846 0.021491477272727266 0.023750000000000045
0 0.007762784090909025 0.9878653846153846 0.015071022727272747 0.02373076923076923
0 0.9596022727272727 0.06736538461538455 0.05034090909090909 0.04507692307692307
0 0.9808025568181818 0.2162211538461538 0.03336647727272728 0.019749999999999965
0 0.5077769886363637 0.1459807692307692 0.053963068181818195 0.044884615384615335
0 0.23853693181818192 0.9137019230769231 0.03778409090909094 0.04278846153846154
0 0.017414772727272765 0.49669230769230766 0.020965909090909077 0.03180769230769235
0 0.9636789772727272 0.12471153846153848 0.020312499999999997 0.07846153846153849
0 0.7748366477272728 0.9648365384615385 0.02808238636363638 0.026826923076923078
0 0.9580326704545454 0.2572884615384615 0.03964488636363636 0.05207692307692305
0 0.6514275568181818 0.8338557692307692 0.053167613636363645 0.061211538461538456
0 0.9464630681818181 0.5708269230769231 0.042727272727272725 0.02838461538461542
0 0.9191477272727273 0.5267980769230769 0.028806818181818183 0.046788461538461563
0 0.15959517045454552 0.15693269230769236 0.04569602272727283 0.04640384615384614
0 0.6996235795454546 0.23625961538461537 0.026605113636363663 0.06324999999999997
0 0.6673224431818182 0.4961730769230769 0.05080965909090911 0.06323076923076922
0 0.08111505681818187 0.4463942307692308 0.03490056818181809 0.060519230769230825
0 0.5654261363636364 0.38831730769230777 0.02562499999999995 0.030980769230769256
0 0.9689488636363637 0.18571153846153843 0.04994318181818181 0.04734615384615386
0 0.8444744318181818 0.7985192307692308 0.04210227272727273 0.07503846153846153
0 0.49428267045454544 0.7757596153846154 0.02220170454545454 0.03428846153846154
0 0.2643181818181817 0.0876538461538462 0.028977272727272695 0.05130769230769232
0 0.07877840909090916 0.2966730769230769 0.052670454545454604 0.061038461538461555
0 0.8220099431818182 0.503125 0.028167613636363633 0.02951923076923081
0 0.03690340909090917 0.18362500000000004 0.018522727272727222 0.0306346153846154
0 0.4933238636363636 0.18847115384615387 0.03914772727272728 0.03532692307692309
0 0.600546875 0.22035576923076916 0.0399857954545455 0.07305769230769232
0 0.7735866477272728 0.8627403846153846 0.04955965909090911 0.05194230769230769
0 0.9780397727272727 0.5006634615384615 0.03642045454545455 0.031942307692307666
0 0.9145454545454546 0.3079423076923077 0.021761363636363627 0.03303846153846155
0 0.35269176136363634 0.13930769230769235 0.027940340909090932 0.05384615384615385
0 0.8023934659090909 0.021615384615384592 0.036576704545454565 0.04323076923076927
0 0.33691761363636363 0.16843269230769242 0.0293181818181818 0.07986538461538467
0 0.8375497159090909 0.1967692307692308 0.022485795454545453 0.028692307692307614
0 0.16936079545454552 0.09090384615384617 0.024090909090909142 0.0279615384615385
0 0.20638494318181833 0.792875 0.02742897727272736 0.041634615384615395
0 0.28737215909090896 0.8202403846153846 0.03167613636363638 0.05663461538461539
0 0.45887073863636363 0.8911538461538462 0.04140624999999997 0.03557692307692306
0 0.382109375 0.16446153846153844 0.030894886363636364 0.043615384615384625
0 0.46472301136363636 0.07629807692307689 0.0361221590909091 0.060480769230769206
0 0.2966832386363637 0.9529423076923077 0.034531250000000006 0.04030769230769231
0 0.7032031249999999 0.2948942307692308 0.029673295454545435 0.05771153846153855
0 0.43840909090909086 0.21426923076923066 0.04963068181818182 0.03157692307692311
0 0.19974431818181815 0.14013461538461536 0.040085227272727314 0.09661538461538463
0 0.5112855113636363 0.9025961538461539 0.016661931818181843 0.02584615384615384
0 0.17385653409090907 0.7700384615384616 0.033139204545454444 0.049846153846153825
0 0.3433238636363637 0.1459903846153846 0.01840909090909088 0.04228846153846155
0 0.16631392045454552 0.9892211538461538 0.06617897727272731 0.02078846153846154
0 0.5616122159090908 0.41010576923076925 0.014644886363636285 0.0175576923076923
0 0.931875 0.2520865384615385 0.03875 0.07224999999999998
0 0.1721519886363635 0.83325 0.02813920454545463 0.04684615384615384
0 0.08848011363636354 0.4684519230769232 0.02323863636363638 0.03409615384615377
0 0.4221946022727273 0.4818557692307692 0.029417613636363606 0.046711538461538395
0 0.11821022727272734 0.275076923076923 0.033153409090909136 0.052307692307692284
0 0.9882741477272727 0.40248076923076914 0.022911931818181817 0.05542307692307691
0 0.17652698863636374 0.9311538461538462 0.04845170454545456 0.09473076923076923
0 0.5326775568181819 0.03769230769230769 0.04848011363636363 0.060499999999999964
0 0.02303267045454538 0.5094134615384616 0.04606534090909084 0.058942307692307704
0 0.26935369318181823 0.8164423076923077 0.02225852272727275 0.033769230769230774
0 0.4994886363636364 0.1703269230769231 0.05431818181818183 0.03915384615384618
0 0.21529829545454537 0.74525 0.02053977272727262 0.03992307692307691
0 0.9920951704545454 0.08531730769230772 0.01578125 0.02578846153846148
0 0.9616619318181818 0.8125288461538461 0.035625000000000004 0.05513461538461536
0 0.6426917613636363 0.42809615384615385 0.046718750000000024 0.0732307692307692
0 0.6732954545454546 0.07572115384615385 0.043295454545454574 0.041711538461538564
0 0.7560511363636364 0.22452884615384616 0.045142045454545456 0.06021153846153847
0 0.7238352272727273 0.05278846153846162 0.03948863636363634 0.06765384615384616
0 0.11446022727272731 0.11508653846153849 0.028011363636363674 0.06521153846153852
0 0.9611008522727272 0.4897307692307692 0.032173295454545454 0.05615384615384613
0 0.5546875 0.44108653846153845 0.021534090909090864 0.03375000000000002
0 0.2609730113636364 0.03257692307692306 0.05052556818181809 0.03873076923076921
0 0.8171022727272728 0.6607307692307691 0.038437499999999986 0.04642307692307695
0 0.7042897727272728 0.4199903846153846 0.04443181818181818 0.02832692307692311
0 0.015156250000000093 0.41219230769230775 0.030312500000000044 0.018423076923076893
0 0.36732954545454544 0.5840096153846154 0.03821022727272732 0.030557692307692282
0 0.018160511363636278 0.12489423076923079 0.03450284090909086 0.03609615384615381
0 0.14844460227272727 0.7403461538461539 0.021917613636363728 0.023615384615384618
0 0.010340909090909012 0.3011538461538462 0.020681818181818103 0.05661538461538461
0 0.8904048295454545 0.5115096153846155 0.030468749999999985 0.0538653846153846
0 0.6950639204545455 0.705076923076923 0.031974431818181846 0.038807692307692265
0 0.8410014204545455 0.1726057692307692 0.02251420454545454 0.03844230769230771
0 0.6436434659090908 0.010836538461538425 0.030838068181818192 0.02167307692307689
0 0.7777059659090909 0.7405384615384616 0.0292755681818182 0.04323076923076921
0 0.110234375 0.1682403846153846 0.023025568181818234 0.044826923076923084
0 0.99015625 0.513798076923077 0.0196875 0.034365384615384624
0 0.054680397727272734 0.3818173076923076 0.038622159090909165 0.048403846153846186
0 0.8586008522727273 0.8230576923076923 0.04157670454545456 0.07938461538461539
0 0.017975852272727244 0.3660096153846155 0.03595170454545447 0.028519230769230738
0 0.12740767045454537 0.19951923076923073 0.03981534090909103 0.08715384615384625
0 0.4824857954545455 0.7853942307692308 0.022897727272727278 0.04040384615384614
0 0.2095383522727272 0.9858173076923077 0.02376420454545457 0.027980769230769233
0 0.9953551136363636 0.45854807692307686 0.009289772727272728 0.07925000000000007
0 0.9054048295454545 0.25877884615384616 0.020525568181818176 0.027442307692307658
0 0.7169602272727273 0.011230769230769266 0.02701704545454547 0.022461538461538474
0 0.013430397727272614 0.979326923076923 0.026860795454545408 0.04080769230769231
0 0.018089488636363615 0.4807211538461539 0.036178977272727314 0.021903846153846235
0 0.2571235795454545 0.7350865384615385 0.03794034090909096 0.04109615384615385
0 0.06085227272727256 0.23699038461538469 0.014687500000000046 0.06351923076923072
0 0.17894886363636364 0.7266730769230769 0.021818181818181837 0.039038461538461564
0 0.12389914772727273 0.7138365384615384 0.04572443181818189 0.04413461538461536
0 0.6074786931818181 0.27149038461538466 0.033167613636363585 0.03894230769230769
0 0.1245312500000001 0.11001923076923081 0.03534090909090908 0.04919230769230766
0 0.14990056818181818 0.19905769230769232 0.06400568181818174 0.07765384615384614
0 0.6553196022727272 0.2973076923076924 0.04021306818181818 0.05165384615384607
0 0.20433948863636364 0.6663942307692308 0.02819602272727276 0.06124999999999999
0 0.13399857954545458 0.9454807692307692 0.0480823863636364 0.036923076923076927
0 0.0587855113636363 0.13559615384615387 0.027116477272727157 0.03911538461538468
0 0.35938920454545453 0.5349807692307692 0.029772727272727326 0.03638461538461542
0 0.1838707386363635 0.11131730769230763 0.058849431818181745 0.07425000000000002
0 0.6173082386363637 0.22260576923076925 0.03521306818181821 0.06836538461538452
0 0.2550639204545455 0.7620673076923077 0.05220170454545447 0.06071153846153845
0 0.2604758522727273 0.8380192307692308 0.024701704545454607 0.048038461538461544
0 0.05559659090909086 0.9365192307692307 0.03715909090909102 0.03588461538461539
0 0.037990056818181794 0.20355769230769238 0.03876420454545449 0.026000000000000075
0 0.8418465909090909 0.017721153846153914 0.02178977272727273 0.035442307692307704
0 0.8815767045454546 0.26375961538461534 0.03034090909090909 0.03125
0 0.9361931818181818 0.5445961538461539 0.02997159090909091 0.04726923076923074
0 0.9656818181818182 0.5952980769230769 0.023892045454545454 0.05174999999999999
0 0.17467329545454546 0.2968557692307693 0.06232954545454545 0.044211538461538476
0 0.15342329545454547 0.7982884615384616 0.01877840909090913 0.05792307692307693
0 0.5823650568181818 0.7262788461538461 0.04825284090909095 0.03786538461538461
0 0.9388139204545455 0.18881730769230753 0.03160511363636364 0.060942307692307685
0 0.9230681818181818 0.649125 0.032215909090909094 0.05625
0 0.3481676136363636 0.19890384615384604 0.022499999999999964 0.04846153846153844
0 0.311122159090909 0.9019423076923077 0.029488636363636432 0.03830769230769231
0 0.7922017045454546 0.8865000000000001 0.041107954545454545 0.0438076923076923
0 0.9543678977272727 0.6779519230769231 0.031946022727272726 0.04571153846153843
0 0.4807528409090909 0.825548076923077 0.015255681818181831 0.040865384615384616
0 0.580859375 0.21175 0.0283096590909091 0.04111538461538461
0 0.0506107954545455 0.23676923076923073 0.018494318181818157 0.047192307692307624
0 0.4651704545454546 0.22844230769230767 0.03397727272727275 0.03865384615384609
0 0.1475568181818182 0.7657692307692308 0.01840909090909096 0.029500000000000005
0 0.09298295454545458 0.33370192307692303 0.050340909090909006 0.049365384615384644
0 0.6797372159090909 0.049576923076923074 0.03745738636363637 0.02430769230769239
0 0.9609517045454545 0.8877115384615385 0.022926136363636364 0.04207692307692307
0 0.007684659090909207 0.33917307692307697 0.015369318181818253 0.027076923076923155
0 0.32264204545454545 0.9534903846153846 0.018267045454545473 0.027096153846153846
0 0.8066619318181818 0.7472980769230769 0.018551136363636325 0.04448076923076922
0 0.6877840909090909 0.008961538461538354 0.03644886363636363 0.01792307692307691
0 0.05579545454545454 0.058096153846153964 0.03196022727272727 0.04507692307692307
0 0.8414346590909091 0.5592115384615384 0.044176136363636376 0.03738461538461538
0 0.7173508522727272 0.2588846153846154 0.01910511363636366 0.03461538461538462
0 0.5597727272727273 0.05785576923076918 0.045625000000000006 0.0776346153846154
0 0.9097372159090908 0.16871153846153852 0.029730113636363645 0.04576923076923079
0 0.0476491477272728 0.34287500000000004 0.022627840909090837 0.032249999999999966
0 0.3399715909090909 0.9165769230769231 0.02241477272727277 0.06542307692307692
0 0.1853125000000001 0.5629711538461539 0.022329545454545494 0.029673076923076937
0 0.5686860795454546 0.7418750000000001 0.025809659090909112 0.05574999999999999
0 0.0723082386363636 0.7418942307692308 0.030241477272727222 0.05517307692307692
0 0.5010653409090908 0.3434711538461539 0.03329545454545462 0.047134615384615365
0 0.718515625 0.46750961538461544 0.04021306818181818 0.025788461538461586
0 0.17282670454545446 0.9619615384615384 0.041193181818181816 0.03876923076923077
0 0.737137784090909 0.29766346153846146 0.05046875 0.05401923076923072
0 0.8053125 0.4644807692307692 0.03647727272727274 0.03257692307692307
0 0.8196306818181818 0.27731730769230767 0.027102272727272746 0.0288653846153846
0 0.5362144886363636 0.3577307692307692 0.046377840909090876 0.07584615384615384
0 0.03428267045454547 0.42371153846153853 0.03231534090909091 0.04453846153846159
0 0.7402414772727273 0.9395961538461538 0.028011363636363636 0.02246153846153846
0 0.6014062499999999 0.44471153846153844 0.017414772727272713 0.0398846153846154
0 0.24789062500000014 0.164875 0.03927556818181815 0.1229038461538462
0 0.5995170454545455 0.7992115384615385 0.037755681818181876 0.0591923076923077
0 0.04613636363636364 0.9000769230769231 0.053267045454545456 0.038923076923076914
0 0.24639204545454552 0.26015384615384607 0.04332386363636364 0.048884615384615415
0 0.7365269886363637 0.7096826923076923 0.03376420454545456 0.03355769230769229
0 0.8132883522727272 0.7853942307692308 0.029786931818181837 0.03882692307692307
0 0.12627840909090904 0.0881153846153847 0.03684659090909099 0.03234615384615383
0 0.4522301136363637 0.2687211538461539 0.05159090909090908 0.03813461538461536
0 0.18343750000000003 0.5397788461538462 0.04724431818181817 0.043711538461538496
0 0.9388920454545454 0.07479807692307694 0.042215909090909096 0.052211538461538524
0 0.9791974431818182 0.018663461538461656 0.041605113636363635 0.037326923076923126
0 0.9775994318181818 0.03400961538461533 0.04480113636363636 0.050019230769230864
0 0.8099644886363636 0.9158846153846154 0.05018465909090907 0.045576923076923084
0 0.072265625 0.17448076923076927 0.018309659090909234 0.049538461538461524
0 0.00891335227272727 0.8496153846153847 0.017741477272727287 0.03961538461538461
0 0.047038352272727235 0.16164423076923073 0.03333806818181822 0.02805769230769237
0 0.9742826704545454 0.4500576923076922 0.03231534090909091 0.054692307692307686
0 0.31100852272727275 0.965 0.02852272727272725 0.020307692307692308
0 0.04035511363636379 0.5037692307692307 0.033210227272727266 0.047884615384615394
0 0.5767897727272727 0.3943557692307692 0.018863636363636326 0.03855769230769222
0 0.02525568181818183 0.4464230769230769 0.050511363636363556 0.028846153846153848
0 0.35944602272727266 0.981423076923077 0.04019886363636365 0.037153846153846155
0 0.3767400568181819 0.43228846153846145 0.03646306818181821 0.049384615384615395
0 0.6699786931818181 0.01961538461538459 0.030411931818181814 0.03923076923076919
0 0.5057954545454546 0.3793365384615385 0.029147727272727245 0.037903846153846225
0 0.6564417613636364 0.330576923076923 0.03774147727272726 0.04257692307692316
0 0.7404758522727273 0.6853653846153847 0.03734374999999999 0.03161538461538466
0 0.8528835227272727 0.46652884615384616 0.027698863636363636 0.06351923076923083
0 0.07334517045454547 0.08490384615384616 0.03464488636363634 0.03411538461538463
0 0.35047585227272726 0.9680096153846154 0.057428977272727284 0.03271153846153846
0 0.15166193181818177 0.10122115384615382 0.022130681818181716 0.04459615384615384
0 0.20042613636363626 0.49340384615384614 0.0371306818181818 0.030461538461538522
0 0.6904190340909091 0.39648076923076914 0.07302556818181817 0.03180769230769235
0 0.019772727272727386 0.5429903846153846 0.035710227272727255 0.05278846153846157
0 0.2071803977272727 0.7136153846153845 0.025525568181818222 0.03319230769230773
0 0.8441690340909092 0.3402788461538463 0.02808238636363638 0.0556730769230769
0 0.8315767045454545 0.4677403846153847 0.021647727272727266 0.02605769230769233
0 0.8378835227272727 0.611326923076923 0.038948863636363636 0.08053846153846159
0 0.20802556818181828 0.9476346153846154 0.029488636363636352 0.06126923076923076
0 0.18703124999999998 0.7894230769230769 0.015284090909090896 0.0401923076923077
0 0.3245667613636364 0.9170480769230769 0.02311079545454543 0.06448076923076923
0 0.7451491477272727 0.25796153846153846 0.03649147727272727 0.030923076923076893
0 0.4860724431818182 0.20680769230769225 0.03526988636363642 0.049461538461538404
0 0.2793394886363636 0.7694519230769231 0.034105113636363704 0.06082692307692307
0 0.5010511363636363 0.8161538461538462 0.029488636363636352 0.07092307692307694
0 0.9929900568181819 0.6016153846153847 0.014019886363636363 0.05423076923076921
0 0.0177485795454545 0.8234326923076923 0.03365056818181826 0.06974999999999999
0 0.7170525568181818 0.06476923076923069 0.03828124999999998 0.04676923076923076
0 0.6909161931818182 0.03040384615384617 0.0185653409090909 0.028346153846153865
0 0.1560582386363637 0.2618173076923077 0.05438920454545449 0.044173076923076864
0 0.7716051136363636 0.9253076923076923 0.04468750000000001 0.05742307692307693
0 0.9692613636363636 0.5290769230769231 0.023607954545454543 0.02999999999999999
0 0.636846590909091 0.0335192307692308 0.02821022727272725 0.027615384615384642
0 0.5152485795454546 0.06825961538461545 0.04228693181818179 0.08632692307692305
0 0.46114346590909083 0.8013557692307692 0.03643465909090914 0.05448076923076923
0 0.7119176136363636 0.697528846153846 0.021903409090909112 0.046211538461538464
0 0.07561789772727279 0.23079807692307686 0.027428977272727195 0.0734807692307692
0 0.3625497159090909 0.13486538461538455 0.03450284090909094 0.04850000000000005
0 0.05084517045454551 0.09922115384615393 0.029247159090909136 0.03717307692307689
0 0.09317471590909099 0.051048076923077 0.037343749999999946 0.06471153846153842
0 0.6875142045454545 0.2778173076923076 0.028977272727272737 0.07525
0 0.07839488636363645 0.5075384615384615 0.030056818181818136 0.03442307692307688
0 0.2542542613636364 0.8803846153846153 0.023735795454545506 0.03723076923076921
0 0.4878693181818182 0.8609230769230769 0.03448863636363641 0.04473076923076924
0 0.7345809659090909 0.05697115384615381 0.02444602272727274 0.051288461538461456
0 0.9555326704545455 0.6392788461538461 0.03427556818181818 0.03655769230769235
0 0.027123579545454635 0.33353846153846156 0.03921875000000002 0.07765384615384614
0 0.24286221590909096 0.9321442307692308 0.026946022727272766 0.04405769230769231
0 0.5858877840909091 0.4420384615384616 0.021122159090909098 0.034000000000000016
0 0.027045454545454484 0.0972884615384616 0.037642045454545456 0.061576923076923154
0 0.3712428977272727 0.4699134615384616 0.03126420454545453 0.04467307692307696
0 0.5976420454545455 0.4064326923076924 0.0286931818181818 0.044788461538461576
0 0.6247088068181819 0.4770384615384615 0.043423295454545485 0.05380769230769234
0 0.011264204545454626 0.9404134615384615 0.022073863636363746 0.04175000000000001
0 0.22220880681818178 0.29509615384615384 0.025269886363636473 0.05426923076923082
0 0.2729048295454546 0.9587211538461539 0.014758522727272788 0.015211538461538462
0 0.40973721590909085 0.43581730769230764 0.03299715909090912 0.04859615384615381
0 0.5421875 0.09024038461538464 0.03897727272727272 0.04975000000000001
0 0.2287073863636363 0.2361923076923077 0.07582386363636363 0.07723076923076917
0 0.010781249999999853 0.1591442307692308 0.02156249999999993 0.0663653846153846
0 0.8242471590909091 0.9445192307692307 0.02670454545454545 0.054038461538461535
0 0.2269247159090909 0.16036538461538463 0.03450284090909086 0.08015384615384617
0 0.11260653409090926 0.4152596153846154 0.03109374999999998 0.05498076923076929
0 0.78515625 0.6521153846153847 0.040000000000000036 0.048884615384615415
0 0.6478693181818183 0.4244230769230769 0.036193181818181805 0.050730769230769225
0 0.4292613636363636 0.2533846153846153 0.03440340909090913 0.05623076923076925
0 0.45217329545454554 0.8437692307692307 0.047982954545454586 0.06042307692307693
0 0.6286079545454546 0.43608653846153844 0.036534090909090905 0.06848076923076926
0 0.20268465909090916 0.7869711538461539 0.034602272727272745 0.04221153846153847
0 0.8163636363636364 0.010490384615384651 0.02670454545454547 0.02098076923076928
0 0.01798295454545462 0.9128846153846154 0.03596590909090916 0.04269230769230768
0 0.7159090909090908 0.4244326923076924 0.06022727272727269 0.044173076923076864
0 0.09915482954545463 0.44370192307692313 0.01933238636363638 0.023903846153846168
0 0.44848011363636364 0.45172115384615386 0.05164772727272729 0.052442307692307656
0 0.06103693181818182 0.5095769230769231 0.02761363636363644 0.03626923076923074
0 0.029843749999999947 0.9622307692307692 0.022784090909090858 0.03796153846153846
0 0.9196875 0.5104711538461538 0.028437499999999994 0.04921153846153852
0 0.27527698863636363 0.07633653846153843 0.03677556818181816 0.06186538461538454
0 0.08647727272727268 0.20759615384615393 0.026278409090909092 0.0595384615384615
0 0.5552059659090909 0.42455769230769225 0.022883522727272745 0.01507692307692303
