0 0.30626420454545455 0.7150000000000001 0.045795454545454556 0.05580769230769233
0 0.5211860795454545 0.7860096153846153 0.046463068181818154 0.06732692307692309
0 0.07703125 0.7773076923076923 0.04122159090909088 0.05000000000000003
0 0.8034446022727273 0.9478942307692307 0.04569602272727273 0.0385576923076923
0 0.16985085227272734 0.7412788461538462 0.033366477272727284 0.06290384615384612
0 0.55375 0.018865384615384784 0.03431818181818185 0.034576923076923005
0 0.87015625 0.6292980769230769 0.04284090909090909 0.054980769230769236
0 0.7994957386363637 0.1380769230769231 0.038394886363636346 0.051230769230769205
0 0.5001775568181819 0.6758653846153846 0.042826704545454515 0.04084615384615381
0 0.8264772727272727 0.12451923076923077 0.024488636363636355 0.036153846153846064
0 0.3441335227272727 0.9682403846153846 0.06008522727272729 0.03840384615384615
0 0.12110795454545453 0.5255865384615385 0.043181818181818314 0.07263461538461535
0 0.9780539772727272 0.7769326923076922 0.043892045454545454 0.05109615384615386
0 0.2765269886363636 0.48443269230769226 0.03282670454545456 0.06401923076923081
0 0.413671875 0.44625961538461534 0.03671874999999995 0.07005769230769232
0 0.8762713068181818 0.01480769230769241 0.023934659090909083 0.02961538461538457
0 0.7079758522727273 0.9071057692307692 0.036718749999999994 0.05875
0 0.5561505681818182 0.050211538461538474 0.04869318181818186 0.03457692307692311
0 0.41191051136363643 0.9781346153846154 0.020838068181818204 0.026500000000000003
0 0.9163281249999999 0.61875 0.02279829545454546 0.03992307692307691
0 0.8890696022727272 0.8158365384615385 0.04507102272727272 0.07305769230769232
0 0.6236931818181818 0.4922115384615384 0.04284090909090909 0.04746153846153842
0 0.896015625 0.6104615384615384 0.02336647727272728 0.0595
0 0.8398295454545455 0.7412692307692308 0.040056818181818186 0.02788461538461536
0 0.18620028409090916 0.20361538461538464 0.029446022727272755 0.05580769230769227
0 0.27431107954545453 0.4859326923076923 0.027258522727272725 0.03540384615384609
0 0.47996448863636365 0.04181730769230774 0.07524147727272723 0.06467307692307703
0 0.47980823863636357 0.6505865384615385 0.01947443181818179 0.027788461538461515
0 0.8306463068181819 0.05334615384615382 0.03950284090909091 0.0685384615384615
0 0.820078125 0.7570865384615385 0.03950284090909089 0.045942307692307664
0 0.7455965909090909 0.6730769230769231 0.04644886363636362 0.07884615384615384
0 0.5753053977272726 0.08586538461538462 0.02953125000000003 0.05403846153846147
0 0.6395454545454546 0.5313749999999999 0.027812500000000018 0.03540384615384615
0 0.1407315340909091 0.8478653846153846 0.04711647727272721 0.05580769230769233
0 0.1443323863636362 0.21424999999999994 0.022897727272727278 0.057576923076923074
0 0.3410653409090909 0.9358461538461539 0.031704545454545444 0.047461538461538465
0 0.12502840909090907 0.286875 0.02355113636363626 0.04694230769230763
0 0.631484375 0.2531923076923076 0.0406107954545455 0.03088461538461539
0 0.09918323863636369 0.8937788461538462 0.03467329545454541 0.0791346153846154
0 0.6982457386363636 0.2426442307692308 0.04061079545454546 0.04444230769230772
0 0.49294744318181816 0.5132980769230768 0.047286931818181846 0.05198076923076929
0 0.23758522727272724 0.4463942307692308 0.029488636363636352 0.03313461538461542
0 0.7805823863636363 0.42580769230769233 0.029488636363636352 0.03465384615384612
0 0.2467187500000001 0.9646057692307692 0.048409090909090964 0.07078846153846154
0 0.013117897727272787 0.43746153846153846 0.026235795454545494 0.057576923076923074
0 0.9157741477272727 0.5833461538461537 0.033934659090909085 0.04596153846153847
0 0.363330965909091 0.41482692307692315 0.03745738636363637 0.05138461538461533
0 0.12306107954545453 0.06852884615384613 0.03140625000000002 0.046057692307692286
0 0.1096519886363635 0.07606730769230774 0.03598011363636369 0.05401923076923083
0 0.6203053977272728 0.8537692307692308 0.060184659090909094 0.0558076923076923
0 0.37397727272727266 0.7629807692307693 0.050369318181818154 0.05492307692307693
0 0.14334517045454542 0.9268461538461539 0.05887784090909081 0.07973076923076924
0 0.1797301136363636 0.6114711538461539 0.051732954545454485 0.04444230769230772
0 0.15544744318181813 0.9055865384615385 0.054303977272727136 0.08501923076923079
0 0.28106534090909097 0.7479230769230769 0.045142045454545414 0.06553846153846153
0 0.7627769886363637 0.2705192307692308 0.04507102272727275 0.05196153846153843
0 0.5939275568181819 0.5980384615384615 0.047855113636363716 0.08134615384615382
0 0.537215909090909 0.8351634615384615 0.039261363636363615 0.07175000000000001
0 0.43122159090909096 0.20937499999999998 0.04840909090909089 0.07794230769230764
0 0.36603693181818187 0.4551923076923077 0.03596590909090916 0.03334615384615391
0 0.4940340909090909 0.022903846153846108 0.058892045454545426 0.04580769230769229
0 0.9669602272727272 0.6048076923076924 0.04394886363636363 0.06176923076923078
0 0.2489914772727272 0.48141346153846154 0.02781250000000006 0.06251923076923081
0 0.5614275568181819 0.797076923076923 0.05626420454545456 0.05934615384615385
0 0.10213068181818197 0.2784615384615384 0.04318181818181815 0.0690769230769231
0 0.03376420454545448 0.9711346153846154 0.0464488636363637 0.05492307692307692
0 0.5517542613636364 0.07991346153846157 0.04629261363636368 0.03998076923076916
0 0.8862855113636363 0.7721538461538462 0.047286931818181825 0.06703846153846153
0 0.2628977272727272 0.4309423076923078 0.02670454545454555 0.05800000000000005
0 0.9693536931818182 0.7053557692307693 0.06092329545454545 0.05021153846153849
0 0.8078409090909091 0.8484711538461539 0.05284090909090908 0.04594230769230769
0 0.48487926136363635 0.6142307692307691 0.04450284090909089 0.035384615384615396
0 0.10965909090909098 0.8536250000000001 0.042528409090909006 0.06909615384615385
0 0.7385795454545454 0.8732115384615384 0.027812500000000018 0.034653846153846146
0 0.15970170454545451 0.7257788461538461 0.045795454545454556 0.047826923076923086
0 0.4951775568181819 0.489576923076923 0.0517471590909091 0.052730769230769206
0 0.7190980113636364 0.8378365384615385 0.03401988636363635 0.07351923076923078
0 0.306015625 0.4809134615384615 0.038394886363636326 0.1062115384615385
0 0.8437286931818182 0.10644230769230778 0.030042613636363645 0.024115384615384653
0 0.8417755681818182 0.6849038461538461 0.04284090909090909 0.08284615384615382
0 0.7328409090909092 0.024230769230769278 0.03926136363636366 0.04846153846153844
0 0.21338778409090897 0.48367307692307693 0.06120738636363641 0.04896153846153853
0 0.8064488636363636 0.08861538461538465 0.051193181818181825 0.06476923076923079
0 0.882109375 0.16883653846153834 0.04339488636363636 0.053480769230769235
0 0.3562002840909091 0.11449999999999994 0.022343750000000027 0.04861538461538467
0 0.6056392045454546 0.1199038461538462 0.050284090909090876 0.07457692307692314
0 0.24966619318181815 0.13806730769230757 0.039900568181818065 0.03455769230769225
0 0.6509517045454545 0.19707692307692315 0.033948863636363645 0.04219230769230769
0 0.47459517045454547 0.6656923076923078 0.0406107954545455 0.057999999999999996
0 0.5417755681818182 0.021028846153846148 0.03272727272727276 0.04105769230769235
0 0.7869744318181818 0.49096153846153845 0.040056818181818166 0.04896153846153848
0 0.13909090909090904 0.7067307692307692 0.04122159090909088 0.05226923076923078
0 0.86125 0.19632692307692312 0.026136363636363624 0.03315384615384606
0 0.5054616477272728 0.6510096153846153 0.04339488636363638 0.04671153846153844
0 0.19920454545454547 0.6276634615384615 0.03616477272727278 0.06778846153846153
0 0.2995738636363636 0.01644230769230759 0.017215909090909098 0.021269230769230773
0 0.7719602272727273 0.2584711538461538 0.033380681818181816 0.06401923076923081
0 0.10932528409090903 0.24923076923076926 0.030099431818181734 0.03365384615384615
0 0.34781960227272724 0.13502884615384625 0.02953124999999995 0.03132692307692311
0 0.29677556818181816 0.7674038461538462 0.03991477272727276 0.05315384615384618
0 0.3358451704545454 0.0772211538461538 0.02953124999999995 0.060519230769230714
0 0.9865696022727273 0.740326923076923 0.026491477272727274 0.04842307692307694
0 0.8417755681818182 0.13167307692307695 0.025028409090909098 0.029384615384615443
0 0.6495596590909091 0.4997403846153846 0.02670454545454547 0.0640192307692307
0 0.6375994318181819 0.29612499999999997 0.056193181818181864 0.05648076923076924
0 0.6306463068181818 0.6036826923076923 0.05563920454545457 0.06551923076923076
0 0.8025568181818181 0.8124423076923077 0.045625000000000006 0.0708076923076923
0 0.7146946022727272 0.9925576923076923 0.049673295454545456 0.014884615384615385
0 0.6908451704545455 0.9842115384615384 0.049673295454545456 0.02869230769230769
0 0.18914772727272744 0.1593269230769231 0.056278409090909094 0.07884615384615384
0 0.8570738636363636 0.015673076923076845 0.020028409090909104 0.03088461538461539
0 0.9650426136363637 0.7362884615384615 0.02318181818181819 0.036769230769230776
0 0.47964488636363634 0.198298076923077 0.04318181818181815 0.09301923076923078
0 0.17279119318181813 0.6832596153846154 0.034019886363636426 0.05313461538461543
0 0.37168323863636354 0.8019519230769231 0.05365056818181824 0.05490384615384618
0 0.6697017045454545 0.01847115384615383 0.050369318181818154 0.036942307692307656
0 0.9260653409090909 0.6674519230769231 0.07454545454545455 0.07909615384615384
0 0.6445525568181818 0.23511538461538461 0.03115056818181815 0.03992307692307691
0 0.8339914772727273 0.17372115384615394 0.05619318181818182 0.058750000000000024
0 0.2692968750000001 0.5187019230769231 0.03393465909090907 0.040673076923076985
0 0.6835014204545455 0.2015961538461538 0.031150568181818192 0.04519230769230769
0 0.4462144886363636 0.26486538461538467 0.0650994318181818 0.04669230769230775
0 0.5932599431818182 0.13503846153846155 0.062258522727272704 0.044307692307692347
0 0.9806107954545454 0.8213173076923077 0.038409090909090914 0.055596153846153865
0 0.7858877840909091 0.9200961538461538 0.05828125 0.06546153846153846
0 0.030482954545454577 0.9427980769230769 0.045142045454545414 0.07086538461538462
0 0.4158451704545455 0.8595288461538462 0.028139204545454547 0.07263461538461541
0 0.6991406250000001 0.02112500000000006 0.03598011363636366 0.04225000000000005
0 0.2562215909090909 0.6099615384615384 0.025596590909090885 0.06703846153846156
0 0.2834801136363636 0.4343365384615385 0.02670454545454555 0.04821153846153845
0 0.94359375 0.5792115384615384 0.03727272727272727 0.04519230769230769
0 0.2627556818181819 0.1690673076923077 0.04122159090909088 0.05048076923076923
0 0.6556818181818183 0.5754423076923078 0.03448863636363637 0.10092307692307691
0 0.21894886363636357 0.510028846153846 0.04451704545454534 0.04594230769230772
0 0.7029687499999999 0.177875 0.0523011363636364 0.08209615384615385
0 0.47024147727272725 0.6383461538461539 0.027471590909090956 0.026846153846153808
0 0.5791832386363636 0.19180769230769235 0.053963068181818195 0.051230769230769205
0 0.3274360795454545 0.4534134615384615 0.04228693181818179 0.06778846153846153
0 0.8595809659090909 0.6619326923076922 0.03171875 0.05198076923076923
0 0.7494602272727273 0.9088942307692308 0.05034090909090909 0.044826923076923084
0 0.10736505681818187 0.21734615384615386 0.05365056818181815 0.06200000000000002
0 0.6423295454545455 0.18465384615384617 0.07343749999999999 0.07457692307692314
0 0.40226562500000007 0.4049615384615386 0.03950284090909091 0.043692307692307635
0 0.5012286931818182 0.12433653846153836 0.05103693181818183 0.06378846153846157
0 0.77640625 0.41639423076923077 0.04673295454545456 0.053480769230769235
0 0.42991477272727263 0.01610576923076923 0.0693465909090909 0.03221153846153846
0 0.02950994318181832 0.7768557692307693 0.03140625000000002 0.04251923076923077
0 0.6520596590909091 0.8777211538461538 0.03727272727272724 0.03163461538461539
0 0.3427414772727273 0.9880769230769231 0.04951704545454547 0.023846153846153847
0 0.9102130681818181 0.14247115384615394 0.050625 0.08359615384615379
0 0.8266193181818182 0.974173076923077 0.05099431818181817 0.051653846153846154
0 0.23526988636363633 0.27255769230769233 0.03730113636363635 0.0655384615384615
0 0.6648579545454545 0.24340384615384614 0.04173295454545454 0.06553846153846161
0 0.3542045454545455 0.07451923076923073 0.03272727272727276 0.04861538461538456
0 0.9458096590909091 0.019067307692307578 0.06397727272727273 0.03767307692307687
0 0.7672301136363636 0.4687307692307693 0.030596590909090896 0.06176923076923078
0 0.13877130681818173 0.24967307692307705 0.028792613636363772 0.03984615384615379
0 0.9811150568181818 0.5175673076923077 0.03776988636363637 0.08813461538461535
0 0.07431818181818173 0.46225961538461535 0.042528409090909006 0.0752884615384615
0 0.7986576704545454 0.44463461538461546 0.036718749999999994 0.05273076923076926
0 0.43514914772727276 0.8608557692307692 0.030099431818181813 0.07175000000000001
0 0.9391335227272727 0.6157403846153846 0.022812500000000003 0.04294230769230766
0 0.16526988636363638 0.20361538461538464 0.03860795454545463 0.07173076923076914
0 0.9402485795454546 0.3497307692307693 0.05396306818181818 0.08134615384615387
0 0.14433238636363643 0.6801634615384615 0.02551136363636369 0.04871153846153843
0 0.5545525568181817 0.12475961538461533 0.027940340909090932 0.06267307692307698
0 0.6234161931818182 0.22607692307692306 0.030042613636363645 0.029384615384615332
0 0.33305397727272734 0.11720192307692301 0.023948863636363574 0.02594230769230771
0 0.5111292613636365 0.36250000000000004 0.018934659090909068 0.025653846153846215
