0 0.6778764204545455 0.37330769230769234 0.02595170454545456 0.04730769230769235
0 0.9901988636363637 0.8161442307692308 0.01960227272727273 0.04517307692307691
0 0.5890340909090908 0.7897211538461538 0.02883522727272729 0.046326923076923085
0 0.1820454545454545 0.10104807692307682 0.03125 0.06525000000000002
0 0.5158025568181819 0.036134615384615376 0.03217329545454542 0.05507692307692305
0 0.16669034090909096 0.09172115384615387 0.02911931818181818 0.03944230769230767
0 0.5338636363636364 0.03823076923076918 0.04181818181818182 0.07646153846153844
0 0.25355113636363635 0.13940384615384616 0.04607954545454553 0.06738461538461532
0 0.2742045454545454 0.3505673076923077 0.07468749999999998 0.032249999999999966
0 0.23633522727272727 0.39358653846153846 0.0434374999999999 0.04375
0 0.5828977272727274 0.7568653846153846 0.03309659090909092 0.043923076923076905
0 0.3798437499999999 0.7292788461538462 0.027301136363636323 0.03136538461538462
0 0.6348224431818181 0.9748653846153846 0.0410369318181818 0.04930769230769231
0 0.5219886363636363 0.7828557692307693 0.03971590909090906 0.0385576923076923
0 0.8716335227272727 0.5617884615384615 0.0369034090909091 0.04884615384615386
0 0.8701775568181818 0.6456442307692307 0.028394886363636355 0.03728846153846157
0 0.7555468750000001 0.4623173076923076 0.027315340909090935 0.09186538461538464
0 0.8381747159090909 0.5714230769230769 0.04441761363636363 0.05065384615384616
0 0.6429829545454545 0.4249519230769231 0.042982954545454574 0.0830961538461538
0 0.9072443181818182 0.9703846153846154 0.025823863636363634 0.0475
0 0.6348437499999999 0.4551153846153846 0.03661931818181814 0.04980769230769237
0 0.6566690340909092 0.9703846153846154 0.023821022727272743 0.0456923076923077
0 0.6020525568181818 0.6947788461538462 0.047002840909090876 0.07528846153846155
0 0.4168536931818182 0.6138557692307691 0.05234374999999995 0.03486538461538466
0 0.37013494318181817 0.17599038461538463 0.021178977272727228 0.02509615384615387
0 0.09025568181818178 0.42609615384615385 0.02477272727272719 0.027576923076923138
0 0.0978480113636363 0.3586538461538461 0.01796875000000013 0.03696153846153851
0 0.11510653409090921 0.3491346153846153 0.02813920454545463 0.03138461538461537
0 0.39574573863636364 0.18678846153846151 0.03262784090909087 0.040730769230769244
0 0.6695809659090909 0.9452884615384616 0.024502840909090908 0.10846153846153846
0 0.8691761363636363 0.9533557692307693 0.023835227272727275 0.036750000000000005
0 0.7588920454545455 0.012105769230769337 0.02161931818181818 0.022365384615384606
0 0.5639701704545454 0.7882403846153846 0.022883522727272666 0.04313461538461537
0 0.7963920454545454 0.053115384615384675 0.023721590909090894 0.041307692307692344
0 0.79765625 0.03475961538461547 0.01948863636363636 0.032134615384615345
0 0.6524573863636364 0.21198076923076925 0.04607954545454545 0.05449999999999995
0 0.6167471590909092 0.468201923076923 0.026193181818181813 0.046634615384615385
0 0.7913068181818181 0.010211538461538328 0.04406250000000001 0.020423076923076933
0 0.703359375 0.010442307692307806 0.02498579545454546 0.02088461538461541
0 0.9019176136363636 0.0730288461538462 0.05275568181818183 0.03771153846153838
0 0.5838707386363635 0.009586538461538452 0.027116477272727237 0.019173076923076977
0 0.6233522727272728 0.4024615384615384 0.037897727272727284 0.04569230769230778
0 0.6020951704545454 0.8236346153846154 0.0410369318181818 0.05019230769230771
0 0.08034801136363645 0.4550480769230769 0.029786931818181695 0.03255769230769221
0 0.9552485795454545 0.10615384615384615 0.04606534090909091 0.033423076923076916
0 0.3787144886363637 0.20401923076923079 0.025241477272727245 0.031538461538461605
0 0.8778125 0.4557692307692308 0.0487215909090909 0.07457692307692303
0 0.995234375 0.6792019230769231 0.008480113636363636 0.03655769230769229
0 0.9600142045454545 0.07209615384615387 0.04394886363636363 0.032692307692307694
0 0.07998579545454543 0.4869326923076924 0.022244318181818136 0.03136538461538462
0 0.9137855113636364 0.019355769230769204 0.023252840909090907 0.03871153846153845
0 0.9315482954545454 0.018788461538461476 0.02488636363636364 0.03657692307692304
0 0.26039772727272714 0.9826538461538461 0.023920454545454592 0.03423076923076923
0 0.28327414772727266 0.9755673076923077 0.02910511363636373 0.048865384615384616
0 0.1269105113636364 0.45291346153846146 0.037286931818181816 0.05621153846153849
0 0.5636363636363635 0.02834615384615391 0.054801136363636344 0.05669230769230773
0 0.3100284090909091 0.9808173076923077 0.04982954545454543 0.038365384615384614
0 0.9896732954545454 0.9591923076923077 0.02065340909090909 0.061653846153846156
0 0.43546875000000007 0.9295576923076924 0.03082386363636362 0.05088461538461539
0 0.41411931818181813 0.9359999999999999 0.03210227272727268 0.04200000000000001
0 0.43680397727272724 0.972701923076923 0.03971590909090914 0.042096153846153846
0 0.3915482954545454 0.8933269230769231 0.039829545454545486 0.05276923076923076
0 0.42003551136363637 0.9055 0.023394886363636323 0.04392307692307693
0 0.9849076704545454 0.03925961538461531 0.030184659090909092 0.04874999999999993
0 0.38917613636363635 0.9198173076923077 0.023607954545454553 0.03944230769230769
0 0.9901988636363637 0.13102884615384613 0.01960227272727273 0.04875000000000004
0 0.37275568181818186 0.1565288461538461 0.0277272727272727 0.026826923076923054
0 0.12144886363636365 0.42238461538461536 0.04278409090909075 0.0470384615384615
0 0.4655752840909091 0.6197211538461538 0.03072443181818181 0.043173076923076904
0 0.09916193181818178 0.46898076923076926 0.02076704545454546 0.051615384615384674
0 0.27930397727272727 0.45534615384615384 0.03971590909090914 0.03473076923076923
0 0.5589417613636364 0.3265673076923077 0.024900568181818142 0.03513461538461535
0 0.4837357954545455 0.016480769230769243 0.030198863636363624 0.03296153846153844
0 0.35328835227272737 0.18594230769230768 0.025667613636363627 0.04707692307692311
0 0.36985795454545456 0.9233942307692308 0.023835227272727234 0.0340576923076923
0 0.22775568181818173 0.7490673076923077 0.02329545454545451 0.041634615384615395
0 0.5259446022727272 0.8287788461538461 0.03151988636363636 0.05094230769230768
0 0.24361505681818185 0.7456923076923077 0.02848011363636357 0.0433076923076923
0 0.16927556818181833 0.15367307692307686 0.04144886363636357 0.050038461538461615
0 0.40540482954545454 0.6228846153846154 0.041747159090909154 0.03473076923076923
0 0.1881676136363637 0.19855769230769227 0.02440340909090902 0.037999999999999985
0 0.3854900568181818 0.12688461538461537 0.041321022727272776 0.030115384615384662
0 0.2245028409090909 0.18131730769230758 0.03002840909090907 0.043673076923076884
0 0.20759943181818175 0.2046538461538462 0.021960227272727326 0.04588461538461541
0 0.24215909090909093 0.21324999999999994 0.03707386363636367 0.04446153846153847
0 0.22103693181818185 0.2896153846153846 0.02295454545454557 0.05165384615384607
0 0.21651278409090902 0.24749038461538475 0.027457386363636423 0.04267307692307692
0 0.3161079545454545 0.7570673076923077 0.021363636363636394 0.043634615384615355
0 0.542265625 0.791076923076923 0.03683238636363637 0.040769230769230745
0 0.5500142045454546 0.8195384615384615 0.03619318181818176 0.03865384615384614
0 0.4363423295454546 0.6021923076923077 0.02759943181818175 0.05100000000000002
0 0.3600213068181819 0.10134615384615386 0.02850852272727272 0.04692307692307688
0 0.5112073863636364 0.8083269230769231 0.03110795454545451 0.04838461538461538
0 0.11094460227272729 0.38667307692307695 0.02526988636363631 0.0476153846153846
0 0.09208096590909098 0.3984423076923077 0.04717329545454534 0.042576923076923054
0 0.32264204545454545 0.7394615384615384 0.023835227272727234 0.03153846153846155
0 0.3383877840909091 0.7530096153846154 0.022343749999999944 0.046096153846153815
0 0.0154332386363637 0.8383846153846154 0.0308664772727273 0.08515384615384616
0 0.013778409090909105 0.8079134615384616 0.02755681818181815 0.06005769230769231
0 0.26812499999999995 0.6013846153846154 0.03931818181818191 0.05092307692307696
0 0.24127130681818187 0.6058461538461539 0.03177556818181819 0.035846153846153875
0 0.44894886363636366 0.5849423076923077 0.03423295454545458 0.03442307692307693
0 0.28198863636363636 0.6022692307692308 0.025823863636363728 0.03584615384615382
0 0.6052982954545454 0.43054807692307695 0.03508522727272734 0.02867307692307686
0 0.0062144886363636465 0.9303076923076923 0.012428977272727272 0.02061538461538462
0 0.13881392045454544 0.9644326923076924 0.054019886363636326 0.0711346153846154
0 0.8890411931818182 0.9694807692307692 0.018536931818181814 0.038538461538461535
0 0.4810724431818182 0.045375000000000054 0.05240056818181816 0.03651923076923068
0 0.014325284090909163 0.7180673076923076 0.028650568181818124 0.07455769230769232
0 0.008764204545454679 0.25602884615384613 0.017528409090909136 0.04355769230769226
0 0.006938920454545472 0.29609615384615395 0.013764204545454623 0.03657692307692315
0 0.12775568181818187 0.2731538461538462 0.04434659090909079 0.06273076923076924
0 0.13041903409090916 0.3669134615384615 0.027315340909090772 0.06528846153846152
0 0.11087357954545463 0.22117307692307686 0.03575284090909085 0.06453846153846154
0 0.08571732954545463 0.24895192307692304 0.03575284090909085 0.08963461538461541
0 0.046285511363636456 0.22314423076923073 0.025838068181818098 0.04932692307692314
0 0.025788352272727244 0.6034519230769231 0.05157670454545447 0.08832692307692304
0 0.3582173295454546 0.2853461538461538 0.049247159090909036 0.040153846153846144
0 0.055603693181818126 0.602875 0.03771306818181812 0.034403846153846125
0 0.019382102272727297 0.6874807692307692 0.03049715909090913 0.06023076923076922
0 0.08450284090909088 0.7749903846153846 0.029659090909090902 0.059096153846153854
0 0.14394176136363646 0.7106346153846153 0.025752840909090902 0.05138461538461538
0 0.16033380681818177 0.724375 0.03549715909090911 0.04136538461538465
