0 0.605049715909091 0.6067307692307693 0.02498579545454542 0.052307692307692284
0 0.03281960227272729 0.05897115384615381 0.02401988636363632 0.032019230769230834
0 0.06027698863636355 0.08810576923076918 0.02044034090909089 0.03513461538461535
0 0.06243607954545449 0.10939423076923072 0.020042613636363657 0.025557692307692236
0 0.06971590909090919 0.08491346153846147 0.02593749999999999 0.05536538461538466
0 0.0948650568181818 0.10566346153846151 0.029872159090909053 0.05321153846153838
0 0.07647727272727278 0.14450961538461538 0.03403409090909096 0.04278846153846154
0 0.17950994318181823 0.0715769230769231 0.019303977272727157 0.03207692307692309
0 0.15691051136363643 0.09742307692307683 0.032031249999999935 0.04453846153846159
0 0.16415482954545457 0.06207692307692303 0.03509943181818171 0.03207692307692309
0 0.09659801136363633 0.24028846153846162 0.04140625000000013 0.07988461538461543
0 0.8937926136363636 0.43163461538461534 0.05744318181818182 0.06796153846153852
0 0.1608877840909091 0.2925000000000001 0.03276988636363627 0.05150000000000006
0 0.17908380681818192 0.008201923076923023 0.025667613636363707 0.016403846153846102
0 0.2992755681818182 0.016096153846153816 0.025909090909090923 0.03219230769230771
0 0.3360227272727273 0.06315384615384623 0.026335227272727222 0.036192307692307676
0 0.3481960227272727 0.13258653846153845 0.03011363636363643 0.042519230769230795
0 0.32992187500000003 0.11075000000000002 0.02365056818181815 0.036115384615384674
0 0.3245383522727273 0.13695192307692305 0.026661931818181873 0.052403846153846155
0 0.3475497159090909 0.16345192307692313 0.06407670454545457 0.043673076923076995
0 0.4437713068181819 0.32209615384615387 0.024701704545454527 0.04323076923076927
0 0.6737428977272728 0.427951923076923 0.04410511363636365 0.0794423076923077
0 0.08618607954545443 0.13085576923076914 0.03268465909090908 0.06240384615384613
0 0.6502982954545455 0.4371538461538461 0.026392045454545432 0.03076923076923077
0 0.6593963068181818 0.14377884615384617 0.0283096590909091 0.03648076923076928
0 0.7894815340909092 0.2994038461538462 0.044701704545454544 0.04903846153846154
0 0.8873650568181818 0.34862499999999996 0.03103693181818181 0.042019230769230705
0 0.9162144886363637 0.2854903846153847 0.036775568181818194 0.0365961538461539
0 0.7797514204545455 0.17353846153846153 0.03098011363636364 0.07238461538461535
0 0.9700213068181818 0.19535576923076925 0.036122159090909094 0.05613461538461538
0 0.9773792613636364 0.19170192307692302 0.04359375 0.05901923076923077
0 0.9722443181818182 0.15012499999999995 0.032073863636363636 0.03986538461538465
0 0.17803977272727256 0.7306730769230769 0.05247159090909082 0.09200000000000001
0 0.00806107954545443 0.5284519230769231 0.016122159090909124 0.048903846153846166
0 0.08050426136363631 0.6979903846153845 0.044048295454545444 0.06824999999999996
0 0.39958806818181813 0.7795288461538461 0.04306818181818189 0.04336538461538461
0 0.04014914772727285 0.8590865384615385 0.02220170454545454 0.0400576923076923
0 0.4070667613636364 0.8526730769230769 0.026519886363636388 0.03365384615384615
0 0.1277059659090909 0.9916346153846154 0.02333806818181811 0.01673076923076923
0 0.1621732954545455 0.984875 0.022954545454545408 0.03025
0 0.22223721590909085 0.9796538461538462 0.03936079545454534 0.03996153846153846
0 0.22302556818181818 0.9468365384615385 0.047017045454545325 0.028865384615384612
0 0.3287642045454545 0.8700576923076924 0.026448863636363642 0.04746153846153846
0 0.33594460227272727 0.9144134615384616 0.030468750000000065 0.049019230769230766
0 0.013643465909090935 0.5495673076923077 0.02728693181818187 0.03778846153846155
0 0.41892045454545446 0.9329134615384616 0.035397727272727296 0.0454423076923077
0 0.4091903409090909 0.9146730769230769 0.03988636363636369 0.030269230769230774
0 0.392578125 0.9404326923076923 0.029616477272727305 0.03109615384615385
0 0.40342329545454547 0.8975192307692308 0.03372159090909092 0.06119230769230769
0 0.3979048295454546 0.8171923076923077 0.05018465909090915 0.040423076923076916
0 0.4701704545454546 0.923451923076923 0.03372159090909092 0.04744230769230769
0 0.4545667613636364 0.871173076923077 0.045184659090909095 0.04423076923076922
0 0.4844602272727273 0.8979903846153846 0.031278409090909065 0.039519230769230765
0 0.6663920454545454 0.3463653846153847 0.024460227272727272 0.03580769230769232
0 0.6739985795454546 0.37231730769230775 0.0423153409090909 0.04474999999999996
0 0.3257244318181818 0.4739423076923077 0.04431818181818188 0.07099999999999998
0 0.6862286931818182 0.3333750000000001 0.02975852272727275 0.058173076923076925
0 0.6376349431818182 0.36425961538461527 0.03174715909090904 0.05371153846153848
0 0.6574715909090909 0.32308653846153845 0.035710227272727296 0.05371153846153848
0 0.6455681818181818 0.3127884615384615 0.04363636363636363 0.05280769230769227
0 0.2295880681818182 0.37849999999999995 0.054545454545454675 0.04776923076923083
0 0.3844886363636364 0.38157692307692304 0.026448863636363642 0.043576923076923124
0 0.48236505681818176 0.43629807692307687 0.06163352272727271 0.040865384615384616
0 0.4436860795454546 0.4443942307692307 0.029559659090909095 0.06898076923076923
0 0.6594034090909091 0.48405769230769224 0.03965909090909093 0.052230769230769226
0 0.48732244318181817 0.46371153846153845 0.02626420454545456 0.04042307692307689
0 0.7832457386363636 0.016701923076923086 0.02322443181818185 0.033403846153846166
0 0.4184446022727273 0.540701923076923 0.025980113636363666 0.04328846153846152
0 0.4089346590909091 0.49224999999999997 0.021846590909090902 0.06830769230769233
0 0.42531960227272725 0.4890865384615385 0.021321022727272713 0.07182692307692312
0 0.4156463068181818 0.6296923076923077 0.04606534090909092 0.030846153846153884
0 0.4001349431818182 0.61 0.05771306818181818 0.03742307692307694
0 0.3887357954545454 0.6503653846153846 0.06207386363636362 0.06565384615384613
0 0.6949644886363636 0.6361634615384615 0.03129261363636364 0.023903846153846168
0 0.6947017045454545 0.6125865384615385 0.051988636363636355 0.027326923076923092
0 0.6762855113636363 0.6467596153846153 0.02220170454545454 0.04509615384615383
0 0.9514985795454546 0.46334615384615385 0.02919034090909091 0.040192307692307645
0 0.8075497159090909 0.01625961538461551 0.03475852272727273 0.032519230769230814
0 0.8775639204545455 0.5329519230769231 0.026406249999999985 0.035096153846153846
0 0.9901207386363636 0.6347211538461539 0.01975852272727273 0.030442307692307716
0 0.8224715909090909 0.9344230769230769 0.0834090909090909 0.11292307692307692
0 0.7962144886363636 0.9326826923076923 0.022656249999999985 0.041134615384615394
0 0.8005681818181818 0.857951923076923 0.06062500000000001 0.04763461538461539
0 0.7789133522727273 0.8894615384615384 0.03248579545454546 0.03003846153846155
0 0.753203125 0.90925 0.05575284090909091 0.025653846153846145
0 0.7588849431818182 0.8597788461538461 0.027059659090909106 0.05128846153846154
0 0.7534730113636363 0.8865288461538462 0.05305397727272727 0.03151923076923077
0 0.7228835227272727 0.8454903846153846 0.05034090909090909 0.05055769230769229
0 0.5517613636363636 0.024586538461538354 0.03215909090909089 0.04917307692307691
0 0.8550994318181818 0.7473557692307693 0.06676136363636363 0.03144230769230771
0 0.8466832386363636 0.7729038461538461 0.04876420454545454 0.03223076923076924
0 0.8682741477272727 0.9178461538461539 0.04024147727272729 0.05992307692307692
0 0.8895383522727273 0.9045576923076923 0.0299005681818182 0.08015384615384616
0 0.8654900568181818 0.8827980769230769 0.034786931818181814 0.03471153846153845
0 0.9654332386363637 0.9696346153846154 0.031122159090909086 0.06073076923076923
0 0.9652769886363637 0.9173942307692308 0.03811079545454545 0.04386538461538461
0 0.9737571022727273 0.8665480769230769 0.04924715909090909 0.058442307692307696
0 0.9773011363636364 0.8737019230769231 0.04539772727272728 0.052288461538461534
