0 0.3348863636363636 0.6605 0.04437500000000001 0.038307692307692286
0 0.6435724431818182 0.6316153846153847 0.06359375000000002 0.07084615384615385
0 0.44199573863636354 0.8402788461538462 0.0283096590909091 0.028980769230769244
0 0.0544957386363637 0.22049999999999992 0.01953125 0.024499999999999907
0 0.6560937499999999 0.576875 0.03355113636363633 0.03321153846153848
0 0.501143465909091 0.903 0.04069602272727269 0.05296153846153845
0 0.19899147727272737 0.7237692307692307 0.018806818181818195 0.030230769230769228
0 0.7047798295454546 0.5380673076923077 0.03529829545454544 0.0565961538461538
0 0.32597301136363643 0.60775 0.028650568181818204 0.04446153846153847
0 0.29139204545454545 0.271798076923077 0.02579545454545458 0.02440384615384615
0 0.03119318181818187 0.47471153846153846 0.02375000000000004 0.030115384615384662
0 0.3315625 0.6463173076923077 0.051022727272727296 0.02601923076923077
0 0.29439630681818185 0.28874999999999995 0.0312926136363636 0.034576923076923005
0 0.5039559659090909 0.8339711538461538 0.03555397727272731 0.02944230769230767
0 0.7606321022727273 0.47425961538461536 0.021065340909090926 0.05275000000000001
0 0.03651278409090919 0.47342307692307695 0.050752840909090935 0.05842307692307691
0 0.23472301136363638 0.5406346153846153 0.03299715909090912 0.029769230769230805
0 0.21373579545454546 0.7211346153846154 0.032727272727272674 0.05307692307692306
0 0.36242897727272727 0.8975288461538462 0.0459090909090909 0.04813461538461537
0 0.3562215909090909 0.781625 0.04383522727272721 0.05748076923076923
0 0.31367187500000004 0.12521153846153854 0.02728693181818179 0.051846153846153806
0 0.5184730113636364 0.7090673076923077 0.03262784090909095 0.0663653846153846
0 0.08614346590909083 0.24385576923076924 0.026548295454545533 0.04982692307692302
0 0.23472301136363638 0.5597211538461538 0.03526988636363626 0.03071153846153846
0 0.7626420454545455 0.2745192307692308 0.015965909090909104 0.01957692307692298
0 0.23724431818181813 0.4814038461538461 0.019232954545454494 0.029769230769230805
0 0.4927272727272727 0.7465576923076923 0.027528409090909086 0.03830769230769231
0 0.92328125 0.5376538461538461 0.045994318181818185 0.0580384615384615
0 0.5075355113636363 0.00740384615384615 0.024758522727272737 0.014807692307692395
0 0.9858735795454545 0.6311538461538462 0.027485795454545457 0.07930769230769227
0 0.3127840909090909 0.053182692307692236 0.03355113636363637 0.031173076923076883
0 0.7519247159090909 0.01927884615384612 0.02808238636363638 0.03855769230769233
0 0.9920099431818182 0.6463269230769231 0.015213068181818184 0.054269230769230764
0 0.06997159090909089 0.22197115384615385 0.015255681818181831 0.028826923076923094
0 0.7670170454545455 0.4370673076923076 0.025767045454545476 0.04063461538461537
0 0.3696803977272727 0.7547596153846153 0.02589488636363639 0.04113461538461539
0 0.797578125 0.7972980769230769 0.06308238636363638 0.047096153846153864
0 0.4496661931818182 0.63725 0.028536931818181864 0.03323076923076923
0 0.7348721590909091 0.1622403846153846 0.04181818181818182 0.054673076923076935
0 0.4532954545454545 0.6709711538461538 0.02829545454545449 0.038980769230769194
0 0.7915553977272727 0.8505096153846154 0.053338068181818195 0.07190384615384617
0 0.5576349431818182 0.3946346153846154 0.03092329545454543 0.023846153846153913
0 0.30332386363636354 0.04588461538461541 0.05599431818181821 0.0916538461538462
0 0.2076988636363637 0.12387499999999996 0.025965909090909053 0.041442307692307716
0 0.3502556818181819 0.6940961538461539 0.047869318181818166 0.04588461538461541
0 0.3425710227272728 0.7449423076923076 0.03110795454545451 0.03688461538461537
0 0.5879332386363636 0.38040384615384615 0.0346164772727272 0.056499999999999995
0 0.04011363636363641 0.19546153846153846 0.037102272727272734 0.048961538461538424
0 0.36178977272727275 0.7196442307692308 0.032499999999999994 0.04021153846153846
0 0.07397017045454557 0.20152884615384603 0.03061079545454555 0.03936538461538456
0 0.8124928977272727 0.2273846153846154 0.04467329545454544 0.07950000000000006
0 0.3713991477272728 0.6720961538461538 0.03075284090909096 0.07569230769230767
0 0.8964133522727272 0.20408653846153846 0.02413352272727272 0.044865384615384696
0 0.5330326704545454 0.6062403846153845 0.029048295454545518 0.0681346153846154
0 0.5948792613636364 0.6419519230769231 0.05382102272727271 0.09082692307692311
0 0.6170667613636365 0.9198653846153846 0.036946022727272716 0.02676923076923077
0 0.9157528409090909 0.231923076923077 0.03866477272727273 0.03796153846153848
0 0.9507670454545455 0.1430865384615384 0.03176136363636364 0.032711538461538556
0 0.9891903409090909 0.08725000000000005 0.021619318181818184 0.0434615384615385
0 0.39958806818181813 0.029778846153846183 0.025255681818181778 0.045865384615384766
0 0.847215909090909 0.8343461538461538 0.020880681818181823 0.04269230769230767
0 0.39162642045454554 0.005230769230769261 0.038821022727272704 0.010461538461538567
0 0.8218181818181818 0.9390576923076923 0.04477272727272725 0.04676923076923077
0 0.3616051136363636 0.05605769230769231 0.05758522727272722 0.03984615384615379
0 0.09306818181818177 0.39096153846153847 0.03198863636363634 0.039653846153846165
0 0.11321732954545449 0.4065288461538461 0.025497159090908994 0.025634615384615353
0 0.6623224431818182 0.9869807692307693 0.044389204545454544 0.026038461538461538
0 0.8588068181818181 0.9497307692307693 0.03247159090909091 0.08069230769230767
0 0.07860795454545444 0.17285576923076917 0.02318181818181825 0.04478846153846147
0 0.8814275568181819 0.9516153846153846 0.016008522727272722 0.031076923076923085
0 0.9493110795454546 0.9104423076923077 0.057911931818181814 0.03865384615384614
0 0.0857244318181819 0.14669230769230768 0.021335227272727245 0.041846153846153936
0 0.5116335227272728 0.6260576923076924 0.022784090909090858 0.06846153846153845
0 0.13674715909090907 0.3805480769230769 0.03522727272727266 0.04271153846153853
0 0.9834019886363636 0.9296634615384616 0.03319602272727273 0.04486538461538462
0 0.5545454545454545 0.375375 0.04761363636363642 0.04813461538461533
0 0.3572727272727273 0.6236730769230769 0.02542613636363641 0.03880769230769232
0 0.7794460227272728 0.2797307692307692 0.027045454545454536 0.06203846153846152
0 0.06948863636363645 0.12450961538461536 0.029687499999999967 0.027634615384615393
0 0.7462073863636363 0.28419230769230763 0.02590909090909088 0.06330769230769234
0 0.5097514204545455 0.8913461538461538 0.04538352272727271 0.030500000000000013
0 0.36912642045454547 0.5790384615384615 0.05069602272727272 0.06576923076923075
0 0.32914772727272734 0.6144807692307692 0.0459090909090909 0.06476923076923079
0 0.9787144886363637 0.9546730769230769 0.04257102272727273 0.03811538461538461
0 0.06330255681818187 0.14920192307692315 0.024730113636363592 0.03767307692307687
0 0.9960795454545455 0.9656153846153847 0.007840909090909091 0.04865384615384616
0 0.9822088068181818 0.9860288461538461 0.035582386363636365 0.026211538461538463
0 0.2809303977272727 0.6736057692307693 0.09052556818181821 0.14325000000000002
0 0.4154190340909092 0.8377115384615385 0.04143465909090911 0.032230769230769216
0 0.16703835227272734 0.04895192307692309 0.022571022727272707 0.0514807692307692
0 0.7645170454545455 0.2949903846153846 0.019715909090909086 0.028980769230769216
0 0.11545454545454537 0.38177884615384616 0.016306818181818207 0.027403846153846154
0 0.9892471590909091 0.807125 0.02150568181818182 0.03294230769230768
0 0.5318181818181817 0.9191057692307693 0.033806818181818195 0.050442307692307696
0 0.06444602272727273 0.2456442307692308 0.022613636363636468 0.04271153846153842
