0 0.5265767045454546 0.9918846153846154 0.021647727272727287 0.01607692307692308
0 0.9477769886363636 0.9199423076923077 0.03137784090909091 0.07303846153846154
0 0.09133522727272725 0.9655961538461538 0.031221590909090935 0.050076923076923074
0 0.06263494318181817 0.9715576923076923 0.035298295454545485 0.05688461538461538
0 0.0343821022727272 0.9597307692307693 0.044815340909091006 0.0803076923076923
0 0.06965909090909084 0.8634711538461538 0.030482954545454598 0.11348076923076923
0 0.061640625000000004 0.8376730769230769 0.03757102272727279 0.07542307692307693
0 0.041015625 0.8842788461538462 0.03731534090909088 0.046250000000000006
0 0.19169744318181803 0.78525 0.0414630681818181 0.058807692307692304
0 0.3609801136363636 0.9708653846153846 0.05477272727272728 0.05826923076923077
0 0.37466619318181815 0.9254326923076923 0.047599431818181805 0.06386538461538462
0 0.4995951704545454 0.8567115384615385 0.030355113636363642 0.04719230769230769
0 0.9304474431818182 0.9574615384615385 0.0320028409090909 0.03707692307692308
0 0.5208238636363637 0.8306634615384615 0.024318181818181826 0.024596153846153858
0 0.5219744318181818 0.8019423076923077 0.04036931818181821 0.04215384615384616
0 0.6720880681818182 0.811625 0.08877840909090913 0.07432692307692308
0 0.7929900568181818 0.7919134615384615 0.07205965909090907 0.09675000000000003
0 0.8041832386363637 0.7560673076923077 0.05384943181818181 0.09640384615384615
0 0.8834446022727273 0.7092980769230769 0.06453124999999998 0.08263461538461538
0 0.9783025568181818 0.5955961538461538 0.04134943181818182 0.047230769230769236
0 0.9817258522727272 0.6354134615384615 0.03654829545454546 0.039673076923076915
0 0.9744886363636364 0.6050961538461538 0.0371875 0.049076923076923094
0 0.9475 0.619923076923077 0.039573863636363636 0.07311538461538464
0 0.9430255681818182 0.9835961538461538 0.0546875 0.03280769230769231
0 0.9823579545454545 0.6728076923076923 0.03528409090909091 0.04838461538461538
0 0.9839204545454545 0.7148942307692308 0.03147727272727273 0.046326923076923085
0 0.922578125 0.6455576923076922 0.025667613636363638 0.036730769230769275
0 0.8483238636363637 0.5596634615384615 0.03940340909090911 0.05855769230769228
0 0.83484375 0.5829519230769231 0.036022727272727255 0.05475
0 0.8006036931818181 0.5740384615384615 0.02396306818181819 0.05246153846153841
0 0.7798011363636363 0.568076923076923 0.030312500000000006 0.03865384615384614
0 0.7810582386363636 0.5970961538461539 0.0636789772727273 0.020384615384615373
0 0.7719460227272728 0.6206346153846154 0.08159090909090909 0.030846153846153832
0 0.7524147727272728 0.5864807692307692 0.040482954545454544 0.0374615384615385
0 0.916953125 0.9719134615384616 0.02109375 0.05617307692307692
0 0.7562428977272727 0.550875 0.02498579545454546 0.04298076923076922
0 0.7719389204545455 0.5385192307692308 0.04569602272727271 0.03296153846153844
0 0.5716335227272726 0.33081730769230766 0.06099431818181818 0.0847884615384615
0 0.5309659090909091 0.3305865384615384 0.017727272727272755 0.02313461538461544
0 0.6439701704545455 0.3719423076923076 0.033735795454545414 0.060423076923076954
0 0.6305113636363636 0.33169230769230773 0.03525568181818177 0.06892307692307688
0 0.4745241477272727 0.5176538461538462 0.025241477272727245 0.03242307692307695
0 0.6149644886363637 0.5919807692307693 0.08061079545454546 0.08623076923076924
0 0.5627485795454545 0.5932019230769231 0.023735795454545426 0.036211538461538434
0 0.6358238636363636 0.6959711538461538 0.07122159090909089 0.036173076923076926
0 0.8904616477272727 0.9555288461538461 0.035184659090909086 0.0889423076923077
0 0.6128693181818181 0.679548076923077 0.04653409090909089 0.041365384615384596
0 0.6482528409090909 0.6668365384615385 0.03582386363636363 0.04444230769230772
0 0.6318323863636364 0.6588750000000001 0.040568181818181864 0.04375
0 0.6442187500000001 0.7269326923076923 0.07446022727272729 0.054403846153846136
0 0.8303906249999999 0.8622980769230769 0.04061079545454544 0.039442307692307686
0 0.8218465909090908 0.875375 0.04088068181818182 0.04851923076923078
0 0.7527059659090909 0.8798557692307692 0.04620738636363637 0.07509615384615384
0 0.7135511363636364 0.9078365384615384 0.026363636363636367 0.04586538461538462
0 0.7192258522727273 0.9444615384615385 0.03853693181818181 0.03773076923076923
0 0.74296875 0.9146057692307692 0.035965909090909125 0.06371153846153846
0 0.8978551136363636 0.9224711538461539 0.03335227272727273 0.055326923076923086
0 0.6898579545454546 0.9577788461538461 0.05136363636363636 0.055019230769230765
0 0.6736079545454545 0.92025 0.028409090909090908 0.03623076923076924
0 0.6761150568181818 0.8672692307692308 0.05629261363636367 0.0378076923076923
0 0.6777130681818182 0.8898365384615384 0.05474431818181817 0.031326923076923086
0 0.7071164772727272 0.9060865384615384 0.04914772727272731 0.052057692307692305
0 0.7045170454545455 0.8587307692307692 0.0546875 0.0548846153846154
0 0.6493252840909092 0.8452211538461538 0.053565340909090924 0.10151923076923075
0 0.6081321022727273 0.8548942307692308 0.04921874999999997 0.09598076923076923
0 0.6596590909090909 0.9287307692307692 0.03497159090909092 0.07011538461538462
0 0.6338991477272726 0.9265 0.03813920454545458 0.0665
0 0.9194318181818182 0.9125096153846154 0.03857954545454545 0.05663461538461538
0 0.4954971590909092 0.9825480769230769 0.043551136363636396 0.03432692307692308
0 0.530546875 0.9455961538461538 0.02248579545454551 0.04953846153846154
0 0.5155113636363635 0.955375 0.02815340909090908 0.03959615384615384
0 0.5132457386363636 0.9252115384615385 0.028764204545454544 0.03892307692307692
0 0.5218323863636364 0.8607019230769231 0.022130681818181876 0.04290384615384616
0 0.5390909090909091 0.8150384615384615 0.028920454545454565 0.028538461538461516
0 0.5372301136363637 0.8458173076923077 0.02846590909090912 0.04159615384615384
0 0.4994389204545455 0.8249519230769231 0.02001420454545451 0.03532692307692306
0 0.48743607954545454 0.8186057692307692 0.024446022727272698 0.037096153846153834
0 0.3440482954545455 0.5917115384615385 0.05909090909090904 0.07553846153846154
0 0.48979403409090905 0.26141346153846146 0.033196022727272734 0.052288461538461534
0 0.3418181818181818 0.5441923076923078 0.0390625 0.05592307692307695
0 0.322840909090909 0.5590096153846154 0.025056818181818243 0.04501923076923076
0 0.3085227272727272 0.5417692307692308 0.047017045454545485 0.08084615384615389
0 0.47120738636363635 0.25831730769230765 0.02076704545454546 0.06374999999999996
0 0.3314914772727273 0.048096153846153844 0.05963068181818185 0.02876923076923084
0 0.48406249999999995 0.2249134615384616 0.054119318181818137 0.08594230769230769
0 0.3278196022727272 0.06787499999999991 0.046860795454545384 0.04128846153846148
0 0.3500142045454545 0.07469230769230761 0.029772727272727242 0.026192307692307702
0 0.91515625 0.05103846153846159 0.037897727272727263 0.05796153846153843
0 0.959637784090909 0.13231730769230765 0.019559659090909086 0.04936538461538453
0 0.9435511363636364 0.12687500000000007 0.015113636363636364 0.038480769230769214
0 0.9491690340909091 0.10790384615384618 0.05473011363636364 0.04099999999999999
0 0.8996164772727273 0.10370192307692305 0.05028409090909092 0.03348076923076917
0 0.899453125 0.07369230769230772 0.044133522727272716 0.04273076923076928
0 0.9419602272727273 0.06964423076923087 0.041107954545454545 0.05486538461538467
0 0.929453125 0.1423461538461538 0.03234375 0.049500000000000016
0 0.4758096590909091 0.18089423076923072 0.03863636363636362 0.06013461538461535
0 0.899140625 0.12874038461538462 0.04688920454545455 0.02936538461538458
0 0.9040482954545455 0.1510673076923077 0.0315625 0.03394230769230765
0 0.8913920454545454 0.2040384615384616 0.043295454545454554 0.03234615384615383
0 0.8966335227272727 0.18209615384615385 0.03326704545454546 0.03765384615384623
0 0.929921875 0.18735576923076924 0.03893465909090909 0.06821153846153852
0 0.9330894886363637 0.2000480769230769 0.04526988636363636 0.06790384615384616
0 0.8940198863636364 0.2271923076923077 0.06636363636363636 0.059384615384615376
0 0.9601846590909091 0.25884615384615384 0.033920454545454545 0.036846153846153896
0 0.9432883522727272 0.24475961538461533 0.02921875 0.04378846153846161
0 0.9800142045454545 0.3180480769230769 0.03173295454545454 0.029134615384615342
0 0.991171875 0.8131442307692307 0.01765625 0.05571153846153846
0 0.9671732954545454 0.3461057692307693 0.04849431818181818 0.03348076923076928
0 0.9552130681818182 0.32051923076923083 0.033380681818181816 0.02807692307692312
0 0.9868892045454546 0.47633653846153845 0.02622159090909091 0.06951923076923078
0 0.8801065340909091 0.4118076923076923 0.03848011363636364 0.04976923076923076
0 0.8545454545454545 0.3875673076923076 0.022301136363636367 0.027980769230769253
0 0.8454900568181818 0.41085576923076916 0.04089488636363637 0.05432692307692308
0 0.8336363636363636 0.366201923076923 0.04105113636363635 0.03686538461538465
0 0.8540198863636363 0.3669903846153847 0.037982954545454535 0.05040384615384611
0 0.8841690340909091 0.37814423076923076 0.030184659090909092 0.047596153846153844
0 0.7296946022727273 0.4798461538461538 0.03950284090909091 0.06146153846153842
0 0.9851278409090909 0.8605865384615384 0.029744318181818184 0.03840384615384616
0 0.45443892045454537 0.25012500000000004 0.028849431818181823 0.0789038461538461
0 0.46026278409090904 0.20887500000000003 0.0334232954545455 0.055711538461538514
0 0.5066335227272727 0.18520192307692307 0.046875 0.0675576923076923
0 0.5294673295454546 0.21661538461538454 0.019076704545454556 0.02750000000000002
0 0.5118607954545455 0.23223076923076924 0.04275568181818177 0.07603846153846147
0 0.5421875 0.2114711538461539 0.024801136363636334 0.0365961538461539
0 0.7524502840909091 0.19565384615384618 0.04660511363636364 0.058192307692307675
0 0.7401917613636364 0.22443269230769225 0.04066761363636363 0.05436538461538458
0 0.6161860795454546 0.07782692307692318 0.06322443181818181 0.058769230769230775
0 0.4242116477272727 0.009144230769230766 0.05044034090909089 0.01828846153846152
0 0.979453125 0.8415096153846154 0.04109375 0.044403846153846134
0 0.01769176136363626 0.1718846153846154 0.028281249999999956 0.032038461538461474
0 0.021818181818181848 0.15132692307692308 0.027414772727272663 0.031076923076923016
0 0.00982244318181813 0.04622115384615377 0.019502840909090935 0.06444230769230778
0 0.1261363636363636 0.05301923076923076 0.02428977272727276 0.050538461538461484
0 0.10379971590909098 0.049855769230769176 0.0327130681818183 0.049442307692307653
0 0.18476562500000004 0.02583653846153855 0.03092329545454543 0.04709615384615375
0 0.17507812499999997 0.03572115384615382 0.033082386363636314 0.04694230769230763
0 0.24691761363636355 0.22309615384615378 0.029715909090909032 0.06580769230769236
0 0.23916903409090906 0.27313461538461536 0.04651988636363636 0.053076923076923015
0 0.20225142045454547 0.251826923076923 0.02183238636363637 0.031423076923076984
0 0.9794105113636363 0.956125 0.03384943181818181 0.05444230769230769
0 0.21717329545454545 0.23834615384615387 0.025340909090908973 0.05915384615384613
0 0.23549715909090907 0.22825961538461537 0.021051136363636435 0.05448076923076931
0 0.2884801136363637 0.22323076923076934 0.025284090909090926 0.0678846153846154
0 0.27216619318181823 0.24645192307692299 0.035440340909090894 0.0455192307692308
0 0.26500710227272717 0.20050961538461531 0.037656250000000065 0.05671153846153848
0 0.287734375 0.16052884615384622 0.05629261363636363 0.06248076923076925
0 0.2369460227272726 0.16767307692307698 0.04991477272727271 0.06838461538461539
0 0.1753551136363637 0.28194230769230777 0.04639204545454541 0.050576923076923096
0 0.2111718749999999 0.29908653846153843 0.04799715909090904 0.07432692307692314
0 0.1842826704545455 0.2332980769230769 0.04007102272727278 0.055750000000000015
0 0.9632244318181818 0.9720865384615385 0.04511363636363637 0.05582692307692308
0 0.16226562499999997 0.240548076923077 0.04285511363636374 0.06832692307692313
0 0.1927769886363635 0.20734615384615385 0.057286931818181876 0.05696153846153847
0 0.34232244318181815 0.515625 0.01839488636363643 0.026057692307692275
0 0.17774857954545453 0.4161346153846154 0.04325284090909098 0.062192307692307644
0 0.1921590909090909 0.4899134615384615 0.03329545454545462 0.05844230769230767
0 0.18200994318181818 0.45507692307692305 0.02995738636363625 0.03523076923076922
0 0.2345667613636363 0.4319326923076924 0.03276988636363627 0.04990384615384613
0 0.2111363636363638 0.468201923076923 0.03991477272727276 0.06563461538461537
0 0.22209517045454552 0.4171730769230769 0.0534801136363636 0.05207692307692315
0 0.20433948863636364 0.41000000000000003 0.035014204545454515 0.045384615384615426
0 0.9664133522727273 0.9128076923076923 0.04904829545454545 0.06142307692307693
0 0.1603977272727274 0.438673076923077 0.028607954545454527 0.041461538461538466
0 0.16259943181818182 0.41865384615384615 0.03178977272727272 0.05049999999999998
0 0.17763494318181827 0.5032307692307693 0.031008522727272784 0.03542307692307684
0 0.1689985795454546 0.4807692307692307 0.024872159090909077 0.030423076923077018
0 0.1477059659090909 0.45999999999999996 0.03893465909090921 0.05284615384615388
0 0.14701704545454541 0.5074423076923077 0.032215909090909184 0.045538461538461604
0 0.11561789772727271 0.5420288461538462 0.03626420454545451 0.05917307692307694
0 0.09791193181818192 0.5643076923076923 0.03389204545454547 0.09846153846153843
0 0.01196732954545443 0.7693653846153846 0.023934659090909124 0.06907692307692305
0 0.0065838068181818254 0.8074326923076923 0.013167613636363611 0.03740384615384616
