0 0.5251988636363636 0.43347115384615376 0.020454545454545423 0.017788461538461538
0 0.01597301136363638 0.13241346153846156 0.030781250000000104 0.033903846153846146
0 0.46595170454545454 0.40910576923076925 0.035681818181818106 0.02463461538461539
0 0.9542542613636363 0.02577884615384618 0.027855113636363636 0.0502884615384615
0 0.6088494318181819 0.1356346153846153 0.03542613636363636 0.052923076923076996
0 0.37020596590909094 0.586076923076923 0.049133522727272776 0.036038461538461554
0 0.49573863636363635 0.3745673076923076 0.021761363636363707 0.03478846153846149
0 0.6867826704545454 0.1557884615384615 0.02413352272727274 0.049961538461538495
0 0.4051349431818182 0.5904519230769231 0.030099431818181813 0.05136538461538458
0 0.5909374999999999 0.09622115384615382 0.018323863636363683 0.040250000000000015
0 0.9882173295454545 0.015538461538461612 0.023451704545454546 0.031076923076923123
0 0.5319602272727273 0.3330192307692307 0.034261363636363645 0.03284615384615382
0 0.46667613636363636 0.12433653846153836 0.03855113636363634 0.043211538461538405
0 0.5062642045454545 0.3593557692307693 0.02997159090909086 0.03236538461538459
0 0.42770596590909093 0.6272115384615384 0.028139204545454547 0.06465384615384616
0 0.4244318181818182 0.6971923076923077 0.03730113636363635 0.07884615384615384
0 0.4710014204545455 0.03639423076923065 0.018735795454545453 0.030865384615384638
0 0.5188352272727272 0.3419326923076923 0.04105113636363633 0.042596153846153804
0 0.4273295454545455 0.13013461538461535 0.033806818181818195 0.03888461538461533
0 0.05435369318181815 0.43520192307692307 0.03981534090909087 0.0288653846153846
0 0.4351775568181818 0.14986538461538457 0.031917613636363674 0.03592307692307694
0 0.5037926136363637 0.18418269230769224 0.03210227272727276 0.025750000000000082
0 0.5723792613636365 0.11254807692307689 0.03524147727272728 0.029749999999999943
0 0.2414985795454545 0.5701346153846154 0.018224431818181716 0.04746153846153847
0 0.5274715909090908 0.05614423076923081 0.030710227272727278 0.04078846153846161
0 0.10924715909090921 0.9484903846153846 0.027159090909090914 0.04290384615384615
0 0.11509943181818183 0.3886442307692308 0.028551136363636397 0.03921153846153855
0 0.07387073863636362 0.46134615384615385 0.03137784090909079 0.03649999999999993
0 0.5087571022727273 0.06802884615384619 0.022514204545454497 0.019403846153846216
0 0.4935227272727273 0.08818269230769238 0.029488636363636352 0.028826923076923094
0 0.9929545454545454 0.5103076923076924 0.014090909090909091 0.02315384615384619
0 0.4544105113636363 0.029971153846153786 0.024161931818181884 0.02994230769230779
0 0.43578125 0.023884615384615282 0.029488636363636352 0.025500000000000092
0 0.6004119318181818 0.6158269230769231 0.037414772727272776 0.05826923076923074
0 0.5699431818181818 0.1835096153846153 0.035397727272727296 0.025596153846153852
0 0.727940340909091 0.1826923076923077 0.025085227272727308 0.04611538461538465
0 0.0627343749999999 0.39486538461538456 0.05200284090909093 0.026730769230769186
0 0.3037500000000001 0.4466923076923076 0.02647727272727279 0.0743076923076924
0 0.21995738636363638 0.2615480769230769 0.038039772727272686 0.033903846153846146
0 0.24836647727272732 0.2853365384615385 0.038039772727272686 0.04236538461538456
0 0.03260653409090897 0.8966346153846154 0.044275568181818124 0.047423076923076915
0 0.7090127840909091 0.06803846153846149 0.037372159090909095 0.038423076923076956
0 0.7438778409090909 0.05464423076923086 0.02991477272727273 0.04113461538461536
0 0.20712357954545457 0.44627884615384616 0.03132102272727282 0.040865384615384616
0 0.4735369318181818 0.15339423076923075 0.018323863636363603 0.029173076923076954
0 0.013473011363636211 0.09342307692307694 0.026832386363636343 0.03480769230769235
0 0.5047727272727274 0.9815096153846153 0.032982954545454586 0.036980769230769234
0 0.5459090909090909 0.9737884615384615 0.01906249999999994 0.051653846153846154
0 0.40795454545454546 0.8737692307692307 0.032499999999999994 0.055576923076923086
0 0.4956392045454545 0.20567307692307701 0.02227272727272728 0.03257692307692307
0 0.6546661931818182 0.9224423076923077 0.03532670454545455 0.07261538461538462
0 0.11048295454545454 0.4979134615384615 0.03545454545454551 0.03348076923076928
0 0.202265625 0.30775961538461527 0.022116477272727184 0.04124999999999998
0 0.07305397727272722 0.08724038461538464 0.02093750000000001 0.046596153846153884
0 0.655809659090909 0.6110769230769231 0.02252840909090911 0.03049999999999997
0 0.6763210227272727 0.5391923076923077 0.018494318181818157 0.032692307692307694
0 0.42834517045454545 0.0958269230769232 0.04987215909090911 0.033230769230769286
0 0.16413352272727266 0.36075 0.021477272727272734 0.0642307692307693
0 0.4345170454545454 0.16725 0.023607954545454553 0.01911538461538461
0 0.6801420454545455 0.5541634615384615 0.022926136363636343 0.04628846153846153
0 0.6753125 0.6089038461538461 0.024545454545454547 0.032692307692307694
0 0.7085014204545454 0.5952884615384615 0.028963068181818163 0.046846153846153815
0 0.21375710227272726 0.46499038461538456 0.03504261363636374 0.030134615384615416
0 0.7002556818181818 0.5476346153846154 0.025340909090909094 0.03976923076923078
0 0.03171164772727275 0.0882019230769231 0.02484375000000001 0.04467307692307696
0 0.07915482954545461 0.2372788461538461 0.04012784090909091 0.05032692307692311
0 0.3889701704545455 0.8325480769230769 0.02188920454545458 0.03613461538461537
0 0.1814701704545455 0.2584615384615384 0.04521306818181808 0.07057692307692305
0 0.6057386363636363 0.8784711538461538 0.03130681818181813 0.06517307692307693
0 0.024552556818181914 0.980125 0.03433238636363631 0.03975
0 0.5627982954545455 0.8820576923076923 0.030596590909090938 0.045730769230769235
0 0.4009446022727272 0.8575576923076923 0.023934659090909124 0.06946153846153846
0 0.22835937500000003 0.2409134615384615 0.05007102272727273 0.04386538461538462
0 0.046477272727272756 0.11505769230769225 0.02900568181818176 0.029307692307692326
0 0.3728125 0.8768269230769231 0.033210227272727266 0.05576923076923077
0 0.0689843750000001 0.25221153846153843 0.04200284090909098 0.03984615384615379
0 0.0625852272727272 0.11318269230769229 0.029801136363636228 0.06198076923076926
0 0.257862215909091 0.529451923076923 0.03504261363636358 0.03628846153846155
0 0.22887073863636365 0.5672884615384616 0.026633522727272728 0.07846153846153843
0 0.08348721590909092 0.32225000000000004 0.045894886363636284 0.05215384615384616
0 0.03100142045454557 0.943125 0.04330965909090911 0.04559615384615385
0 0.6976420454545454 0.619798076923077 0.02173295454545452 0.03921153846153849
0 0.69140625 0.6562884615384614 0.020511363636363633 0.037038461538461576
0 0.6688849431818182 0.58875 0.023735795454545464 0.030500000000000027
0 0.6132528409090909 0.9436538461538462 0.028238636363636358 0.043038461538461546
0 0.699453125 0.5765 0.03660511363636365 0.04738461538461536
0 0.5828906250000001 0.9253557692307692 0.0334232954545455 0.06671153846153846
0 0.7103125 0.7020288461538462 0.03499999999999998 0.052288461538461534
0 0.25848721590909074 0.5978173076923077 0.024730113636363592 0.06028846153846153
0 0.5276988636363636 0.08214423076923083 0.03136363636363642 0.027788461538461515
0 0.9327982954545455 0.9652788461538462 0.07565340909090909 0.06944230769230769
0 0.538643465909091 0.2271057692307693 0.02850852272727272 0.0544423076923077
0 0.051448863636363695 0.26686538461538456 0.045028409090909154 0.04573076923076929
0 0.10340198863636363 0.035105769230769246 0.019872159090909104 0.024980769230769247
0 0.5957386363636363 0.0070288461538461355 0.018323863636363683 0.014057692307692203
0 0.5693536931818182 0.9506442307692308 0.04291193181818179 0.029057692307692305
0 0.4985653409090909 0.1589903846153845 0.032329545454545444 0.03113461538461538
0 0.2778764204545454 0.05168269230769229 0.020355113636363612 0.02559615384615374
0 0.8548934659090909 0.8113942307692308 0.04561079545454545 0.05032692307692308
0 0.26158380681818183 0.06565384615384617 0.016292613636363674 0.03465384615384612
0 0.5297230113636364 0.15682692307692314 0.03620738636363638 0.02450000000000002
0 0.2809232954545454 0.08672115384615386 0.021818181818181757 0.05394230769230771
0 0.2835724431818182 0.2710673076923078 0.019872159090909104 0.03040384615384616
0 0.5685582386363637 0.9793557692307693 0.02703124999999996 0.04128846153846154
0 0.3084232954545455 0.30146153846153845 0.03423295454545458 0.03538461538461534
0 0.27952414772727263 0.3495865384615384 0.03018465909090917 0.03482692307692299
0 0.2763991477272728 0.3757211538461539 0.0312926136363636 0.04336538461538453
0 0.23642045454545457 0.06172115384615395 0.036931818181818184 0.02521153846153838
0 0.5598153409090909 0.9229423076923077 0.033380681818181816 0.04034615384615385
0 0.8906605113636363 0.8094903846153846 0.030411931818181834 0.03278846153846153
0 0.5256392045454545 0.8938942307692308 0.03815340909090911 0.0629423076923077
0 0.13870738636363633 0.02357692307692305 0.02803977272727274 0.04515384615384619
0 0.5785866477272728 0.1661538461538461 0.03830965909090913 0.01946153846153847
0 0.0655042613636364 0.3704711538461538 0.06654829545454533 0.027019230769230792
0 0.9359943181818182 0.8239807692307692 0.03434659090909091 0.05107692307692308
0 0.1658877840909092 0.1602403846153846 0.03563920454545459 0.03467307692307687
0 0.9233167613636364 0.81025 0.03379261363636363 0.038884615384615386
0 0.1380894886363635 0.37375 0.02225852272727267 0.050038461538461615
0 0.6196306818181818 0.12883653846153842 0.02082386363636367 0.04767307692307685
0 0.008863636363636407 0.6701057692307693 0.017301136363636452 0.047442307692307666
0 0.9013565340909091 0.8350288461538462 0.039417613636363626 0.03813461538461538
0 0.1636789772727273 0.10443269230769237 0.02767045454545457 0.033903846153846146
0 0.2334730113636364 0.12137500000000001 0.08705965909090904 0.07751923076923077
0 0.975262784090909 0.025461538461538424 0.03470170454545454 0.05092307692307696
0 0.09009232954545443 0.029817307692307726 0.03299715909090912 0.02690384615384617
0 0.25387073863636356 0.02075961538461535 0.023565340909090956 0.02598076923076932
0 0.30375710227272734 0.051278846153846036 0.025014204545454485 0.03348076923076928
0 0.22232954545454542 0.2072019230769231 0.033380681818181816 0.04351923076923076
0 0.2637642045454546 0.037490384615384675 0.0369318181818181 0.028750000000000088
0 0.25583096590909093 0.3807980769230769 0.026463068181818174 0.04390384615384613
0 0.8929119318181818 0.7645096153846154 0.02477272727272727 0.05871153846153846
0 0.46779119318181817 0.2139423076923077 0.03268465909090908 0.028692307692307614
0 0.9655610795454546 0.7808942307692308 0.04169034090909091 0.05490384615384618
0 0.28471590909090905 0.3951730769230769 0.01937499999999998 0.03126923076923075
0 0.013629261363636402 0.1098269230769231 0.027258522727272805 0.03430769230769226
0 0.1714843749999999 0.1345288461538462 0.02856534090909093 0.04463461538461534
0 0.5016051136363636 0.9008846153846154 0.03696022727272725 0.04896153846153845
0 0.8599644886363637 0.8460865384615385 0.04899147727272726 0.05567307692307693
0 0.6291619318181818 0.9328942307692307 0.021846590909090902 0.044134615384615376
0 0.24470880681818175 0.007624999999999882 0.02268465909090913 0.015249999999999904
0 0.6446590909090908 0.9632884615384616 0.038551136363636385 0.05111538461538462
0 0.5383522727272727 0.8825961538461539 0.033380681818181816 0.0468076923076923
0 0.14171875 0.01713461538461536 0.0269602272727273 0.03426923076923075
0 0.03436789772727267 0.7034423076923078 0.03725852272727259 0.07207692307692305
0 0.26786931818181803 0.08664423076923078 0.022812500000000083 0.04574999999999993
0 0.24719460227272727 0.5837307692307693 0.01978693181818191 0.0384230769230769
0 0.611796875 0.893625 0.02759943181818183 0.06382692307692307
0 0.4525284090909092 0.11789423076923078 0.02227272727272728 0.025288461538461496
0 0.19999999999999996 0.1453365384615386 0.03463068181818181 0.07798076923076926
0 0.6737073863636365 0.6821538461538461 0.035000000000000024 0.03103846153846151
0 0.44336647727272727 0.1064615384615385 0.01974431818181815 0.02284615384615384
0 0.2498721590909091 0.21963461538461548 0.024204545454545402 0.05253846153846153
0 0.28209517045454546 0.013730769230769213 0.04683238636363632 0.02746153846153841
0 0.6922088068181818 0.7047596153846154 0.02856534090909093 0.03813461538461536
0 0.08763494318181808 0.3348557692307692 0.04791193181818168 0.04624999999999991
0 0.6106107954545454 0.015519230769230785 0.015596590909090935 0.02723076923076917
0 0.5303267045454545 0.13530769230769235 0.042244318181818195 0.023961538461538423
0 0.5909943181818182 0.03900961538461534 0.03872159090909089 0.04698076923076924
0 0.12844460227272725 0.30782692307692305 0.04879261363636367 0.10992307692307686
0 0.2395667613636363 0.08940384615384622 0.036235795454545444 0.03253846153846157
0 0.10781960227272724 0.358576923076923 0.03859374999999994 0.036038461538461554
0 0.120234375 0.3168365384615385 0.022627840909091 0.08348076923076916
0 0.5384446022727273 0.04445192307692314 0.043110795454545485 0.02382692307692305
0 0.30088068181818184 0.2566153846153846 0.02798295454545453 0.025423076923076975
0 0.20630681818181817 0.008442307692307693 0.0269602272727273 0.015846153846153864
0 0.8619318181818182 0.7686923076923077 0.038295454545454556 0.0488076923076923
0 0.2777130681818182 0.3116634615384616 0.03099431818181817 0.02628846153846146
0 0.5527698863636363 0.40011538461538454 0.01914772727272722 0.03473076923076923
0 0.17862926136363633 0.016115384615384643 0.030525568181818195 0.032230769230769216
0 0.20985085227272715 0.18862500000000004 0.032144886363636355 0.05859615384615379
0 0.298203125 0.08940384615384622 0.026463068181818174 0.04796153846153846
0 0.9427485795454545 0.8842115384615384 0.03774147727272728 0.06634615384615383
0 0.9205042613636364 0.7667884615384615 0.030411931818181824 0.05107692307692311
0 0.35931818181818187 0.8239807692307692 0.04071022727272731 0.06807692307692309
0 0.2924147727272728 0.04596153846153839 0.02093750000000001 0.02284615384615384
0 0.432109375 0.827548076923077 0.030184659090909092 0.04798076923076924
0 0.5887286931818183 0.1427019230769232 0.035923295454545486 0.03259615384615382
0 0.25157670454545455 0.16548076923076915 0.05374999999999988 0.05569230769230765
0 0.010490056818181825 0.061634615384615454 0.020127840909091012 0.049961538461538495
0 0.29997869318181813 0.02332692307692308 0.03200284090909087 0.026384615384615437
0 0.43162642045454547 0.9186442307692307 0.02825284090909089 0.03694230769230768
0 0.4079261363636364 0.9027596153846154 0.023948863636363657 0.060942307692307685
0 0.2197585227272728 0.3203750000000001 0.027159090909090914 0.04648076923076926
0 0.2314772727272728 0.0426153846153845 0.02997159090909094 0.039000000000000055
0 0.2324005681818182 0.28947115384615385 0.03207386363636353 0.026557692307692313
0 0.08205965909090907 0.8424903846153846 0.0554545454545454 0.04744230769230769
0 0.9763068181818182 0.8277884615384615 0.047386363636363636 0.04500000000000001
0 0.6420809659090909 0.10378846153846155 0.01904829545454545 0.0345384615384615
0 0.29001420454545457 0.3351057692307692 0.03497159090909092 0.025903846153846208
0 0.43012784090909095 0.041990384615384735 0.039261363636363615 0.046019230769230784
0 0.6118678977272727 0.043778846153846085 0.030184659090909092 0.056519230769230745
0 0.42851562499999996 0.8787692307692307 0.02299715909090909 0.04926923076923077
0 0.06411931818181815 0.8596057692307693 0.03517045454545453 0.044634615384615384
0 0.41980823863636363 0.7577692307692308 0.04836647727272729 0.04669230769230769
0 0.5141193181818182 0.9635673076923077 0.05721590909090905 0.06671153846153846
0 0.23272727272727256 0.35733653846153846 0.02423295454545463 0.03936538461538467
0 0.716143465909091 0.6758942307692308 0.03379261363636363 0.034865384615384604
0 0.63375 0.06420192307692307 0.020625000000000015 0.04698076923076924
0 0.6449573863636364 0.13029807692307693 0.03843750000000004 0.041826923076923074
0 0.4291690340909091 0.8443653846153846 0.03455965909090907 0.031961538461538444
0 0.5136292613636364 0.23661538461538467 0.028167613636363612 0.04684615384615387
0 0.05153409090909089 0.9870192307692308 0.03772727272727265 0.025961538461538463
0 0.9540198863636363 0.3562884615384615 0.051875000000000004 0.07338461538461544
0 0.3676136363636364 0.7713846153846153 0.05698863636363637 0.05188461538461539
0 0.47264914772727273 0.18865384615384617 0.03376420454545452 0.04038461538461539
0 0.12468039772727268 0.13629807692307694 0.02086647727272735 0.055365384615384546
0 0.1457528409090909 0.13997115384615377 0.023778409090909104 0.028826923076922986
0 0.6279616477272727 0.020692307692307677 0.018110795454545494 0.04138461538461535
0 0.5075568181818182 0.9312788461538462 0.039346590909090894 0.03121153846153846
0 0.6725 0.7063846153846154 0.0269602272727273 0.033769230769230774
0 0.6593963068181818 0.08770192307692315 0.02867897727272727 0.051750000000000046
0 0.2462428977272727 0.6181057692307692 0.02455965909090904 0.031634615384615365
0 0.6425497159090909 0.03390384615384612 0.023139204545454574 0.06673076923076932
0 0.5925994318181818 0.8885192307692308 0.026619318181818195 0.06834615384615383
0 0.31174005681818184 0.33062500000000006 0.038650568181818154 0.05282692307692313
0 0.19062500000000004 0.3094134615384615 0.019034090909090876 0.026250000000000065
0 0.4273082386363637 0.5928365384615385 0.02975852272727271 0.03759615384615387
0 0.28272017045454545 0.2951346153846154 0.024730113636363592 0.021192307692307767
0 0.6047159090909091 0.074125 0.02622159090909088 0.02286538461538459
0 0.2727130681818182 0.2805288461538461 0.017301136363636373 0.029403846153846083
0 0.20442471590909084 0.2700673076923077 0.02504261363636363 0.036365384615384556
0 0.5900284090909091 0.5400096153846154 0.024545454545454506 0.05282692307692308
0 0.5093110795454545 0.42520192307692306 0.02291193181818181 0.02771153846153851
0 0.5869318181818182 0.6008461538461538 0.037812500000000006 0.04792307692307696
0 0.6591477272727273 0.03322115384615376 0.022130681818181838 0.06536538461538463
0 0.6604261363636363 0.5585192307692308 0.020511363636363633 0.03430769230769232
0 0.2642542613636363 0.2194807692307692 0.022457386363636367 0.04684615384615387
0 0.14574573863636364 0.11227884615384609 0.03714488636363633 0.04124999999999998
0 0.44148437500000004 0.8954807692307692 0.02092329545454548 0.047384615384615386
0 0.012634943181818126 0.7535961538461539 0.02484375000000001 0.037846153846153835
0 0.3053977272727273 0.39593269230769224 0.025710227272727305 0.03178846153846149
0 0.6410227272727272 0.8860576923076923 0.03926136363636366 0.06011538461538461
0 0.029041193181818303 0.7262692307692308 0.03549715909090911 0.0624615384615385
0 0.5419744318181818 0.17454807692307694 0.029460227272727287 0.03648076923076928
0 0.5297230113636363 0.11598076923076928 0.03862215909090909 0.02015384615384619
0 0.94453125 0.5531826923076923 0.040568181818181816 0.05136538461538458
0 0.9746306818181818 0.541673076923077 0.022244318181818185 0.060230769230769275
0 0.029460227272727235 0.9535961538461538 0.038096590909090816 0.045961538461538456
0 0.956356534090909 0.48188461538461547 0.040667613636363634 0.04365384615384613
0 0.8805184659090909 0.8773557692307692 0.04842329545454546 0.06328846153846154
0 0.27731534090909093 0.22297115384615385 0.01840909090909088 0.0199423076923077
0 0.6734801136363636 0.021653846153846135 0.02161931818181818 0.040846153846153865
0 0.15733664772727274 0.013951923076923056 0.020582386363636376 0.027903846153846137
0 0.2624076704545455 0.2533653846153846 0.028338068181818166 0.02392307692307703
0 0.4719247159090909 0.23097115384615385 0.035923295454545486 0.037442307692307636
0 0.2230397727272727 0.6185384615384615 0.02803977272727274 0.046807692307692314
0 0.19200994318181808 0.33590384615384616 0.02044034090909089 0.026730769230769186
0 0.01019176136363631 0.7103461538461538 0.019076704545454473 0.04503846153846157
0 0.6217826704545455 0.09187499999999993 0.020838068181818204 0.0330576923076923
0 0.3084232954545455 0.366 0.037926136363636426 0.04784615384615384
0 0.24786221590909097 0.3435865384615384 0.03092329545454543 0.03090384615384614
0 0.2412642045454546 0.3102211538461539 0.05673295454545462 0.05090384615384621
0 0.5714914772727273 0.040817307692307736 0.028011363636363595 0.03501923076923073
0 0.6739843750000001 0.06930769230769229 0.02666193181818183 0.043576923076923124
0 0.08227982954545443 0.055298076923076867 0.030156250000000027 0.027865384615384632
0 0.7001349431818182 0.020355769230769316 0.03169034090909091 0.04071153846153849
0 0.7089914772727273 0.13539423076923074 0.021477272727272734 0.028442307692307732
0 0.9895028409090909 0.09110576923076918 0.02099431818181818 0.04221153846153855
0 0.908877840909091 0.5377403846153845 0.03730113636363636 0.0556730769230769
0 0.5667613636363636 0.14609615384615393 0.03161931818181817 0.02042307692307682
0 0.9350923295454545 0.5258557692307693 0.01776988636363637 0.04555769230769225
0 0.9612144886363636 0.5073749999999999 0.035980113636363636 0.06251923076923081
0 0.5606534090909092 0.12640384615384614 0.022982954545454556 0.02284615384615384
0 0.10010653409090908 0.4036153846153846 0.023849431818181766 0.02284615384615384
0 0.9666832386363636 0.14795192307692295 0.05481534090909091 0.03882692307692307
0 0.09796875000000005 0.08573076923076917 0.03505681818181811 0.04803846153846157
0 0.07234374999999993 0.014451923076923001 0.03585227272727274 0.02690384615384617
0 0.46875 0.1002019230769231 0.029431818181818222 0.023019230769230712
0 0.14632812500000014 0.8690769230769231 0.021803977272727305 0.02953846153846155
0 0.5373650568181818 0.9374711538461539 0.021065340909090968 0.02528846153846154
0 0.9072372159090909 0.48851923076923076 0.03401988636363637 0.04961538461538464
0 0.9875568181818182 0.1690576923076923 0.024147727272727272 0.04834615384615393
0 0.4877911931818182 0.04178846153846161 0.02515624999999997 0.040846153846153865
0 0.5396448863636363 0.09940384615384612 0.035568181818181846 0.020423076923076933
0 0.05442471590909104 0.04183653846153845 0.03478693181818167 0.0461346153846154
0 0.06009943181818178 0.02982692307692303 0.03264204545454532 0.03457692307692311
0 0.6173721590909091 0.9727211538461539 0.04872159090909089 0.05455769230769231
0 0.9281818181818182 0.4871923076923076 0.0209375 0.05050000000000004
0 0.4239985795454545 0.06610576923076927 0.033792613636363586 0.03228846153846147
0 0.6724928977272727 0.6407596153846153 0.04384943181818182 0.03321153846153848
0 0.37392045454545453 0.8093942307692308 0.0191477272727273 0.02594230769230768
0 0.11333096590909086 0.0610480769230769 0.031235795454545467 0.0336346153846154
0 0.4871875 0.24142307692307685 0.03340909090909088 0.03307692307692305
0 0.2885440340909091 0.23842307692307696 0.032769886363636355 0.033884615384615395
0 0.9129048295454545 0.8826923076923077 0.02984374999999999 0.06938461538461539
0 0.44336647727272727 0.21637499999999998 0.01761363636363633 0.025788461538461586
0 0.41941761363636365 0.7913269230769231 0.04857954545454544 0.03242307692307692
0 0.6099431818181817 0.5288461538461539 0.032187500000000036 0.044653846153846204
0 0.9399360795454546 0.7709807692307692 0.03546875 0.05796153846153846
0 0.8877911931818182 0.019499999999999962 0.05620738636363636 0.038999999999999944
0 0.4103480113636363 0.809625 0.029076704545454583 0.03567307692307692
0 0.14533380681818187 0.17048076923076916 0.04464488636363629 0.033346153846153796
0 0.07981534090909104 0.1939326923076924 0.03130681818181829 0.07005769230769232
0 0.6061576704545455 0.09552884615384616 0.0175994318181818 0.02674999999999994
0 0.9546164772727272 0.17119230769230764 0.04258522727272727 0.05203846153846154
0 0.09299005681818173 0.3858942307692308 0.018906250000000083 0.01732692307692306
0 0.955497159090909 0.2100288461538462 0.04198863636363636 0.05605769230769237
0 0.9812286931818182 0.2148269230769232 0.027201704545454543 0.04003846153846152
0 0.2533877840909091 0.27330769230769236 0.027968750000000077 0.02592307692307696
0 0.3093465909090909 0.2787884615384616 0.03238636363636365 0.039884615384615296
0 0.9351917613636364 0.026125000000000065 0.041548295454545456 0.05225000000000003
0 0.6537926136363637 0.5391923076923077 0.043437499999999976 0.04138461538461535
0 0.952890625 0.8666730769230769 0.04450284090909091 0.06023076923076922
0 0.668877840909091 0.6737115384615384 0.034204545454545474 0.04357692307692307
0 0.01286221590909098 0.9868076923076923 0.025269886363636473 0.025538461538461538
0 0.6177911931818182 0.6255096153846154 0.02856534090909093 0.04955769230769233
0 0.39222301136363635 0.7931923076923078 0.022230113636363603 0.04446153846153844
0 0.04679687499999996 0.07595192307692311 0.035127840909090775 0.040365384615384636
0 0.5955823863636363 0.982125 0.03417613636363637 0.03498076923076923
0 0.12184659090909089 0.03823076923076918 0.031221590909090935 0.03700000000000002
0 0.14456676136363644 0.3105961538461538 0.032201704545454485 0.04265384615384617
0 0.03521306818181813 0.28948076923076915 0.02937499999999993 0.052884615384615384
0 0.9906107954545454 0.12475000000000003 0.018778409090909092 0.03923076923076919
0 0.4998295454545455 0.05418269230769235 0.02622159090909096 0.03648076923076928
0 0.7113139204545454 0.6557403846153846 0.02654829545454549 0.035942307692307746
0 0.20637073863636357 0.35204807692307694 0.03055397727272726 0.03932692307692316
0 0.9935724431818181 0.20642307692307693 0.012855113636363637 0.047230769230769236
0 0.10245028409090906 0.47559615384615384 0.04740056818181803 0.04353846153846151
0 0.4636434659090909 0.9852788461538462 0.05245738636363637 0.029442307692307695
0 0.6341974431818183 0.5314038461538462 0.04788352272727274 0.03757692307692306
0 0.1380468749999999 0.5134807692307692 0.028792613636363772 0.045769230769230736
0 0.5761363636363637 0.3958750000000001 0.035227272727272746 0.05048076923076923
0 0.5532244318181818 0.45979807692307695 0.024971590909090888 0.061596153846153905
0 0.5747727272727272 0.4452115384615385 0.03181818181818179 0.0685384615384615
0 0.5039204545454545 0.506625 0.03454545454545454 0.04213461538461538
0 0.5122443181818181 0.48359615384615395 0.022812500000000003 0.04461538461538459
0 0.03906960227272738 0.4109711538461538 0.03177556818181819 0.04682692307692312
0 0.9891548295454545 0.9824519230769231 0.020838068181818183 0.032019230769230765
0 0.8190696022727273 0.9672019230769231 0.04788352272727272 0.06251923076923079
0 0.5716690340909091 0.3662115384615384 0.03447443181818179 0.042615384615384555
0 0.7709161931818183 0.9649134615384616 0.05180397727272727 0.06863461538461539
0 0.5357386363636363 0.42209615384615384 0.01772727272727267 0.023153846153846084
0 0.7835866477272727 0.9435576923076923 0.0501278409090909 0.05184615384615385
0 0.563075284090909 0.21746153846153848 0.03055397727272734 0.05169230769230768
0 0.4624857954545454 0.42419230769230765 0.031079545454545447 0.022076923076923112
0 0.5208806818181819 0.4631250000000001 0.025511363636363606 0.053019230769230756
0 0.5228551136363637 0.19747115384615388 0.03258522727272727 0.029634615384615322
0 0.5013423295454545 0.10421153846153841 0.033792613636363586 0.02865384615384611
0 0.14699573863636362 0.390625 0.03538352272727285 0.07613461538461544
0 0.49932528409090904 0.4461057692307693 0.019758522727272763 0.029673076923076937
0 0.14505681818181815 0.4388653846153847 0.028607954545454686 0.032153846153846095
0 0.562059659090909 0.34180769230769237 0.022954545454545408 0.031076923076923016
0 0.4854048295454546 0.4010865384615384 0.03382102272727273 0.02805769230769237
0 0.1554758522727272 0.46379807692307684 0.0562357954545455 0.14505769230769233
0 0.5465625 0.38021153846153855 0.02227272727272728 0.02626923076923082
0 0.5316548295454545 0.463125 0.02262784090909092 0.044249999999999984
0 0.5476491477272727 0.4307884615384615 0.025866477272727242 0.032115384615384594
0 0.13269176136363636 0.44181730769230765 0.034900568181818255 0.08532692307692309
0 0.49627130681818177 0.4760096153846154 0.020838068181818124 0.025288461538461603
0 0.18066051136363626 0.3560384615384615 0.03217329545454542 0.052923076923076885
0 0.48732244318181817 0.4233365384615384 0.021690340909090885 0.026480769230769197
0 0.8522514204545455 0.38502884615384625 0.02697443181818183 0.044826923076923084
0 0.6706960227272727 0.138173076923077 0.026960227272727257 0.040346153846153775
0 0.6109801136363636 0.5681346153846154 0.021761363636363627 0.03649999999999998
0 0.2645099431818182 0.4139519230769231 0.023451704545454533 0.036057692307692304
0 0.9932386363636364 0.4880961538461539 0.013267045454545455 0.025038461538461503
0 0.23251420454545457 0.43627884615384616 0.03656249999999985 0.02690384615384617
0 0.12323153409090903 0.880375 0.03399147727272736 0.035596153846153826
0 0.8269460227272727 0.3955961538461539 0.03690340909090908 0.05188461538461531
0 0.9949857954545455 0.5384230769230769 0.009772727272727273 0.034961538461538474
0 0.7744176136363636 0.05588461538461542 0.03372159090909092 0.03638461538461531
0 0.7049928977272728 0.17083653846153857 0.033110795454545455 0.05955769230769225
0 0.8491832386363636 0.40936538461538463 0.03217329545454546 0.033307692307692295
0 0.059240056818181897 0.8707019230769231 0.03126420454545453 0.06198076923076923
0 0.4828551136363637 0.37943269230769217 0.025085227272727228 0.02609615384615383
0 0.04895596590909079 0.8814615384615385 0.035355113636363615 0.07473076923076921
0 0.8517826704545455 0.43915384615384623 0.027911931818181825 0.05188461538461542
0 0.6993181818181817 0.10006730769230765 0.025539772727272713 0.04740384615384622
0 0.012464488636363624 0.46170192307692304 0.024928977272727207 0.043019230769230775
0 0.006938920454545472 0.4936538461538461 0.013565340909090845 0.04238461538461537
0 0.81890625 0.41993269230769237 0.021761363636363648 0.05059615384615385
0 0.1010937500000001 0.8630096153846154 0.034005681818181734 0.03040384615384616
0 0.49234374999999997 0.13241346153846156 0.03454545454545454 0.03651923076923079
0 0.8264772727272727 0.4481153846153846 0.0340625 0.04034615384615388
0 0.5800923295454545 0.5719807692307692 0.03217329545454542 0.05446153846153845
0 0.5364914772727273 0.4035480769230769 0.01599431818181817 0.01921153846153837
0 0.6867826704545454 0.10743269230769237 0.02600852272727273 0.04290384615384616
0 0.03273437500000009 0.9287307692307692 0.04561079545454547 0.024692307692307684
0 0.10083096590909091 0.905625 0.030411931818181935 0.023326923076923082
0 0.009971590909090833 0.4142596153846154 0.019630681818181728 0.05313461538461538
0 0.40967329545454545 0.46433653846153855 0.043437499999999976 0.02794230769230775
0 0.2838920454545455 0.4340673076923077 0.02579545454545458 0.02794230769230775
0 0.7324289772727273 0.06318269230769236 0.03411931818181815 0.043019230769230775
0 0.26796875 0.5389423076923077 0.033806818181818195 0.06084615384615382
0 0.09457386363636355 0.884125 0.036164772727272615 0.038903846153846164
0 0.28905539772727273 0.41718269230769234 0.022372159090909092 0.01978846153846147
