0 0.9216051136363637 0.5415865384615385 0.04457386363636363 0.043096153846153895
0 0.9864488636363636 0.8005384615384615 0.027017045454545453 0.04434615384615385
0 0.3513281250000001 0.7700769230769231 0.02322443181818177 0.027653846153846143
0 0.36509943181818183 0.7497884615384616 0.03161931818181825 0.04184615384615386
0 0.34034801136363635 0.6745865384615385 0.04049715909090908 0.04886538461538461
0 0.36294744318181815 0.6294423076923077 0.03853693181818181 0.05611538461538463
0 0.33609374999999997 0.6543461538461539 0.02900568181818184 0.06126923076923074
0 0.3371164772727273 0.5933557692307693 0.04090909090909092 0.06613461538461542
0 0.3047940340909091 0.5860865384615384 0.04677556818181819 0.05167307692307688
0 0.3168181818181819 0.7115961538461538 0.031079545454545447 0.0404615384615385
0 0.30397017045454544 0.6345480769230769 0.03492897727272732 0.05344230769230773
0 0.32042613636363637 0.6576153846153846 0.026136363636363603 0.06919230769230768
0 0.9896164772727273 0.10533653846153845 0.020738636363636362 0.06609615384615386
0 0.2546590909090909 0.6436153846153847 0.09110795454545452 0.08334615384615385
0 0.2468678977272727 0.7068749999999999 0.08748579545454542 0.11867307692307694
0 0.28700994318181816 0.6761634615384615 0.0450994318181819 0.04371153846153844
0 0.2967471590909091 0.6998653846153846 0.03511363636363632 0.05153846153846156
0 0.021555397727272663 0.4592884615384615 0.039843750000000094 0.07453846153846153
0 0.010198863636363686 0.43653846153846154 0.020397727272727293 0.06619230769230762
0 0.16235795454545443 0.041115384615384554 0.040426136363636254 0.0714615384615385
0 0.4182954545454546 0.07600961538461537 0.04471590909090912 0.06548076923076926
0 0.008735795454545392 0.8716538461538461 0.017471590909090843 0.08496153846153846
0 0.031299715909090975 0.1353557692307692 0.02606534090909094 0.025749999999999974
0 0.9904616477272727 0.13095192307692316 0.019076704545454546 0.04575000000000004
0 0.07256392045454552 0.13028846153846152 0.022599431818181772 0.02549999999999998
0 0.07125710227272719 0.16973076923076924 0.02825284090909089 0.03384615384615389
0 0.052933238636363567 0.17490384615384613 0.04024147727272717 0.0362692307692308
0 0.07386363636363635 0.15001923076923074 0.026789772727272586 0.023884615384615414
0 0.049900568181818206 0.13296153846153846 0.02482954545454548 0.04342307692307689
0 0.032535511363636305 0.1593269230769231 0.03455965909090915 0.02946153846153845
0 0.05713068181818182 0.15632692307692297 0.014715909090909111 0.02053846153846155
0 0.09661221590909086 0.43629807692307687 0.08205965909090907 0.0472500000000001
0 0.2926420454545454 0.2625576923076922 0.03775568181818179 0.035653846153846196
0 0.2869602272727273 0.29965384615384616 0.046789772727272805 0.04119230769230761
0 0.9655326704545455 0.11599038461538458 0.03333806818181818 0.051711538461538434
0 0.25741477272727276 0.2647307692307692 0.03821022727272732 0.040846153846153754
0 0.26022727272727275 0.2966057692307693 0.032727272727272834 0.03355769230769229
0 0.29252840909090905 0.12631730769230765 0.04062500000000003 0.07940384615384609
0 0.48721590909090906 0.02350961538461538 0.03846590909090915 0.04694230769230774
0 0.44403409090909096 0.020442307692307704 0.04664772727272724 0.040884615384615366
0 0.3918536931818182 0.0482307692307693 0.05748579545454549 0.06388461538461533
0 0.2673437500000001 0.007134615384615461 0.04681818181818179 0.01426923076923069
0 0.2622301136363636 0.03367307692307686 0.03624999999999998 0.05623076923076925
0 0.3161008522727272 0.01991346153846152 0.04649147727272722 0.02844230769230762
0 0.19257102272727267 0.10252884615384616 0.046619318181818255 0.07936538461538457
0 0.9685440340909091 0.1079230769230769 0.029389204545454548 0.06449999999999993
0 0.017954545454545556 0.08574038461538458 0.035710227272727255 0.07378846153846155
0 0.3621661931818182 0.011278846153846223 0.07509943181818182 0.02251923076923084
0 0.37035511363636364 0.03925961538461542 0.06633522727272725 0.06951923076923072
0 0.3303551136363636 0.051451923076923034 0.043693181818181805 0.05551923076923078
0 0.3267684659090909 0.08066346153846149 0.04245738636363634 0.043826923076923006
0 0.2789133522727272 0.049875 0.0327982954545455 0.047903846153846096
0 0.30091619318181817 0.043711538461538524 0.015127840909090957 0.04157692307692309
0 0.3103338068181819 0.05479807692307692 0.025980113636363666 0.043096153846153784
0 0.25842329545454557 0.7701730769230769 0.02835227272727262 0.01853846153846154
0 0.9035795454545454 0.2558076923076923 0.03698863636363637 0.05792307692307693
0 0.9363920454545455 0.1373461538461539 0.02798295454545455 0.05023076923076924
0 0.8754545454545455 0.24921153846153854 0.028210227272727272 0.06199999999999991
0 0.8760298295454545 0.2069423076923077 0.043650568181818186 0.041346153846153845
0 0.4406534090909091 0.6555288461538462 0.034687500000000024 0.033211538461538424
0 0.4448366477272727 0.6853461538461538 0.036150568181818166 0.05153846153846156
0 0.4168110795454546 0.6902788461538462 0.047599431818181805 0.06571153846153843
0 0.41825994318181825 0.6829903846153846 0.041974431818181834 0.05424999999999996
0 0.33808948863636357 0.7495961538461539 0.030411931818181855 0.03196153846153847
0 0.3513920454545455 0.7300096153846154 0.048124999999999994 0.021788461538461562
0 0.31071022727272724 0.7614615384615384 0.02252840909090911 0.03146153846153846
0 0.2868039772727272 0.7501923076923077 0.042613636363636444 0.059961538461538476
0 0.7375355113636364 0.017855769230769147 0.03328125000000001 0.03571153846153845
0 0.31824573863636363 0.7447115384615385 0.03044034090909092 0.03611538461538459
0 0.04406960227272727 0.24576923076923074 0.03936079545454551 0.056423076923076985
0 0.05138494318181808 0.21223076923076922 0.044559659090909094 0.04684615384615387
0 0.06970880681818192 0.24479807692307698 0.02285511363636368 0.05913461538461538
0 0.3288352272727273 0.7793846153846153 0.024034090909090852 0.047115384615384615
0 0.3388352272727272 0.8082788461538462 0.04039772727272727 0.03455769230769233
0 0.35419034090909096 0.7890384615384616 0.03275568181818182 0.021923076923076934
0 0.36754261363636365 0.8037884615384615 0.023607954545454553 0.03446153846153847
0 0.7045454545454546 0.1531730769230769 0.035454545454545426 0.07253846153846148
0 0.7183877840909091 0.16157692307692306 0.04072443181818184 0.06530769230769227
0 0.9048011363636363 0.2238461538461538 0.03843749999999999 0.061230769230769186
0 0.9851775568181819 0.490201923076923 0.029644886363636366 0.07632692307692307
0 0.7934019886363637 0.23144230769230778 0.0514346590909091 0.10861538461538454
0 0.8216690340909091 0.23952884615384618 0.03725852272727271 0.11844230769230775
0 0.7216832386363636 0.31499999999999995 0.035127840909090935 0.04696153846153849
0 0.7470667613636364 0.3156057692307692 0.04330965909090911 0.04044230769230764
0 0.7125497159090909 0.2997692307692308 0.024105113636363636 0.04803846153846157
0 0.7134730113636363 0.2534326923076924 0.037116477272727266 0.05024999999999999
0 0.7476278409090908 0.24714423076923075 0.03875 0.04763461538461535
0 0.7571519886363637 0.2807788461538462 0.023309659090909086 0.06155769230769229
0 0.7425355113636364 0.2919615384615386 0.02734375 0.03138461538461537
0 0.7324289772727273 0.2725000000000001 0.029034090909090905 0.04511538461538458
0 0.9887997159090909 0.5208846153846154 0.02240056818181818 0.03173076923076923
0 0.7619886363636363 0.46063461538461536 0.024034090909090932 0.07011538461538458
0 0.7398224431818181 0.46125000000000005 0.02873579545454544 0.07761538461538453
0 0.7073011363636363 0.5228173076923077 0.04855113636363637 0.050365384615384666
0 0.6951704545454546 0.5416057692307692 0.04954545454545454 0.06178846153846153
0 0.8061860795454545 0.7842115384615385 0.057997159090909106 0.08188461538461538
0 0.8011647727272727 0.8249519230769231 0.0413068181818182 0.03717307692307692
0 0.7958451704545455 0.8592403846153847 0.04296875 0.059211538461538475
0 0.7772585227272727 0.8056826923076923 0.03264204545454548 0.04886538461538461
0 0.7558806818181818 0.8479326923076923 0.04389204545454546 0.07836538461538461
0 0.5015056818181818 0.7576923076923077 0.02857954545454546 0.038038461538461514
0 0.9127485795454545 0.572173076923077 0.04708806818181818 0.03876923076923082
0 0.5134019886363637 0.7222500000000001 0.029303977272727266 0.03088461538461539
0 0.5253551136363637 0.7058173076923077 0.03008522727272728 0.03201923076923078
0 0.5669744318181817 0.3720769230769231 0.02857954545454546 0.06919230769230773
0 0.5447514204545454 0.3405961538461538 0.03572443181818179 0.027192307692307665
0 0.5288849431818182 0.34715384615384615 0.04140625000000005 0.05026923076923074
0 0.524346590909091 0.3730096153846153 0.03161931818181817 0.0449423076923077
0 0.5474289772727272 0.3745384615384615 0.015454545454545448 0.04207692307692307
0 0.5423224431818181 0.3974326923076923 0.04336647727272731 0.03855769230769233
0 0.6307883522727273 0.5965096153846154 0.03740056818181816 0.0752884615384615
0 0.5932599431818182 0.657673076923077 0.06291193181818185 0.05696153846153847
0 0.9943039772727272 0.6382307692307692 0.011392045454545453 0.06569230769230769
0 0.5994602272727272 0.9252211538461539 0.040000000000000036 0.051750000000000004
0 0.6550710227272727 0.9925192307692308 0.04042613636363637 0.014961538461538462
0 0.792265625 0.9388846153846154 0.052343749999999994 0.06665384615384615
0 0.8080610795454546 0.9727403846153846 0.0449005681818182 0.05451923076923077
0 0.8603125 0.9471346153846154 0.05014204545454545 0.10153846153846154
0 0.8397514204545454 0.9504038461538462 0.04146306818181818 0.09503846153846154
0 0.9379971590909091 0.9135384615384615 0.04028409090909091 0.05326923076923078
0 0.9711576704545455 0.9483461538461538 0.057485795454545456 0.06915384615384615
0 0.9693110795454546 0.9018942307692308 0.051661931818181815 0.05101923076923077
0 0.9536789772727273 0.9467211538461539 0.050227272727272725 0.05025
0 0.9706107954545454 0.6312980769230769 0.02463068181818182 0.0764423076923077
0 0.9891548295454545 0.9519423076923077 0.02169034090909091 0.053730769230769235
0 0.9908238636363637 0.9785288461538462 0.018352272727272727 0.04294230769230769
0 0.9661008522727272 0.9836442307692308 0.04467329545454546 0.032711538461538466
0 0.9538494318181818 0.9933653846153846 0.03428977272727273 0.01326923076923077
0 0.5021732954545455 0.8964326923076923 0.025454545454545476 0.02478846153846154
0 0.5521235795454545 0.9312403846153846 0.020241477272727272 0.047942307692307694
0 0.4967613636363637 0.9279615384615385 0.04113636363636361 0.053884615384615385
0 0.5308238636363637 0.9146442307692307 0.041107954545454545 0.040442307692307694
0 0.5184659090909092 0.9458942307692307 0.025170454545454583 0.04532692307692308
0 0.5373579545454545 0.9487403846153846 0.02221590909090907 0.040519230769230766
0 0.9796448863636363 0.6089711538461539 0.029602272727272727 0.04375
0 0.48801136363636355 0.8357403846153846 0.03772727272727273 0.03348076923076925
0 0.5243536931818182 0.6103942307692307 0.02933238636363641 0.03228846153846158
0 0.5227840909090908 0.6427692307692308 0.03903409090909085 0.04092307692307692
0 0.5076420454545454 0.628 0.03159090909090911 0.03857692307692308
0 0.3433806818181818 0.9099134615384615 0.05553977272727276 0.09667307692307693
0 0.41609375000000004 0.8180576923076923 0.03531250000000002 0.03592307692307694
0 0.3970809659090908 0.8286826923076923 0.02623579545454541 0.029249999999999988
0 0.3966548295454545 0.8522403846153845 0.0390198863636364 0.04144230769230769
0 0.4221377840909091 0.8465673076923077 0.029019886363636293 0.029326923076923077
0 0.46184659090909086 0.6534230769230769 0.026875000000000024 0.02803846153846151
0 0.9831178977272728 0.6514519230769231 0.016292613636363636 0.0443269230769231
0 0.22215198863636365 0.4903557692307693 0.021264204545454583 0.03805769230769235
0 0.2348082386363637 0.5499423076923077 0.03251420454545453 0.06276923076923074
0 0.20504971590909093 0.5360673076923077 0.017116477272727207 0.03563461538461539
0 0.21337357954545455 0.5667788461538461 0.021633522727272755 0.026942307692307675
0 0.21849431818181808 0.5412307692307692 0.019659090909090956 0.04099999999999999
0 0.1477485795454545 0.7198269230769231 0.028764204545454544 0.04296153846153847
0 0.15127840909090906 0.6989423076923077 0.038920454545454675 0.04011538461538459
0 0.20540482954545458 0.7276826923076923 0.0500142045454546 0.06644230769230769
0 0.17971590909090907 0.7443557692307692 0.0253693181818182 0.051634615384615404
0 0.20022017045454532 0.7584711538461538 0.03580965909090898 0.048942307692307674
0 0.9686221590909091 0.7911634615384615 0.04036931818181818 0.04363461538461538
0 0.47547585227272726 0.6148942307692308 0.031576704545454574 0.0440576923076923
0 0.45377840909090905 0.6056153846153847 0.025227272727272713 0.05019230769230768
0 0.4677343749999999 0.6306057692307693 0.02708806818181817 0.031326923076923065
0 0.4118110795454545 0.641 0.02995738636363633 0.0413846153846154
0 0.42465909090909093 0.6160673076923078 0.04315340909090908 0.05286538461538458
0 0.4491477272727272 0.6359903846153846 0.018267045454545473 0.031519230769230744
0 0.375284090909091 0.7710769230769231 0.030482954545454518 0.033730769230769245
0 0.3687357954545455 0.676076923076923 0.04857954545454544 0.06646153846153846
0 0.35090198863636357 0.709875 0.04484374999999999 0.026288461538461514
0 0.265625 0.6163653846153846 0.06005681818181814 0.06203846153846152
