0 0.6240767045454545 0.2337403846153845 0.03130681818181821 0.036711538461538414
0 0.47264204545454547 0.9855576923076923 0.042897727272727254 0.028884615384615384
0 0.4093821022727273 0.6554615384615385 0.03475852272727269 0.03942307692307692
0 0.818984375 0.3061442307692308 0.030497159090909068 0.0926346153846153
0 0.6143678977272726 0.3364711538461539 0.025667613636363627 0.027134615384615302
0 0.5403764204545454 0.8752884615384615 0.04660511363636364 0.07292307692307692
0 0.5701917613636365 0.8322115384615385 0.033565340909090906 0.056653846153846166
0 0.6608380681818182 0.422875 0.03647727272727274 0.036134615384615425
0 0.6489772727272727 0.17980769230769234 0.05417613636363634 0.05384615384615385
0 0.7840411931818182 0.39449038461538455 0.03620738636363638 0.061096153846153814
0 0.7761434659090909 0.3311153846153846 0.03288352272727269 0.05849999999999992
0 0.27226562499999996 0.8148076923076923 0.02740056818181821 0.034961538461538474
0 0.6486576704545455 0.30699999999999994 0.03663352272727276 0.0750384615384615
0 0.7590482954545454 0.2807115384615385 0.04886363636363637 0.05976923076923074
0 0.2873934659090909 0.8488076923076923 0.04163352272727281 0.04773076923076924
0 0.3560014204545454 0.013125000000000053 0.0468323863636364 0.026249999999999957
0 0.029730113636363686 0.2885384615384615 0.04008522727272715 0.03646153846153842
0 0.6444318181818183 0.31463461538461546 0.016278409090909104 0.03350000000000003
0 0.34670454545454554 0.7653461538461539 0.03093750000000004 0.04080769230769231
0 0.7282031250000001 0.31844230769230775 0.03288352272727269 0.06742307692307693
0 0.6062286931818182 0.3332884615384616 0.04572443181818182 0.051307692307692214
0 0.3357457386363637 0.739375 0.03796875000000002 0.03021153846153845
0 0.43772727272727263 0.6779326923076923 0.03883522727272724 0.04705769230769231
0 0.011264204545454626 0.11450000000000005 0.02252840909090911 0.0589230769230769
0 0.5693536931818182 0.8937115384615385 0.05211647727272727 0.0765769230769231
0 0.012812500000000004 0.2354615384615385 0.02562499999999995 0.05096153846153846
0 0.4502485795454546 0.8549326923076923 0.041974431818181834 0.049173076923076924
0 0.20672585227272722 0.09181730769230767 0.023735795454545506 0.029096153846153838
0 0.31484375 0.8442307692307692 0.02585227272727271 0.04423076923076923
0 0.008735795454545614 0.6589903846153846 0.015056818181818215 0.06386538461538463
0 0.013153409090909118 0.5611442307692308 0.026306818181818157 0.0964807692307692
0 0.013252840909090846 0.6168653846153846 0.024090909090908982 0.06115384615384612
0 0.5246803977272727 0.17194230769230767 0.03211647727272729 0.05653846153846161
0 0.5150426136363637 0.13758653846153834 0.04497159090909095 0.04871153846153843
0 0.6715198863636364 0.30381730769230775 0.03852272727272728 0.0449423076923077
0 0.2587286931818181 0.7818173076923077 0.031860795454545544 0.05344230769230768
0 0.27421875000000007 0.7319903846153846 0.03863636363636354 0.04509615384615385
0 0.29166903409090916 0.7863173076923077 0.030781250000000024 0.044519230769230755
0 0.2803480113636364 0.7904903846153846 0.018792613636363663 0.03194230769230769
0 0.08901278409090907 0.257173076923077 0.043167613636363615 0.050653846153846105
0 0.05549715909090913 0.24798076923076917 0.028778409090909077 0.0601153846153846
0 0.07790482954545463 0.3103269230769231 0.02836647727272731 0.06123076923076929
0 0.0931249999999999 0.2794326923076923 0.024261363636363695 0.038403846153846205
0 0.11840198863636364 0.27804807692307687 0.036178977272727314 0.051211538461538454
0 0.03165482954545462 0.17116346153846151 0.02714488636363638 0.048980769230769286
0 0.429112215909091 0.8225 0.03538352272727276 0.053000000000000005
0 0.4145099431818182 0.9525384615384616 0.031008522727272784 0.03615384615384615
0 0.4018110795454546 0.944076923076923 0.03575284090909085 0.025076923076923083
0 0.3761860795454546 0.9187115384615385 0.031008522727272704 0.03965384615384615
0 0.36391335227272725 0.8942211538461539 0.03316761363636367 0.05248076923076924
0 0.3736008522727272 0.8641923076923077 0.03703124999999999 0.05423076923076922
0 0.39340909090909093 0.8872307692307693 0.02755681818181823 0.03730769230769232
0 0.45009232954545453 0.9304038461538462 0.05103693181818183 0.0475
0 0.4143252840909091 0.9193173076923077 0.039559659090909124 0.024288461538461543
0 0.4388281249999999 0.7584711538461538 0.024417613636363633 0.044865384615384585
0 0.43381392045454537 0.7758846153846154 0.025724431818181757 0.04426923076923079
0 0.6787428977272727 0.4748942307692309 0.021207386363636373 0.03951923076923079
0 0.7695596590909091 0.030365384615384516 0.05758522727272726 0.0607307692307692
0 0.24105823863636355 0.05648076923076928 0.03592329545454556 0.04915384615384616
0 0.4320880681818182 0.7268942307692308 0.03821022727272724 0.04748076923076928
0 0.30647727272727276 0.7171538461538461 0.03971590909090914 0.03942307692307692
0 0.7995951704545454 0.3555384615384616 0.031065340909090914 0.044769230769230714
0 0.32968039772727276 0.75925 0.020355113636363612 0.02650000000000003
0 0.8684375 0.33142307692307693 0.031363636363636364 0.05442307692307694
0 0.5790625 0.8649615384615384 0.01840909090909088 0.0688076923076923
0 0.2266690340909091 0.031413461538461585 0.045099431818181816 0.052903846153846024
0 0.3042329545454545 0.8265576923076923 0.022698863636363663 0.040269230769230765
0 0.751875 0.5570961538461539 0.024431818181818166 0.030538461538461528
0 0.32907670454545446 0.82375 0.02585227272727271 0.0445
0 0.8750213068181818 0.0174423076923077 0.02279829545454547 0.03488461538461536
0 0.22981534090909084 0.011721153846153909 0.04167613636363641 0.02344230769230769
0 0.6769602272727273 0.010067307692307681 0.03894886363636362 0.020134615384615438
0 0.6391051136363637 0.3315865384615384 0.025681818181818198 0.025865384615384592
0 0.28240056818181813 0.016057692307692384 0.026306818181818237 0.032115384615384594
0 0.12399857954545446 0.3086826923076923 0.036946022727272716 0.04113461538461536
0 0.824140625 0.021298076923076947 0.03563920454545453 0.042596153846153804
0 0.7178480113636363 0.03989423076923082 0.038991477272727296 0.05325
0 0.024730113636363793 0.012413461538461568 0.04946022727272734 0.024826923076923125
0 0.8513352272727273 0.2843365384615385 0.038778409090909086 0.06213461538461539
0 0.40061789772727263 0.6709326923076924 0.03538352272727276 0.04748076923076923
0 0.6028551136363636 0.8766442307692308 0.0329829545454545 0.0881346153846154
0 0.4143892045454546 0.6961538461538461 0.042897727272727254 0.03773076923076924
0 0.4098508522727272 0.8581153846153846 0.041974431818181834 0.04707692307692307
0 0.8395028409090909 0.3698173076923077 0.02707386363636364 0.030096153846153804
0 0.6311221590909091 0.21372115384615387 0.030369318181818174 0.027557692307692276
0 0.6087357954545454 0.2419230769230769 0.02568181818181816 0.032230769230769216
0 0.6925426136363637 0.02027884615384623 0.04863636363636361 0.0402115384615384
0 0.6831747159090908 0.9865769230769231 0.06433238636363635 0.02684615384615385
0 0.7391051136363636 0.237173076923077 0.03366477272727275 0.034461538461538495
0 0.45510653409090907 0.7050673076923077 0.043536931818181863 0.042826923076923096
0 0.29460937499999995 0.9521346153846154 0.03680397727272731 0.05723076923076924
0 0.04633522727272732 0.2781634615384615 0.0507386363636364 0.06317307692307686
0 0.30448153409090917 0.9893846153846154 0.023480113636363677 0.02119230769230769
0 0.6786292613636364 0.4142307692307692 0.028281249999999994 0.030576923076923144
0 0.49101562500000007 0.6200576923076924 0.033196022727272734 0.03857692307692308
0 0.8148508522727272 0.38796153846153847 0.030213068181818178 0.04399999999999999
0 0.6120170454545455 0.2715961538461539 0.026619318181818195 0.037307692307692375
0 0.6602485795454545 0.35088461538461546 0.02348011363636364 0.03561538461538469
0 0.7547301136363636 0.05185576923076929 0.04446022727272725 0.06328846153846159
0 0.3208309659090909 0.9561153846153846 0.024275568181818228 0.05988461538461538
0 0.31014914772727276 0.010653846153846125 0.019985795454545444 0.021307692307692278
0 0.6762144886363637 0.3402788461538463 0.02098011363636365 0.03136538461538462
0 0.6945880681818182 0.4372307692307693 0.021903409090909074 0.03826923076923072
0 0.7399857954545455 0.27885576923076927 0.04267045454545453 0.042519230769230795
0 0.727471590909091 0.4940096153846154 0.041988636363636325 0.04359615384615382
0 0.5074502840909091 0.20731730769230772 0.020838068181818124 0.031211538461538495
0 0.39857954545454544 0.9111442307692308 0.024914772727272758 0.033711538461538466
0 0.7860653409090909 0.021865384615384675 0.024914772727272716 0.025999999999999964
0 0.5263352272727273 0.19772115384615385 0.02139204545454546 0.033096153846153914
0 0.4271519886363637 0.9019711538461539 0.03223011363636363 0.026288461538461542
0 0.7687926136363636 0.26032692307692307 0.031874999999999994 0.036153846153846064
0 0.2997088068181818 0.7392211538461539 0.021377840909090843 0.04398076923076921
0 0.5858735795454546 0.23640384615384613 0.03007102272727275 0.030538461538461528
0 0.8122798295454545 0.03065384615384603 0.042031249999999985 0.03373076923076927
0 0.7886647727272728 0.007596153846153975 0.033210227272727266 0.015192307692307649
0 0.48164062499999993 0.14801923076923085 0.03725852272727275 0.059153846153846244
0 0.34549715909090917 0.9585961538461538 0.02786931818181819 0.057230769230769224
0 0.763046875 0.23172115384615388 0.02484375000000001 0.02609615384615383
0 0.5091193181818182 0.17910576923076926 0.019715909090909086 0.03948076923076918
0 0.45682528409090917 0.8947884615384616 0.027571022727272763 0.05257692307692307
0 0.47837357954545456 0.6353173076923078 0.035923295454545486 0.05217307692307691
0 0.030220170454545392 0.1486249999999999 0.039872159090909 0.04174999999999996
0 0.39729403409090913 0.9752788461538462 0.03359374999999997 0.02448076923076923
0 0.6579829545454545 0.46023076923076933 0.026676136363636364 0.04846153846153844
0 0.10997869318181808 0.3262980769230769 0.03526988636363642 0.04244230769230768
0 0.10017755681818197 0.3090576923076923 0.018281250000000006 0.027423076923076904
0 0.41598011363636367 0.8848653846153847 0.0208806818181818 0.02876923076923076
0 0.7440198863636365 0.20524038461538463 0.037585227272727284 0.04113461538461547
0 0.2633096590909091 0.751826923076923 0.03508522727272734 0.04176923076923077
0 0.5703125 0.7837019230769231 0.0398295454545454 0.055288461538461536
0 0.7493678977272727 0.5038942307692307 0.04384943181818182 0.045365384615384564
0 0.6589204545454546 0.2111249999999999 0.03335227272727275 0.0836346153846153
0 0.7635582386363636 0.39885576923076915 0.04120738636363639 0.07001923076923082
0 0.45009232954545453 0.8042692307692307 0.02850852272727272 0.05553846153846153
0 0.38737926136363643 0.9916057692307693 0.019815340909090894 0.015173076923076925
0 0.9059517045454546 0.013971153846153772 0.0453125 0.02794230769230764
0 0.2812926136363636 0.9693653846153846 0.03366477272727279 0.05988461538461538
0 0.5715269886363636 0.2215673076923077 0.028934659090909098 0.04409615384615386
0 0.5761576704545455 0.18870192307692313 0.04634943181818181 0.02840384615384612
0 0.26024857954545455 0.0177115384615385 0.025184659090909035 0.028923076923076853
0 0.9552201704545454 0.6174038461538462 0.022059659090909088 0.039384615384615365
0 0.6863991477272727 0.3453750000000001 0.020667613636363654 0.044942307692307594
0 0.26393465909090896 0.31664423076923076 0.02914772727272733 0.03944230769230778
0 0.5888565340909091 0.807451923076923 0.03330965909090908 0.04578846153846154
0 0.7166477272727273 0.5412019230769232 0.02911931818181818 0.041134615384615415
0 0.6140553977272727 0.1967692307692308 0.031321022727272746 0.04111538461538461
0 0.4071946022727272 0.9853076923076923 0.020667613636363654 0.029384615384615384
0 0.834375 0.3391346153846154 0.04076704545454544 0.05903846153846152
0 0.3240056818181819 0.7836634615384616 0.03014204545454541 0.03717307692307692
0 0.5868536931818182 0.16574999999999995 0.04572443181818182 0.05046153846153848
0 0.6641619318181817 0.2667211538461538 0.05511363636363638 0.045365384615384675
0 0.5202414772727273 0.9834038461538461 0.05417613636363634 0.032230769230769236
0 0.7047159090909091 0.3252211538461539 0.03286931818181816 0.06317307692307697
0 0.01086647727272727 0.2511057692307692 0.021732954545454482 0.040134615384615394
0 0.024566761363636336 0.2202788461538462 0.03725852272727275 0.06613461538461536
0 0.4360014204545455 0.979798076923077 0.04291193181818187 0.04028846153846154
0 0.5974573863636363 0.26015384615384607 0.028181818181818145 0.03138461538461537
0 0.32457386363636365 0.7288076923076923 0.034431818181818195 0.03765384615384618
0 0.691846590909091 0.4696538461538462 0.024176136363636337 0.04507692307692307
0 0.7747088068181818 0.2043942307692307 0.029446022727272713 0.0479038461538462
0 0.3153906249999999 0.8037788461538462 0.02231534090909088 0.034980769230769225
0 0.34180397727272727 0.8001346153846154 0.025653409090909095 0.03473076923076921
0 0.32867187499999995 0.9884423076923077 0.027002840909090896 0.022846153846153846
0 0.5977698863636365 0.30237500000000006 0.03946022727272731 0.04444230769230772
0 0.5977698863636365 0.2132980769230769 0.028181818181818145 0.03009615384615391
0 0.7124147727272727 0.515125 0.030056818181818178 0.0449423076923077
0 0.5844602272727273 0.2707403846153845 0.032244318181818166 0.04578846153846154
0 0.48421164772727276 0.19063461538461535 0.034701704545454556 0.05915384615384613
0 0.4388707386363637 0.8860961538461538 0.021974431818181775 0.028269230769230762
0 0.7296448863636363 0.014740384615384516 0.040482954545454544 0.0294807692307692
0 0.3622443181818181 0.9759807692307693 0.04008522727272723 0.04792307692307692
0 0.6698437500000001 0.4486538461538462 0.01573863636363638 0.02592307692307696
0 0.5277556818181818 0.9611442307692307 0.03914772727272728 0.043673076923076926
0 0.7528125 0.5314519230769231 0.04258522727272726 0.028403846153846172
0 0.79 0.23187499999999994 0.03914772727272728 0.06728846153846156
0 0.6325355113636364 0.35215384615384615 0.03194602272727274 0.033923076923076896
0 0.8034446022727273 0.4199807692307692 0.030781250000000003 0.05557692307692303
0 0.8610227272727273 0.35804807692307694 0.03590909090909091 0.038980769230769194
0 0.8496519886363636 0.026125000000000065 0.035355113636363636 0.05225000000000003
0 0.4277130681818182 0.8697788461538462 0.017329545454545438 0.029019230769230776
0 0.48814630681818183 0.9554230769230769 0.04947443181818179 0.04919230769230769
0 0.6370738636363636 0.25505769230769226 0.02974431818181822 0.05426923076923082
0 0.9303338068181818 0.5798461538461538 0.04473011363636365 0.037038461538461576
0 0.00829545454545444 0.2800576923076923 0.01659090909090902 0.03815384615384621
0 0.4681036931818182 0.7330480769230769 0.033196022727272734 0.04536538461538465
0 0.5487713068181819 0.8018557692307693 0.028821022727272758 0.05155769230769231
0 0.6814772727272727 0.4420096153846155 0.014829545454545451 0.029942307692307678
0 0.007975852272727235 0.8482980769230769 0.01595170454545457 0.07651923076923077
0 0.7017400568181817 0.2743557692307692 0.03382102272727273 0.0479038461538462
0 0.8064417613636363 0.30247115384615375 0.03791193181818184 0.06444230769230778
0 0.6042613636363636 0.7825192307692308 0.04159090909090913 0.046807692307692314
0 0.5366264204545454 0.8264423076923078 0.036576704545454544 0.052576923076923084
0 0.8325213068181818 0.4057115384615385 0.042769886363636385 0.04630769230769228
0 0.46058238636363635 0.7639903846153846 0.028806818181818142 0.06571153846153846
0 0.28838068181818177 0.8119903846153846 0.01605113636363638 0.03232692307692308
0 0.7189630681818182 0.24022115384615372 0.037585227272727284 0.07801923076923076
0 0.6096519886363636 0.8361153846153846 0.03782670454545454 0.0508846153846154
0 0.8553196022727273 0.3840961538461539 0.029076704545454544 0.03088461538461539
0 0.26281960227272727 0.15522115384615387 0.016036931818181766 0.01628846153846148
0 0.4660866477272727 0.5462692307692307 0.04634943181818181 0.04403846153846149
0 0.45134943181818177 0.965375 0.04164772727272734 0.04451923076923077
0 0.37007812500000004 0.9399423076923077 0.05575284090909091 0.0741923076923077
0 0.6051349431818182 0.15521153846153846 0.0322585227272727 0.05384615384615385
0 0.6433309659090909 0.16200000000000003 0.047911931818181805 0.04111538461538461
0 0.6284588068181818 0.30148076923076916 0.02504261363636363 0.03857692307692308
0 0.6887428977272727 0.22559615384615384 0.038508522727272745 0.0589230769230769
0 0.014865056818181732 0.19357692307692298 0.029730113636363565 0.03984615384615379
0 0.037251420454545325 0.12552884615384607 0.033196022727272734 0.05978846153846149
0 0.6885866477272726 0.29766346153846146 0.023792613636363636 0.04451923076923083
0 0.9399289772727273 0.5336442307692308 0.03789772727272728 0.06390384615384619
0 0.6196732954545454 0.8225480769230769 0.0308238636363637 0.04205769230769229
0 0.7287002840909091 0.5564519230769231 0.02504261363636363 0.04451923076923078
