0 0.607109375 0.3533557692307693 0.038934659090909124 0.08467307692307686
0 0.41357954545454545 0.625951923076923 0.04062499999999995 0.05186538461538461
0 0.14177556818181813 0.7754423076923077 0.02525568181818194 0.03226923076923077
0 0.12078124999999995 0.8216826923076923 0.03664772727272721 0.06309615384615386
0 0.11776278409090901 0.7971153846153847 0.023480113636363598 0.04288461538461541
0 0.7082315340909091 0.10576923076923073 0.04541193181818182 0.08438461538461538
0 0.5783451704545455 0.3980865384615384 0.051661931818181746 0.03540384615384609
0 0.525390625 0.9372788461538462 0.026548295454545533 0.03536538461538462
0 0.6644957386363637 0.10871153846153836 0.036235795454545444 0.065423076923077
0 0.1332386363636363 0.7617115384615385 0.01673295454545467 0.03757692307692309
0 0.5453977272727273 0.9450192307692308 0.024914772727272758 0.04423076923076924
0 0.59890625 0.4342211538461539 0.02713068181818185 0.045480769230769186
0 0.5009943181818182 0.1893173076923077 0.02653409090909092 0.06463461538461542
0 0.11598721590909089 0.7576153846153846 0.021349431818181778 0.04384615384615384
0 0.09556818181818183 0.7557403846153846 0.03312500000000007 0.052673076923076954
0 0.06909801136363636 0.7584230769230769 0.020525568181818245 0.022923076923076952
0 0.7867329545454546 0.3258749999999999 0.068125 0.07063461538461542
0 0.6763423295454545 0.07339423076923068 0.04927556818181818 0.06017307692307696
0 0.053423295454545494 0.7484230769230769 0.018011363636363728 0.03803846153846154
0 0.048821022727272734 0.7919326923076924 0.01909090909090917 0.050134615384615396
0 0.08818181818181825 0.7381826923076924 0.02556818181818182 0.03901923076923075
0 0.03479403409090909 0.8414519230769231 0.03387784090909078 0.08301923076923078
0 0.013267045454545379 0.8411923076923077 0.01857954545454551 0.067
0 0.3915269886363636 0.6444134615384616 0.03830965909090913 0.06836538461538463
0 0.0053196022727273196 0.8441730769230769 0.00995738636363635 0.06515384615384615
0 0.5305823863636363 0.8790769230769231 0.02690340909090909 0.05396153846153845
0 0.9865198863636364 0.8949615384615385 0.026960227272727275 0.04630769230769231
0 0.6669815340909091 0.6079423076923076 0.040923295454545455 0.049384615384615395
0 0.6118181818181818 0.6702788461538463 0.0925284090909091 0.12105769230769234
0 0.02506392045454542 0.7971057692307693 0.023622159090909086 0.03098076923076923
0 0.03829545454545458 0.7497788461538462 0.025397727272727266 0.04805769230769232
0 0.8001136363636363 0.4200673076923077 0.022982954545454556 0.026942307692307675
0 0.06705255681818167 0.7916346153846154 0.024303977272727293 0.05265384615384617
0 0.7919318181818181 0.41138461538461535 0.026960227272727257 0.027538461538461526
0 0.367890625 0.6107115384615385 0.03171875000000006 0.033423076923076916
0 0.06817471590909097 0.7366634615384615 0.02171874999999995 0.03298076923076919
0 0.9390838068181818 0.4559423076923077 0.05328125000000001 0.06869230769230764
0 0.06799715909090909 0.6491730769230769 0.043409090909090835 0.05142307692307694
0 0.10313210227272729 0.9408461538461539 0.0453267045454545 0.051807692307692305
0 0.17240767045454541 0.7534519230769231 0.04705965909090925 0.03901923076923075
0 0.9447088068181818 0.9298557692307692 0.06279829545454546 0.053903846153846156
0 0.0920099431818181 0.6942403846153846 0.01953125 0.035057692307692345
0 0.8414204545454546 0.47552884615384616 0.02434659090909091 0.03640384615384617
0 0.8482670454545455 0.5019711538461538 0.03803977272727271 0.04532692307692306
0 0.026811079545454586 0.7097115384615384 0.03328125000000009 0.03434615384615382
0 0.47553977272727266 0.17302884615384617 0.023977272727272802 0.0288653846153846
0 0.07318181818181813 0.6798653846153846 0.02786931818181819 0.02984615384615381
0 0.8895383522727273 0.47107692307692317 0.044105113636363644 0.03257692307692307
0 0.016335227272727293 0.7358653846153846 0.029715909090909196 0.03338461538461541
0 0.1292258522727271 0.666423076923077 0.0453267045454545 0.051999999999999984
0 0.989580965909091 0.7760961538461538 0.020838068181818183 0.08638461538461537
0 0.5801704545454545 0.347201923076923 0.031022727272727316 0.0865961538461539
0 0.9146022727272727 0.4809134615384616 0.046107954545454535 0.04001923076923077
0 0.15490056818181808 0.7072403846153845 0.05877840909090908 0.056711538461538424
0 0.14890625000000002 0.7466346153846154 0.02204545454545452 0.02665384615384618
0 0.7918607954545455 0.3637211538461538 0.05616477272727274 0.027634615384615393
0 0.3678977272727273 0.568548076923077 0.05758522727272722 0.054096153846153835
0 0.8976207386363636 0.5212115384615384 0.03535511363636363 0.06699999999999995
0 0.0798224431818183 0.7079903846153845 0.031235795454545467 0.030096153846153804
0 0.9166335227272727 0.8120288461538462 0.08423295454545456 0.08086538461538462
0 0.05091619318181817 0.7225865384615384 0.027968750000000077 0.03351923076923078
0 0.8684517045454545 0.5005192307692308 0.03204545454545455 0.0422692307692308
0 0.06237215909090921 0.8980576923076923 0.04698863636363642 0.04053846153846154
0 0.8907315340909091 0.5370384615384616 0.040582386363636355 0.05823076923076923
0 0.8809943181818182 0.8909615384615385 0.016164772727272722 0.027269230769230768
0 0.049687499999999996 0.9242307692307692 0.042414772727272745 0.04673076923076923
0 0.10237215909090902 0.7109615384615384 0.014744318181818176 0.03615384615384612
0 0.3150071022727272 0.6111057692307693 0.07169034090909095 0.08351923076923078
0 0.10791193181818182 0.9760288461538461 0.03826704545454553 0.024211538461538465
0 0.07983664772727284 0.9796923076923076 0.024531249999999973 0.03603846153846153
0 0.8038920454545455 0.46753846153846157 0.0584375 0.04119230769230761
0 0.11624999999999985 0.7183653846153846 0.020369318181818228 0.04261538461538461
0 0.8628338068181818 0.8884134615384616 0.022372159090909092 0.03117307692307691
0 0.04857244318181808 0.6188365384615384 0.029190340909091006 0.02548076923076923
0 0.7896875 0.5070961538461538 0.03247159090909093 0.04119230769230767
0 0.11747869318181825 0.9464807692307693 0.03160511363636364 0.045038461538461534
0 0.0977201704545454 0.9909711538461539 0.041178977272727284 0.01805769230769231
0 0.817080965909091 0.5046153846153846 0.028821022727272716 0.04615384615384621
0 0.3223508522727273 0.5399134615384615 0.07345170454545459 0.054096153846153835
0 0.1891761363636365 0.8822307692307693 0.06633522727272717 0.08419230769230768
0 0.8915198863636363 0.8965 0.02835227272727272 0.042576923076923075
0 0.17017045454545443 0.8589903846153846 0.0366193181818183 0.0333653846153846
0 0.09279829545454532 0.8217115384615384 0.022556818181818174 0.054846153846153836
0 0.9712073863636363 0.8438173076923077 0.057585227272727274 0.08778846153846155
0 0.13337357954545448 0.7315192307692308 0.03240056818181811 0.03384615384615384
0 0.09542613636363628 0.6586153846153846 0.02380681818181817 0.03430769230769232
0 0.3085511363636364 0.7336057692307691 0.03659090909090916 0.07909615384615387
0 0.28669034090909096 0.6894230769230769 0.046420454545454556 0.06976923076923072
0 0.2641690340909091 0.6765384615384615 0.04225852272727273 0.07669230769230768
0 0.2985511363636364 0.5681442307692308 0.08227272727272722 0.04851923076923081
0 0.6201917613636363 0.42938461538461536 0.04850852272727269 0.0691153846153846
0 0.8651704545454546 0.5384134615384615 0.026789772727272728 0.03351923076923078
0 0.24012073863636374 0.706076923076923 0.042769886363636385 0.07249999999999998
0 0.27469460227272724 0.7239423076923077 0.031974431818181805 0.04546153846153849
0 0.26550426136363636 0.7531634615384615 0.06555397727272724 0.03463461538461542
0 0.6163565340909092 0.4794999999999999 0.04083806818181814 0.06565384615384619
0 0.188359375 0.41118269230769233 0.03836647727272726 0.08874999999999995
0 0.8373721590909091 0.526875 0.036931818181818184 0.032403846153846144
0 0.15718749999999992 0.41928846153846144 0.028778409090909077 0.07899999999999997
0 0.24314630681818172 0.3434519230769232 0.056747159090908994 0.052903846153846246
0 0.4613210227272727 0.6656057692307693 0.054062500000000006 0.07636538461538463
0 0.042975852272727266 0.2625288461538461 0.038622159090909165 0.06478846153846153
0 0.07214488636363636 0.27020192307692303 0.02980113636363639 0.049442307692307765
0 0.9391477272727272 0.8642019230769231 0.06982954545454545 0.05805769230769229
0 0.07906960227272719 0.2449134615384616 0.044502840909090964 0.07501923076923075
0 0.06472301136363645 0.1865 0.04098011363636367 0.08765384615384612
0 0.8487357954545455 0.5648461538461538 0.05170454545454544 0.04923076923076927
0 0.026214488636363553 0.31488461538461543 0.04774147727272729 0.04407692307692311
0 0.021200284090909016 0.19397115384615382 0.02322443181818185 0.05648076923076924
0 0.011789772727272663 0.1544423076923077 0.02357954545454549 0.02876923076923084
0 0.11597301136363636 0.6853942307692308 0.034957386363636385 0.033788461538461524
0 0.9273579545454546 0.522625 0.03326704545454546 0.05855769230769228
0 0.5387997159090909 0.46945192307692307 0.01984375000000004 0.031442307692307735
0 0.8135085227272727 0.5725384615384616 0.03693181818181816 0.046153846153846156
0 0.8019886363636364 0.5461153846153846 0.04210227272727273 0.040269230769230765
0 0.7629900568181818 0.5468653846153846 0.04938920454545456 0.07369230769230768
0 0.7941264204545455 0.5867788461538461 0.02771306818181817 0.04128846153846159
0 0.7641903409090909 0.6032980769230769 0.04213068181818181 0.051788461538461554
0 0.11520596590909093 0.6295 0.0433948863636363 0.046807692307692314
0 0.03766335227272721 0.19835576923076914 0.026292613636363624 0.07628846153846157
0 0.7891548295454546 0.626125 0.04765625000000002 0.048942307692307674
0 0.5940269886363637 0.4976442307692307 0.04339488636363638 0.06567307692307693
0 0.0895667613636365 0.12125961538461538 0.044616477272727224 0.06444230769230767
0 0.5279971590909092 0.1813942307692309 0.04090909090909092 0.06405769230769232
0 0.8217400568181819 0.6087019230769231 0.03285511363636363 0.06894230769230768
0 0.8443465909090909 0.5913173076923077 0.02499999999999999 0.036903846153846204
0 0.8955965909090909 0.8648269230769231 0.031704545454545444 0.03569230769230768
0 0.030816761363636314 0.1429038461538461 0.040156250000000136 0.057384615384615444
0 0.8688707386363637 0.597173076923077 0.036235795454545444 0.039076923076923065
0 0.9022230113636364 0.6143173076923076 0.043934659090909094 0.028211538461538437
0 0.054176136363636385 0.1267307692307692 0.029573863636363548 0.04149999999999997
0 0.07864346590909088 0.09397115384615384 0.04086647727272725 0.07063461538461542
0 0.029687499999999978 0.10002884615384611 0.023721590909090973 0.024211538461538413
0 0.897578125 0.6342884615384615 0.03720170454545455 0.0360384615384615
0 0.34291903409090907 0.6282115384615385 0.059360795454545486 0.06203846153846158
0 0.014765625000000004 0.6037596153846154 0.02842329545454544 0.026519230769230753
0 0.03615767045454532 0.1245480769230769 0.032258522727272615 0.032749999999999946
0 0.042322443181818326 0.09450961538461533 0.02177556818181824 0.025788461538461586
0 0.05573863636363641 0.08213461538461542 0.019829545454545506 0.050538461538461595
0 0.9069602272727273 0.5958173076923077 0.0478409090909091 0.04717307692307693
0 0.05965909090909094 0.04161538461538461 0.033267045454545556 0.041230769230769224
0 0.5322443181818182 0.4640192307692308 0.04644886363636362 0.07546153846153848
0 0.6426491477272727 0.5938461538461539 0.04683238636363636 0.0609615384615385
0 0.013338068181818152 0.10506730769230765 0.026193181818181897 0.0324038461538462
0 0.03241477272727267 0.06935576923076925 0.027897727272727255 0.03867307692307695
0 0.41343039772727275 0.7192980769230769 0.0722869318181818 0.05490384615384618
0 0.8691051136363637 0.6325769230769231 0.043295454545454554 0.04519230769230769
0 0.8448650568181818 0.6311057692307693 0.03532670454545455 0.04982692307692307
0 0.013252840909090846 0.03985576923076928 0.026505681818181772 0.04817307692307694
0 0.7981392045454545 0.6590096153846154 0.022073863636363624 0.03090384615384614
0 0.8216903409090909 0.6632499999999999 0.03164772727272725 0.04234615384615387
0 0.8367755681818182 0.6851634615384615 0.05741477272727273 0.062288461538461515
0 0.8909374999999999 0.3496538461538461 0.02835227272727274 0.028038461538461616
0 0.9270525568181818 0.3607115384615385 0.05913352272727273 0.04630769230769238
0 0.8147514204545454 0.3855480769230769 0.024644886363636376 0.027903846153846137
0 0.007343750000000093 0.13014423076923076 0.014687500000000046 0.038519230769230715
0 0.5265056818181817 0.13234615384615378 0.022585227272727323 0.05596153846153851
0 0.8626278409090908 0.8728942307692308 0.038607954545454536 0.04844230769230769
0 0.44111505681818175 0.14411538461538465 0.029872159090909133 0.04726923076923085
0 0.4270099431818182 0.1307115384615385 0.033906250000000006 0.075
0 0.44968039772727275 0.10207692307692318 0.03626420454545451 0.0404615384615385
0 0.4698224431818182 0.0936634615384615 0.025525568181818222 0.045442307692307685
0 0.4643678977272727 0.05690384615384625 0.050497159090909106 0.05800000000000005
0 0.8756605113636364 0.8384711538461538 0.0263778409090909 0.028903846153846155
0 0.45051846590909084 0.1575288461538461 0.026519886363636388 0.023173076923076946
0 0.03569602272727268 0.600125 0.02803977272727274 0.02548076923076923
0 0.5955894886363635 0.5700673076923077 0.06529829545454541 0.08048076923076927
0 0.5610227272727273 0.13841346153846157 0.0498579545454545 0.07963461538461543
0 0.38542613636363643 0.49076923076923085 0.04468749999999997 0.06915384615384612
0 0.3514701704545454 0.4998173076923076 0.030184659090909092 0.05736538461538458
0 0.4639062500000001 0.13869230769230767 0.022926136363636426 0.05099999999999996
0 0.4457599431818182 0.18887500000000002 0.05521306818181819 0.04694230769230774
0 0.3950071022727273 0.5406730769230769 0.08242897727272731 0.06207692307692308
0 0.7725213068181819 0.379423076923077 0.06384943181818184 0.040153846153846144
0 0.053941761363636376 0.5918076923076923 0.022286931818181897 0.042115384615384624
0 0.9911150568181818 0.9289903846153846 0.017769886363636363 0.05840384615384615
0 0.6257670454545454 0.830076923076923 0.03528409090909091 0.07896153846153847
0 0.6051349431818182 0.9296634615384616 0.02359375000000002 0.0319423076923077
0 0.43693181818181825 0.7582788461538461 0.02997159090909086 0.03101923076923076
0 0.31723721590909093 0.24960576923076916 0.027627840909090894 0.037403846153846135
0 0.35013494318181815 0.21909615384615388 0.016349431818181805 0.029538461538461565
0 0.314453125 0.282326923076923 0.03205965909090916 0.047230769230769236
0 0.6869105113636365 0.9056826923076923 0.04262784090909089 0.05425
0 0.5863423295454545 0.8275769230769231 0.061917613636363604 0.07807692307692307
0 0.5611008522727272 0.20241346153846151 0.014275568181818198 0.020211538461538444
0 0.6932954545454546 0.9238173076923077 0.03963068181818183 0.05598076923076924
0 0.17794744318181832 0.011836538461538426 0.028167613636363695 0.02367307692307693
0 0.575340909090909 0.9762307692307692 0.015511363636363658 0.047538461538461536
0 0.5214346590909091 0.9884903846153846 0.04042613636363634 0.021826923076923077
0 0.5259588068181817 0.7745865384615385 0.03055397727272726 0.07159615384615388
0 0.2102059659090909 0.01404807692307708 0.038792613636363556 0.02809615384615387
0 0.5741832386363637 0.8859134615384615 0.029786931818181775 0.06774999999999999
0 0.6824644886363636 0.9899423076923077 0.02776988636363634 0.02011538461538462
0 0.23171874999999997 0.5130288461538461 0.019232954545454494 0.024173076923076908
0 0.7009090909090909 0.9851730769230769 0.021051136363636355 0.029653846153846152
0 0.7228622159090909 0.9776730769230769 0.030667613636363642 0.04396153846153846
0 0.9330184659090909 0.7846057692307693 0.016946022727272726 0.025596153846153852
0 0.33140625 0.22303846153846152 0.01235795454545461 0.021653846153846135
0 0.8769957386363636 0.3913557692307692 0.03282670454545455 0.04221153846153855
0 0.5925071022727273 0.9722692307692308 0.02703124999999996 0.027769230769230772
0 0.04034090909090904 0.5749711538461539 0.02349431818181813 0.026903846153846115
0 0.597080965909091 0.9514711538461539 0.02845170454545459 0.038019230769230764
0 0.599921875 0.9887115384615385 0.03507102272727272 0.022346153846153845
0 0.5043394886363636 0.1487884615384616 0.02600852272727273 0.03115384615384624
0 0.4946377840909091 0.8559230769230769 0.036235795454545444 0.04946153846153846
0 0.3325 0.20408653846153846 0.025454545454545476 0.02805769230769237
0 0.31214488636363635 0.2188461538461539 0.028352272727272778 0.0339615384615384
0 0.6517116477272727 0.8911730769230769 0.02387784090909091 0.03880769230769232
0 0.31796164772727276 0.1733269230769231 0.03490056818181817 0.05611538461538463
0 0.6944460227272726 0.9589519230769231 0.02434659090909093 0.030134615384615385
0 0.2952414772727273 0.18391346153846155 0.04252840909090909 0.05659615384615386
0 0.5453551136363636 0.7909038461538462 0.02937500000000001 0.06284615384615383
0 0.3584730113636364 0.3394711538461538 0.014105113636363647 0.03009615384615391
0 0.5557457386363636 0.9800673076923077 0.02953124999999995 0.039865384615384615
0 0.6610085227272727 0.9081153846153847 0.030795454545454556 0.03519230769230769
0 0.36605823863636366 0.2925384615384615 0.018991477272727278 0.02230769230769235
0 0.17495028409090907 0.03989423076923082 0.03430397727272724 0.04598076923076917
0 0.3913991477272727 0.2670961538461538 0.02407670454545453 0.02173076923076925
0 0.4699786931818182 0.8470576923076923 0.022230113636363603 0.04492307692307692
0 0.42181818181818187 0.9777403846153846 0.05463068181818179 0.04451923076923077
0 0.3930894886363636 0.2896826923076923 0.045184659090909095 0.0222884615384616
0 0.21144886363636362 0.04482692307692304 0.038977272727272805 0.039769230769230675
0 0.9235298295454546 0.8942692307692308 0.04083806818181817 0.04492307692307692
0 0.5623082386363636 0.4862692307692308 0.0312926136363636 0.05850000000000003
0 0.4849360795454545 0.14113461538461536 0.024161931818181805 0.04011538461538464
0 0.3752769886363636 0.3168653846153846 0.021434659090909136 0.03234615384615383
0 0.8502272727272727 0.43407692307692314 0.01900568181818181 0.05353846153846149
0 0.3628053977272727 0.9860192307692308 0.05245738636363637 0.02796153846153846
0 0.33877840909090906 0.31174038461538467 0.015369318181818253 0.031519230769230744
0 0.3983309659090909 0.31479807692307693 0.03458806818181821 0.038019230769230736
0 0.3730894886363636 0.34405769230769223 0.015696022727272742 0.031038461538461622
0 0.35463778409090907 0.26525 0.02498579545454542 0.03815384615384621
0 0.3439843749999999 0.975 0.036321022727272716 0.05
0 0.8651491477272727 0.4231634615384615 0.012940340909090908 0.03198076923076922
0 0.4663210227272727 0.7757884615384616 0.037017045454545455 0.06761538461538458
0 0.2777272727272728 0.9597115384615384 0.0573863636363636 0.08057692307692307
0 0.45103693181818183 0.8270384615384616 0.03113636363636366 0.042846153846153846
0 0.3986292613636363 0.35304807692307705 0.03538352272727268 0.10778846153846156
0 0.40109375 0.7686442307692307 0.05698863636363637 0.07713461538461541
0 0.8825852272727273 0.4365096153846154 0.023125000000000003 0.03894230769230769
0 0.026505681818181803 0.02738461538461545 0.04517045454545448 0.054769230769230806
0 0.4957741477272727 0.7724615384615385 0.035724431818181863 0.055730769230769236
0 0.3740980113636364 0.38924038461538457 0.04021306818181818 0.08548076923076921
0 0.6284090909090909 0.8944807692307692 0.031079545454545488 0.06507692307692309
0 0.3391122159090909 0.3965961538461539 0.05146306818181821 0.08492307692307698
0 0.5223082386363636 0.4156923076923076 0.044928977272727266 0.03738461538461538
0 0.8630681818181818 0.45570192307692314 0.020028409090909104 0.056326923076923115
0 0.7315838068181818 0.9290288461538462 0.05833806818181817 0.08998076923076923
0 0.35453835227272734 0.3136634615384616 0.01995738636363638 0.034942307692307724
0 0.6587002840909091 0.22769230769230764 0.018536931818181834 0.021346153846153782
0 0.8504119318181818 0.39204807692307697 0.025880681818181817 0.03040384615384616
0 0.5000497159090909 0.7267211538461538 0.03961647727272733 0.05678846153846154
0 0.8273011363636363 0.43801923076923077 0.033153409090909094 0.05207692307692305
0 0.4693678977272727 0.7212884615384616 0.04816761363636359 0.061346153846153856
0 0.8253125 0.40839423076923076 0.0406818181818182 0.02394230769230767
0 0.37258522727272725 0.4205288461538461 0.046250000000000006 0.06767307692307692
0 0.43723011363636366 0.7905096153846154 0.02701704545454543 0.03659615384615385
0 0.8868252840909091 0.3648173076923077 0.02061079545454546 0.02840384615384612
0 0.008799715909090788 0.5108269230769231 0.0175994318181818 0.06961538461538465
0 0.8671306818181819 0.3729903846153847 0.022556818181818195 0.02686538461538456
0 0.020269886363636358 0.7736923076923077 0.040539772727272674 0.053307692307692306
0 0.8987642045454545 0.43407692307692314 0.03698863636363637 0.042423076923076924
0 0.008103693181818028 0.7898557692307693 0.01620738636363632 0.04748076923076923
0 0.37292613636363636 0.26783653846153843 0.020738636363636317 0.0306346153846154
0 0.7362500000000001 0.9865961538461538 0.02616477272727271 0.026807692307692307
0 0.5669247159090909 0.9395576923076923 0.019076704545454556 0.03953846153846154
0 0.7689417613636363 0.9923461538461539 0.035752840909090894 0.015307692307692307
0 0.4008025568181819 0.8255 0.04348011363636366 0.09546153846153846
0 0.013217329545454626 0.07745192307692306 0.02643465909090911 0.029673076923076937
0 0.12212357954545439 0.2953269230769231 0.060184659090909094 0.10184615384615392
0 0.8386363636363636 0.990875 0.030681818181818196 0.01825
0 0.5819176136363635 0.9104038461538462 0.022840909090909068 0.03192307692307693
0 0.16828125000000005 0.2691826923076923 0.045028409090909154 0.06828846153846152
0 0.12845170454545463 0.31989423076923085 0.028125000000000098 0.02736538461538454
0 0.3512357954545454 0.2370961538461538 0.012215909090909043 0.018384615384615388
0 0.11842329545454544 0.3394134615384615 0.037329545454545414 0.029980769230769293
0 0.09715198863636365 0.36850961538461535 0.022571022727272707 0.04936538461538453
0 0.8853764204545455 0.402625 0.03257102272727272 0.036365384615384556
0 0.42489346590909094 0.8286923076923076 0.03055397727272726 0.05249999999999999
0 0.37801846590909094 0.22640384615384623 0.047315340909090835 0.06761538461538466
0 0.924765625 0.9825096153846153 0.03697443181818182 0.03498076923076923
0 0.7077556818181818 0.010923076923077035 0.05892045454545453 0.021846153846153873
0 0.12080965909090902 0.36203846153846153 0.026477272727272707 0.04350000000000001
0 0.12773437499999996 0.3735576923076923 0.021434659090909136 0.037307692307692264
0 0.1450852272727272 0.3434903846153846 0.019403409090909207 0.031096153846153878
0 0.1545312499999999 0.35317307692307687 0.01889204545454555 0.03938461538461531
0 0.5869673295454545 0.9382884615384616 0.02771306818181817 0.03903846153846154
0 0.6101917613636363 0.8891153846153846 0.03819602272727271 0.05323076923076923
0 0.5508025568181818 0.8902980769230769 0.020042613636363657 0.051480769230769254
0 0.33704545454545454 0.8378365384615385 0.037017045454545455 0.07717307692307691
0 0.3013849431818181 0.30662500000000004 0.03044034090909092 0.05767307692307694
0 0.895 0.012846153846153952 0.06298295454545455 0.02569230769230772
0 0.14458096590909097 0.38047115384615393 0.022457386363636447 0.04286538461538465
0 0.0083948863636365 0.17853846153846153 0.0167897727272728 0.02523076923076924
0 0.32472301136363635 0.31624038461538473 0.02759943181818183 0.060442307692307705
0 0.8977201704545454 0.032749999999999946 0.07657670454545454 0.06196153846153851
0 0.9360298295454546 0.01631730769230777 0.019247159090909096 0.032634615384615435
0 0.3376988636363637 0.2298365384615384 0.01900568181818181 0.02451923076923077
0 0.16947443181818178 0.36777884615384615 0.02701704545454559 0.027865384615384632
0 0.1939133522727272 0.28040384615384617 0.07075284090909083 0.04934615384615378
0 0.5532102272727273 0.40983653846153845 0.035028409090909124 0.039057692307692314
0 0.3967897727272728 0.9110865384615384 0.03531249999999994 0.033634615384615374
0 0.34750000000000003 0.3507403846153846 0.01761363636363633 0.028596153846153854
0 0.007421875000000022 0.20996153846153842 0.014843750000000065 0.04023076923076915
0 0.022713068181818175 0.23249999999999993 0.045142045454545414 0.058884615384615396
0 0.438125 0.9259999999999999 0.0644318181818182 0.06230769230769231
0 0.9499076704545455 0.02813461538461537 0.033565340909090906 0.05626923076923075
0 0.17119318181818177 0.3416538461538461 0.016732954545454506 0.024384615384615397
0 0.5429119318181819 0.9215384615384615 0.031022727272727237 0.03253846153846153
0 0.18213068181818182 0.32079807692307694 0.033210227272727266 0.03451923076923086
0 0.3413494318181818 0.2838942307692308 0.03647727272727266 0.02713461538461541
0 0.9058522727272728 0.3921826923076923 0.02872159090909091 0.03286538461538468
0 0.18797585227272728 0.3475769230769231 0.02231534090909096 0.0285384615384616
0 0.3965482954545454 0.9421057692307693 0.06502840909090914 0.04482692307692308
0 0.6536505681818182 0.83675 0.037954545454545456 0.08203846153846153
0 0.0197017045454545 0.36558653846153855 0.0390625 0.058788461538461526
0 0.972890625 0.029211538461538455 0.05421875 0.05746153846153845
0 0.30828124999999995 0.3486538461538462 0.023948863636363574 0.03296153846153844
0 0.6814133522727273 0.8747884615384616 0.04498579545454548 0.047884615384615394
0 0.36895596590909097 0.8957692307692308 0.03799715909090909 0.03346153846153846
0 0.33571022727272737 0.3425 0.03204545454545455 0.03876923076923082
0 0.20368607954545448 0.34842307692307695 0.04546874999999999 0.058192307692307675
0 0.6399431818181818 0.5694615384615385 0.04502840909090908 0.041461538461538466
0 0.6807528409090908 0.9702019230769231 0.020909090909090947 0.025326923076923073
0 0.21428977272727256 0.30717307692307694 0.05880681818181815 0.05330769230769225
0 0.006704545454545463 0.32180769230769235 0.013409090909090987 0.0381153846153846
0 0.3615838068181818 0.20777884615384623 0.0370880681818182 0.041326923076923094
0 0.3024928977272727 0.03312500000000007 0.03796875000000002 0.06624999999999998
0 0.018416193181818197 0.27729807692307706 0.023082386363636364 0.039788461538461536
0 0.007819602272727266 0.2823461538461538 0.015639204545454533 0.04080769230769236
0 0.6450213068181818 0.2524711538461538 0.02177556818181816 0.0294807692307692
0 0.3384730113636363 0.2577403846153846 0.022400568181818237 0.03032692307692315
0 0.1537428977272728 0.31975 0.02401988636363648 0.030269230769230788
0 0.31577414772727264 0.5005961538461539 0.052826704545454545 0.05738461538461539
0 0.5323295454545454 0.07974038461538469 0.02446022727272731 0.03863461538461534
0 0.36671875 0.8501730769230769 0.03173295454545451 0.060461538461538455
0 0.48835227272727266 0.8087980769230769 0.044659090909090905 0.057288461538461524
0 0.850078125 0.8410288461538462 0.026690340909090896 0.04078846153846152
0 0.44457386363636364 0.8760192307692307 0.04877840909090905 0.061269230769230784
0 0.5562784090909091 0.4355192307692308 0.015056818181818215 0.026461538461538554
0 0.01789062500000005 0.5625480769230768 0.03436079545454553 0.06040384615384615
0 0.4037855113636364 0.8842980769230769 0.055241477272727255 0.044096153846153834
0 0.5661008522727272 0.0903846153846154 0.045411931818181775 0.044153846153846224
0 0.3616264204545455 0.9372211538461539 0.0361221590909091 0.05136538461538462
0 0.8657741477272727 0.34607692307692306 0.027144886363636364 0.03607692307692306
0 0.499140625 0.02810576923076924 0.04424715909090914 0.05517307692307692
0 0.32788352272727284 0.9098846153846154 0.061562499999999964 0.09573076923076923
0 0.3187642045454545 0.9841634615384616 0.028380681818181763 0.030903846153846153
0 0.5346590909090909 0.03599038461538473 0.038437500000000006 0.05044230769230762
0 0.5620241477272727 0.03835576923076922 0.04424715909090914 0.05990384615384611
0 0.026150568181818157 0.5389903846153846 0.03301136363636365 0.04228846153846155
0 0.025184659090909167 0.48272115384615377 0.050340909090909165 0.0681730769230769
0 0.3234943181818182 0.9591634615384615 0.039346590909090894 0.04474999999999999
0 0.5761079545454546 0.4529326923076923 0.04213068181818185 0.033711538461538515
0 0.4455752840909091 0.22873076923076918 0.0558948863636364 0.07330769230769231
0 0.49018465909090914 0.20332692307692313 0.03943181818181825 0.04326923076923077
0 0.4572230113636363 0.2835096153846154 0.04191761363636362 0.06778846153846153
0 0.37838068181818185 0.9755192307692307 0.03832386363636366 0.047269230769230765
0 0.05403409090909084 0.5286442307692307 0.03585227272727274 0.03071153846153846
0 0.4734232954545454 0.979798076923077 0.03946022727272731 0.04040384615384616
0 0.9250568181818182 0.3115 0.06113636363636365 0.06857692307692312
0 0.8793536931818182 0.29454807692307683 0.03842329545454545 0.09932692307692315
0 0.5415269886363636 0.8303942307692308 0.03680397727272731 0.04674999999999998
0 0.5487428977272728 0.8550576923076922 0.034531250000000006 0.04673076923076923
0 0.5177485795454546 0.8439807692307693 0.02526988636363631 0.06738461538461539
0 0.8595596590909091 0.3174134615384615 0.02911931818181818 0.07567307692307697
0 0.5472443181818182 0.44400961538461536 0.027443181818181808 0.032019230769230723
0 0.04335227272727271 0.4939903846153846 0.048124999999999994 0.0651730769230769
0 0.59046875 0.8702980769230769 0.04005681818181825 0.04001923076923076
0 0.8615340909090909 0.8100096153846154 0.03451704545454545 0.04844230769230769
0 0.8218678977272728 0.3488173076923077 0.018281250000000006 0.024750000000000008
0 0.5765838068181819 0.4273365384615385 0.026803977272727278 0.027865384615384525
0 0.5072869318181819 0.9551442307692308 0.03213068181818182 0.06478846153846153
0 0.5010866477272726 0.9056442307692307 0.043167613636363615 0.0693653846153846
0 0.6736434659090909 0.6517884615384615 0.04484374999999999 0.04553846153846155
0 0.833359375 0.31900961538461536 0.03285511363636363 0.06475000000000003
0 0.5176917613636363 0.8995480769230769 0.028934659090909098 0.043019230769230775
0 0.4176420454545454 0.5752596153846153 0.032499999999999994 0.04951923076923077
0 0.09414062500000009 0.6116057692307693 0.024275568181818228 0.059250000000000004
0 0.06791193181818178 0.607548076923077 0.017386363636363488 0.03167307692307692
0 0.5328693181818182 0.9679423076923077 0.025142045454545438 0.025692307692307695
0 0.07899857954545453 0.607548076923077 0.015582386363636402 0.03248076923076926
0 0.05078835227272738 0.5531826923076923 0.025383522727272734 0.034365384615384624
0 0.07723011363636367 0.5678942307692307 0.035937499999999935 0.05051923076923079
0 0.9187926136363637 0.4088846153846154 0.04167613636363637 0.07176923076923075
0 0.839453125 0.37533653846153847 0.04072443181818182 0.04667307692307689
0 0.785965909090909 0.42066346153846157 0.07073863636363638 0.0580576923076923
0 0.5207883522727272 0.40064423076923084 0.03169034090909091 0.03521153846153847
0 0.3915198863636363 0.5799711538461538 0.02786931818181819 0.06521153846153846
0 0.6942116477272728 0.14240384615384616 0.038650568181818196 0.07915384615384609
0 0.5451420454545455 0.3484615384615386 0.05201704545454538 0.08449999999999999
0 0.08180397727272737 0.7985961538461539 0.02488636363636361 0.05719230769230768
0 0.14984375000000005 0.8347115384615384 0.04417613636363624 0.051999999999999984
0 0.19066051136363626 0.8301634615384615 0.04705965909090908 0.05201923076923076
0 0.09829545454545463 0.8044807692307693 0.017357954545454423 0.05326923076923078
0 0.18304687500000005 0.7888557692307692 0.0410369318181818 0.03517307692307691
0 0.15868607954545455 0.7810576923076923 0.02066761363636357 0.02276923076923075
0 0.6246306818181818 0.548125 0.04684659090909089 0.028057692307692315
0 0.1547656249999999 0.8060192307692308 0.03913352272727282 0.03565384615384617
