0 0.42031960227272724 0.6410576923076923 0.06012784090909089 0.042269230769230746
0 0.878671875 0.9866730769230769 0.024531249999999994 0.026576923076923078
0 0.8212073863636363 0.5799807692307692 0.022244318181818157 0.04992307692307688
0 0.8892542613636364 0.020144230769230775 0.027514204545454553 0.040288461538461516
0 0.21461647727272737 0.3776346153846154 0.029403409090909157 0.0601538461538461
0 0.12320312499999997 0.2376538461538461 0.04401988636363638 0.052423076923076906
0 0.24434659090909083 0.3611923076923077 0.02875000000000001 0.03757692307692301
0 0.9877556818181819 0.10799999999999998 0.023693181818181818 0.047192307692307735
0 0.012805397727272738 0.7743269230769231 0.025610795454545417 0.0393076923076923
0 0.5679616477272728 0.73875 0.036321022727272716 0.04192307692307692
0 0.3688210227272727 0.7364134615384615 0.021164772727272775 0.030250000000000034
0 0.2563920454545454 0.46153846153846156 0.03551136363636364 0.05384615384615385
0 0.11950994318181818 0.27666346153846155 0.021889204545454663 0.027442307692307658
0 0.6094105113636363 0.9657211538461539 0.04223011363636358 0.0685576923076923
0 0.0896732954545455 0.5201538461538462 0.024545454545454506 0.04415384615384617
0 0.510575284090909 0.7888076923076923 0.01723011363636363 0.06930769230769232
0 0.0441477272727272 0.4764903846153846 0.027585227272727216 0.04332692307692313
0 0.22058948863636374 0.29345192307692314 0.06151988636363645 0.029326923076923077
0 0.8545667613636363 0.6541346153846154 0.018735795454545453 0.06703846153846156
0 0.29920454545454545 0.7984423076923077 0.04093749999999999 0.03523076923076922
0 0.9917826704545455 0.7960576923076923 0.01643465909090909 0.04111538461538461
0 0.5875497159090909 0.4327980769230768 0.035440340909090894 0.03571153846153845
0 0.9874076704545455 0.8312692307692308 0.02518465909090909 0.07288461538461537
0 0.7460085227272728 0.4886346153846155 0.028664772727272737 0.042730769230769176
0 0.4027769886363637 0.6104423076923078 0.037286931818181816 0.030153846153846166
0 0.10573863636363645 0.45009615384615387 0.02937499999999993 0.049461538461538515
0 0.7938352272727273 0.03499038461538462 0.028607954545454565 0.0693269230769232
0 0.44510653409090917 0.980875 0.015326704545454574 0.023019230769230768
0 0.4963494318181818 0.8349423076923077 0.021846590909090902 0.04746153846153847
0 0.9403764204545455 0.08645192307692307 0.03723011363636363 0.03528846153846158
0 0.12502840909090907 0.509576923076923 0.025539772727272755 0.03353846153846153
0 0.06740056818181828 0.480826923076923 0.018977272727272745 0.028000000000000004
0 0.36390625 0.23424038461538466 0.043295454545454574 0.03871153846153845
0 0.5512357954545455 0.01081730769230771 0.03207386363636369 0.021634615384615384
0 0.07795454545454561 0.384548076923077 0.02076704545454546 0.03278846153846156
0 0.4850213068181818 0.06244230769230774 0.0332244318181818 0.03680769230769239
0 0.1483948863636364 0.7236634615384616 0.022500000000000044 0.04994230769230769
0 0.4332528409090909 0.617951923076923 0.043522727272727255 0.03313461538461537
0 0.9697798295454545 0.9768461538461538 0.02700284090909091 0.04619230769230769
0 0.04413352272727267 0.5184134615384615 0.026505681818181772 0.042480769230769294
0 0.5798011363636364 0.7161346153846153 0.030653409090909148 0.05038461538461542
0 0.026946022727272756 0.6169903846153846 0.04414772727272733 0.028634615384615415
0 0.2350000000000001 0.6083846153846154 0.027840909090909124 0.033115384615384616
0 0.841122159090909 0.09118269230769227 0.018323863636363624 0.02394230769230767
0 0.42701704545454544 0.9656057692307692 0.02911931818181818 0.038519230769230764
0 0.6666832386363637 0.3588173076923077 0.023735795454545426 0.03798076923076923
0 0.2832670454545454 0.7738365384615384 0.028806818181818225 0.04855769230769228
0 0.8492897727272728 0.5972115384615384 0.024573863636363633 0.0479230769230769
0 0.2480681818181819 0.15719230769230774 0.04670454545454545 0.0374615384615385
0 0.819502840909091 0.11367307692307693 0.031590909090909086 0.03234615384615383
0 0.0045525568181816745 0.5990192307692308 0.009105113636363592 0.022230769230769235
0 0.261434659090909 0.6345288461538461 0.029517045454545497 0.0315961538461538
0 0.1756321022727273 0.10644230769230778 0.03134943181818173 0.08207692307692309
0 0.7513068181818182 0.013769230769230756 0.05048295454545453 0.026846153846153915
0 0.10002130681818178 0.39056730769230774 0.023082386363636364 0.0372499999999999
0 0.8680397727272727 0.9410673076923077 0.027471590909090893 0.04694230769230769
0 0.47477272727272724 0.7979423076923077 0.03545454545454551 0.04146153846153844
0 0.20420454545454547 0.18198076923076922 0.03977272727272727 0.04153846153846158
0 0.8865980113636364 0.06915384615384623 0.03916193181818183 0.065423076923077
0 0.3519886363636363 0.14058653846153846 0.021960227272727242 0.05317307692307699
0 0.8512215909090909 0.05470192307692301 0.03221590909090908 0.03421153846153839
0 0.23168323863636364 0.20778846153846153 0.027883522727272722 0.05384615384615385
0 0.5113423295454546 0.051182692307692346 0.02873579545454548 0.05671153846153848
0 0.0560582386363635 0.45788461538461545 0.04495738636363633 0.03180769230769235
0 0.3391974431818181 0.2176538461538462 0.03879261363636364 0.06303846153846149
0 0.11557528409090911 0.6985288461538461 0.03345170454545448 0.061403846153846114
0 0.3259588068181819 0.11408653846153849 0.03541193181818183 0.03190384615384621
0 0.18186789772727285 0.15392307692307694 0.028934659090909098 0.04853846153846156
0 0.5881178977272727 0.6934615384615385 0.03387784090909086 0.06176923076923078
0 0.6436292613636363 0.9618653846153846 0.03646306818181821 0.07626923076923076
0 0.8299857954545454 0.5609711538461538 0.030426136363636367 0.04832692307692312
0 0.3161079545454546 0.14482692307692313 0.05644886363636365 0.0464999999999999
0 0.2813991477272727 0.6424615384615384 0.04694602272727266 0.02892307692307691
0 0.48350142045454547 0.8404807692307692 0.04109375000000001 0.04292307692307691
0 0.05562500000000015 0.5391057692307692 0.021534090909090864 0.026442307692307692
0 0.8156960227272727 0.07136538461538466 0.046420454545454556 0.025653846153846107
0 0.01709517045454556 0.5684807692307692 0.03419034090909098 0.046153846153846156
0 0.10026278409090916 0.29148076923076927 0.029502840909090885 0.032769230769230696
0 0.24465198863636362 0.9802211538461538 0.03453124999999992 0.03955769230769231
0 0.920078125 0.015375000000000028 0.027173295454545447 0.030750000000000017
0 0.3968892045454545 0.5781826923076923 0.023892045454545444 0.03794230769230773
0 0.29594460227272734 0.9820576923076924 0.0415767045454546 0.03376923076923077
0 0.3384019886363636 0.1471634615384615 0.02782670454545451 0.03532692307692309
0 0.25391335227272727 0.1367115384615385 0.03742897727272714 0.028961538461538466
0 0.12234374999999997 0.49833653846153847 0.029375000000000092 0.044249999999999984
0 0.6798437500000001 0.37361538461538457 0.02071022727272729 0.032115384615384594
0 0.8544460227272728 0.5589038461538461 0.03440340909090909 0.052115384615384605
0 0.559737215909091 0.04902884615384617 0.03853693181818181 0.059942307692307614
0 0.19203835227272714 0.23802884615384612 0.04984375000000005 0.03532692307692309
0 0.10152698863636356 0.25810576923076933 0.02328124999999998 0.03463461538461548
0 0.9838778409090909 0.4685480769230769 0.03224431818181818 0.048865384615384665
0 0.8561008522727273 0.9835961538461538 0.022571022727272728 0.03280769230769231
0 0.9826491477272727 0.5016538461538462 0.03470170454545454 0.029192307692307705
0 0.9904900568181818 0.13249999999999995 0.019019886363636364 0.062307692307692376
0 0.45676136363636366 0.03849999999999998 0.022443181818181755 0.023961538461538423
0 0.39348721590909086 0.9443557692307692 0.037286931818181816 0.03232692307692308
0 0.6673295454545455 0.39328846153846153 0.03451704545454543 0.030961538461538506
0 0.015426136363636433 0.8641153846153846 0.030852272727272766 0.049923076923076924
0 0.147059659090909 0.14836538461538462 0.030795454545454473 0.055153846153846164
0 0.35841619318181817 0.31066346153846147 0.04262784090909089 0.06505769230769227
0 0.9777201704545455 0.03517307692307692 0.02115056818181818 0.04788461538461534
0 0.14048295454545456 0.25529807692307693 0.03619318181818185 0.03463461538461537
0 0.7883309659090909 0.013317307692307656 0.022031250000000027 0.026596153846153815
0 0.6627414772727273 0.9845480769230769 0.04977272727272726 0.030903846153846153
0 0.30474431818181813 0.7293653846153846 0.028977272727272775 0.05292307692307694
0 0.07038352272727266 0.3477596153846154 0.0206534090909092 0.04140384615384621
0 0.5530397727272728 0.8373557692307693 0.04411931818181818 0.04567307692307692
0 0.32905539772727266 0.7402692307692308 0.02612215909090915 0.035615384615384604
0 0.053380681818181674 0.37696153846153846 0.027840909090909124 0.04149999999999997
0 0.4308025568181818 0.5636057692307692 0.024474431818181763 0.031942307692307666
0 0.8384375 0.947701923076923 0.02124999999999999 0.05490384615384615
0 0.10842329545454532 0.4085961538461539 0.024005681818181787 0.032153846153846095
0 0.20708096590909086 0.22525961538461536 0.031917613636363674 0.048903846153846166
0 0.264765625 0.9780384615384615 0.03146306818181815 0.0418076923076923
0 0.8272230113636364 0.03110576923076913 0.01958806818181819 0.024365384615384646
0 0.287159090909091 0.6114326923076923 0.04105113636363633 0.05140384615384613
0 0.9689701704545455 0.1299807692307693 0.03012784090909091 0.058192307692307786
0 0.4139559659090909 0.5794903846153847 0.03151988636363636 0.056980769230769224
0 0.5146377840909091 0.8413269230769231 0.016690340909090908 0.048153846153846165
0 0.12282670454545463 0.387076923076923 0.02363636363636362 0.08676923076923067
0 0.08185369318181823 0.44698076923076924 0.01839488636363643 0.03769230769230773
0 0.5215411931818181 0.7865769230769231 0.024531250000000056 0.05588461538461539
0 0.23127840909090902 0.39376923076923076 0.03528409090909095 0.05615384615384613
0 0.24076704545454541 0.6297692307692309 0.040482954545454544 0.030461538461538467
0 0.0974431818181819 0.5085384615384616 0.02451704545454544 0.04669230769230769
0 0.13230113636363638 0.4585673076923077 0.03551136363636364 0.06848076923076926
0 0.5688139204545455 0.094923076923077 0.03515625 0.04903846153846154
0 0.04020596590909098 0.4804903846153846 0.025610795454545577 0.04267307692307692
0 0.8343252840909091 0.013355769230769088 0.03316761363636365 0.02651923076923081
0 0.6377769886363636 0.20664423076923077 0.049616477272727326 0.035057692307692345
0 0.01342329545454557 0.8035576923076924 0.026846590909090876 0.03361538461538462
0 0.8252982954545455 0.6092884615384615 0.023409090909090893 0.04596153846153847
0 0.2950923295454545 0.7572788461538461 0.028650568181818124 0.0489807692307692
0 0.9842471590909091 0.5481346153846154 0.031505681818181815 0.04973076923076926
0 0.3148011363636364 0.7902788461538461 0.02562499999999995 0.029480769230769227
0 0.34103693181818184 0.18337500000000007 0.03184659090909093 0.032057692307692336
0 0.09865056818181828 0.337923076923077 0.035482954545454574 0.038500000000000076
0 0.21597301136363634 0.2784326923076923 0.07245738636363636 0.03994230769230777
0 0.004978693181818206 0.710923076923077 0.00995738636363635 0.041230769230769224
0 0.9820525568181818 0.5301634615384616 0.035894886363636365 0.03432692307692312
0 0.5430113636363636 0.8052596153846154 0.03113636363636366 0.02490384615384613
0 0.8464914772727272 0.025067307692307583 0.02906249999999999 0.050134615384615375
0 0.7706534090909092 0.04219230769230764 0.030937500000000003 0.038499999999999965
0 0.37615056818181813 0.20383653846153849 0.02857954545454546 0.04644230769230765
0 0.5275213068181819 0.8598076923076923 0.010553977272727201 0.01319230769230769
0 0.670390625 0.010644230769230711 0.05504261363636364 0.021288461538461527
0 0.550390625 0.31909615384615386 0.03796874999999995 0.04730769230769235
0 0.887862215909091 0.13223076923076926 0.02842329545454546 0.06926923076923074
0 0.43732244318181823 0.9483365384615384 0.02092329545454548 0.04471153846153846
0 0.021555397727272663 0.6016826923076923 0.042713068181818255 0.03798076923076923
0 0.16714488636363645 0.18827884615384605 0.02997159090909094 0.05721153846153846
0 0.09973721590909079 0.42537499999999995 0.0214630681818182 0.029750000000000054
0 0.8281676136363636 0.05854807692307695 0.03159090909090911 0.03078846153846152
0 0.11022017045454546 0.351576923076923 0.026292613636363624 0.042500000000000045
0 0.9757386363636363 0.09471153846153846 0.035539772727272725 0.03619230769230779
0 0.4508735795454545 0.5984711538461538 0.03987215909090908 0.06355769230769227
0 0.3928764204545455 0.9081538461538461 0.03649147727272727 0.0516923076923077
0 0.5333451704545455 0.7795480769230769 0.0259517045454546 0.03032692307692307
0 0.5436576704545455 0.8466634615384615 0.028025568181818207 0.040942307692307674
0 0.5293323863636363 0.02164423076923072 0.0342329545454545 0.04278846153846154
0 0.06599431818181822 0.5162980769230769 0.023920454545454592 0.054250000000000013
0 0.31325994318181816 0.7659903846153846 0.01742897727272733 0.025326923076923108
0 0.09271306818181813 0.4762115384615384 0.030909090909090896 0.03180769230769224
0 0.6405752840909091 0.2329326923076923 0.051775568181818166 0.03855769230769222
0 0.8768678977272727 0.9654230769230769 0.030099431818181813 0.030999999999999996
0 0.7685724431818182 0.018278846153846118 0.03731534090909092 0.036249999999999935
0 0.6031605113636364 0.7434423076923077 0.03586647727272727 0.03523076923076922
0 0.11634232954545454 0.7361249999999999 0.03305397727272725 0.0288653846153846
0 0.8473934659090909 0.968125 0.027173295454545447 0.050673076923076925
0 0.5244034090909091 0.8342980769230769 0.016136363636363657 0.046634615384615385
0 0.6129758522727272 0.7017788461538461 0.026775568181818133 0.056211538461538445
0 0.06893465909090901 0.3949615384615385 0.018693181818181772 0.030461538461538522
0 0.0818181818181819 0.7987307692307692 0.04298295454545453 0.04699999999999999
0 0.8703693181818182 0.6521153846153847 0.01803977272727273 0.06596153846153849
0 0.22343749999999996 0.33886538461538473 0.02875000000000001 0.03715384615384614
0 0.24074573863636362 0.32537499999999997 0.052911931818181816 0.05351923076923085
0 0.007961647727272703 0.7429134615384616 0.015923295454545506 0.03428846153846154
0 0.4842471590909091 0.7832788461538461 0.03863636363636362 0.05890384615384615
0 0.6213636363636363 0.9496153846153846 0.020994318181818142 0.04953846153846153
0 0.3771661931818181 0.1345192307692309 0.028764204545454544 0.05011538461538462
0 0.13427556818181818 0.7062980769230769 0.01926136363636356 0.06175000000000003
0 0.5413352272727273 0.336326923076923 0.03536931818181823 0.04323076923076927
0 0.15129971590909086 0.16529807692307685 0.03220170454545465 0.04925000000000002
0 0.42669034090909086 0.9195480769230769 0.038920454545454515 0.07128846153846152
0 0.40671875 0.9359038461538461 0.019517045454545467 0.03253846153846154
0 0.4645241477272727 0.06711538461538458 0.03796874999999995 0.034461538461538495
0 0.5884303977272727 0.7953749999999999 0.03927556818181815 0.04732692307692308
0 0.8106392045454546 0.03737500000000005 0.021789772727272713 0.04405769230769225
0 0.3578053977272727 0.12248076923076923 0.019928977272727313 0.020538461538461443
0 0.4753125 0.02593269230769235 0.03883522727272732 0.05140384615384619
0 0.8151420454545455 0.013846153846153952 0.01974431818181819 0.027692307692307648
0 0.46948863636363636 0.032653846153846144 0.02028409090909095 0.023961538461538423
0 0.5805397727272728 0.024499999999999966 0.02815340909090908 0.04900000000000004
0 0.21105823863636364 0.7512980769230769 0.02401988636363632 0.030826923076923078
0 0.3420099431818181 0.2959711538461538 0.03984375000000002 0.06544230769230774
0 0.3566477272727273 0.10057692307692312 0.04485795454545452 0.025423076923076975
0 0.5495525568181818 0.7693942307692307 0.03964488636363632 0.034211538461538474
0 0.9052698863636364 0.01861538461538459 0.032471590909090915 0.03480769230769235
0 0.3298011363636364 0.7767596153846155 0.02130681818181818 0.039365384615384615
0 0.2392045454545454 0.7476538461538462 0.030624999999999923 0.04596153846153844
0 0.8569105113636364 0.09232692307692303 0.03473011363636362 0.047038461538461605
0 0.1275710227272726 0.2911826923076922 0.028806818181818305 0.04836538461538468
0 0.5959446022727273 0.8236923076923077 0.020411931818181826 0.04519230769230769
0 0.6520099431818182 0.3807307692307693 0.021150568181818204 0.03738461538461538
0 0.4271164772727273 0.5787788461538461 0.02241477272727269 0.029557692307692316
0 0.9771519886363637 0.9496249999999999 0.02578125 0.03086538461538461
0 0.7458380681818182 0.4532307692307692 0.02889204545454546 0.04403846153846149
0 0.13687499999999997 0.11224999999999996 0.028863636363636272 0.06630769230769235
0 0.17970170454545453 0.20434615384615384 0.023778409090909104 0.04276923076923079
0 0.3681960227272727 0.18863461538461546 0.031448863636363615 0.0458846153846153
0 0.36397727272727276 0.7427788461538462 0.017784090909090885 0.02509615384615384
0 0.2579190340909091 0.6032500000000001 0.020241477272727272 0.03123076923076925
0 0.6030326704545454 0.4090673076923077 0.0420028409090909 0.044288461538461596
0 0.0611718750000001 0.41690384615384624 0.03830965909090897 0.0363076923076923
0 0.4080965909090909 0.9763076923076923 0.04636363636363634 0.032499999999999994
0 0.9886292613636364 0.6926538461538462 0.02208806818181818 0.06976923076923078
0 0.28622159090909094 0.45288461538461533 0.03551136363636364 0.051923076923076926
0 0.5943963068181818 0.7818365384615384 0.03589488636363634 0.06255769230769231
0 0.051718749999999925 0.4334999999999999 0.045454545454545456 0.028692307692307722
0 0.40293323863636366 0.5963461538461539 0.02359375000000002 0.03353846153846153
0 0.2236860795454546 0.7661538461538462 0.027741477272727234 0.03138461538461537
0 0.11864346590909092 0.9601153846153846 0.062230113636363556 0.07926923076923077
0 0.5622443181818182 0.7625961538461539 0.028721590909090947 0.038461538461538436
0 0.014147727272727284 0.83 0.02829545454545449 0.043
0 0.9939914772727273 0.0345192307692308 0.012017045454545456 0.05088461538461535
0 0.1478835227272728 0.09304807692307693 0.03301136363636365 0.058096153846153915
0 0.5822727272727273 0.8342884615384616 0.028977272727272695 0.048499999999999995
0 0.9366548295454545 0.11715384615384605 0.037230113636363645 0.03253846153846157
0 0.0838991477272728 0.41292307692307695 0.020951704545454544 0.033884615384615284
0 0.08296164772727266 0.7817692307692308 0.03387784090909094 0.04084615384615384
0 0.5583238636363637 0.8011057692307693 0.024119318181818207 0.02975
0 0.5804758522727272 0.8007788461538461 0.020781250000000074 0.0303653846153846
0 0.08835937500000002 0.359201923076923 0.017428977272727245 0.04394230769230763
0 0.07716619318181828 0.5015288461538462 0.016690340909090908 0.027826923076923075
0 0.8569176136363637 0.9226826923076923 0.038607954545454536 0.04205769230769231
0 0.2176775568181818 0.7232788461538462 0.03725852272727275 0.034173076923076945
0 0.8129545454545455 0.08941346153846153 0.03852272727272728 0.018250000000000016
0 0.8686505681818182 0.451951923076923 0.04670454545454545 0.07432692307692303
0 0.21176846590909093 0.2162115384615385 0.021491477272727266 0.04153846153846158
0 0.6232315340909091 0.42110576923076926 0.03958806818181819 0.05086538461538459
