0 0.5315127840909091 0.5402596153846153 0.016178977272727255 0.027865384615384632
0 0.18909090909090898 0.4830192307692308 0.03355113636363637 0.03946153846153843
0 0.9882741477272727 0.2446442307692307 0.023451704545454546 0.02571153846153847
0 0.7278196022727272 0.26195192307692317 0.03887784090909092 0.03313461538461531
0 0.7257954545454546 0.22649038461538462 0.02875000000000001 0.04540384615384607
0 0.5924147727272727 0.7204326923076922 0.07860795454545459 0.1400576923076923
0 0.47457386363636367 0.411076923076923 0.05548295454545455 0.04911538461538455
0 0.37507812499999993 0.484125 0.035440340909090894 0.056980769230769224
0 0.3747017045454545 0.5266346153846154 0.02622159090909088 0.048038461538461516
0 0.5311647727272728 0.09207692307692306 0.05190340909090904 0.02580769230769223
0 0.3929403409090909 0.5420576923076923 0.016221590909090852 0.035076923076923096
0 0.06740056818181828 0.2856923076923077 0.03877840909090919 0.0458076923076924
0 0.24275568181818175 0.2973269230769231 0.02846590909090904 0.036346153846153806
0 0.674765625 0.15754807692307693 0.03666193181818182 0.05198076923076918
0 0.6746519886363636 0.13449999999999995 0.03296875000000001 0.03584615384615382
0 0.4046590909090909 0.05289423076923072 0.033153409090909136 0.04567307692307692
0 0.39063920454545453 0.022442307692307706 0.04295454545454547 0.03642307692307681
0 0.3727485795454545 0.03948076923076915 0.030156249999999944 0.045230769230769304
0 0.7079971590909091 0.022432692307692292 0.04170454545454547 0.044865384615384585
0 0.385390625 0.06697115384615382 0.03575284090909085 0.022096153846153863
0 0.5927201704545455 0.4524038461538461 0.03569602272727272 0.052346153846153896
0 0.4104332386363636 0.14240384615384616 0.049701704545454556 0.0362692307692308
0 0.405674715909091 0.16028846153846155 0.036321022727272716 0.033269230769230794
0 0.37919744318181825 0.1331730769230769 0.03450284090909094 0.09519230769230769
0 0.3928764204545455 0.36797115384615386 0.05495738636363636 0.07798076923076926
0 0.49052556818181814 0.38948076923076913 0.04897727272727275 0.06184615384615389
0 0.3961221590909091 0.10329807692307702 0.017897727272727305 0.04578846153846154
0 0.38215909090909084 0.08954807692307687 0.03687499999999997 0.028826923076923094
0 0.4161221590909091 0.12133653846153847 0.03573863636363632 0.038403846153846094
0 0.4185866477272727 0.09651923076923075 0.03444602272727273 0.04361538461538452
0 0.35292613636363646 0.008451923076922996 0.04713068181818183 0.015057692307692277
0 0.6168607954545454 0.44426923076923075 0.041448863636363645 0.06273076923076924
0 0.08002130681818187 0.9755865384615384 0.029133522727272713 0.04882692307692308
0 0.15760653409090897 0.942923076923077 0.04873579545454554 0.06238461538461538
0 0.15734375 0.889875 0.06514204545454548 0.05521153846153848
0 0.10835227272727266 0.89525 0.04130681818181824 0.06023076923076922
0 0.05303977272727256 0.8193557692307692 0.03999999999999995 0.04267307692307692
0 0.0583806818181819 0.8582884615384616 0.025596590909090885 0.04007692307692307
0 0.03907670454545453 0.8494615384615385 0.04965909090909096 0.08515384615384615
0 0.8573863636363637 0.46015384615384614 0.0509659090909091 0.0708076923076923
0 0.8987784090909091 0.9484615384615385 0.05213068181818182 0.060538461538461534
0 0.9140909090909091 0.9303365384615385 0.03906250000000001 0.04213461538461538
0 0.6242755681818182 0.39385576923076926 0.03642045454545453 0.06498076923076916
0 0.8833025568181818 0.8029423076923077 0.06058238636363637 0.05161538461538462
0 0.11455255681818177 0.7775576923076923 0.038394886363636326 0.060038461538461534
0 0.9875568181818182 0.8232115384615384 0.024886363636363637 0.09007692307692305
0 0.9867116477272727 0.919298076923077 0.026576704545454546 0.049326923076923074
0 0.9826846590909091 0.9594423076923076 0.03463068181818182 0.05161538461538461
0 0.5169744318181818 0.5463942307692308 0.018238636363636408 0.030250000000000034
0 0.544822443181818 0.5431250000000001 0.03524147727272728 0.04736538461538461
0 0.5663494318181819 0.5474711538461539 0.042897727272727254 0.05951923076923075
0 0.1311008522727274 0.7349807692307693 0.04634943181818181 0.03765384615384612
0 0.1363991477272729 0.8129615384615385 0.03575284090909085 0.06811538461538462
0 0.36107954545454546 0.5734230769230769 0.028409090909090908 0.06500000000000002
0 0.6238139204545454 0.5481923076923076 0.04660511363636364 0.06238461538461538
0 0.7908167613636363 0.1695288461538461 0.032627840909090905 0.05105769230769233
0 0.15827414772727266 0.751576923076923 0.033025568181818184 0.0438846153846154
0 0.817080965909091 0.16607692307692312 0.038565340909090896 0.048769230769230794
0 0.8217400568181819 0.13137500000000002 0.05041193181818183 0.08605769230769231
0 0.7990767045454545 0.11932692307692294 0.024573863636363612 0.05392307692307696
0 0.7821235795454545 0.14054807692307691 0.027116477272727278 0.07113461538461541
0 0.9057386363636364 0.09826923076923078 0.048323863636363644 0.05557692307692314
0 0.95671875 0.2500096153846154 0.028124999999999997 0.052326923076923146
0 0.9191761363636364 0.25322115384615385 0.057613636363636374 0.05909615384615388
0 0.34249289772727276 0.552826923076923 0.028110795454545402 0.04407692307692311
0 0.9598366477272727 0.308951923076923 0.02879261363636363 0.0646346153846153
0 0.16006392045454543 0.7959423076923077 0.03254261363636359 0.04726923076923079
0 0.9467542613636364 0.3048653846153846 0.01919034090909091 0.06723076923076919
0 0.7438423295454546 0.03867307692307698 0.05296874999999999 0.0743846153846154
0 0.8352059659090909 0.3850769230769231 0.05163352272727272 0.05019230769230774
0 0.13786221590909098 0.7720769230769231 0.019985795454545527 0.03534615384615384
0 0.944453125 0.48177884615384614 0.050980113636363636 0.04994230769230763
0 0.8553338068181818 0.7289423076923077 0.027542613636363636 0.04703846153846156
0 0.35365767045454544 0.03632692307692309 0.029133522727272713 0.041230769230769224
0 0.46567471590909093 0.8332788461538462 0.04606534090909092 0.07886538461538463
0 0.18600852272727275 0.5119423076923078 0.04303977272727282 0.08669230769230767
0 0.340127840909091 0.9725 0.023721590909090894 0.05392307692307692
0 0.35771306818181825 0.9598846153846153 0.04025568181818178 0.045884615384615385
0 0.2882244318181818 0.8801538461538462 0.046193181818181876 0.05276923076923078
0 0.07156960227272724 0.9540865384615385 0.04134943181818184 0.04578846153846154
0 0.13546164772727276 0.9499519230769231 0.05825284090909089 0.0680576923076923
0 0.12982244318181813 0.9913461538461539 0.06387784090909095 0.01730769230769231
0 0.10576704545454552 0.9404038461538462 0.0293181818181818 0.03319230769230769
0 0.08206676136363633 0.9159807692307692 0.035127840909090935 0.04434615384615385
0 0.8444176136363637 0.8955961538461539 0.08707386363636366 0.14223076923076922
0 0.7720454545454545 0.8950576923076923 0.08375 0.14115384615384613
0 0.21458096590909104 0.5123173076923078 0.03544034090909081 0.08109615384615387
0 0.8029545454545455 0.8061057692307693 0.12056818181818181 0.10282692307692308
0 0.5531036931818182 0.19250961538461542 0.05626420454545456 0.05825000000000004
0 0.23638494318181813 0.3059615384615385 0.03470170454545447 0.04038461538461539
0 0.05565340909090921 0.2721634615384615 0.047017045454545485 0.04990384615384613
0 0.4895099431818182 0.8616923076923078 0.05455965909090905 0.07223076923076924
0 0.6154261363636364 0.7209903846153847 0.0749715909090909 0.1322115384615385
0 0.8355397727272728 0.48570192307692306 0.0390625 0.08067307692307696
0 0.531690340909091 0.11714423076923086 0.048721590909090846 0.03867307692307695
0 0.6950923295454545 0.3800673076923077 0.06223011363636364 0.05378846153846159
0 0.019637784090909105 0.04013461538461538 0.03927556818181815 0.039653846153846165
0 0.5870383522727272 0.07953846153846156 0.04078124999999997 0.04803846153846157
0 0.01744318181818183 0.0594134615384615 0.03335227272727275 0.040749999999999995
0 0.8985724431818182 0.5326346153846153 0.041491477272727284 0.03149999999999999
0 0.8857670454545454 0.581375 0.028607954545454548 0.034980769230769225
0 0.8820951704545454 0.5526826923076923 0.022372159090909092 0.04071153846153844
0 0.9004971590909091 0.5636346153846153 0.02568181818181819 0.039
0 0.9043821022727273 0.30907692307692314 0.03774147727272726 0.06884615384615386
0 0.9283664772727273 0.3091634615384615 0.028437499999999994 0.06148076923076928
0 0.9719034090909091 0.2574423076923077 0.017414772727272727 0.049500000000000016
0 0.9864772727272727 0.2986057692307692 0.027045454545454543 0.04186538461538469
0 0.990234375 0.27074999999999994 0.01953125 0.026961538461538537
