0 0.030930397727272685 0.7924903846153846 0.022372159090909092 0.029326923076923077
0 0.10983664772727275 0.2227403846153846 0.03544034090909081 0.0514807692307692
0 0.006654829545454488 0.08747115384615389 0.013139204545454546 0.02721153846153842
0 0.19360795454545443 0.7538942307692308 0.026420454545454577 0.023019230769230795
0 0.06749289772727274 0.08474038461538458 0.046605113636363556 0.02205769230769236
0 0.03215198863636359 0.7787596153846154 0.023423295454545467 0.029326923076923077
0 0.2562855113636364 0.7617788461538462 0.06671874999999995 0.047288461538461515
0 0.7070880681818181 0.4829903846153847 0.03065340909090911 0.04971153846153845
0 0.19248579545454547 0.7163173076923077 0.030454545454545533 0.07032692307692312
0 0.23100142045454541 0.8581153846153846 0.03762784090909092 0.04234615384615385
0 0.8765696022727273 0.6784134615384616 0.03717329545454546 0.051711538461538434
0 0.9900710227272728 0.4788269230769231 0.019857954545454547 0.06346153846153846
0 0.21017045454545458 0.7011538461538461 0.016562499999999956 0.05334615384615386
0 0.9602911931818182 0.6213942307692308 0.020468749999999994 0.04571153846153843
0 0.06411931818181815 0.03419230769230763 0.019659090909090793 0.022807692307692223
0 0.6763778409090909 0.5693942307692308 0.06255681818181817 0.047826923076923086
0 0.16181107954545448 0.2661923076923076 0.044105113636363734 0.05446153846153845
0 0.25570312500000003 0.8860384615384616 0.022656250000000065 0.025769230769230753
0 0.7038352272727273 0.6366153846153846 0.05156250000000002 0.06334615384615384
0 0.8706036931818182 0.5948365384615384 0.04705965909090908 0.06186538461538465
0 0.7001846590909091 0.5254038461538462 0.028977272727272737 0.05246153846153846
0 0.013771306818181728 0.018634615384615527 0.02708806818181825 0.03646153846153842
0 0.01423295454545448 0.04141346153846148 0.02846590909090904 0.04636538461538453
0 0.18218749999999995 0.7166153846153847 0.025085227272727387 0.05638461538461543
0 0.6033309659090909 0.5554326923076922 0.029502840909090885 0.025596153846153852
0 0.044041193181818206 0.1511634615384616 0.030326704545454417 0.04448076923076922
0 0.6200000000000001 0.586875 0.019886363636363636 0.017788461538461538
0 0.00756392045454557 0.13360576923076928 0.015127840909090877 0.029442307692307698
0 0.004218750000000049 0.15768269230769227 0.008437500000000077 0.035442307692307704
0 0.6230326704545455 0.6639615384615385 0.03603693181818182 0.02780769230769232
0 0.6174786931818183 0.610375 0.02492897727272729 0.03101923076923076
0 0.9237997159090909 0.6248557692307692 0.025923295454545456 0.05632692307692306
0 0.7259517045454545 0.5108076923076923 0.02460227272727272 0.04242307692307698
0 0.020142045454545565 0.5304423076923077 0.04028409090909093 0.05219230769230772
0 0.01765625000000004 0.11159615384615384 0.02053977272727262 0.02780769230769227
0 0.5448366477272728 0.24902884615384613 0.03478693181818183 0.03586538461538457
0 0.3102059659090909 0.5063557692307692 0.02521306818181818 0.045519230769230694
0 0.33904119318181813 0.2467403846153845 0.05143465909090914 0.05782692307692306
0 0.8675497159090909 0.2724711538461537 0.04078124999999999 0.047711538461538465
0 0.4017258522727273 0.4430384615384615 0.01813920454545452 0.04976923076923076
0 0.42504261363636364 0.6564326923076923 0.035482954545454574 0.06401923076923081
0 0.5936647727272728 0.3036153846153846 0.06127840909090907 0.031576923076922996
0 0.05119318181818178 0.6733461538461538 0.03184659090909085 0.054961538461538485
0 0.7826917613636364 0.8559326923076923 0.03169034090909087 0.0379423076923077
0 0.07560369318181825 0.6493461538461538 0.02208806818181812 0.03476923076923074
0 0.05276988636363633 0.7887019230769231 0.02690340909090917 0.03974999999999997
0 0.905234375 0.9652211538461538 0.033622159090909085 0.052557692307692305
0 0.8913068181818182 0.9601923076923077 0.03119318181818181 0.041692307692307695
0 0.8474715909090909 0.17126923076923073 0.0522159090909091 0.07803846153846161
0 0.5900994318181818 0.1885961538461538 0.036051136363636355 0.023038461538461574
0 0.8804403409090908 0.9905192307692308 0.04724431818181817 0.01896153846153846
0 0.5912855113636364 0.24901923076923083 0.022542613636363642 0.03157692307692311
0 0.7689204545454545 0.892 0.016988636363636376 0.03419230769230768
0 0.4203267045454545 0.24494230769230774 0.017244318181818243 0.0393076923076923
0 0.7455681818181819 0.8435096153846153 0.04213068181818181 0.027903846153846137
0 0.37722301136363634 0.37331730769230764 0.03447443181818179 0.030711538461538512
0 0.968309659090909 0.6329326923076923 0.016704545454545458 0.026326923076923074
0 0.7049928977272728 0.8784807692307692 0.021065340909090888 0.06215384615384614
0 0.8705397727272728 0.9659134615384616 0.031164772727272725 0.05163461538461538
0 0.7189204545454546 0.9250673076923077 0.030000000000000006 0.02709615384615384
0 0.8354048295454546 0.9691442307692307 0.02069602272727272 0.06171153846153847
0 0.8076420454545454 0.32562499999999994 0.04178977272727273 0.03678846153846153
0 0.8036647727272728 0.9471538461538461 0.0302840909090909 0.04265384615384615
0 0.723359375 0.8931153846153846 0.03186079545454546 0.06361538461538463
0 0.5424644886363637 0.33225961538461535 0.02134943181818186 0.022480769230769228
0 0.7284943181818182 0.8751923076923077 0.03673295454545453 0.04388461538461538
0 0.44564630681818185 0.012836538461538427 0.034161931818181834 0.025673076923076965
0 0.3661363636363636 0.010317307692307764 0.043863636363636355 0.020634615384615418
0 0.510234375 0.29211538461538455 0.021747159090909095 0.02784615384615377
0 0.6912215909090909 0.7549038461538462 0.03457386363636364 0.050461538461538454
0 0.35045454545454546 0.35643269230769237 0.019062500000000024 0.033788461538461524
0 0.7486576704545455 0.9845961538461538 0.04691761363636364 0.030807692307692307
0 0.3816477272727272 0.2710096153846153 0.0259943181818182 0.028519230769230738
0 0.7883735795454545 0.9120769230769231 0.029133522727272754 0.04369230769230769
0 0.5418678977272728 0.18248076923076917 0.021747159090909095 0.041923076923076945
0 0.17435369318181815 0.7284423076923077 0.027315340909090935 0.03273076923076925
0 0.09615056818181822 0.6563076923076923 0.024147727272727272 0.050076923076923116
0 0.7874928977272727 0.8269134615384616 0.02808238636363638 0.027788461538461543
0 0.06102982954545444 0.05774999999999997 0.046036931818181775 0.034961538461538474
0 0.07868607954545448 0.6869134615384616 0.02723011363636374 0.041750000000000016
0 0.5740838068181817 0.3290480769230769 0.02134943181818186 0.023557692307692307
0 0.7323792613636364 0.25678846153846147 0.01711647727272729 0.028615384615384716
0 0.5205184659090909 0.2902403846153846 0.03044034090909092 0.040134615384615394
0 0.34663352272727266 0.4786634615384615 0.021846590909090982 0.029596153846153928
0 0.26960227272727266 0.35624999999999996 0.0259943181818182 0.035192307692307606
0 0.44079545454545455 0.6406923076923077 0.03269886363636361 0.033192307692307674
0 0.8239985795454545 0.27655769230769234 0.024161931818181805 0.019076923076923
0 0.8043750000000001 0.7486826923076924 0.046988636363636344 0.016096153846153854
0 0.3715482954545455 0.4731346153846153 0.03130681818181813 0.034999999999999976
0 0.04694602272727266 0.25240384615384615 0.011392045454545429 0.019769230769230716
0 0.004992897727272738 0.22822115384615382 0.009985795454545416 0.02721153846153842
0 0.6371661931818182 0.9753653846153846 0.011889204545454552 0.01807692307692308
0 0.7476704545454546 0.7296730769230769 0.05130681818181815 0.04096153846153849
0 0.7151775568181818 0.9760673076923077 0.022542613636363604 0.030903846153846153
0 0.6909517045454545 0.7808653846153846 0.034034090909090924 0.04826923076923076
0 0.2853267045454545 0.43900961538461536 0.0199147727272727 0.03717307692307689
0 0.3096448863636364 0.2806346153846154 0.019289772727272704 0.037307692307692264
0 0.7912855113636363 0.2963173076923078 0.03524147727272728 0.035442307692307704
0 0.21688920454545457 0.7502596153846154 0.021931818181818098 0.052134615384615356
0 0.6845951704545454 0.9038942307692308 0.04643465909090909 0.05878846153846155
0 0.5809232954545456 0.6395576923076922 0.030653409090909068 0.022807692307692334
0 0.0066122159090908905 0.26523076923076916 0.013224431818181741 0.055230769230769174
0 0.2839346590909091 0.369 0.0259943181818182 0.020615384615384667
0 0.44950994318181825 0.8753365384615385 0.029360795454545476 0.03721153846153846
0 0.0837713068181819 0.38840384615384616 0.033678977272727326 0.06346153846153846
0 0.26808238636363635 0.2915192307692308 0.03536931818181823 0.04415384615384611
0 0.2330042613636365 0.7402596153846154 0.021036931818181902 0.03213461538461537
0 0.7908877840909091 0.9803942307692308 0.041008522727272734 0.039211538461538464
0 0.4840269886363636 0.03715384615384609 0.017059659090909077 0.027884615384615386
0 0.5840198863636363 0.17734615384615393 0.009318181818181821 0.01592307692307698
0 0.03943181818181818 0.5086153846153847 0.04315340909090908 0.07088461538461535
0 0.2432386363636364 0.8559711538461539 0.03400568181818189 0.045403846153846156
0 0.9341974431818182 0.6631730769230769 0.03649147727272728 0.046153846153846156
0 0.7941974431818182 0.897201923076923 0.037201704545454545 0.04671153846153844
0 0.5634161931818182 0.1968461538461539 0.02214488636363633 0.03853846153846158
0 0.5574857954545456 0.34189423076923076 0.022130681818181796 0.022480769230769228
0 0.03396306818181827 0.4474711538461539 0.02761363636363628 0.06386538461538468
0 0.7484801136363637 0.9190384615384616 0.023892045454545444 0.03357692307692308
0 0.5182599431818182 0.13712500000000005 0.06009943181818182 0.06125000000000004
0 0.7202485795454545 0.7691730769230769 0.029133522727272713 0.0600769230769231
0 0.8105113636363637 0.18088461538461542 0.03008522727272728 0.06446153846153843
0 0.44705965909090917 0.7846153846153846 0.04178977272727275 0.01988461538461539
0 0.7343963068181818 0.31575 0.018110795454545456 0.017038461538461565
0 0.7175284090909091 0.5486634615384616 0.027954545454545423 0.044249999999999984
0 0.33933948863636365 0.4476923076923077 0.017258522727272775 0.03896153846153844
0 0.0158380681818181 0.5051153846153846 0.03164772727272724 0.045192307692307636
0 0.3928764204545455 0.35643269230769237 0.03401988636363635 0.033788461538461524
0 0.6930894886363637 0.9677788461538461 0.04595170454545458 0.055865384615384615
0 0.5393821022727273 0.006653846153846232 0.0603267045454545 0.013307692307692229
0 0.513984375 0.62825 0.05578125000000005 0.06769230769230768
0 0.7317329545454545 0.7486826923076924 0.03457386363636364 0.042403846153846174
0 0.6518394886363637 0.9617115384615385 0.04177556818181818 0.036653846153846155
0 0.34444602272727276 0.3277403846153847 0.0215056818181818 0.02548076923076923
0 0.6778906250000001 0.035951923076923076 0.014957386363636365 0.033096153846153914
0 0.30147727272727276 0.8332692307692308 0.03082386363636362 0.035576923076923075
0 0.47921875 0.6595096153846154 0.03215909090909089 0.039865384615384594
0 0.41625 0.2618365384615384 0.016335227272727272 0.03255769230769232
0 0.6712428977272727 0.7790288461538462 0.02376420454545453 0.043134615384615396
0 0.6427272727272727 0.013711538461538497 0.03400568181818182 0.027038461538461542
0 0.49090909090909096 0.6252019230769231 0.03397727272727275 0.04078846153846155
0 0.7220667613636365 0.9464038461538462 0.02617897727272728 0.029846153846153852
0 0.7172940340909091 0.02738461538461545 0.036803977272727266 0.03076923076923077
0 0.8219318181818182 0.8086538461538462 0.03997159090909091 0.04534615384615387
0 0.2777982954545454 0.41713461538461527 0.018153409090909133 0.03296153846153854
0 0.4039985795454545 0.6023173076923076 0.06595170454545456 0.03909615384615387
0 0.2955894886363637 0.8670192307692308 0.020838068181818204 0.03926923076923077
0 0.28359375 0.4650096153846154 0.02690340909090917 0.03867307692307695
0 0.5094815340909091 0.008605769230769278 0.02720170454545451 0.01721153846153844
0 0.8112357954545455 0.8386538461538462 0.03181818181818183 0.04246153846153846
0 0.4672017045454545 0.859548076923077 0.03613636363636363 0.02498076923076922
0 0.4195383522727273 0.6211346153846153 0.06214488636363636 0.0368846153846154
0 0.4058380681818182 0.5748653846153846 0.03198863636363642 0.03138461538461537
0 0.5885227272727274 0.3485865384615384 0.027272727272727258 0.03586538461538457
0 0.3061221590909091 0.3996442307692307 0.03002840909090907 0.03217307692307696
0 0.4082883522727273 0.6582115384615383 0.04007102272727278 0.048038461538461516
0 0.7119957386363636 0.3041538461538461 0.03271306818181818 0.07973076923076919
0 0.2558380681818182 0.7851153846153847 0.054176136363636426 0.052730769230769234
0 0.407627840909091 0.36196153846153856 0.031761363636363574 0.03992307692307701
0 0.6510014204545455 0.0322596153846153 0.031349431818181846 0.026480769230769304
0 0.8383522727272728 0.22032692307692303 0.02568181818181818 0.04565384615384617
0 0.8031676136363637 0.8614038461538461 0.03451704545454545 0.027307692307692314
0 0.369765625 0.254625 0.035411931818181745 0.028519230769230738
0 0.4756676136363637 0.8862980769230769 0.04630681818181821 0.04282692307692308
0 0.3590767045454545 0.3865288461538462 0.03630681818181818 0.03132692307692301
0 0.3907741477272727 0.7604134615384616 0.0368892045454545 0.047903846153846144
0 0.7388352272727272 0.019355769230769315 0.024630681818181822 0.03836538461538459
0 0.4196448863636364 0.3972692307692308 0.019517045454545467 0.04176923076923071
0 0.6246732954545454 0.6498653846153846 0.0504261363636364 0.03296153846153844
0 0.7411363636363637 0.9380096153846154 0.02204545454545456 0.030480769230769228
0 0.7277982954545454 0.2286634615384615 0.05096590909090908 0.036749999999999915
0 0.3781321022727272 0.4261538461538462 0.01723011363636363 0.022115384615384617
0 0.4249857954545454 0.5871923076923077 0.04034090909090906 0.03100000000000001
0 0.35784090909090904 0.79125 0.03275568181818182 0.05657692307692308
0 0.852421875 0.9560192307692308 0.024218749999999997 0.05688461538461538
0 0.6979474431818182 0.01190384615384621 0.023082386363636364 0.0238076923076923
0 0.7551420454545454 0.90225 0.02985795454545452 0.026115384615384613
0 0.5343536931818182 0.22173076923076918 0.04467329545454552 0.04334615384615389
0 0.37917613636363634 0.2816346153846153 0.028238636363636358 0.02426923076923078
0 0.9780255681818182 0.3069615384615385 0.04394886363636364 0.04599999999999992
0 0.4895241477272727 0.014528846153846309 0.035355113636363615 0.029057692307692333
0 0.4271377840909092 0.2867115384615385 0.03811079545454543 0.04053846153846151
0 0.410546875 0.8215673076923077 0.06061079545454548 0.04078846153846152
0 0.2971590909090909 0.3759807692307692 0.04167613636363641 0.03580769230769232
0 0.32421875 0.4809423076923077 0.022982954545454473 0.044769230769230825
0 0.45440340909090904 0.8011826923076923 0.044431818181818225 0.02651923076923078
0 0.42974431818181824 0.7514903846153845 0.03801136363636362 0.04944230769230771
0 0.30171164772727266 0.4204230769230769 0.024360795454545503 0.02996153846153854
0 0.7298863636363637 0.22244230769230777 0.015028409090909068 0.020923076923076916
0 0.47490056818181825 0.7342692307692307 0.036619318181818225 0.11923076923076924
0 0.580078125 0.6117403846153846 0.030326704545454577 0.03740384615384618
0 0.4273934659090909 0.5522788461538461 0.018536931818181834 0.02509615384615387
0 0.29480823863636363 0.30874038461538456 0.01904829545454549 0.02805769230769226
0 0.34796875000000005 0.4052692307692308 0.030397727272727323 0.04423076923076923
0 0.31699573863636354 0.2532788461538462 0.01836647727272728 0.06963461538461535
0 0.749609375 0.7907115384615384 0.03944602272727274 0.04369230769230769
0 0.5867400568181818 0.2757884615384615 0.027684659090909104 0.03265384615384608
0 0.4011860795454545 0.24157692307692313 0.027428977272727275 0.029115384615384588
0 0.463984375 0.5809519230769231 0.044218749999999994 0.040788461538461496
0 0.7907386363636364 0.8108173076923078 0.037812500000000006 0.021942307692307685
0 0.7604900568181818 0.8272788461538462 0.04211647727272728 0.034365384615384624
0 0.5788991477272727 0.5937307692307692 0.024588068181818187 0.0351153846153846
0 0.8637713068181818 0.2155576923076924 0.03524147727272728 0.0756538461538461
0 0.5428977272727273 0.08500961538461549 0.05806818181818181 0.07221153846153848
0 0.3008238636363636 0.4444038461538462 0.01991477272727278 0.03715384615384614
0 0.5373224431818182 0.3234230769230769 0.02214488636363633 0.01873076923076925
0 0.6809090909090909 0.9638942307692308 0.02605113636363637 0.03378846153846154
0 0.7780610795454546 0.9313269230769231 0.03558238636363638 0.0455
0 0.6784659090909091 0.06846153846153846 0.03911931818181817 0.03738461538461538
0 0.43109375000000005 0.5660769230769231 0.020397727272727293 0.027615384615384587
0 0.7714488636363637 0.2105673076923077 0.06642045454545453 0.07975000000000006
0 0.746640625 0.8733365384615385 0.02938920454545454 0.03544230769230769
0 0.07954545454545459 0.19090384615384615 0.02900568181818192 0.050615384615384604
0 0.7974502840909091 0.01166346153846165 0.031122159090909127 0.023326923076923068
0 0.5041122159090909 0.33706730769230764 0.03478693181818183 0.02890384615384621
0 0.5458025568181819 0.03755769230769235 0.0500142045454546 0.0637307692307692
0 0.01123579545454545 0.46499999999999986 0.022443181818181755 0.036615384615384654
0 0.8521306818181819 0.9915192307692308 0.015909090909090914 0.016807692307692308
0 0.5537286931818182 0.3087115384615384 0.018593750000000044 0.025692307692307608
0 0.45590198863636366 0.673701923076923 0.02734375 0.043288461538461574
0 0.6619247159090909 0.022903846153846108 0.026747159090909068 0.016346153846153955
0 0.4593678977272727 0.7320673076923077 0.04913352272727269 0.09601923076923076
0 0.4886647727272727 0.6955096153846154 0.028210227272727293 0.06855769230769232
0 0.18889914772727256 0.7814807692307693 0.03671875000000003 0.03334615384615385
0 0.5997869318181819 0.6304423076923076 0.017187500000000033 0.02553846153846154
0 0.7034872159090909 0.08073076923076927 0.040838068181818184 0.03700000000000002
0 0.7627201704545454 0.9499230769230769 0.03200284090909091 0.03503846153846154
0 0.5895880681818182 0.2260288461538461 0.044318181818181805 0.08321153846153853
0 0.45107244318181816 0.03236538461538463 0.060610795454545396 0.03584615384615382
0 0.028494318181818135 0.5732788461538462 0.03508522727272718 0.028826923076923038
0 0.39845170454545453 0.2145769230769231 0.025539772727272755 0.041884615384615444
0 0.7231605113636363 0.8237884615384615 0.03944602272727274 0.03215384615384615
0 0.260625 0.45591346153846146 0.030255681818181755 0.05840384615384616
0 0.4741548295454545 0.4214134615384615 0.05896306818181817 0.08878846153846157
0 0.4239559659090909 0.4325961538461539 0.024502840909090908 0.04238461538461542
0 0.7241051136363637 0.4633750000000001 0.02156250000000001 0.03786538461538461
0 0.5191335227272728 0.3582115384615384 0.032414772727272716 0.04550000000000005
0 0.7109872159090909 0.2509903846153846 0.043792613636363616 0.04021153846153851
0 0.509325284090909 0.03635576923076922 0.03589488636363634 0.04221153846153855
0 0.28595880681818187 0.40419230769230774 0.01748579545454546 0.032769230769230696
0 0.2928409090909091 0.5253173076923077 0.03082386363636362 0.04248076923076924
0 0.4949076704545454 0.0921153846153846 0.057656249999999964 0.08046153846153842
0 0.7757528409090909 0.7600192307692307 0.021051136363636355 0.03730769230769232
0 0.5632173295454546 0.32316346153846154 0.020951704545454544 0.021403846153846145
0 0.6658025568181818 0.00483653846153842 0.019928977272727275 0.009673076923076871
0 0.4030539772727273 0.5560384615384615 0.03661931818181814 0.05523076923076923
0 0.961484375 0.6781826923076923 0.04126420454545455 0.06601923076923073
0 0.46560369318181816 0.6465961538461539 0.027798295454545444 0.030269230769230732
0 0.3777272727272727 0.4983846153846154 0.05491477272727276 0.04323076923076921
0 0.8056321022727273 0.8884038461538462 0.026889204545454556 0.032769230769230766
0 0.3731392045454546 0.3251057692307693 0.016335227272727272 0.016596153846153837
0 0.592109375 0.9835288461538462 0.033735795454545456 0.03294230769230769
0 0.4235298295454545 0.7667788461538462 0.03163352272727278 0.0443269230769231
0 0.7635156249999999 0.19077884615384622 0.03467329545454545 0.05486538461538467
0 0.7663920454545454 0.8652500000000001 0.02755681818181819 0.032961538461538466
0 0.8388565340909091 0.30007692307692313 0.06896306818181817 0.029307692307692326
0 0.40149857954545454 0.31281730769230764 0.05944602272727268 0.05344230769230773
0 0.9395099431818181 0.21515384615384614 0.04373579545454545 0.03896153846153844
0 0.30455255681818183 0.33532692307692313 0.026889204545454556 0.032153846153846206
0 0.5375213068181818 0.3756153846153847 0.04626420454545454 0.04388461538461537
0 0.6736718749999999 0.7483173076923078 0.028622159090909097 0.034365384615384624
0 0.3874289772727273 0.4436538461538462 0.014971590909090858 0.03130769230769226
0 0.36792613636363636 0.3487596153846154 0.024943181818181823 0.03194230769230772
0 0.05109375000000005 0.42729807692307686 0.035653409090909124 0.03575000000000006
0 0.26342329545454557 0.515451923076923 0.047073863636363615 0.06674999999999996
0 0.39264914772727266 0.3963557692307693 0.02177556818181816 0.0288653846153846
0 0.7165909090909091 0.00840384615384615 0.02065340909090908 0.016423076923076853
0 0.34064630681818187 0.23431730769230774 0.04086647727272725 0.03171153846153837
0 0.8637855113636363 0.6449326923076923 0.042286931818181814 0.06048076923076926
0 0.24185369318181815 0.2966057692307693 0.04538352272727279 0.03867307692307695
0 0.7744815340909091 0.9620288461538462 0.03012784090909092 0.027403846153846157
0 0.7462286931818182 0.3413076923076923 0.049843749999999964 0.043615384615384625
0 0.22270596590909097 0.7090384615384615 0.01657670454545449 0.027884615384615386
0 0.41215909090909086 0.29100961538461534 0.04082386363636357 0.035634615384615334
0 0.5647940340909091 0.22841346153846154 0.031235795454545467 0.02890384615384621
0 0.41059659090909095 0.692451923076923 0.043352272727272705 0.06671153846153846
0 0.06018465909090909 0.6643076923076923 0.024147727272727272 0.049384615384615395
0 0.013813920454545436 0.4221538461538461 0.027627840909090973 0.05530769230769229
0 0.778046875 0.009874999999999967 0.03575284090909093 0.019749999999999965
0 0.9934375 0.30372115384615384 0.013125 0.033788461538461635
0 0.7931747159090909 0.23375961538461543 0.024644886363636355 0.04805769230769232
0 0.08080255681818183 0.5625 0.035014204545454675 0.042615384615384666
0 0.38879261363636364 0.41601923076923075 0.017698863636363606 0.017807692307692292
0 0.8250852272727273 0.7794807692307693 0.04375 0.05996153846153845
0 0.725184659090909 0.791625 0.041676136363636325 0.04186538461538461
0 0.6858238636363636 0.871173076923077 0.029176136363636352 0.05192307692307691
0 0.04892045454545457 0.5650961538461539 0.031079545454545447 0.08411538461538463
0 0.26454545454545453 0.5037019230769231 0.02690340909090909 0.028057692307692315
0 0.46345880681818175 0.06590384615384615 0.051946022727272716 0.0363076923076923
0 0.3717826704545455 0.44027884615384616 0.02086647727272727 0.04667307692307689
0 0.6543252840909091 0.6110769230769231 0.03637784090909093 0.06476923076923079
0 0.7550355113636364 0.2976826923076922 0.029190340909090885 0.051788461538461554
0 0.2875994318181818 0.2769038461538462 0.03857954545454549 0.05099999999999996
0 0.8388565340909091 0.32733653846153854 0.0417755681818182 0.04021153846153851
0 0.41718750000000004 0.5274903846153847 0.035227272727272746 0.029480769230769255
0 0.58328125 0.14681730769230772 0.04914772727272731 0.06201923076923077
0 0.4729545454545454 0.08064423076923077 0.04636363636363634 0.059750000000000095
0 0.7693678977272727 0.018605769230769287 0.02842329545454544 0.037211538461538504
0 0.7102485795454545 0.051336538461538406 0.028480113636363612 0.02724999999999992
0 0.4044460227272727 0.4003461538461538 0.015426136363636383 0.0380769230769231
0 0.9254403409090909 0.9797596153846154 0.04602272727272727 0.04048076923076923
0 0.023593749999999858 0.7998173076923076 0.03494318181818185 0.06009615384615385
0 0.4708735795454545 0.01568269230769226 0.025752840909090902 0.03136538461538462
0 0.8033025568181817 0.7739134615384615 0.028622159090909097 0.028519230769230765
0 0.5017400568181818 0.3199519230769231 0.02529829545454546 0.03532692307692309
0 0.7876349431818181 0.7695288461538461 0.026463068181818174 0.027057692307692293
0 0.4406605113636364 0.8230961538461539 0.07416193181818179 0.04280769230769232
0 0.40965198863636365 0.20607692307692305 0.01927556818181817 0.043076923076923145
0 0.7525213068181819 0.7591634615384615 0.029133522727272713 0.04125000000000001
0 0.3302698863636363 0.36134615384615376 0.02767045454545457 0.04238461538461542
0 0.4382457386363636 0.24586538461538465 0.026775568181818133 0.06942307692307685
0 0.33682528409090906 0.5074903846153846 0.029133522727272713 0.04021153846153846
0 0.16651988636363635 0.7417692307692307 0.031335227272727195 0.03273076923076922
0 0.2718252840909091 0.5344230769230769 0.0392187500000001 0.03488461538461536
0 0.3015269886363636 0.47335576923076916 0.028025568181818127 0.052326923076923035
0 0.06296875000000002 0.43355769230769226 0.03301136363636365 0.04469230769230771
0 0.40338778409090914 0.7968461538461539 0.06061079545454548 0.036192307692307676
0 0.67453125 0.010413461538461455 0.031193181818181828 0.020826923076923045
0 0.06990767045454538 0.3741057692307692 0.0640482954545455 0.0992115384615384
0 0.5507599431818182 0.36276923076923073 0.030042613636363603 0.04069230769230774
0 0.7236221590909091 0.19671153846153844 0.05011363636363637 0.05203846153846154
0 0.24157670454545443 0.3895384615384614 0.03809659090909098 0.0606923076923077
0 0.21867187499999996 0.732375 0.01566761363636376 0.027288461538461536
0 0.27066051136363645 0.8384807692307692 0.04078124999999989 0.044807692307692305
0 0.6942826704545455 0.03127884615384613 0.018991477272727278 0.03855769230769233
0 0.45534801136363634 0.768048076923077 0.06512784090909095 0.08563461538461539
0 0.2738494318181818 0.3902403846153847 0.012102272727272783 0.027903846153846137
0 0.43179687499999997 0.5353365384615385 0.05794034090909094 0.05648076923076924
0 0.39469460227272724 0.33124038461538463 0.03492897727272732 0.0288653846153846
0 0.27239346590909086 0.49042307692307685 0.049303977272727326 0.03338461538461541
0 0.45198153409090913 0.744923076923077 0.06174715909090913 0.09515384615384613
0 0.8201704545454546 0.969 0.02130681818181818 0.062000000000000006
0 0.06983664772727272 0.6129423076923077 0.030213068181818157 0.03680769230769233
0 0.7157741477272728 0.8368365384615385 0.04526988636363637 0.04490384615384614
0 0.7411079545454546 0.4706730769230769 0.04008522727272727 0.04607692307692315
0 0.04206676136363641 0.0340576923076924 0.04092329545454538 0.03846153846153835
0 0.36080255681818185 0.2215576923076924 0.02376420454545457 0.054615384615384684
0 0.5920809659090909 0.28381730769230773 0.060497159090909136 0.03801923076923085
0 0.7761789772727272 0.26974038461538463 0.02718749999999998 0.06544230769230763
0 0.37962357954545456 0.22216346153846145 0.015696022727272663 0.05825000000000004
0 0.4182883522727273 0.44765384615384607 0.025866477272727242 0.04299999999999992
0 0.5884872159090909 0.16966346153846157 0.02714488636363638 0.02028846153846156
0 0.3300355113636364 0.3905288461538461 0.024502840909090908 0.03317307692307692
0 0.36909090909090914 0.2992211538461539 0.020625000000000056 0.03032692307692315
0 0.3525071022727272 0.2885961538461539 0.02509943181818184 0.027307692307692286
0 0.36237215909090914 0.32015384615384623 0.01792613636363637 0.03580769230769232
0 0.24708806818181828 0.8381730769230769 0.04170454545454547 0.0405
0 0.34264914772727273 0.3055865384615384 0.031377840909090876 0.02609615384615383
0 0.32920454545454547 0.29254807692307694 0.02241477272727269 0.02428846153846153
0 0.32830965909090903 0.3350192307692308 0.02241477272727269 0.03761538461538462
0 0.2624289772727273 0.38721153846153855 0.02150568181818188 0.02426923076923078
0 0.24539772727272724 0.4236057692307692 0.029573863636363548 0.07159615384615377
0 0.4933664772727273 0.8745769230769231 0.03576704545454546 0.06423076923076923
0 0.0607173295454545 0.49732692307692306 0.03509943181818187 0.043615384615384625
0 0.0681889204545455 0.47435576923076916 0.03970170454545461 0.04128846153846148
0 0.01227982954545448 0.6065 0.02455965909090904 0.05603846153846151
0 0.8140625 0.21226923076923077 0.02380681818181819 0.032230769230769216
0 0.9113565340909091 0.6791057692307692 0.03512784090909091 0.05309615384615382
0 0.8046235795454545 0.3031346153846154 0.02970170454545454 0.016346153846153847
0 0.018153409090909012 0.5687884615384615 0.03622159090909091 0.047884615384615394
0 0.5964275568181818 0.3234230769230769 0.025696022727272772 0.032653846153846186
0 0.0782102272727272 0.6053461538461539 0.030568181818181953 0.04523076923076919
0 0.676455965909091 0.9377692307692308 0.06029829545454544 0.039999999999999994
0 0.10258522727272734 0.40047115384615384 0.051505681818181805 0.09474999999999996
0 0.7401562500000001 0.05736538461538465 0.03480113636363636 0.05257692307692303
0 0.7626491477272728 0.7929038461538461 0.03348011363636363 0.03730769230769232
0 0.6665269886363636 0.0443269230769231 0.03595170454545451 0.028807692307692343
0 0.025319602272727337 0.38866346153846154 0.050639204545454515 0.05217307692307691
0 0.02846590909090907 0.08018269230769226 0.03369318181818186 0.03421153846153839
0 0.26454545454545453 0.32580769230769235 0.029147727272727245 0.03488461538461536
0 0.06506392045454557 0.6517788461538462 0.02157670454545446 0.03686538461538459
0 0.32893465909090913 0.25420192307692313 0.02846590909090904 0.06901923076923075
0 0.8026065340909091 0.2717788461538462 0.02467329545454546 0.029980769230769293
0 0.5742897727272727 0.360625 0.02017045454545453 0.04174999999999996
0 0.5264488636363636 0.2792692307692308 0.0336079545454545 0.04173076923076921
0 0.39900568181818175 0.4768269230769231 0.035397727272727296 0.04115384615384611
0 0.3242897727272728 0.4464903846153846 0.019034090909090876 0.042557692307692296
0 0.31637073863636367 0.3095096153846154 0.02521306818181818 0.020480769230769188
0 0.4108025568181819 0.356125 0.02632102272727277 0.035634615384615334
0 0.7491974431818182 0.5242596153846154 0.03401988636363635 0.06021153846153852
0 0.3185298295454545 0.4252115384615385 0.01637784090909087 0.04315384615384615
0 0.23149147727272734 0.31670192307692313 0.03809659090909098 0.042480769230769294
0 0.45659090909090905 0.5547884615384615 0.033380681818181816 0.06023076923076922
0 0.47341619318181816 0.8264134615384615 0.03651988636363634 0.04128846153846154
0 0.5659943181818182 0.14992307692307705 0.03565340909090904 0.06526923076923076
0 0.23597301136363635 0.34552884615384616 0.04370738636363634 0.03944230769230767
0 0.4327982954545454 0.2108557692307692 0.03039772727272724 0.05344230769230773
0 0.8109090909090909 0.24793269230769233 0.0271875 0.04090384615384612
0 0.731875 0.2891634615384615 0.020142045454545465 0.036134615384615314
0 0.25876420454545446 0.43300961538461535 0.023465909090909065 0.059942307692307725
0 0.64 0.588 0.023778409090909104 0.04188461538461539
0 0.47616477272727276 0.6082788461538462 0.06474431818181815 0.050326923076923054
0 0.35661221590909087 0.4600384615384616 0.021690340909090885 0.02026923076923081
0 0.835078125 0.24861538461538457 0.03120738636363636 0.051807692307692305
0 0.5201278409090908 0.18916346153846153 0.03360795454545458 0.053519230769230736
0 0.29985085227272734 0.3468557692307692 0.03450284090909094 0.028519230769230738
0 0.36593039772727276 0.8162211538461539 0.031633522727272705 0.05963461538461537
0 0.5564772727272727 0.97175 0.029943181818181796 0.04353846153846154
0 0.43557528409090907 0.8521538461538462 0.04291193181818179 0.045884615384615385
0 0.5094460227272727 0.348576923076923 0.0438920454545455 0.037999999999999985
0 0.5441974431818182 0.9805384615384616 0.03748579545454544 0.03892307692307692
0 0.9455965909090909 0.23351923076923076 0.04704545454545455 0.032230769230769216
0 0.3348011363636364 0.420625 0.018607954545454577 0.03317307692307692
0 0.6484659090909091 0.9895865384615384 0.04207386363636368 0.020711538461538465
0 0.7644105113636364 0.7227211538461538 0.03186079545454546 0.03728846153846151
0 0.262421875 0.4047980769230769 0.015241477272727299 0.026711538461538436
0 0.7978267045454546 0.33005769230769233 0.03826704545454545 0.0375
0 0.028515625000000044 0.34371153846153846 0.05703124999999997 0.07061538461538455
0 0.7888423295454545 0.7932692307692308 0.02970170454545458 0.021923076923076934
0 0.80140625 0.7219903846153846 0.048607954545454524 0.03582692307692307
0 0.2911079545454546 0.36141346153846154 0.02778409090909091 0.017596153846153803
0 0.8564701704545454 0.28746153846153855 0.043792613636363636 0.03134615384615387
0 0.6006321022727272 0.680375 0.039076704545454616 0.036942307692307705
0 0.6954900568181819 0.9904711538461538 0.05137784090909093 0.018711538461538463
0 0.5753977272727273 0.9695 0.03749999999999997 0.035423076923076925
0 0.5268110795454546 0.6772788461538461 0.049360795454545456 0.07898076923076922
0 0.5412713068181818 0.3046923076923077 0.031633522727272705 0.040153846153846144
0 0.5161647727272727 0.3156634615384615 0.01937499999999998 0.026750000000000048
0 0.35635653409090906 0.43874038461538456 0.019048295454545408 0.0288653846153846
0 0.7507528409090909 0.2581538461538462 0.026676136363636364 0.03134615384615387
0 0.08401278409090907 0.4494134615384616 0.055241477272727255 0.059980769230769226
0 0.02453835227272738 0.6037403846153846 0.04774147727272729 0.06059615384615383
0 0.2803480113636364 0.33017307692307696 0.02509943181818184 0.043692307692307746
0 0.07731534090909098 0.10222115384615382 0.035937500000000094 0.03875000000000006
0 0.5695738636363636 0.9909423076923077 0.02386363636363638 0.018115384615384617
0 0.5528267045454545 0.1592403846153846 0.03119318181818187 0.04332692307692303
0 0.7482599431818182 0.021769230769230763 0.024275568181818186 0.04353846153846151
0 0.40237926136363633 0.7160192307692308 0.041377840909090906 0.05869230769230771
0 0.5418678977272728 0.2755288461538461 0.04231534090909094 0.040673076923076985
0 0.09616477272727275 0.5825576923076923 0.03193181818181821 0.08123076923076925
0 0.7316335227272728 0.9756057692307692 0.050227272727272745 0.04878846153846154
0 0.7316761363636364 0.0743076923076923 0.034517045454545474 0.04907692307692304
0 0.5701349431818181 0.2506346153846155 0.022144886363636408 0.029423076923076944
0 0.39732954545454546 0.2625192307692308 0.020625000000000056 0.032153846153846206
0 0.34747869318181823 0.6356826923076924 0.06819602272727271 0.09398076923076924
0 0.3785866477272727 0.39820192307692304 0.030838068181818154 0.036250000000000046
0 0.7877414772727273 0.20463461538461547 0.03633522727272729 0.06561538461538463
0 0.8978835227272728 0.5906826923076923 0.03613636363636363 0.053557692307692355
0 0.7438068181818182 0.4968942307692308 0.03806818181818179 0.037403846153846135
0 0.1962357954545454 0.511375 0.06963068181818179 0.0934807692307692
0 0.8987357954545454 0.6719519230769231 0.028295454545454547 0.054480769230769256
0 0.020816761363636305 0.088923076923077 0.024332386363636358 0.03207692307692309
0 0.9957457386363636 0.5196057692307692 0.008508522727272727 0.030826923076923078
0 0.9369247159090909 0.6285480769230769 0.04262784090909091 0.07017307692307694
0 0.23644176136363637 0.9102788461538461 0.047599431818181805 0.044788461538461534
0 0.6813920454545455 0.5949903846153846 0.01948863636363636 0.03567307692307689
0 0.9134019886363637 0.6105384615384616 0.03580965909090908 0.0812692307692308
0 0.5982741477272727 0.6543749999999999 0.015497159090909046 0.017788461538461538
0 0.32028409090909093 0.8645673076923077 0.030369318181818174 0.06013461538461539
0 0.5925923295454545 0.5682307692307693 0.025781249999999967 0.031038461538461567
0 0.04105113636363633 0.6305961538461539 0.011732954545454533 0.013692307692307702
0 0.31485085227272724 0.8921730769230769 0.0412357954545455 0.042961538461538454
0 0.6329829545454546 0.6378461538461538 0.051562499999999976 0.05080769230769228
0 0.05372869318181828 0.10412499999999991 0.024701704545454527 0.021288461538461527
0 0.9505823863636363 0.27922115384615387 0.04150568181818182 0.04871153846153854
0 0.6476349431818182 0.14576923076923065 0.049531250000000006 0.06384615384615383
0 0.9893039772727272 0.5443269230769231 0.021392045454545455 0.06923076923076923
0 0.6697869318181818 0.6264038461538461 0.03008522727272728 0.05507692307692311
0 0.04137784090909091 0.06801923076923078 0.035937499999999935 0.028115384615384625
0 0.05747159090909093 0.015903846153846102 0.04650568181818183 0.03169230769230773
0 0.22024857954545463 0.7954230769230769 0.028650568181818124 0.04546153846153846
0 0.6418607954545454 0.6031346153846153 0.021761363636363665 0.04265384615384617
0 0.9268678977272727 0.6980288461538462 0.04705965909090908 0.036480769230769226
0 0.9758096590909091 0.6477019230769231 0.013977272727272727 0.027249999999999976
0 0.1730113636363636 0.7751153846153847 0.037159090909090864 0.035153846153846154
0 0.2205752840909092 0.8857307692307692 0.05484375000000002 0.055846153846153844
0 0.005191761363636305 0.11218269230769229 0.01038352272727265 0.02136538461538464
0 0.21129261363636365 0.76875 0.01701704545454548 0.029692307692307688
0 0.16294034090909093 0.7608653846153847 0.025965909090909053 0.03696153846153849
0 0.005859375 0.06257692307692297 0.011690340909090935 0.029999999999999933
0 0.9569460227272727 0.2672403846153847 0.058664772727272725 0.04571153846153853
0 0.04356534090909103 0.12143269230769227 0.04139204545454544 0.05775000000000006
0 0.282215909090909 0.8909423076923076 0.02312500000000004 0.024538461538461547
0 0.595575284090909 0.5998846153846153 0.031661931818181846 0.041961538461538446
0 0.050674715909090895 0.8123557692307692 0.03109374999999998 0.033134615384615394
0 0.7101207386363637 0.5913076923076923 0.03873579545454547 0.05292307692307694
0 0.3044318181818182 0.9164134615384616 0.04849431818181816 0.04725
0 0.00382812499999996 0.2025 0.007656249999999981 0.017769230769230787
0 0.0253693181818182 0.012528846153846085 0.0507386363636364 0.025057692307692257
0 0.26703125000000005 0.8722307692307693 0.019943181818181766 0.02761538461538463
0 0.06833096590909093 0.13148076923076923 0.041548295454545456 0.034961538461538474
0 0.5933451704545455 0.1031057692307692 0.020127840909090932 0.025596153846153852
0 0.2670383522727273 0.9167211538461538 0.03444602272727273 0.058903846153846154
0 0.02252840909090914 0.1624134615384616 0.044857954545454444 0.036942307692307656
0 0.1913636363636364 0.6893365384615384 0.023721590909090973 0.05394230769230766
0 0.10387073863636365 0.1917692307692308 0.047372159090908965 0.07503846153846161
0 0.88765625 0.6331634615384616 0.025227272727272734 0.03971153846153847
0 0.5812642045454546 0.6673846153846155 0.036051136363636355 0.03923076923076924
0 0.08824573863636365 0.23387500000000006 0.041889204545454556 0.04844230769230769
0 0.025241477272727297 0.13469230769230778 0.021789772727272772 0.02523076923076924
0 0.6206605113636363 0.5701634615384616 0.04066761363636363 0.04498076923076926
0 0.2736079545454545 0.865173076923077 0.02221590909090915 0.02946153846153845
