0 0.042862215909090895 0.8518269230769231 0.02771306818181817 0.04061538461538462
0 0.011427556818181972 0.7993942307692308 0.02285511363636368 0.040749999999999995
0 0.708046875 0.9739326923076923 0.051406249999999994 0.05213461538461538
0 0.6594673295454545 0.1406153846153846 0.029559659090909053 0.06203846153846152
0 0.7244034090909091 0.16731730769230768 0.022130681818181838 0.04471153846153846
0 0.7494673295454546 0.07215384615384612 0.035269886363636344 0.043076923076923145
0 0.7692684659090909 0.08070192307692314 0.024048295454545465 0.05548076923076917
0 0.8170170454545455 0.0656826923076923 0.03602272727272727 0.05532692307692315
0 0.7866477272727272 0.05673076923076925 0.03264204545454544 0.04338461538461528
0 0.8297301136363636 0.04049999999999987 0.03088068181818183 0.05434615384615394
0 0.8348792613636363 0.1393365384615386 0.02322443181818183 0.02867307692307697
0 0.6310795454545455 0.7942115384615385 0.03735795454545456 0.05661538461538461
0 0.11276278409090912 0.37321153846153843 0.042883522727272805 0.0464615384615384
0 0.7600071022727273 0.42365384615384605 0.0453551136363636 0.0345384615384615
0 0.8544389204545455 0.12102884615384613 0.04410511363636363 0.031057692307692265
0 0.8665696022727273 0.0991153846153845 0.03288352272727273 0.041461538461538466
0 0.8674431818181818 0.05856730769230778 0.03113636363636364 0.043673076923076884
0 0.8025781249999999 0.020769230769230762 0.03348011363636365 0.04153846153846158
0 0.9255184659090909 0.08540384615384611 0.03473011363636363 0.053499999999999985
0 0.9263139204545454 0.05001923076923076 0.04694602272727273 0.030230769230769283
0 0.8818821022727272 0.07668269230769231 0.024758522727272737 0.03655769230769229
0 0.7027485795454546 0.023778846153846178 0.023678977272727254 0.04559615384615392
0 0.6796661931818182 0.1455384615384615 0.022343749999999985 0.05
0 0.10397727272727275 0.4189615384615385 0.0405681818181819 0.04149999999999997
0 0.7166335227272727 0.2396250000000001 0.021704545454545456 0.02913461538461545
0 0.8211789772727273 0.7953269230769231 0.054488636363636364 0.07346153846153847
0 0.79390625 0.7144903846153846 0.032187499999999994 0.047096153846153864
0 0.637159090909091 0.7016346153846154 0.02974431818181822 0.04865384615384617
0 0.7848650568181819 0.6402596153846154 0.024332386363636396 0.03763461538461537
0 0.8015625 0.6774903846153846 0.026448863636363642 0.05567307692307696
0 0.14465198863636364 0.3962596153846154 0.042997159090909065 0.057019230769230725
0 0.0945880681818182 0.3270288461538461 0.04903409090909088 0.054673076923076935
0 0.3636647727272727 0.026365384615384735 0.04400568181818185 0.05273076923076926
0 0.2480042613636364 0.07224038461538462 0.041377840909090906 0.059865384615384605
0 0.06159801136363641 0.33635576923076915 0.026576704545454598 0.06151923076923068
0 0.34463778409090906 0.015759615384615344 0.02941761363636369 0.031519230769230744
0 0.26172585227272727 0.021538461538461506 0.018849431818181793 0.043076923076923034
0 0.7920099431818182 0.08084615384615379 0.04242897727272728 0.03384615384615378
0 0.21748579545454527 0.07872115384615375 0.03428977272727271 0.0580576923076923
0 0.20948153409090908 0.27893269230769224 0.04751420454545461 0.055826923076923135
0 0.19525568181818187 0.9077692307692308 0.026534090909090837 0.029576923076923067
0 0.22870028409090903 0.8959807692307692 0.030468750000000065 0.04200000000000001
0 0.012208806818181817 0.9244230769230769 0.024417613636363713 0.0603076923076923
0 0.026619318181818175 0.9469711538461538 0.04892045454545462 0.06313461538461539
0 0.6487997159090909 0.8054134615384615 0.031576704545454574 0.060750000000000005
0 0.05192471590909098 0.35371153846153836 0.030497159090908967 0.05492307692307693
0 0.623984375 0.7463653846153846 0.06316761363636364 0.055307692307692315
0 0.6606889204545454 0.8745192307692308 0.018963068181818213 0.0398076923076923
0 0.8001917613636363 0.09604807692307704 0.03558238636363638 0.031634615384615365
0 0.5886008522727273 0.9330480769230769 0.019758522727272684 0.028211538461538458
0 0.6686576704545455 0.9124903846153847 0.021264204545454544 0.023365384615384614
0 0.6321732954545455 0.9606346153846154 0.04639204545454541 0.04684615384615384
0 0.5087144886363637 0.8844903846153847 0.03796875000000002 0.04540384615384617
0 0.8730397727272727 0.3547307692307692 0.03613636363636363 0.07834615384615386
0 0.48973011363636365 0.8425961538461538 0.05772727272727271 0.06723076923076922
0 0.5884090909090909 0.8070384615384616 0.03198863636363634 0.03696153846153846
0 0.5695667613636364 0.8707019230769231 0.021264204545454503 0.040134615384615394
0 0.690234375 0.83325 0.04015625000000001 0.09326923076923076
0 0.6827130681818181 0.8690576923076923 0.030227272727272728 0.04853846153846153
0 0.6678693181818183 0.826875 0.032499999999999994 0.07217307692307692
0 0.4460014204545455 0.5769230769230769 0.02529829545454546 0.03426923076923075
0 0.29549005681818175 0.6643269230769231 0.04612215909090913 0.03992307692307696
0 0.6914772727272727 0.054865384615384594 0.024488636363636337 0.04996153846153839
0 0.7191548295454546 0.059192307692307655 0.0283096590909091 0.0630769230769231
0 0.711846590909091 0.07489423076923074 0.01809659090909088 0.05094230769230771
0 0.5938849431818181 0.2604711538461538 0.0898721590909091 0.07386538461538456
0 0.604325284090909 0.27948076923076925 0.06981534090909092 0.0672692307692308
0 0.07959517045454556 0.40866346153846156 0.024048295454545385 0.03294230769230768
0 0.43539062500000003 0.6188942307692307 0.046292613636363604 0.04675000000000001
0 0.7744389204545454 0.15948076923076926 0.035781249999999994 0.07788461538461539
0 0.7947443181818181 0.13078846153846158 0.02900568181818184 0.045384615384615426
0 0.8419460227272727 0.03665384615384615 0.04633522727272728 0.07330769230769231
0 0.9429119318181818 0.9009615384615385 0.05801136363636364 0.05600000000000001
0 0.45463778409090905 0.5600384615384615 0.030326704545454577 0.03946153846153843
0 0.8487642045454545 0.7489326923076922 0.044971590909090906 0.054057692307692334
0 0.8802769886363636 0.6959134615384616 0.05507102272727272 0.10998076923076923
0 0.8746164772727273 0.7547307692307692 0.044659090909090905 0.06688461538461539
0 0.8598792613636363 0.6337211538461538 0.0726278409090909 0.10901923076923077
0 0.10060369318181828 0.3886442307692308 0.03620738636363638 0.02805769230769226
0 0.8193821022727272 0.6500673076923077 0.029730113636363645 0.04109615384615385
0 0.5852982954545455 0.7592692307692308 0.035539772727272705 0.039269230769230744
0 0.9550142045454545 0.5949230769230769 0.04161931818181818 0.03865384615384614
0 0.9761505681818182 0.5973269230769231 0.047698863636363636 0.05761538461538463
0 0.9708735795454545 0.6171538461538462 0.027428977272727275 0.04219230769230769
0 0.9548224431818182 0.6814615384615386 0.046463068181818175 0.07730769230769234
0 0.9845525568181818 0.6858846153846154 0.030894886363636364 0.06746153846153843
0 0.8862997159090908 0.8331538461538461 0.03981534090909091 0.04930769230769231
0 0.9654616477272727 0.6458365384615384 0.033025568181818184 0.05305769230769231
0 0.9150710227272727 0.570451923076923 0.019715909090909093 0.02255769230769229
0 0.018884943181818326 0.8347884615384615 0.03776988636363641 0.04357692307692307
0 0.14102272727272724 0.6020961538461538 0.048948863636363686 0.08476923076923074
0 0.22870028409090926 0.936923076923077 0.027883522727272722 0.038076923076923085
0 0.12681107954545456 0.6778365384615386 0.049701704545454556 0.07171153846153845
0 0.16833806818181818 0.6967884615384615 0.03755681818181826 0.03442307692307693
0 0.17825994318181815 0.6691442307692308 0.0433948863636363 0.026519230769230753
0 0.17627130681818182 0.9542403846153846 0.043167613636363615 0.06125
0 0.05536931818181823 0.9575769230769231 0.07752840909090898 0.08484615384615384
0 0.16038352272727263 0.9208173076923077 0.04434659090909095 0.07078846153846154
0 0.0900142045454545 0.9200480769230769 0.037698863636363586 0.07771153846153846
0 0.05310369318181818 0.91925 0.02632102272727269 0.037000000000000005
0 0.03720880681818173 0.8137596153846154 0.03078124999999994 0.034865384615384604
0 0.030681818181818032 0.9058269230769231 0.024971590909090968 0.03865384615384616
0 0.07269176136363631 0.6611538461538462 0.06262784090909096 0.04538461538461537
0 0.8173366477272728 0.6947211538461538 0.02302556818181817 0.06713461538461538
0 0.8251775568181818 0.7467788461538462 0.02808238636363638 0.03494230769230767
0 0.8492116477272728 0.7012211538461539 0.030099431818181813 0.04109615384615385
0 0.8294815340909091 0.7104615384615385 0.024531250000000015 0.04315384615384615
0 0.7749644886363636 0.6536153846153846 0.028849431818181823 0.04042307692307689
0 0.5638139204545454 0.2090192307692308 0.019247159090909106 0.02569230769230772
0 0.20882102272727276 0.6419903846153846 0.062414772727272805 0.04955769230769233
0 0.3721661931818182 0.6333942307692308 0.03365056818181818 0.02721153846153847
0 0.9909872159090909 0.6397692307692308 0.01802556818181818 0.03638461538461536
0 0.03119318181818187 0.7900769230769231 0.020994318181818142 0.03976923076923078
0 0.06620738636363643 0.7543365384615385 0.02355113636363626 0.033403846153846166
0 0.6040696022727272 0.7799230769230769 0.034076704545454556 0.03853846153846152
0 0.7698650568181818 0.00798076923076918 0.03515625 0.015961538461538482
0 0.23860795454545458 0.8005576923076922 0.04909090909090901 0.046807692307692286
0 0.26711647727272725 0.6454134615384616 0.03269886363636369 0.06736538461538462
0 0.46115767045454537 0.5917019230769232 0.05336647727272726 0.04975000000000001
0 0.6805397727272727 0.019682692307692373 0.03744318181818184 0.03928846153846155
0 0.5076207386363636 0.9315769230769231 0.05544034090909087 0.06038461538461539
0 0.8422017045454545 0.5601346153846154 0.019630681818181808 0.025461538461538424
0 0.37291193181818183 0.6687692307692308 0.03343750000000003 0.04469230769230771
0 0.048877840909090975 0.4126923076923077 0.053494318181818136 0.051230769230769316
0 0.8472443181818181 0.5805192307692308 0.020994318181818183 0.021230769230769216
0 0.7691335227272728 0.7631057692307692 0.08900568181818186 0.06071153846153845
0 0.5031889204545454 0.7318173076923078 0.04762784090909087 0.09175000000000001
0 0.4624573863636364 0.012432692307692395 0.015170454545454555 0.02486538461538463
0 0.21580255681818172 0.5834038461538462 0.048025568181818266 0.12546153846153849
0 0.7553622159090909 0.9887019230769231 0.05586647727272725 0.022596153846153846
0 0.8039630681818182 0.6265673076923077 0.04457386363636363 0.045403846153846183
0 0.1392258522727272 0.3424711538461539 0.038224431818181935 0.053480769230769235
0 0.6603267045454546 0.49859615384615386 0.04042613636363637 0.07923076923076922
0 0.22090198863636357 0.365375 0.042883522727272805 0.0550961538461538
0 0.016413352272727222 0.8808076923076923 0.02061079545454544 0.029653846153846142
0 0.4667755681818182 0.5462788461538461 0.03792613636363635 0.05851923076923078
0 0.5854332386363637 0.7168749999999999 0.04140625000000005 0.04444230769230772
0 0.2651136363636364 0.8743557692307692 0.058778409090909006 0.034634615384615396
0 0.528622159090909 0.4446057692307692 0.018494318181818237 0.024673076923077002
0 0.3186363636363636 0.6129134615384615 0.04295454545454547 0.04298076923076922
0 0.6740411931818182 0.4620961538461539 0.026548295454545453 0.04446153846153847
0 0.25578124999999996 0.905875 0.07329545454545458 0.034634615384615396
0 0.41400568181818187 0.5886634615384616 0.053579545454545414 0.07501923076923081
0 0.7570170454545455 0.043230769230769295 0.024261363636363612 0.02769230769230776
0 0.7745951704545455 0.029067307692307698 0.03359374999999997 0.047596153846153844
0 0.009140624999999902 0.8748750000000001 0.018281250000000006 0.04021153846153846
0 0.13492897727272724 0.4149807692307692 0.032499999999999994 0.0434615384615384
0 0.3480042613636364 0.625576923076923 0.04274147727272732 0.05600000000000001
0 0.1075923295454545 0.6336153846153847 0.04578125000000002 0.06265384615384617
0 0.4764985795454546 0.6159615384615384 0.037713068181818195 0.06561538461538463
0 0.7004261363636364 0.5303076923076924 0.11014204545454544 0.05719230769230771
0 0.7605539772727272 0.3347307692307693 0.042329545454545474 0.04896153846153853
0 0.28102272727272726 0.0427884615384615 0.034602272727272745 0.07696153846153843
0 0.06637073863636356 0.4495192307692307 0.043167613636363615 0.05742307692307695
0 0.7522301136363636 0.6551538461538462 0.026136363636363645 0.03784615384615386
0 0.17757812500000014 0.5491153846153847 0.06478693181818183 0.10315384615384612
0 0.15544744318181813 0.6606730769230769 0.016974431818181722 0.03076923076923077
0 0.6723863636363636 0.09061538461538465 0.027840909090909083 0.06023076923076922
0 0.37533380681818185 0.7206250000000001 0.04862215909090912 0.03259615384615382
0 0.08745738636363631 0.46398076923076914 0.0327556818181819 0.04992307692307688
0 0.6100142045454546 0.9673173076923077 0.03755681818181818 0.05736538461538461
0 0.9870099431818182 0.8176923076923077 0.025980113636363635 0.06788461538461538
0 0.06493607954545444 0.38639423076923074 0.03455965909090915 0.030326923076923043
0 0.8463423295454545 0.3028557692307693 0.051860795454545465 0.06717307692307693
0 0.6291051136363637 0.34879807692307696 0.06494318181818186 0.06344230769230771
0 0.2612002840909091 0.82925 0.06137784090909096 0.0888076923076923
0 0.7643394886363637 0.37875961538461533 0.03308238636363639 0.05501923076923079
0 0.16325284090909098 0.6313942307692307 0.03642045454545453 0.03671153846153847
0 0.3047301136363636 0.023471153846153947 0.028295454545454568 0.04694230769230774
0 0.7261505681818181 0.9325769230769231 0.05096590909090908 0.04503846153846154
0 0.9704261363636364 0.8162115384615385 0.0493465909090909 0.09069230769230771
0 0.34938920454545463 0.6635288461538462 0.04136363636363629 0.04355769230769232
0 0.26256392045454546 0.9416442307692308 0.051917613636363574 0.07590384615384616
0 0.2419105113636365 0.028788461538461596 0.02748579545454549 0.057576923076923074
0 0.1154687499999999 0.4526826923076923 0.04758522727272727 0.06805769230769228
0 0.8124147727272727 0.1579711538461538 0.06113636363636365 0.10855769230769229
0 0.769481534090909 0.6972884615384616 0.04779829545454546 0.0726153846153846
0 0.5062286931818182 0.4892980769230769 0.019076704545454556 0.023057692307692324
0 0.6158309659090909 0.29909615384615384 0.06694602272727272 0.08973076923076928
0 0.5421519886363637 0.9720288461538461 0.02703124999999996 0.05490384615384616
0 0.28779119318181823 0.14558653846153857 0.040894886363636314 0.06832692307692313
0 0.3179048295454545 0.6467307692307693 0.03262784090909095 0.052884615384615384
0 0.1732457386363635 0.655673076923077 0.027940340909090852 0.03038461538461535
0 0.3371661931818182 0.14732692307692308 0.053792613636363645 0.0673461538461538
0 0.32549005681818177 0.025375000000000147 0.04464488636363637 0.05044230769230762
0 0.40327414772727266 0.3989519230769232 0.03291193181818184 0.05105769230769233
0 0.37058948863636365 0.4494807692307693 0.030156250000000027 0.04161538461538459
0 0.0794531249999999 0.3654423076923077 0.025980113636363746 0.029576923076923178
0 0.4106676136363636 0.4527403846153847 0.01835227272727275 0.0210961538461539
0 0.17495738636363645 0.45998076923076925 0.0300852272727272 0.045499999999999936
0 0.22090198863636357 0.42992307692307696 0.040894886363636314 0.05184615384615392
0 0.37237215909090904 0.4012788461538461 0.04747159090909093 0.05201923076923079
0 0.1461647727272729 0.4661153846153846 0.021846590909090902 0.025307692307692246
0 0.4348579545454545 0.06364423076923087 0.062301136363636385 0.06786538461538466
0 0.2544886363636365 0.3153269230769231 0.03963068181818179 0.06696153846153845
0 0.42060369318181823 0.5370576923076923 0.056321022727272775 0.06307692307692304
0 0.3740980113636364 0.5908846153846153 0.031917613636363674 0.06446153846153849
0 0.9295099431818181 0.8463461538461539 0.04686079545454546 0.06469230769230769
0 0.9710511363636364 0.7745576923076923 0.04778409090909091 0.06788461538461538
0 0.9558522727272727 0.27366346153846144 0.04346590909090909 0.04217307692307694
0 0.948565340909091 0.24045192307692298 0.05176136363636363 0.048519230769230696
0 0.9734659090909091 0.22414423076923073 0.05306818181818182 0.1050192307692308
0 0.6619957386363637 0.04876923076923079 0.03745738636363633 0.05607692307692313
0 0.884921875 0.03501923076923075 0.07132102272727274 0.048192307692307805
0 0.07056107954545443 0.6867307692307691 0.06541193181818192 0.048769230769230794
0 0.9087144886363636 0.07498076923076924 0.037315340909090916 0.04111538461538461
0 0.2131676136363635 0.4962596153846154 0.036107954545454485 0.0820961538461539
0 0.7462855113636364 0.017326923076923073 0.024786931818181843 0.032153846153846206
0 0.9603977272727273 0.09134615384615385 0.07920454545454546 0.12723076923076918
0 0.46326704545454545 0.17947115384615386 0.07122159090909089 0.05909615384615388
0 0.4377769886363636 0.1477115384615385 0.06421875000000005 0.060538461538461576
0 0.43359375 0.1127403846153846 0.04826704545454548 0.03628846153846155
0 0.5827982954545454 0.1476346153846153 0.028551136363636317 0.04807692307692308
0 0.4305894886363636 0.7131826923076923 0.06333806818181822 0.09221153846153847
0 0.7594886363636364 0.46199038461538466 0.04985795454545454 0.057711538461538446
0 0.014630681818181723 0.7652019230769231 0.02926136363636367 0.04321153846153849
0 0.07673295454545448 0.6432500000000001 0.024630681818181864 0.030807692307692328
0 0.8052414772727272 0.44080769230769234 0.048522727272727266 0.05323076923076924
0 0.7745880681818182 0.11433653846153857 0.027357954545454533 0.031173076923076883
0 0.24934659090909084 0.6415 0.03218749999999995 0.07723076923076923
0 0.83484375 0.08886538461538473 0.04380681818181819 0.03980769230769229
0 0.8515127840909091 0.17127884615384614 0.07095170454545453 0.08436538461538462
0 0.8970596590909091 0.11252884615384617 0.05840909090909092 0.03590384615384618
0 0.18051136363636366 0.6086826923076922 0.03659090909090908 0.046249999999999965
0 0.2363068181818182 0.9693942307692308 0.029772727272727326 0.061211538461538456
0 0.12571732954545467 0.9358076923076923 0.04634943181818181 0.0843076923076923
0 0.04546874999999995 0.8899615384615385 0.0320170454545454 0.03653846153846154
0 0.21046874999999998 0.959701923076923 0.03161931818181817 0.08059615384615385
0 0.02552556818181817 0.3770192307692307 0.04409090909090904 0.06330769230769234
0 0.10522727272727261 0.3460192307692308 0.03778409090909094 0.04984615384615377
0 0.23483664772727275 0.2720576923076924 0.0324573863636364 0.0541153846153847
0 0.5686079545454545 0.44310576923076916 0.020852272727272737 0.030942307692307644
0 0.5751491477272728 0.3434038461538461 0.018991477272727198 0.025730769230769224
0 0.5908735795454545 0.35542307692307695 0.01492897727272726 0.022807692307692334
0 0.5740767045454545 0.3195961538461538 0.019346590909090914 0.02311538461538458
0 0.7532670454545455 0.6005480769230769 0.05602272727272727 0.0830576923076923
0 0.6552982954545454 0.42738461538461536 0.04999999999999998 0.0625384615384615
0 0.027528409090909034 0.8681346153846154 0.024232954545454467 0.03830769230769231
0 0.6954616477272727 0.43074999999999997 0.045980113636363645 0.08084615384615378
0 0.5140127840909091 0.609326923076923 0.06387784090909095 0.0982307692307692
0 0.47657670454545453 0.6891730769230769 0.04681818181818187 0.07553846153846154
0 0.3665838068181818 0.6946442307692308 0.033252840909090864 0.04109615384615385
0 0.3469673295454545 0.7126538461538461 0.027173295454545447 0.05619230769230769
0 0.3203125 0.7100288461538462 0.028636363636363592 0.05094230769230771
0 0.39995028409090905 0.6988557692307693 0.034076704545454556 0.04951923076923077
0 0.27155539772727266 0.7080288461538462 0.08379261363636373 0.09109615384615385
0 0.5382954545454546 0.6468942307692307 0.03150568181818183 0.054403846153846136
0 0.607528409090909 0.6991442307692308 0.03642045454545453 0.04775000000000002
0 0.19056107954545454 0.7240865384615385 0.04850852272727269 0.0836730769230769
0 0.3392613636363637 0.5723846153846154 0.03724431818181814 0.08565384615384614
0 0.3153551136363636 0.6845288461538461 0.039346590909090894 0.04067307692307694
0 0.29070312499999995 0.6227884615384616 0.035326704545454474 0.052423076923076906
0 0.7848579545454546 0.7820865384615385 0.05840909090909092 0.07994230769230767
0 0.8716122159090909 0.8898942307692308 0.03538352272727272 0.07509615384615385
0 0.8867258522727273 0.9322403846153846 0.030411931818181814 0.06190384615384615
0 0.9226846590909091 0.9363846153846154 0.06906249999999999 0.027192307692307686
0 0.48063210227272724 0.812701923076923 0.048991477272727284 0.07628846153846154
0 0.64390625 0.08268269230769232 0.03579545454545457 0.1020576923076923
0 0.6904261363636364 0.16567307692307687 0.04789772727272727 0.03442307692307699
