0 0.12350142045454537 0.026932692307692352 0.017457386363636473 0.03763461538461537
0 0.13864346590909093 0.03417307692307692 0.01353693181818178 0.02315384615384619
0 0.03448153409090904 0.20577884615384612 0.023792613636363636 0.0539423076923076
0 0.3397159090909091 0.6658942307692308 0.03480113636363636 0.06598076923076918
0 0.04585937500000015 0.2611153846153845 0.027940340909090852 0.028730769230769226
0 0.344325284090909 0.31620192307692296 0.034332386363636384 0.039096153846153815
0 0.9177982954545455 0.28582692307692303 0.04161931818181818 0.03953846153846154
0 0.31071022727272724 0.7691634615384615 0.0429261363636364 0.051057692307692304
0 0.7921519886363637 0.5329423076923077 0.028451704545454547 0.04446153846153847
0 0.18797585227272728 0.9902019230769231 0.017741477272727287 0.019596153846153846
0 0.049744318181818126 0.24360576923076926 0.03673295454545456 0.03432692307692312
0 0.1257102272727273 0.9912692307692308 0.03113636363636374 0.017461538461538462
0 0.5359161931818182 0.6431730769230769 0.02407670454545453 0.02869230769230767
0 0.06267755681818177 0.22819230769230758 0.033622159090909196 0.03992307692307701
0 0.16137073863636364 0.9892115384615384 0.041775568181818136 0.02080769230769231
0 0.03990767045454546 0.20473076923076927 0.016036931818181766 0.05323076923076924
0 0.06345170454545446 0.192125 0.03517045454545453 0.05044230769230762
0 0.009538352272727146 0.04725961538461532 0.019076704545454473 0.040365384615384636
0 0.9702414772727272 0.3451153846153847 0.02215909090909091 0.04392307692307688
0 0.05526988636363628 0.1233653846153846 0.03661931818181814 0.04265384615384617
0 0.009964488636363567 0.12164423076923081 0.019928977272727234 0.027673076923076897
0 0.017627840909090975 0.11355769230769219 0.03525568181818189 0.06457692307692305
0 0.02231534090909093 0.0985673076923077 0.04463068181818176 0.09225000000000005
0 0.6805397727272727 0.32382692307692307 0.023948863636363657 0.027307692307692286
0 0.053572443181818086 0.08531730769230772 0.03492897727272732 0.040365384615384636
0 0.06719460227272733 0.09396153846153854 0.024701704545454527 0.06688461538461533
0 0.19291903409090916 0.6185288461538461 0.04009943181818168 0.05517307692307692
0 0.09019176136363638 0.10645192307692308 0.03322443181818196 0.06421153846153843
0 0.010475852272727293 0.01589423076923069 0.020951704545454544 0.029750000000000054
0 0.10610795454545463 0.00840384615384615 0.0269602272727273 0.016807692307692326
0 0.17286931818181828 0.6386634615384617 0.043977272727272615 0.044673076923076906
0 0.21033380681818192 0.48153846153846147 0.022372159090909092 0.026807692307692303
0 0.11308238636363643 0.03956730769230765 0.030596590909090858 0.06274999999999999
0 0.7247585227272728 0.8771538461538462 0.01815340909090909 0.051307692307692304
0 0.19223721590909093 0.05427884615384615 0.027741477272727234 0.026326923076923074
0 0.05548295454545449 0.7274807692307692 0.03485795454545466 0.04546153846153849
0 0.011803977272727195 0.6360384615384616 0.023607954545454553 0.0381153846153846
0 0.012535511363636398 0.6810961538461539 0.025071022727272695 0.048038461538461516
0 0.00835227272727268 0.6679903846153846 0.016420454545454467 0.025019230769230807
0 0.015248579545454444 0.6437788461538461 0.029616477272727305 0.03374999999999997
0 0.0074289772727272885 0.4113173076923077 0.014857954545454598 0.03751923076923075
0 0.009794034090909065 0.430076923076923 0.01958806818181813 0.038423076923076956
0 0.008103693181818028 0.3769999999999999 0.01620738636363632 0.04392307692307688
0 0.03479403409090909 0.4003365384615384 0.039872159090909 0.06313461538461536
0 0.006413352272727213 0.4639423076923077 0.012826704545454507 0.040269230769230877
0 0.5479545454545454 0.6288173076923077 0.03323863636363633 0.029480769230769255
0 0.017563920454545467 0.44288461538461543 0.028394886363636376 0.02746153846153841
0 0.008103693181818028 0.5051153846153846 0.01620738636363632 0.036615384615384654
0 0.019254261363636505 0.47171153846153835 0.038508522727272745 0.03934615384615381
0 0.03851562500000005 0.4433461538461537 0.03649147727272735 0.03019230769230767
0 0.025674715909090984 0.4877307692307692 0.024332386363636358 0.03661538461538454
0 0.051022727272727386 0.4598173076923078 0.026363636363636447 0.055826923076923135
0 0.06825994318181827 0.4639326923076923 0.024332386363636358 0.03659615384615379
0 0.05949573863636359 0.4932596153846154 0.023849431818181766 0.03536538461538459
0 0.06091619318181818 0.5213173076923077 0.018735795454545533 0.028442307692307676
0 0.041896306818181794 0.5063269230769232 0.02044034090909105 0.0384230769230769
0 0.13258522727272737 0.0558749999999999 0.017102272727272674 0.039557692307692294
0 0.0265696022727272 0.5201634615384615 0.019303977272727316 0.03228846153846158
0 0.012080965909090913 0.5209326923076922 0.019872159090909104 0.030750000000000017
0 0.004197443181818028 0.536298076923077 0.008394886363636318 0.03382692307692303
0 0.018615056818181874 0.5451442307692307 0.02612215909090907 0.031519230769230744
0 0.00789062500000004 0.5662788461538462 0.01578125000000002 0.03382692307692308
0 0.9941122159090909 0.35958653846153854 0.01177556818181818 0.04959615384615389
0 0.024865056818181852 0.5520673076923077 0.018167613636363586 0.028442307692307676
0 0.9941122159090909 0.23666346153846152 0.01177556818181818 0.041326923076923094
0 0.04329545454545458 0.545423076923077 0.020426136363636358 0.026576923076923064
0 0.2341335227272726 0.7070192307692308 0.014744318181818176 0.01957692307692309
0 0.6757883522727273 0.3377307692307693 0.02205965909090909 0.023153846153846084
0 0.9096875 0.29936538461538453 0.04269886363636364 0.0446538461538461
0 0.014176136363636349 0.8842788461538462 0.028352272727272778 0.055403846153846144
0 0.01272727272727281 0.932826923076923 0.025454545454545396 0.1005
0 0.0822656249999999 0.7267115384615384 0.02708806818181825 0.030461538461538467
0 0.08474431818181816 0.7411730769230769 0.04653409090909089 0.03253846153846157
0 0.052705965909090935 0.5391826923076923 0.03365056818181826 0.029288461538461572
0 0.037251420454545436 0.7453076923076923 0.04157670454545452 0.07592307692307693
0 0.07520596590909079 0.6970096153846154 0.05799715909090915 0.041326923076923094
0 0.12537642045454545 0.674548076923077 0.0469176136363636 0.05217307692307697
0 0.12308238636363633 0.7026923076923077 0.04616477272727273 0.034076923076923074
0 0.683203125 0.2841826923076922 0.033082386363636355 0.028326923076923003
0 0.13548295454545456 0.7094038461538461 0.031278409090909065 0.0485384615384615
0 0.10877840909090897 0.7272307692307692 0.02670454545454555 0.026346153846153825
0 0.13490767045454544 0.7455673076923077 0.030894886363636364 0.06921153846153848
0 0.07845170454545458 0.7623461538461538 0.035482954545454574 0.02942307692307689
0 0.11965198863636362 0.7602788461538461 0.033963068181818296 0.04801923076923074
0 0.1244176136363635 0.8134711538461539 0.04426136363636359 0.07178846153846154
0 0.12251420454545459 0.7961826923076923 0.016022727272727234 0.040288461538461516
0 0.1511221590909092 0.794375 0.028238636363636358 0.0800576923076923
0 0.9194247159090909 0.34804807692307693 0.027571022727272732 0.03513461538461535
0 0.9356392045454546 0.3301057692307692 0.023238636363636364 0.034403846153846236
0 0.3594389204545454 0.7597499999999999 0.02552556818181814 0.05261538461538464
0 0.9473224431818181 0.4437788461538461 0.027855113636363636 0.04763461538461535
0 0.9440198863636363 0.3575673076923077 0.03028409090909091 0.03221153846153846
0 0.9550994318181818 0.33852884615384604 0.016761363636363633 0.04098076923076924
0 0.9505113636363637 0.31327884615384605 0.016221590909090908 0.027096153846153798
0 0.9391477272727272 0.3074230769230769 0.017301136363636362 0.022692307692307713
0 0.9110440340909091 0.3301153846153846 0.02595170454545455 0.028538461538461492
0 0.07678977272727261 0.4774615384615384 0.023267045454545447 0.036769230769230665
0 0.29203835227272734 0.07191346153846145 0.015639204545454612 0.032634615384615324
0 0.031164772727272805 0.04218269230769223 0.04906250000000011 0.061596153846153905
0 0.06116477272727261 0.046471153846153745 0.022386363636363784 0.03113461538461538
0 0.29499999999999993 0.2557019230769232 0.03488636363636364 0.059749999999999984
0 0.049048295454545365 0.027576923076923165 0.028210227272727293 0.03403846153846152
0 0.0623295454545455 0.008201923076923023 0.027272727272727337 0.016403846153846102
0 0.07955965909090912 0.5048365384615384 0.02659090909090913 0.028519230769230738
0 0.04046875000000005 0.014826923076923126 0.025767045454545435 0.029653846153846183
0 0.024367897727272658 0.008394230769230737 0.02299715909090917 0.016788461538461575
0 0.09021306818181818 0.06643269230769222 0.050284090909091035 0.028711538461538476
0 0.08944602272727276 0.049000000000000044 0.05301136363636371 0.06438461538461542
0 0.10777698863636365 0.05947115384615387 0.03453124999999992 0.041826923076923074
0 0.2369460227272726 0.03583653846153845 0.028721590909090787 0.03324999999999993
0 0.08823863636363638 0.02091346153846152 0.03301136363636365 0.040173076923077006
0 0.12563920454545463 0.009846153846153838 0.02102272727272737 0.01969230769230771
0 0.33233664772727267 0.26676923076923087 0.032144886363636355 0.04057692307692301
0 0.08808948863636357 0.011894230769230685 0.027258522727272805 0.023788461538461547
0 0.10752130681818173 0.10915384615384616 0.049644886363636266 0.06392307692307694
0 0.13551136363636374 0.13221153846153844 0.03357954545454544 0.040192307692307645
0 0.15327414772727266 0.15626923076923072 0.039900568181818225 0.055346153846153795
0 0.17541193181818182 0.1289230769230768 0.025795454545454663 0.04149999999999997
0 0.18514914772727276 0.14012500000000006 0.024815340909090947 0.0335961538461539
0 0.18004261363636365 0.17306730769230771 0.04088068181818178 0.04282692307692304
0 0.2087500000000001 0.16911538461538456 0.02531250000000007 0.058653846153846154
0 0.20145596590909098 0.1229903846153847 0.02725852272727264 0.03886538461538458
0 0.18027698863636354 0.1035576923076924 0.023849431818181766 0.03030769230769229
0 0.4859588068181818 0.21912500000000001 0.025724431818181837 0.03705769230769227
0 0.2012144886363636 0.09399999999999997 0.02092329545454548 0.03623076923076929
0 0.2993607954545454 0.1715961538461539 0.05994318181818188 0.052384615384615404
0 0.10781960227272724 0.8181346153846154 0.021747159090909015 0.054230769230769235
0 0.30508522727272724 0.17084615384615376 0.03869318181818175 0.03173076923076923
0 0.32497869318181816 0.16826923076923073 0.04578124999999995 0.05753846153846146
0 0.09142045454545455 0.8132211538461538 0.020994318181818142 0.034096153846153825
0 0.3334232954545455 0.17897115384615392 0.03215909090909089 0.058288461538461546
0 0.35058948863636363 0.20036538461538456 0.052315340909090964 0.04353846153846151
0 0.3407812499999999 0.23025000000000007 0.030511363636363583 0.03542307692307695
0 0.36639914772727267 0.24278846153846156 0.05450284090909092 0.06346153846153846
0 0.18305397727272732 0.8854519230769231 0.035965909090909 0.0693653846153846
0 0.30235795454545455 0.2018365384615386 0.04522727272727269 0.03467307692307698
0 0.306171875 0.22581730769230757 0.046321022727272745 0.047211538461538485
0 0.5316193181818182 0.6714903846153846 0.03150568181818183 0.03259615384615388
0 0.7723224431818181 0.8424903846153846 0.05117897727272727 0.06109615384615386
0 0.7656889204545455 0.8609711538461539 0.03032670454545454 0.02413461538461538
0 0.7446448863636363 0.8293942307692308 0.028437500000000015 0.051326923076923076
0 0.7806676136363636 0.8922788461538461 0.032982954545454544 0.03951923076923078
0 0.7609517045454546 0.915375 0.038295454545454556 0.04671153846153846
0 0.7465411931818182 0.8866346153846154 0.029190340909090926 0.02719230769230768
0 0.7325142045454545 0.8961250000000001 0.02616477272727275 0.028750000000000005
0 0.14844460227272738 0.8799134615384615 0.031065340909090914 0.06713461538461539
0 0.7452130681818181 0.9143557692307692 0.019715909090909086 0.033365384615384616
0 0.7277698863636364 0.9210288461538462 0.03488636363636364 0.04259615384615385
0 0.10476562499999997 0.48196153846153844 0.0360085227272726 0.03526923076923083
0 0.7553409090909091 0.8758557692307692 0.01815340909090909 0.032326923076923066
0 0.5516761363636364 0.6536442307692307 0.02349431818181813 0.03567307692307689
0 0.29403409090909094 0.6345480769230769 0.0438920454545455 0.07278846153846152
0 0.2644389204545454 0.625201923076923 0.03205965909090908 0.04340384615384614
0 0.24816051136363626 0.6819711538461539 0.021207386363636293 0.02736538461538465
0 0.2545738636363637 0.6629423076923078 0.033039772727272716 0.08680769230769234
0 0.27677556818181825 0.6572596153846154 0.024176136363636337 0.05544230769230766
0 0.6065340909090908 0.8550673076923077 0.014431818181818136 0.029403846153846166
0 0.28293323863636355 0.6649423076923077 0.030582386363636405 0.044076923076923055
0 0.286640625 0.6842980769230769 0.035014204545454515 0.02671153846153849
0 0.29083096590909097 0.7 0.06313920454545462 0.03003846153846155
0 0.2942826704545455 0.7407307692307692 0.05029829545454541 0.060769230769230784
0 0.36842329545454544 0.6957403846153847 0.02610795454545454 0.054980769230769236
0 0.07615767045454547 0.8028846153846154 0.027855113636363657 0.0351153846153846
0 0.3397159090909091 0.7181153846153847 0.04292613636363632 0.051038461538461526
0 0.4686647727272727 0.7727692307692308 0.057982954545454615 0.05673076923076923
0 0.4520951704545454 0.6939326923076923 0.048224431818181805 0.07059615384615381
0 0.4869318181818182 0.7506634615384615 0.05164772727272729 0.05078846153846156
0 0.39887784090909095 0.7585673076923077 0.02088068181818188 0.04555769230769228
0 0.4978977272727273 0.7130673076923078 0.0696875 0.04155769230769228
0 0.4693963068181819 0.7203173076923077 0.020468750000000036 0.027057692307692293
0 0.5631889204545455 0.754625 0.02291193181818181 0.05078846153846156
0 0.5678196022727273 0.7635288461538461 0.024360795454545423 0.054096153846153835
0 0.5821946022727273 0.7681442307692308 0.021917613636363645 0.03167307692307695
0 0.5948579545454544 0.7622115384615384 0.028749999999999932 0.04484615384615386
0 0.4508238636363636 0.48840384615384624 0.03838068181818179 0.055846153846153886
0 0.4631463068181818 0.5058653846153847 0.02291193181818181 0.05973076923076929
0 0.4809019886363637 0.5012115384615384 0.02177556818181824 0.08146153846153849
0 0.6086860795454545 0.5904230769230769 0.03782670454545454 0.06903846153846155
0 0.17869318181818172 0.9182884615384616 0.05014204545454555 0.03319230769230769
0 0.5940767045454546 0.6253269230769232 0.04755681818181821 0.041115384615384665
0 0.5734446022727273 0.5958461538461539 0.03151988636363636 0.03646153846153842
0 0.5725923295454546 0.5675384615384615 0.03896306818181819 0.02638461538461538
0 0.5591193181818181 0.5935288461538462 0.02349431818181813 0.056634615384615415
0 0.5903551136363636 0.6389038461538462 0.05500000000000004 0.0372307692307692
0 0.5591264204545454 0.6695480769230769 0.038394886363636326 0.07059615384615386
0 0.760909090909091 0.18698076923076923 0.048835227272727266 0.06330769230769234
0 0.891796875 0.017038461538461558 0.024019886363636358 0.03407692307692313
0 0.9058025568181818 0.0172500000000001 0.01632102272727273 0.034499999999999996
0 0.9182741477272727 0.011826923076923013 0.018480113636363645 0.023653846153846175
0 0.5483806818181818 0.9049326923076924 0.027840909090909124 0.041826923076923074
0 0.8492968750000001 0.01528846153846164 0.041065340909090906 0.030576923076923033
0 0.8290198863636363 0.004644230769230706 0.022812500000000003 0.009288461538461617
0 0.7633593750000001 0.16304807692307688 0.0324573863636364 0.05078846153846159
0 0.7542329545454546 0.1321634615384616 0.04258522727272726 0.05078846153846159
0 0.7648792613636364 0.10401923076923081 0.028394886363636376 0.04119230769230772
0 0.7790767045454545 0.07210576923076928 0.0699715909090909 0.07482692307692301
0 0.7461150568181818 0.08342307692307693 0.034474431818181835 0.05080769230769223
0 0.7276136363636363 0.08823076923076922 0.02585227272727275 0.06588461538461536
0 0.7167116477272728 0.1088269230769231 0.024332386363636358 0.05080769230769234
0 0.727109375 0.13697115384615388 0.02484375000000001 0.042557692307692296
0 0.569268465909091 0.9037403846153846 0.02262784090909092 0.041826923076923074
0 0.7065767045454545 0.14417307692307701 0.026363636363636367 0.03638461538461542
0 0.7020099431818181 0.10401923076923081 0.018252840909090903 0.05626923076923086
0 0.6883167613636363 0.11844230769230779 0.019275568181818213 0.05353846153846149
0 0.6840056818181819 0.1568750000000001 0.020795454545454565 0.02609615384615383
0 0.07463778409090904 0.7791346153846154 0.02632102272727269 0.030999999999999982
0 0.7541335227272727 0.5216538461538461 0.03957386363636366 0.0580384615384615
0 0.4323650568181818 0.043567307692307655 0.03941761363636364 0.051134615384615334
0 0.4435724431818181 0.06818269230769225 0.03958806818181819 0.018942307692307737
0 0.46071022727272737 0.0881153846153847 0.025596590909090965 0.022230769230769235
0 0.4322230113636363 0.08288461538461545 0.03910511363636368 0.03007692307692316
0 0.60875 0.7434038461538461 0.03801136363636362 0.0534230769230769
0 0.4534659090909091 0.10544230769230778 0.021732954545454562 0.029423076923076944
0 0.4701207386363636 0.11491346153846149 0.030894886363636364 0.0300576923076923
0 0.45925426136363634 0.13749999999999996 0.023849431818181766 0.03423076923076914
0 0.4361292613636363 0.10779807692307697 0.03291193181818184 0.04455769230769223
0 0.4296875 0.11715384615384616 0.02767045454545457 0.04907692307692304
0 0.44059659090909087 0.14149999999999996 0.027698863636363636 0.025192307692307736
0 0.44336647727272727 0.16507692307692312 0.02375000000000004 0.02626923076923082
0 0.41754971590909096 0.1568846153846155 0.029019886363636373 0.04296153846153841
0 0.6978053977272727 0.419625 0.05714488636363639 0.053519230769230736
0 0.7100994318181818 0.4615576923076923 0.040056818181818166 0.05496153846153843
0 0.5675923295454546 0.30190384615384613 0.01842329545454541 0.029769230769230805
0 0.5795170454545455 0.7265865384615384 0.02241477272727277 0.026403846153846135
0 0.6713778409090909 0.4239615384615385 0.03738636363636363 0.044846153846153834
0 0.6788494318181818 0.44673076923076926 0.06088068181818184 0.07592307692307695
0 0.6689701704545454 0.44891346153846157 0.049673295454545456 0.07013461538461543
0 0.6708380681818182 0.4912115384615384 0.05767045454545454 0.04773076923076927
0 0.3098366477272727 0.7562115384615384 0.040014204545454485 0.05496153846153846
0 0.9153125 0.44543269230769234 0.042045454545454546 0.043019230769230775
0 0.6561079545454546 0.5332788461538462 0.03355113636363637 0.045403846153846183
0 0.09656960227272726 0.7855865384615385 0.03509943181818187 0.027365384615384625
0 0.6629332386363636 0.5276538461538461 0.03532670454545451 0.05184615384615392
0 0.6615980113636364 0.5322788461538461 0.008309659090909083 0.01928846153846154
0 0.16534090909090926 0.8710576923076923 0.0179829545454545 0.05976923076923078
0 0.682080965909091 0.5268461538461537 0.014843749999999984 0.025307692307692302
0 0.8825639204545455 0.46098076923076925 0.041065340909090906 0.052923076923076996
0 0.8857457386363636 0.4828269230769231 0.03274147727272727 0.029115384615384588
0 0.10892045454545463 0.4954615384615384 0.03988636363636369 0.03526923076923072
0 0.9006534090909091 0.4937403846153846 0.024431818181818186 0.043019230769230775
0 0.8771875 0.51425 0.031278409090909086 0.0416923076923077
0 0.8845170454545455 0.5334326923076923 0.03323863636363637 0.037711538461538435
0 0.9136008522727272 0.5043173076923078 0.027855113636363626 0.040365384615384636
0 0.9173366477272727 0.632625 0.050497159090909086 0.0544807692307692
0 0.8830539772727273 0.6820961538461539 0.0353125 0.05557692307692303
0 0.17596590909090903 0.9300961538461539 0.051221590909090835 0.03173076923076923
0 0.9052201704545455 0.679875 0.05336647727272728 0.05001923076923075
0 0.9026278409090909 0.6367115384615385 0.04826704545454546 0.037884615384615364
0 0.870184659090909 0.6424711538461538 0.026363636363636367 0.03294230769230768
0 0.8766690340909091 0.61475 0.030411931818181814 0.025807692307692285
0 0.8766690340909091 0.5930576923076922 0.03203125 0.03403846153846157
0 0.8722017045454545 0.5488557692307692 0.02960227272727273 0.05436538461538458
0 0.7580397727272727 0.4741826923076923 0.02596590909090909 0.04448076923076922
0 0.8501065340909091 0.7529326923076923 0.028366477272727272 0.06875
0 0.7766974431818182 0.45908653846153846 0.05109375 0.0669807692307692
0 0.8067116477272728 0.44838461538461527 0.03731534090909092 0.047769230769230724
0 0.5773224431818182 0.7097596153846153 0.017059659090909077 0.02440384615384615
0 0.7839985795454545 0.49203846153846154 0.03649147727272727 0.041730769230769266
0 0.7711434659090909 0.5377211538461539 0.03194602272727274 0.04198076923076925
0 0.7861292613636364 0.5694423076923076 0.016491477272727293 0.03038461538461535
0 0.7707173295454546 0.5088076923076923 0.03845170454545454 0.0276538461538462
0 0.8101775568181818 0.5090769230769231 0.03484375 0.030384615384615406
0 0.839424715909091 0.49714423076923075 0.046065340909090896 0.02601923076923077
0 0.8368181818181818 0.5199326923076923 0.04647727272727275 0.02928846153846152
0 0.8254048295454546 0.5462403846153847 0.034048295454545456 0.034173076923076945
0 0.8431818181818181 0.7149807692307693 0.027698863636363636 0.03215384615384615
0 0.7472088068181819 0.7243557692307692 0.03759943181818182 0.10448076923076922
0 0.5707883522727273 0.9181826923076923 0.047428977272727255 0.03298076923076923
0 0.7557883522727272 0.715875 0.029673295454545476 0.08394230769230768
0 0.7709588068181819 0.7069423076923077 0.04419034090909093 0.06965384615384615
0 0.8247088068181818 0.6663173076923077 0.04089488636363637 0.03840384615384615
0 0.8062428977272728 0.6926634615384615 0.03825284090909092 0.030365384615384655
0 0.7933806818181819 0.6957788461538461 0.03892045454545456 0.05625
0 0.7993181818181818 0.7408846153846154 0.019119318181818154 0.037500000000000026
0 0.7881036931818182 0.7609711538461539 0.04419034090909089 0.050903846153846154
0 0.9715980113636363 0.2971730769230768 0.025951704545454545 0.05488461538461542
0 0.11393465909090916 0.7791346153846154 0.018693181818181772 0.026846153846153836
0 0.08316051136363645 0.5250961538461538 0.02714488636363638 0.032999999999999995
0 0.13671875 0.9083269230769231 0.03269886363636361 0.048692307692307694
0 0.8306534090909091 0.7667788461538462 0.04485795454545452 0.04821153846153847
0 0.5857386363636363 0.3153076923076924 0.02997159090909094 0.03276923076923081
0 0.9442400568181818 0.8406346153846154 0.034019886363636356 0.0778076923076923
0 0.9253835227272728 0.8786057692307693 0.09011363636363635 0.07532692307692307
0 0.9063068181818181 0.8204134615384615 0.07034090909090908 0.058519230769230754
0 0.9819389204545454 0.9284038461538462 0.03586647727272727 0.07407692307692308
0 0.9914275568181818 0.8857596153846153 0.017144886363636366 0.0323653846153846
0 0.21735795454545448 0.4642403846153845 0.03386363636363641 0.026826923076923054
0 0.9916548295454546 0.905375 0.016690340909090908 0.024288461538461543
0 0.10438920454545453 0.764673076923077 0.018693181818181935 0.027884615384615386
0 0.5924218750000001 0.715701923076923 0.018025568181818177 0.029673076923076937
0 0.9150071022727273 0.9848461538461538 0.056008522727272726 0.030307692307692306
0 0.9539914772727273 0.9858653846153846 0.02346590909090909 0.02826923076923077
0 0.20746448863636358 0.43525961538461544 0.03194602272727274 0.03286538461538457
0 0.43335227272727284 0.6617884615384615 0.046988636363636344 0.05507692307692305
0 0.1905255681818182 0.455153846153846 0.023636363636363778 0.031153846153846133
0 0.08551136363636369 0.683326923076923 0.03204545454545463 0.03150000000000005
0 0.6369247159090909 0.4597596153846154 0.03257102272727274 0.08459615384615386
0 0.1742613636363637 0.033201923076923046 0.025653409090909175 0.030865384615384638
0 0.5784943181818182 0.2318461538461538 0.030710227272727278 0.046538461538461626
0 0.6058735795454545 0.2020288461538461 0.025639204545454562 0.06644230769230772
0 0.5899360795454545 0.8890192307692307 0.0230539772727273 0.04534615384615384
0 0.5993536931818182 0.2392884615384615 0.02291193181818181 0.05149999999999995
0 0.5897230113636365 0.2774615384615384 0.02842329545454544 0.045923076923077025
0 0.6092045454545454 0.2526346153846154 0.02428977272727276 0.05707692307692309
0 0.6236434659090909 0.27311538461538454 0.026576704545454556 0.04096153846153849
0 0.1141832386363636 0.5172211538461537 0.039332386363636444 0.04275000000000004
0 0.08043323863636365 0.5433942307692308 0.0246732954545453 0.026480769230769197
0 0.633955965909091 0.2399134615384615 0.034389204545454556 0.06390384615384619
0 0.6454119318181819 0.27676923076923066 0.02392045454545455 0.03238461538461534
0 0.6074644886363636 0.29892307692307696 0.021178977272727308 0.040961538461538376
0 0.5746022727272727 0.32834615384615384 0.036846590909090905 0.07223076923076924
0 0.39713778409090916 0.7090961538461539 0.030156249999999944 0.05811538461538461
0 0.5755610795454545 0.34397115384615384 0.024474431818181843 0.027557692307692276
0 0.634872159090909 0.3294615384615385 0.03622159090909091 0.04119230769230761
0 0.5908309659090909 0.33652884615384615 0.03575284090909085 0.04394230769230774
0 0.602372159090909 0.3385769230769231 0.02144886363636367 0.03461538461538462
0 0.6240056818181818 0.3195865384615385 0.03440340909090909 0.05332692307692311
0 0.6532102272727274 0.29138461538461535 0.02943181818181818 0.047192307692307735
0 0.6581889204545455 0.3244903846153846 0.025809659090909074 0.034942307692307724
0 0.6563849431818182 0.35053846153846147 0.0185653409090909 0.02819230769230774
0 0.6378196022727273 0.3493173076923076 0.01947443181818179 0.03432692307692301
0 0.6647017045454545 0.38414423076923077 0.027272727272727296 0.04801923076923082
0 0.5849289772727273 0.8657596153846154 0.0208806818181818 0.03651923076923076
0 0.6755965909090909 0.3624423076923078 0.024715909090909097 0.03757692307692312
0 0.09657670454545453 0.6680865384615384 0.02670454545454539 0.01651923076923072
0 0.11301846590909104 0.5503269230769231 0.043281249999999875 0.042846153846153846
0 0.07345880681818173 0.5648173076923078 0.020014204545454592 0.039057692307692314
0 0.10801846590909103 0.6482019230769231 0.033565340909090906 0.03771153846153849
0 0.047386363636363615 0.5648173076923076 0.033039772727272716 0.027711538461538454
0 0.01945312500000007 0.575125 0.03126420454545453 0.03298076923076919
0 0.08284090909090902 0.6567307692307692 0.021363636363636473 0.022730769230769218
0 0.053458806818181825 0.6815192307692308 0.04424715909090922 0.04442307692307691
0 0.32470170454545455 0.3176826923076923 0.01798295454545458 0.039096153846153926
0 0.6928977272727272 0.3058076923076922 0.022812500000000003 0.035538461538461574
0 0.14127130681818167 0.9491923076923077 0.044928977272727266 0.05280769230769231
0 0.9548295454545455 0.2818076923076922 0.032443181818181815 0.04173076923076921
0 0.7368678977272727 0.864423076923077 0.028338068181818166 0.02846153846153847
0 0.30317471590909095 0.3095673076923078 0.03160511363636364 0.06271153846153837
0 0.30126420454545455 0.27303846153846156 0.03869318181818175 0.05311538461538463
0 0.15502130681818183 0.02620192307692304 0.02279829545454539 0.024596153846153775
0 0.03279119318181822 0.5903846153846154 0.045042613636363686 0.023653846153846175
0 0.14808238636363635 0.0481538461538461 0.021022727272727207 0.025076923076923115
0 0.9383451704545455 0.26459615384615376 0.05569602272727272 0.048307692307692315
0 0.14469460227272724 0.005509615384615363 0.017088068181818142 0.011019230769230804
0 0.03853693181818185 0.6059423076923077 0.02803977272727274 0.023653846153846175
0 0.5740553977272727 0.8622211538461538 0.014786931818181774 0.04359615384615385
0 0.1562713068181818 0.011538461538461497 0.021008522727272674 0.023076923076923078
0 0.1799644886363635 0.012019230769230727 0.03419034090909098 0.02403846153846154
0 0.19634943181818187 0.02837500000000004 0.02778409090909083 0.029903846153846066
0 0.19634943181818187 0.01057692307692304 0.02778409090909083 0.021153846153846155
0 0.23072443181818192 0.012499999999999956 0.02102272727272737 0.025
0 0.05807528409090912 0.5925480769230769 0.02299715909090917 0.02924999999999996
0 0.08450994318181804 0.5763653846153846 0.033565340909090906 0.040461538461538445
0 0.21078125000000003 0.013711538461538497 0.021732954545454482 0.027423076923076904
0 0.09531960227272729 0.5763750000000001 0.022059659090909053 0.03921153846153844
0 0.2230610795454545 0.0293461538461538 0.02208806818181812 0.028923076923076853
0 0.6111860795454545 0.7087788461538462 0.03313920454545452 0.036942307692307656
0 0.2514204545454546 0.021778846153846287 0.02193181818181826 0.04090384615384601
0 0.24458806818181822 0.006932692307692334 0.030625000000000083 0.01344230769230771
0 0.12810369318181813 0.09853846153846157 0.02524147727272741 0.05546153846153852
0 0.2077627840909091 0.042230769230769294 0.02316761363636356 0.03138461538461537
0 0.1667897727272728 0.05400000000000005 0.024005681818181787 0.03138461538461537
0 0.14941051136363626 0.07528846153846147 0.03808238636363645 0.03138461538461537
0 0.1767258522727272 0.07473076923076927 0.023991477272727255 0.029115384615384588
0 0.19534801136363633 0.07669230769230773 0.014900568181818195 0.026346153846153932
0 0.14280539772727263 0.09268269230769233 0.0199573863636363 0.036250000000000046
0 0.16373579545454542 0.09960576923076925 0.02482954545454548 0.027673076923076897
0 0.8484588068181818 0.6404134615384616 0.0263778409090909 0.03482692307692305
0 0.11794744318181827 0.5918269230769231 0.024332386363636358 0.051769230769230797
0 0.06585937500000005 0.6448461538461538 0.02098011363636361 0.03100000000000001
0 0.14791903409090912 0.11541346153846155 0.030184659090909092 0.026365384615384575
0 0.966875 0.46197115384615384 0.037642045454545456 0.024480769230769157
0 0.09419744318181822 0.6054230769230768 0.05637784090909082 0.03503846153846154
0 0.06542613636363626 0.6124807692307692 0.023551136363636423 0.034499999999999996
0 0.9128693181818182 0.4662788461538462 0.02150568181818181 0.03836538461538459
0 0.05403409090909084 0.622423076923077 0.023948863636363657 0.02299999999999996
0 0.20388494318181816 0.09664423076923079 0.01947443181818187 0.03228846153846147
0 0.2323579545454545 0.05611538461538457 0.029687499999999967 0.03161538461538461
0 0.8606605113636363 0.6739134615384615 0.02044034090909091 0.04286538461538465
0 0.07662642045454537 0.6326153846153846 0.020468749999999956 0.02980769230769231
0 0.2216477272727272 0.08807692307692305 0.018977272727272745 0.040192307692307645
0 0.24306107954545453 0.08346153846153836 0.024815340909090947 0.029653846153846183
0 0.22968039772727267 0.09630769230769243 0.02044034090909089 0.03953846153846154
0 0.22188920454545458 0.12496153846153846 0.019460227272727174 0.045461538461538435
0 0.2601278409090909 0.02955769230769234 0.03985795454545455 0.0583461538461538
0 0.25572443181818183 0.05685576923076918 0.020852272727272657 0.026365384615384686
0 0.26104403409090904 0.08132692307692313 0.0259517045454546 0.028846153846153848
0 0.27263494318181825 0.08572115384615386 0.024105113636363595 0.0288653846153846
0 0.27171164772727263 0.045875 0.018536931818181834 0.057096153846153845
0 0.5510085227272727 0.7242788461538461 0.03653409090909087 0.04286538461538465
0 0.2858451704545455 0.04681730769230774 0.009730113636363669 0.05144230769230769
0 0.2516761363636365 0.11550961538461535 0.03323863636363633 0.04205769230769232
0 0.27265625000000004 0.11108653846153849 0.023977272727272722 0.033211538461538424
0 0.2429616477272727 0.11403846153846142 0.022343750000000027 0.036153846153846175
0 0.2320596590909091 0.15683653846153844 0.032159090909091054 0.049442307692307765
0 0.22524147727272714 0.19409615384615386 0.022897727272727278 0.025076923076923007
0 0.24186789772727268 0.16457692307692318 0.036519886363636414 0.05607692307692313
0 0.26203125000000005 0.142451923076923 0.02778409090909083 0.04278846153846154
0 0.7897230113636364 0.05013461538461539 0.052741477272727266 0.07757692307692314
0 0.4509375000000001 0.2365384615384616 0.01914772727272722 0.09411538461538473
0 0.5619744318181819 0.6922788461538462 0.029232954545454604 0.029019230769230776
0 0.26775568181818177 0.16938461538461536 0.03596590909090908 0.052384615384615404
0 0.28627840909090907 0.13912500000000005 0.029431818181818222 0.03763461538461537
0 0.3048153409090909 0.13175000000000003 0.03923295454545455 0.02876923076923084
0 0.2947301136363637 0.10444230769230767 0.02997159090909094 0.03173076923076923
0 0.30263494318181816 0.08821153846153851 0.034872159090909106 0.03911538461538468
0 0.32034801136363633 0.12474038461538461 0.028877840909090888 0.041326923076923094
0 0.41865056818181823 0.18208653846153844 0.02681818181818181 0.045942307692307664
0 0.4356107954545455 0.22061538461538466 0.014772727272727241 0.056307692307692364
0 0.10443181818181813 0.6302596153846154 0.034375000000000065 0.03659615384615385
0 0.04051846590909092 0.6449038461538462 0.03399147727272736 0.06065384615384614
0 0.5722088068181819 0.675125 0.04384943181818182 0.04090384615384612
0 0.3255255681818181 0.2829999999999999 0.03596590909090908 0.02876923076923073
0 0.40896306818181816 0.9434423076923077 0.055255681818181863 0.051269230769230775
0 0.36530539772727266 0.27747115384615384 0.043593749999999994 0.03836538461538459
0 0.37953835227272725 0.9417115384615384 0.025071022727272695 0.05196153846153846
0 0.384375 0.7958653846153846 0.04409090909090912 0.04003846153846155
0 0.7328693181818182 0.8281346153846154 0.02659090909090909 0.04461538461538462
0 0.42302556818181813 0.2224615384615385 0.02681818181818181 0.0422307692307693
0 0.4586008522727273 0.21691346153846158 0.013678977272727266 0.045942307692307664
0 0.4640696022727273 0.17652884615384612 0.018053977272727242 0.05705769230769234
0 0.4728267045454545 0.17985576923076918 0.01588068181818183 0.05040384615384611
0 0.3846732954545454 0.6926057692307692 0.03190340909090914 0.06282692307692311
0 0.4741974431818181 0.2043076923076923 0.01862215909090911 0.035576923076923075
0 0.5122372159090909 0.24061538461538468 0.018053977272727326 0.035576923076923075
0 0.4928053977272726 0.25432692307692306 0.029559659090909095 0.024461538461538514
0 0.34493607954545447 0.7868365384615384 0.037116477272727266 0.03771153846153846
0 0.34203835227272716 0.7597499999999999 0.02552556818181814 0.05261538461538464
0 0.5880823863636364 0.02964423076923084 0.04056818181818182 0.04882692307692305
0 0.6380752840909091 0.04974038461538466 0.017286931818181802 0.025019230769230752
0 0.3014275568181818 0.922826923076923 0.026292613636363624 0.03696153846153847
0 0.5524644886363637 0.2702403846153846 0.012968749999999994 0.034403846153846236
0 0.643984375 0.7877596153846154 0.023735795454545464 0.04375
0 0.5946235795454546 0.6820576923076924 0.03703124999999999 0.04815384615384614
0 0.5744886363636363 0.5077884615384616 0.023210227272727316 0.035269230769230775
0 0.5505681818181818 0.2962307692307692 0.02215909090909086 0.02196153846153849
0 0.32837357954545454 0.959375 0.027116477272727316 0.04432692307692307
0 0.5305681818181818 0.31928846153846147 0.018920454545454535 0.062230769230769145
0 0.7300497159090908 0.30237500000000006 0.025553977272727246 0.05794230769230768
0 0.5561008522727273 0.5372884615384615 0.041889204545454556 0.06361538461538459
0 0.9312926136363636 0.5525961538461539 0.018465909090909092 0.034461538461538495
0 0.26249999999999996 0.9207692307692308 0.017187500000000033 0.056115384615384616
0 0.6530823863636364 0.16648076923076938 0.043096590909090876 0.03980769230769229
0 0.9083025568181818 0.5570384615384616 0.030781250000000003 0.05446153846153845
0 0.9333948863636363 0.48116346153846146 0.024431818181818186 0.043019230769230775
0 0.5531676136363637 0.873125 0.03218749999999995 0.05125
0 0.9610653409090909 0.5556442307692308 0.04269886363636363 0.02725000000000003
0 0.29662642045454546 0.8615865384615384 0.013650568181818201 0.03490384615384615
0 0.633046875 0.1908461538461539 0.03143465909090904 0.0405
0 0.5134517045454545 0.16288461538461552 0.02355113636363634 0.03188461538461535
0 0.3480681818181818 0.959375 0.046051136363636384 0.07205769230769231
0 0.9614985795454546 0.5390576923076923 0.021008522727272726 0.029115384615384588
0 0.618096590909091 0.027942307692307766 0.022670454545454518 0.04599999999999992
0 0.9778693181818182 0.5420384615384616 0.019545454545454546 0.03507692307692304
0 0.7073863636363636 0.2504423076923077 0.0269602272727273 0.03350000000000003
0 0.4934161931818182 0.20051923076923073 0.023536931818181808 0.027115384615384548
0 0.5887713068181819 0.6767788461538462 0.02728693181818187 0.04024999999999996
0 0.9938210227272727 0.5291442307692308 0.012357954545454545 0.02382692307692305
0 0.988934659090909 0.5539423076923078 0.022130681818181817 0.032423076923076895
0 0.33497869318181817 0.6419038461538462 0.035014204545454515 0.03673076923076922
0 0.6173366477272728 0.19291346153846156 0.02535511363636359 0.050096153846153756
0 0.28196732954545456 0.940625 0.02274147727272726 0.027365384615384618
0 0.6625426136363637 0.2432692307692308 0.042414772727272745 0.05023076923076924
0 0.5985511363636364 0.5242596153846154 0.0430113636363636 0.02682692307692311
0 0.5051917613636363 0.22221153846153852 0.021036931818181823 0.042038461538461566
0 0.9903409090909091 0.5145865384615385 0.0190625 0.027788461538461515
0 0.9918678977272727 0.48712500000000003 0.016264204545454543 0.02713461538461541
0 0.5622727272727273 0.4244038461538463 0.036676136363636355 0.05973076923076923
0 0.8113707386363636 0.4766538461538462 0.04095170454545456 0.05600000000000001
0 0.6218963068181818 0.16029807692307696 0.03447443181818179 0.024711538461538396
0 0.9734730113636364 0.5072980769230769 0.023451704545454543 0.03705769230769227
0 0.5101988636363637 0.20288461538461533 0.02204545454545452 0.053576923076923105
0 0.6766832386363637 0.25284615384615383 0.037116477272727266 0.044269230769230734
0 0.7594176136363636 0.5703173076923077 0.04616477272727273 0.04463461538461534
0 0.696122159090909 0.27168269230769226 0.01767045454545454 0.04128846153846148
0 0.5678693181818182 0.25248076923076923 0.017840909090909095 0.039192307692307686
0 0.9544105113636364 0.5076346153846154 0.02833806818181818 0.039038461538461564
0 0.6095596590909091 0.43837499999999996 0.023267045454545447 0.038980769230769194
0 0.4258451704545454 0.8623846153846154 0.03990056818181815 0.045730769230769235
0 0.942684659090909 0.5288076923076923 0.018579545454545453 0.031115384615384628
0 0.3959730113636364 0.8228557692307692 0.04521306818181816 0.03817307692307694
0 0.9233735795454545 0.5221826923076924 0.022968750000000003 0.04036538461538458
0 0.6413920454545454 0.38548076923076924 0.02017045454545453 0.06800000000000003
0 0.7604048295454545 0.6185384615384615 0.025724431818181796 0.07680769230769235
0 0.3881534090909091 0.7675961538461539 0.046988636363636344 0.06203846153846152
0 0.42266335227272733 0.8178557692307692 0.039446022727272705 0.05417307692307693
0 0.3548721590909091 0.8180865384615384 0.04051136363636361 0.033403846153846166
0 0.4301988636363636 0.7770192307692307 0.04872159090909092 0.04946153846153846
0 0.5407599431818182 0.23660576923076915 0.027059659090909106 0.035557692307692214
0 0.5453693181818182 0.44108653846153845 0.02349431818181813 0.06205769230769227
0 0.623828125 0.4005480769230768 0.026065340909090903 0.06886538461538462
0 0.4296235795454546 0.7452115384615384 0.026690340909090938 0.051846153846153833
0 0.7798650568181819 0.620326923076923 0.03825284090909092 0.07323076923076925
0 0.5483309659090909 0.2232980769230769 0.035781249999999994 0.03471153846153848
0 0.4113565340909091 0.7236153846153845 0.02146306818181812 0.060461538461538455
0 0.5329048295454546 0.19983653846153837 0.025383522727272734 0.06375000000000007
0 0.6771661931818183 0.1136346153846155 0.03143465909090908 0.07688461538461532
0 0.4367471590909091 0.7137211538461539 0.04872159090909092 0.07190384615384618
0 0.39509943181818175 0.8486923076923076 0.03758522727272724 0.05007692307692309
0 0.25264914772727276 0.9395865384615385 0.018707386363636468 0.03763461538461539
0 0.5310440340909091 0.4434134615384616 0.025781250000000047 0.04963461538461539
0 0.3175852272727273 0.8149134615384616 0.04463068181818184 0.044519230769230755
0 0.2861718750000001 0.8025865384615385 0.02759943181818183 0.034173076923076945
0 0.7950355113636364 0.5895096153846153 0.040894886363636355 0.01875
0 0.577890625 0.5472596153846154 0.027741477272727313 0.04367307692307694
0 0.2911647727272727 0.8260288461538461 0.01761363636363641 0.03021153846153845
0 0.6056250000000001 0.5522403846153847 0.04019886363636365 0.035250000000000024
0 0.2744247159090909 0.8240480769230769 0.01938920454545451 0.040557692307692315
0 0.2515269886363637 0.8467115384615385 0.04521306818181824 0.04292307692307694
0 0.24036931818181817 0.8701538461538462 0.04639204545454541 0.02465384615384617
0 0.23667613636363638 0.8920576923076923 0.05963068181818185 0.03188461538461538
0 0.5207315340909091 0.43217307692307694 0.02921874999999999 0.05973076923076923
0 0.9483025568181818 0.49043269230769226 0.032741477272727276 0.04698076923076924
0 0.5654332386363636 0.48594230769230773 0.01867897727272724 0.029884615384615315
0 0.5793607954545454 0.4774615384615384 0.01375000000000001 0.03738461538461538
0 0.5304758522727273 0.47560576923076925 0.03265625000000001 0.028711538461538365
0 0.8428053977272727 0.4739134615384616 0.0373153409090909 0.04501923076923071
0 0.6255184659090909 0.8199038461538461 0.03166193181818177 0.033038461538461524
0 0.5814275568181818 0.11189423076923077 0.028025568181818207 0.0508653846153847
0 0.6462357954545455 0.13833653846153848 0.03346590909090905 0.028826923076923094
0 0.24481534090909096 0.9758557692307692 0.021221590909090985 0.02805769230769231
0 0.612137784090909 0.0921249999999999 0.03339488636363635 0.03228846153846158
0 0.1662499999999999 0.4469423076923076 0.04153409090909092 0.05796153846153854
0 0.8982457386363636 0.5486923076923077 0.034474431818181814 0.05780769230769231
0 0.656377840909091 0.09955769230769229 0.04968749999999999 0.0267692307692308
0 0.92390625 0.5745384615384614 0.02258522727272728 0.027230769230769225
0 0.3037002840909091 0.8270288461538462 0.028821022727272674 0.04105769230769232
0 0.6833096590909091 0.18135576923076924 0.01767045454545454 0.02571153846153847
0 0.27969460227272724 0.9259038461538461 0.01819602272727273 0.04038461538461539
0 0.6231605113636363 0.14005769230769238 0.021803977272727305 0.0267692307692308
0 0.30647727272727276 0.881423076923077 0.03437499999999998 0.05542307692307691
0 0.6482741477272727 0.8074038461538462 0.04419034090909093 0.06519230769230767
0 0.8986576704545455 0.5970576923076922 0.032031250000000004 0.037807692307692355
0 0.18801846590909088 0.47634615384615386 0.027571022727272843 0.0285384615384616
0 0.31987215909090905 0.8903173076923077 0.014659090909090981 0.051326923076923076
0 0.6687286931818182 0.1798653846153846 0.015014204545454535 0.031115384615384628
0 0.8475142045454546 0.6801634615384615 0.02167613636363637 0.04286538461538465
0 0.9528480113636364 0.5887115384615385 0.04106534090909091 0.034461538461538495
0 0.9563352272727272 0.5667596153846154 0.044744318181818184 0.019442307692307717
0 0.31002130681818185 0.9587596153846154 0.016178977272727255 0.06775
0 0.2834872159090909 0.8838269230769231 0.013650568181818201 0.04653846153846154
0 0.9275994318181818 0.5992788461538461 0.028323863636363633 0.03113461538461538
0 0.31330965909090913 0.8451538461538461 0.021732954545454562 0.03353846153846153
0 0.7053196022727273 0.17924038461538472 0.033252840909090906 0.04501923076923082
0 0.16177556818181815 0.4754807692307692 0.03386363636363625 0.02334615384615382
0 0.28323153409090907 0.8543942307692307 0.014161931818181777 0.027365384615384625
0 0.26933238636363643 0.8619230769230769 0.016676136363636376 0.03830769230769231
0 0.7229829545454546 0.165875 0.02701704545454547 0.04221153846153855
0 0.6705681818181819 0.06660576923076922 0.04056818181818182 0.04736538461538461
0 0.6302627840909091 0.11774038461538461 0.03092329545454547 0.03844230769230771
0 0.6107457386363637 0.13148076923076923 0.021292613636363568 0.04392307692307698
0 0.2958664772727272 0.949173076923077 0.014147727272727244 0.03215384615384615
0 0.7440269886363637 0.2154711538461539 0.04416193181818182 0.056980769230769224
0 0.4961150568181818 0.12538461538461532 0.021036931818181823 0.051269230769230706
0 0.4780397727272727 0.13824999999999998 0.015795454545454553 0.03769230769230773
0 0.6723579545454546 0.29601923076923076 0.023579545454545447 0.03346153846153842
0 0.508125 0.4663076923076923 0.01775568181818182 0.027153846153846164
0 0.7124786931818181 0.29674999999999996 0.01788352272727273 0.06315384615384621
0 0.7102059659090909 0.33026923076923076 0.02473011363636363 0.0648846153846154
0 0.27134943181818183 0.8797115384615385 0.012642045454545421 0.03011538461538461
0 0.3219034090909091 0.6292115384615384 0.03156250000000004 0.047423076923076915
0 0.6607741477272727 0.192125 0.025639204545454562 0.03290384615384607
0 0.2106960227272726 0.06533653846153853 0.019460227272727174 0.027673076923077005
0 0.5125213068181818 0.12481730769230759 0.039559659090909124 0.059250000000000004
0 0.5306178977272726 0.046192307692307644 0.04447443181818182 0.09238461538461543
0 0.6965127840909091 0.3500865384615385 0.021690340909090885 0.0550961538461538
0 0.5183522727272727 0.03466346153846145 0.05735795454545454 0.0693269230769231
0 0.16401278409090914 0.5075 0.038338068181818195 0.04757692307692315
0 0.5106676136363637 0.0169903846153846 0.029517045454545417 0.033750000000000134
0 0.5282244318181819 0.0981249999999999 0.030056818181818136 0.0705192307692308
0 0.47700284090909095 0.014971153846153773 0.04946022727272734 0.029942307692307678
0 0.6490625 0.21964423076923079 0.028721590909090947 0.03648076923076917
0 0.6421803977272726 0.08376923076923071 0.029417613636363606 0.03088461538461539
0 0.28525568181818184 0.9679903846153846 0.017187500000000033 0.02875
0 0.4996519886363636 0.030778846153846184 0.026605113636363663 0.023057692307692324
0 0.3122869318181819 0.6739519230769231 0.029090909090909035 0.04205769230769226
0 0.4813636363636363 0.03583653846153845 0.025767045454545435 0.01744230769230768
0 0.575234375 0.44372115384615385 0.015383522727272704 0.03578846153846157
0 0.19723721590909093 0.5062019230769231 0.03450284090909086 0.05190384615384612
0 0.5027201704545454 0.08911538461538471 0.033735795454545456 0.0595384615384615
0 0.5953551136363636 0.4586730769230769 0.01696022727272727 0.021884615384615377
0 0.5525142045454545 0.06896153846153852 0.028551136363636317 0.09357692307692313
0 0.3004119318181818 0.885875 0.0293181818181818 0.047903846153846144
0 0.5682954545454546 0.05473076923076925 0.036051136363636355 0.06646153846153846
0 0.6129190340909091 0.47496153846153855 0.04024147727272733 0.06088461538461543
0 0.2810369318181819 0.9896442307692308 0.03008522727272728 0.020711538461538462
0 0.4924502840909091 0.07687500000000003 0.029815340909090923 0.029788461538461555
0 0.7458451704545455 0.20034615384615384 0.04884943181818184 0.06050000000000007
0 0.5560298295454545 0.10863461538461539 0.03154829545454551 0.04273076923076928
0 0.17024147727272732 0.310298076923077 0.029034090909090985 0.0734807692307692
0 0.6502911931818183 0.056653846153846166 0.013196022727272716 0.02334615384615382
0 0.4758380681818182 0.10036538461538458 0.022982954545454556 0.03703846153846152
0 0.5322372159090909 0.14626923076923082 0.029048295454545438 0.04611538461538465
0 0.7105113636363636 0.20491346153846146 0.04468750000000001 0.04290384615384616
0 0.7275497159090909 0.259 0.020667613636363654 0.04392307692307698
0 0.4886647727272727 0.1689807692307692 0.03105113636363638 0.0386538461538462
0 0.43752840909090907 0.1847692307692308 0.018607954545454497 0.034999999999999976
0 0.4528480113636364 0.18495192307692299 0.015326704545454494 0.029442307692307698
0 0.47609375 0.05468269230769229 0.028323863636363633 0.032249999999999966
0 0.6835227272727273 0.21844230769230777 0.04727272727272727 0.04965384615384614
0 0.13962357954545468 0.3376442307692308 0.033451704545454646 0.030750000000000017
0 0.46890624999999997 0.0691346153846154 0.027102272727272704 0.03334615384615391
0 0.45617897727272727 0.039673076923076867 0.032017045454545486 0.04557692307692317
0 0.469034090909091 0.2634423076923077 0.050852272727272746 0.09149999999999997
0 0.6617045454545454 0.039153846153846206 0.02991477272727273 0.034999999999999976
0 0.30166903409090906 0.9826634615384615 0.022343750000000027 0.034673076923076925
0 0.4716051136363636 0.28828846153846155 0.04184659090909096 0.0488076923076923
0 0.5032599431818182 0.2856153846153846 0.024872159090909077 0.05196153846153843
0 0.5181321022727272 0.28964423076923074 0.02001420454545451 0.08490384615384611
0 0.6413494318181818 0.02472115384615392 0.047698863636363616 0.03955769230769218
0 0.2743821022727273 0.9040096153846153 0.017684659090908994 0.021211538461538462
0 0.1516122159090909 0.31243269230769233 0.013252840909090806 0.021365384615384533
0 0.5874076704545454 0.4810288461538461 0.014417613636363685 0.03998076923076916
0 0.5292187500000001 0.2610961538461538 0.018380681818181813 0.06296153846153849
0 0.544346590909091 0.2724423076923076 0.018380681818181813 0.0446538461538461
0 0.605859375 0.5116923076923077 0.03992897727272721 0.05496153846153843
0 0.5581392045454545 0.25157692307692314 0.013522727272727247 0.03953846153846154
0 0.5770596590909092 0.038451923076923133 0.05258522727272725 0.0515192307692307
0 0.5640838068181818 0.2834230769230769 0.011349431818181831 0.030000000000000044
0 0.5495241477272728 0.1776826923076923 0.022656249999999985 0.03551923076923071
0 0.5882173295454546 0.398826923076923 0.02862215909090914 0.04303846153846153
0 0.23172585227272724 0.9804903846153846 0.028451704545454506 0.039019230769230764
0 0.14499289772727275 0.3184134615384616 0.018934659090909148 0.01624999999999998
0 0.5700923295454545 0.4087211538461538 0.05086647727272728 0.03528846153846147
0 0.8088778409090909 0.6448846153846154 0.04221590909090909 0.04553846153846155
0 0.6190482954545455 0.3764423076923077 0.02670454545454539 0.0636923076923077
0 0.9286008522727273 0.7861730769230769 0.057002840909090906 0.047307692307692294
0 0.6182599431818181 0.8016057692307692 0.0263778409090909 0.058942307692307676
0 0.9663068181818182 0.7973846153846154 0.0330965909090909 0.04107692307692307
0 0.9658451704545454 0.8235288461538461 0.021150568181818177 0.022403846153846163
0 0.9870596590909091 0.818548076923077 0.025880681818181817 0.039826923076923065
0 0.9914275568181818 0.7980096153846155 0.017144886363636366 0.03609615384615384
0 0.45139204545454537 0.42091346153846154 0.04068181818181824 0.03878846153846146
0 0.1364630681818183 0.30774038461538455 0.017045454545454544 0.022211538461538484
0 0.4445241477272728 0.4434134615384616 0.02921874999999999 0.05275000000000001
0 0.5566832386363636 0.1986826923076923 0.041747159090909154 0.03874999999999996
0 0.5362357954545454 0.34490384615384617 0.034602272727272745 0.08711538461538464
0 0.9766477272727273 0.84375 0.03815340909090909 0.026769230769230747
0 0.26073863636363626 0.9594423076923076 0.019715909090909086 0.03353846153846153
0 0.5470596590909091 0.35734615384615387 0.020539772727272778 0.07099999999999992
0 0.9759588068181818 0.8705192307692308 0.03953125 0.04296153846153847
0 0.5535440340909092 0.37638461538461543 0.018394886363636346 0.032923076923076826
0 0.5689488636363635 0.3756538461538462 0.019999999999999976 0.04173076923076921
0 0.25416903409090896 0.9870769230769231 0.027798295454545527 0.025846153846153845
0 0.12573863636363636 0.3299519230769231 0.02713068181818185 0.02394230769230767
0 0.561455965909091 0.16720192307692305 0.029815340909090923 0.03874999999999996
0 0.5161505681818181 0.6489903846153846 0.03380681818181812 0.051211538461538454
0 0.503252840909091 0.6835096153846154 0.06073863636363635 0.05351923076923079
0 0.5912642045454546 0.07799038461538466 0.04411931818181811 0.029865384615384565
0 0.5626420454545455 0.13610576923076922 0.04411931818181818 0.03471153846153848
0 0.5913991477272728 0.3682596153846154 0.03370738636363631 0.02840384615384612
0 0.5859019886363637 0.1676057692307692 0.02504261363636363 0.03632692307692316
0 0.7237357954545454 0.2292115384615384 0.038437500000000006 0.025730769230769224
0 0.47116477272727275 0.6571442307692308 0.05500000000000004 0.044211538461538476
0 0.8154758522727272 0.6511346153846154 0.04353693181818181 0.03838461538461534
0 0.12036931818181817 0.3188461538461539 0.022727272727272728 0.0273461538461539
0 0.5856036931818182 0.19989423076923085 0.018480113636363624 0.039557692307692294
0 0.59140625 0.441048076923077 0.01775568181818182 0.04005769230769228
0 0.5915696022727273 0.15468269230769227 0.028025568181818127 0.033096153846153914
0 0.596328125 0.13812499999999994 0.01967329545454549 0.029057692307692333
0 0.6002059659090909 0.11350961538461535 0.02862215909090906 0.025019230769230752
0 0.27159801136363626 0.9717596153846154 0.01819602272727281 0.048596153846153844
0 0.5600639204545454 0.459125 0.026036931818181796 0.028365384615384615
0 0.5095525568181818 0.4205288461538461 0.02177556818181816 0.06282692307692311
0 0.22919034090909096 0.9124230769230769 0.05142045454545461 0.02973076923076923
0 0.7904190340909091 0.6252403846153847 0.04353693181818183 0.0544807692307692
0 0.13525568181818182 0.011740384615384625 0.021022727272727207 0.02267307692307685
0 0.12731534090909102 0.28637499999999994 0.023977272727272722 0.04101923076923074
0 0.9732315340909091 0.4864519230769231 0.02200284090909091 0.024480769230769264
0 0.9847798295454545 0.4685961538461537 0.03044034090909091 0.02315384615384619
0 0.7923934659090909 0.6399711538461539 0.04484374999999999 0.04821153846153845
0 0.9925994318181818 0.44080769230769234 0.014801136363636364 0.039038461538461564
0 0.4963778409090909 0.4147115384615384 0.019488636363636402 0.055846153846153886
0 0.4823366477272727 0.39919230769230774 0.017769886363636352 0.046538461538461515
0 0.978671875 0.43716346153846153 0.04265625 0.034403846153846125
0 0.7241264204545454 0.7212307692307692 0.03365056818181818 0.08573076923076922
0 0.8636292613636364 0.7417692307692307 0.023735795454545447 0.075
0 0.8764914772727272 0.7082884615384615 0.037585227272727284 0.05626923076923075
0 0.15129971590909086 0.2825288461538462 0.025241477272727245 0.040173076923076895
0 0.4840553977272727 0.4333269230769231 0.022343749999999944 0.02638461538461533
0 0.8326278409090909 0.6962307692307692 0.026392045454545453 0.0393076923076923
0 0.4872088068181818 0.4449615384615384 0.02407670454545461 0.027923076923076887
0 0.2199502840909091 0.942173076923077 0.024957386363636435 0.05138461538461538
0 0.4909375 0.45970192307692304 0.030369318181818174 0.0294807692307692
0 0.7438352272727273 0.26031730769230776 0.02562500000000003 0.0652115384615384
0 0.23742897727272738 0.93 0.0179829545454545 0.02569230769230769
0 0.501825284090909 0.4880192307692307 0.028082386363636417 0.033346153846153796
0 0.6228693181818181 0.0638653846153846 0.0429261363636364 0.029076923076923087
0 0.4912215909090909 0.49305769230769225 0.020624999999999973 0.04500000000000001
0 0.012322443181818077 0.21934615384615386 0.024644886363636397 0.032038461538461474
0 0.6591690340909091 0.11156730769230772 0.038025568181818195 0.03432692307692312
0 0.4662997159090909 0.4492307692307693 0.025781250000000047 0.02403846153846154
0 0.8260369318181818 0.722125 0.032982954545454565 0.04821153846153845
0 0.46543323863636354 0.40618269230769233 0.028650568181818204 0.06205769230769238
0 0.2385156249999999 0.9512115384615385 0.026747159090909148 0.021846153846153845
0 0.818778409090909 0.740875 0.018465909090909113 0.033942307692307674
0 0.6079261363636363 0.3945192307692307 0.018437500000000027 0.065423076923077
0 0.352421875 0.9385865384615385 0.030184659090909092 0.031865384615384615
0 0.3414133522727273 0.8675865384615384 0.01842329545454541 0.047788461538461544
0 0.3644389204545455 0.8512980769230769 0.019446022727272725 0.036019230769230776
0 0.005340909090909118 0.2495576923076923 0.010681818181818155 0.029423076923076944
0 0.35114346590909085 0.8866346153846154 0.025582386363636352 0.027692307692307704
0 0.3444815340909091 0.9074134615384616 0.021491477272727266 0.03463461538461538
0 0.3782599431818181 0.8630865384615385 0.01637784090909095 0.07898076923076924
0 0.33144176136363634 0.8831730769230769 0.012798295454545442 0.05126923076923076
0 0.34730113636363635 0.8523461538461539 0.018920454545454615 0.042269230769230746
0 0.36034801136363626 0.8845576923076923 0.019446022727272725 0.03880769230769232
0 0.3831178977272728 0.8980673076923077 0.02916193181818186 0.051942307692307704
0 0.32939630681818177 0.9195480769230769 0.018934659090909068 0.03394230769230769
0 0.3306747159090908 0.8474903846153846 0.01637784090909095 0.040865384615384616
0 0.3173508522727272 0.9286538461538462 0.017684659090909074 0.03626923076923077
0 0.17536221590909096 0.9561346153846154 0.04688920454545453 0.03788461538461538
0 0.35446732954545446 0.9122596153846154 0.031207386363636323 0.023557692307692307
0 0.4943963068181817 0.5694807692307693 0.0283096590909091 0.03296153846153844
0 0.5317613636363636 0.49131730769230775 0.022642045454545453 0.023750000000000045
0 0.5529829545454545 0.5066346153846155 0.028863636363636355 0.039076923076923065
0 0.5255255681818183 0.5710096153846154 0.04414772727272725 0.03140384615384618
0 0.4829119318181818 0.6253269230769232 0.06818181818181818 0.036461538461538476
0 0.5319034090909092 0.5977884615384615 0.03093750000000004 0.05430769230769233
0 0.50640625 0.6377403846153846 0.032670454545454544 0.038019230769230736
0 0.5119460227272727 0.5422692307692307 0.05321022727272724 0.03219230769230765
0 0.5155397727272728 0.5972500000000001 0.028977272727272695 0.024615384615384636
0 0.42405539772727274 0.904298076923077 0.030184659090909092 0.03809615384615385
0 0.5300568181818182 0.512 0.024914772727272758 0.03907692307692312
0 0.4845454545454545 0.5999903846153847 0.043806818181818225 0.05017307692307693
0 0.5060014204545455 0.5158365384615384 0.03339488636363635 0.05286538461538458
0 0.5515696022727272 0.4821153846153846 0.024900568181818142 0.020692307692307677
0 0.4038423295454545 0.8873269230769231 0.025582386363636352 0.033269230769230766
0 0.39872869318181814 0.9115673076923076 0.021491477272727266 0.029096153846153838
0 0.710028409090909 0.8585576923076923 0.02508522727272727 0.02434615384615384
0 0.7002911931818181 0.8666730769230769 0.03109374999999998 0.07100000000000002
0 0.5585156250000001 0.31735576923076914 0.02171874999999995 0.029403846153846194
0 0.8415340909090909 0.617201923076923 0.021761363636363627 0.040173076923076895
0 0.019076704545454626 0.28847115384615385 0.037414772727272776 0.03798076923076923
0 0.00963068181818183 0.27201923076923074 0.01926136363636356 0.027692307692307648
0 0.021143465909090886 0.25096153846153846 0.021974431818181858 0.03361538461538465
0 0.8600071022727273 0.6015673076923077 0.016491477272727272 0.051788461538461554
0 0.031491477272727386 0.273048076923077 0.023011363636363538 0.045480769230769186
0 0.8468110795454545 0.5854999999999999 0.019133522727272725 0.03392307692307695
0 0.8290056818181818 0.6042596153846154 0.021761363636363627 0.05536538461538466
0 0.015688920454545507 0.2397499999999999 0.03137784090909095 0.019615384615384594
0 0.3579545454545454 0.2992403846153846 0.035426136363636444 0.03467307692307698
0 0.5761150568181819 0.2702596153846153 0.01953125 0.03425
0 0.8237286931818182 0.5975576923076924 0.025724431818181816 0.0491153846153846
0 0.8649502840909091 0.5685384615384614 0.01978693181818183 0.025
0 0.8560440340909091 0.5502211538461539 0.02044034090909091 0.04732692307692305
0 0.8382315340909091 0.5533557692307692 0.025724431818181816 0.046442307692307706
0 0.37306107954545453 0.7373557692307693 0.03538352272727268 0.032980769230769244
0 0.8101988636363636 0.5703173076923077 0.032982954545454524 0.025019230769230752
0 0.7993181818181818 0.5591538461538461 0.01781250000000003 0.027692307692307704
0 0.8073792613636364 0.5315865384615385 0.01723011363636363 0.029826923076923115
0 0.3571164772727272 0.6745384615384615 0.026676136363636405 0.039269230769230744
0 0.7055326704545455 0.8294038461538461 0.0423153409090909 0.04715384615384614
