0 0.34200284090909083 0.9931442307692308 0.04076704545454544 0.01371153846153846
0 0.08063210227272744 0.17247115384615375 0.022940340909090876 0.016711538461538458
0 0.8699644886363637 0.838798076923077 0.04336647727272727 0.052442307692307684
0 0.8855823863636364 0.8446634615384615 0.06707386363636364 0.060288461538461555
0 0.8874573863636364 0.7951442307692308 0.04480113636363636 0.04109615384615383
0 0.8740127840909091 0.769125 0.04683238636363638 0.05401923076923075
0 0.8422159090909092 0.7611057692307692 0.024857954545454544 0.054403846153846164
0 0.8430823863636363 0.7313557692307693 0.021960227272727284 0.020749999999999984
0 0.81546875 0.7401634615384616 0.03613636363636363 0.07201923076923078
0 0.8095454545454546 0.791826923076923 0.021960227272727284 0.03523076923076922
0 0.8279048295454545 0.7869326923076922 0.029786931818181796 0.05282692307692308
0 0.8468394886363637 0.8074807692307693 0.038735795454545446 0.04150000000000002
0 0.060269886363636505 0.17538461538461547 0.024090909090908982 0.025615384615384602
0 0.8361434659090909 0.838798076923077 0.026605113636363642 0.05009615384615384
0 0.8912144886363637 0.8635192307692308 0.05467329545454545 0.046807692307692314
0 0.9097372159090908 0.8745 0.04373579545454545 0.06492307692307692
0 0.9234872159090909 0.8749807692307693 0.035269886363636364 0.05538461538461538
0 0.9587571022727273 0.8682884615384615 0.03808238636363636 0.03915384615384615
0 0.96140625 0.8420288461538461 0.027159090909090907 0.021019230769230755
0 0.9565198863636364 0.8013846153846154 0.028494318181818187 0.037884615384615364
0 0.9687642045454545 0.7929326923076923 0.025994318181818184 0.04263461538461539
0 0.9876917613636363 0.7810865384615384 0.024275568181818183 0.03771153846153846
0 0.9878693181818182 0.8127403846153847 0.018920454545454546 0.028519230769230793
0 0.13024857954545443 0.21227884615384618 0.04646306818181807 0.026403846153846187
0 0.9865767045454545 0.8875961538461539 0.026846590909090907 0.034192307692307695
0 0.9593821022727272 0.8812115384615384 0.04896306818181818 0.028307692307692305
0 0.9600284090909091 0.8223557692307693 0.026363636363636367 0.021480769230769206
0 0.9815980113636363 0.8277211538461539 0.018622159090909092 0.031211538461538468
0 0.9851988636363637 0.8558076923076923 0.022869318181818178 0.03446153846153847
0 0.8037784090909091 0.9650576923076923 0.03267045454545452 0.06988461538461539
0 0.9011647727272727 0.9259134615384615 0.037017045454545455 0.05390384615384615
0 0.9929474431818182 0.8380961538461539 0.014105113636363636 0.07973076923076923
0 0.9009588068181819 0.5575 0.02504261363636365 0.05457692307692307
0 0.8808096590909091 0.5622788461538462 0.02573863636363637 0.06659615384615383
0 0.1126136363636363 0.20780769230769236 0.016335227272727272 0.01746153846153854
0 0.8596235795454545 0.5809326923076923 0.03393465909090909 0.052096153846153855
0 0.8476704545454545 0.6248653846153847 0.030056818181818178 0.0598076923076923
0 0.847215909090909 0.6725096153846153 0.029147727272727266 0.06628846153846153
0 0.9026633522727272 0.599125 0.01845170454545454 0.043480769230769205
0 0.8899147727272727 0.6103749999999999 0.01798295454545454 0.054250000000000013
0 0.9114417613636363 0.5813942307692308 0.02049715909090909 0.04686538461538462
0 0.9373721590909091 0.617173076923077 0.02482954545454545 0.03592307692307694
0 0.9607599431818181 0.48577884615384614 0.05367897727272728 0.04698076923076924
0 0.9878338068181818 0.4725769230769231 0.02433238636363636 0.03669230769230766
0 0.9164275568181818 0.5223076923076924 0.038224431818181824 0.06715384615384619
0 0.3782173295454545 0.057528846153846125 0.024900568181818142 0.020826923076923045
0 0.9381178977272727 0.5167980769230769 0.02086647727272727 0.04440384615384616
0 0.9253764204545455 0.5588269230769232 0.02413352272727273 0.037423076923076885
0 0.9345951704545454 0.5683750000000001 0.029559659090909095 0.027173076923076914
0 0.9324289772727272 0.5889230769230769 0.022500000000000006 0.02423076923076922
0 0.9187286931818182 0.614625 0.022769886363636364 0.04698076923076924
0 0.93296875 0.6469230769230769 0.021420454545454545 0.027153846153846164
0 0.8963636363636364 0.6926153846153846 0.05232954545454545 0.049538461538461524
0 0.8771164772727273 0.6841826923076924 0.03389204545454545 0.059826923076923104
0 0.9159872159090909 0.19053846153846155 0.030696022727272728 0.04807692307692308
0 0.8783238636363636 0.1900480769230769 0.050852272727272725 0.047096153846153864
0 0.04587357954545468 0.5137884615384616 0.01978693181818175 0.05538461538461541
0 0.8551704545454546 0.19784615384615378 0.04102272727272729 0.04449999999999998
0 0.8358664772727273 0.1962307692307692 0.029261363636363627 0.06138461538461541
0 0.8477414772727273 0.23779807692307686 0.026619318181818195 0.02240384615384622
0 0.8598579545454546 0.22269230769230774 0.025909090909090902 0.04873076923076929
0 0.8842045454545454 0.22270192307692305 0.027102272727272725 0.025980769230769214
0 0.8854048295454545 0.23584615384615382 0.026633522727272728 0.028269230769230748
0 0.8707670454545454 0.25469230769230766 0.024715909090909097 0.032153846153846206
0 0.9039914772727273 0.23130769230769221 0.021590909090909084 0.03800000000000009
0 0.9188636363636363 0.22950961538461545 0.021107954545454544 0.03248076923076931
0 0.8091193181818181 0.19053846153846155 0.03573863636363638 0.07403846153846154
0 0.029311079545454533 0.5206538461538461 0.027684659090909104 0.03746153846153844
0 0.80515625 0.20401923076923068 0.031193181818181828 0.09711538461538462
0 0.8332244318181818 0.2382884615384615 0.028778409090909098 0.04676923076923076
0 0.8217116477272728 0.2733653846153846 0.032627840909090905 0.05780769230769231
0 0.905703125 0.2861634615384615 0.018110795454545466 0.03578846153846157
0 0.9228693181818182 0.2878557692307693 0.024971590909090915 0.04198076923076931
0 0.9521022727272728 0.3206730769230769 0.04556818181818181 0.06084615384615382
0 0.9423366477272728 0.3499038461538463 0.03791193181818182 0.05538461538461541
0 0.9136789772727273 0.35496153846153855 0.030738636363636364 0.048499999999999946
0 0.9226349431818182 0.3232307692307693 0.037911931818181824 0.031115384615384628
0 0.8729261363636364 0.35071153846153846 0.061505681818181814 0.07396153846153854
0 0.015717329545454573 0.5129038461538461 0.03143465909090908 0.0652307692307692
0 0.8142684659090909 0.39295192307692306 0.026576704545454556 0.06709615384615382
0 0.8273224431818182 0.3225673076923077 0.014616477272727262 0.04290384615384616
0 0.8297656250000001 0.3692788461538461 0.028053977272727272 0.11651923076923072
0 0.8594886363636364 0.33133653846153854 0.03326704545454546 0.048288461538461565
0 0.8518607954545454 0.36689423076923067 0.02883522727272727 0.06167307692307691
0 0.8482528409090909 0.3119711538461539 0.03366477272727273 0.029096153846153838
0 0.9070525568181818 0.26059615384615387 0.018877840909090907 0.033769230769230774
0 0.9279261363636364 0.265798076923077 0.024801136363636365 0.050673076923076855
0 0.9531960227272728 0.2660096153846154 0.035994318181818176 0.049365384615384644
0 0.9519318181818182 0.24187499999999995 0.03073863636363636 0.03755769230769236
0 0.03563920454545455 0.49432692307692294 0.021022727272727207 0.022692307692307713
0 0.9820525568181818 0.24390384615384608 0.028963068181818177 0.03315384615384617
0 0.8930255681818182 0.26628846153846164 0.01599431818181817 0.035653846153846196
0 0.8140767045454546 0.3490000000000001 0.02488636363636365 0.051230769230769205
0 0.6462144886363637 0.32653846153846156 0.04259943181818183 0.03526923076923083
0 0.6408664772727273 0.28838461538461535 0.038465909090909106 0.04111538461538461
0 0.6627130681818182 0.2935096153846154 0.04247159090909092 0.03844230769230771
0 0.6851917613636364 0.29100000000000004 0.031122159090909127 0.024730769230769258
0 0.6825923295454546 0.31525000000000003 0.03038352272727275 0.025076923076923007
0 0.707890625 0.3148653846153846 0.02316761363636364 0.034961538461538474
0 0.6665696022727272 0.26995192307692306 0.05501420454545453 0.03809615384615374
0 0.0585511363636364 0.49024038461538466 0.023039772727272766 0.03751923076923075
0 0.7069531250000001 0.2834423076923077 0.028849431818181823 0.027076923076923047
0 0.6895312499999999 0.1686153846153846 0.03664772727272729 0.04161538461538459
0 0.7114417613636363 0.16549038461538468 0.051235795454545444 0.03536538461538459
0 0.7963068181818183 0.2552788461538462 0.032017045454545444 0.047903846153846096
0 0.8075923295454546 0.29780769230769233 0.0436221590909091 0.05203846153846154
0 0.8001207386363636 0.3037884615384616 0.038423295454545474 0.05326923076923075
0 0.7813636363636364 0.3060576923076923 0.022869318181818175 0.043769230769230755
0 0.7692329545454546 0.32272115384615385 0.018465909090909092 0.01967307692307696
0 0.7175213068181818 0.3474711538461539 0.02231534090909092 0.03405769230769238
0 0.702215909090909 0.3381826923076924 0.02713068181818181 0.03821153846153847
0 0.2901349431818182 0.8666826923076922 0.0171732954545455 0.03563461538461539
0 0.04055397727272725 0.46875 0.02681818181818181 0.030269230769230788
0 0.6593181818181817 0.3396730769230769 0.06394886363636365 0.02865384615384611
0 0.6707883522727274 0.36550000000000005 0.04100852272727269 0.05165384615384618
0 0.6873295454545454 0.3656442307692308 0.025142045454545438 0.05374999999999998
0 0.9068181818181819 0.009624999999999995 0.03514204545454546 0.019249999999999982
0 0.8927911931818182 0.01995192307692306 0.03813920454545456 0.03990384615384615
0 0.866512784090909 0.006307692307692236 0.02205965909090909 0.012615384615384511
0 0.8485298295454545 0.014605769230769283 0.015525568181818172 0.029211538461538455
0 0.8650142045454545 0.04893269230769226 0.04684659090909089 0.04978846153846151
0 0.8358664772727273 0.0579615384615384 0.047386363636363615 0.05530769230769229
0 0.8756321022727273 0.036586538461538365 0.03975852272727272 0.05382692307692309
0 0.0391051136363636 0.4378846153846154 0.023920454545454592 0.03934615384615381
0 0.8344105113636364 0.01647115384615383 0.026661931818181814 0.03294230769230768
0 0.8005610795454545 0.014105769230769338 0.025497159090909074 0.028211538461538493
0 0.8157386363636363 0.019634615384615417 0.027812499999999976 0.0392692307692308
0 0.7886931818181818 0.02463461538461542 0.05076704545454547 0.04926923076923078
0 0.7713494318181818 0.060942307692307685 0.026988636363636364 0.04184615384615383
0 0.38690340909090903 0.6413269230769231 0.03559659090909091 0.03261538461538463
0 0.4384872159090909 0.5026153846153847 0.04242897727272728 0.06084615384615382
0 0.45412642045454554 0.5220769230769231 0.03200284090909095 0.03649999999999998
0 0.4767755681818181 0.5313365384615385 0.04494318181818188 0.05401923076923078
0 0.2272230113636362 0.5219903846153846 0.017258522727272695 0.028903846153846103
0 0.0564275568181819 0.43636538461538454 0.010724431818181753 0.060538461538461465
0 0.2749005681818182 0.5164615384615385 0.03573863636363632 0.08826923076923072
0 0.28484374999999995 0.5441442307692308 0.023948863636363574 0.05686538461538466
0 0.3065767045454546 0.5618461538461539 0.03204545454545455 0.060346153846153834
0 0.30031960227272725 0.5379134615384615 0.01953125 0.06632692307692303
0 0.3054758522727272 0.5057403846153846 0.03205965909090908 0.055865384615384636
0 0.25297585227272734 0.5431538461538461 0.024332386363636358 0.06184615384615384
0 0.30716619318181815 0.5862307692307692 0.026690340909090858 0.03942307692307692
0 0.32199573863636366 0.5938942307692308 0.031008522727272784 0.03432692307692307
0 0.3245596590909091 0.610326923076923 0.03397727272727275 0.03503846153846154
0 0.29463068181818175 0.6210961538461539 0.024261363636363612 0.05730769230769233
0 0.11399857954545456 0.4808557692307692 0.014076704545454661 0.042980769230769274
0 0.31620028409090917 0.6272980769230769 0.024275568181818145 0.0339423076923077
0 0.3005255681818183 0.6523942307692308 0.02778409090909091 0.04390384615384613
0 0.3313636363636363 0.6546153846153846 0.028267045454545503 0.032999999999999995
0 0.5812144886363637 0.8008942307692308 0.02044034090909089 0.08048076923076922
0 0.5845028409090909 0.7746442307692307 0.025142045454545438 0.0814423076923077
0 0.5640553977272728 0.7894326923076923 0.023735795454545426 0.07286538461538461
0 0.5372656250000001 0.7784615384615385 0.04205965909090911 0.058538461538461505
0 0.5282244318181819 0.8153653846153845 0.026789772727272745 0.040076923076923086
0 0.5575923295454546 0.83175 0.03666193181818182 0.060115384615384626
0 0.5450284090909092 0.7306153846153847 0.04394886363636363 0.05761538461538463
0 0.12103693181818187 0.45179807692307694 0.035767045454545385 0.02724999999999992
0 0.5403125 0.7592692307692308 0.04093749999999999 0.049846153846153825
0 0.5128764204545455 0.7286153846153847 0.02521306818181818 0.06557692307692306
0 0.6133948863636365 0.7544326923076923 0.04534090909090911 0.08313461538461539
0 0.6178125 0.6979326923076923 0.05417613636363634 0.04836538461538463
0 0.5369247159090909 0.8399807692307693 0.04387784090909089 0.053461538461538456
0 0.5271661931818181 0.8607692307692307 0.04436079545454548 0.039615384615384615
0 0.5096164772727272 0.8653942307692307 0.03119318181818179 0.0356346153846154
0 0.5136434659090909 0.8932788461538461 0.045582386363636325 0.03136538461538461
0 0.5569105113636363 0.8818942307692308 0.04387784090909089 0.04290384615384615
0 0.4913920454545454 0.8376442307692308 0.029232954545454604 0.02440384615384615
0 0.16575284090909104 0.4475576923076924 0.0375568181818181 0.0369230769230769
0 0.4920170454545455 0.8682307692307693 0.02798295454545461 0.04180769230769231
0 0.47730113636363636 0.8714615384615385 0.028806818181818225 0.04715384615384614
0 0.4919247159090909 0.7436538461538461 0.02140625000000007 0.030692307692307706
0 0.5044105113636363 0.7712115384615384 0.02873579545454548 0.046038461538461535
0 0.47474431818181817 0.7309711538461539 0.024005681818181867 0.024442307692307708
0 0.4886505681818182 0.7180288461538462 0.02676136363636368 0.027326923076923037
0 0.49554687500000005 0.6904326923076922 0.024730113636363592 0.04705769230769231
0 0.5017826704545454 0.6787403846153846 0.02515625000000005 0.037250000000000005
0 0.3800213068181818 0.666673076923077 0.033735795454545456 0.04715384615384617
0 0.3488139204545454 0.6759903846153845 0.01487215909090913 0.04813461538461539
0 0.1533522727272728 0.46663461538461537 0.03778409090909094 0.0363076923076923
0 0.36259943181818177 0.6769711538461538 0.020681818181818187 0.058942307692307704
0 0.3692684659090909 0.7300673076923077 0.03174715909090904 0.02555769230769229
0 0.3714985795454545 0.7043173076923077 0.039360795454545426 0.03090384615384614
0 0.38762784090909086 0.7069807692307692 0.0244034090909091 0.04261538461538461
0 0.3869744318181818 0.7460480769230768 0.02781250000000006 0.04048076923076925
0 0.5535937500000001 0.5696826923076923 0.04173295454545454 0.048788461538461496
0 0.4708309659090909 0.5553173076923077 0.018707386363636388 0.035096153846153846
0 0.4546306818181818 0.5581057692307692 0.017840909090909095 0.040557692307692315
0 0.49805397727272727 0.5421346153846154 0.03207386363636369 0.07369230769230768
0 0.4898011363636364 0.5365480769230769 0.023522727272727275 0.06255769230769231
0 0.26557528409090914 0.6707980769230769 0.021661931818181736 0.041980769230769203
0 0.4894176136363636 0.5883557692307693 0.015056818181818215 0.041442307692307716
0 0.5246235795454546 0.5503461538461538 0.03651988636363634 0.06742307692307693
0 0.5090127840909091 0.59575 0.025894886363636307 0.03415384615384614
0 0.5283735795454545 0.5993076923076923 0.01995738636363638 0.033038461538461496
0 0.5032386363636363 0.5863653846153847 0.017642045454545476 0.02565384615384616
0 0.4925142045454546 0.6206634615384615 0.01508522727272728 0.03524999999999997
0 0.5092613636363637 0.6089134615384615 0.028721590909090867 0.020134615384615383
0 0.4607883522727273 0.5930096153846154 0.024360795454545503 0.03728846153846157
0 0.47592329545454537 0.6098269230769231 0.022130681818181796 0.03496153846153842
0 0.4719886363636363 0.5795961538461538 0.02065340909090912 0.036423076923076975
0 0.40166903409090904 0.5231923076923077 0.03103693181818177 0.04446153846153847
0 0.508515625 0.6273173076923076 0.031235795454545467 0.02198076923076919
0 0.6469744318181818 0.6120096153846154 0.01792613636363637 0.04248076923076924
0 0.667393465909091 0.6123365384615385 0.023906249999999976 0.04517307692307694
0 0.698778409090909 0.4927211538461539 0.05616477272727276 0.04294230769230766
0 0.675205965909091 0.5063653846153846 0.03600852272727276 0.06269230769230774
0 0.6771306818181818 0.5606442307692308 0.03343749999999999 0.07894230769230771
0 0.6943892045454545 0.5758749999999999 0.026363636363636367 0.0571730769230769
0 0.7460582386363637 0.5146346153846154 0.032372159090909076 0.05484615384615381
0 0.7531321022727273 0.5549807692307692 0.028508522727272757 0.04207692307692307
0 0.7495880681818181 0.5925576923076923 0.03258522727272727 0.05049999999999998
0 0.26992897727272724 0.7576442307692308 0.01744318181818186 0.02571153846153847
0 0.7257954545454546 0.6117211538461538 0.045454545454545456 0.04005769230769228
0 0.6996377840909092 0.5982211538461538 0.03473011363636366 0.0583269230769231
0 0.7162571022727273 0.5622307692307693 0.023792613636363636 0.03919230769230774
0 0.7267613636363637 0.5848653846153846 0.022073863636363624 0.021769230769230756
0 0.7365340909090909 0.5446153846153846 0.020852272727272737 0.020769230769230738
0 0.7328977272727273 0.5649807692307693 0.01278409090909091 0.027846153846153826
0 0.7251491477272727 0.5070480769230769 0.026803977272727278 0.050557692307692345
0 0.699112215909091 0.5232596153846154 0.026576704545454556 0.0330192307692308
0 0.7025426136363637 0.5419519230769231 0.02071022727272725 0.020596153846153806
0 0.7227059659090909 0.5347307692307692 0.020241477272727272 0.02230769230769235
0 0.30973721590909087 0.8682403846153846 0.03061079545454547 0.03563461538461539
0 0.2830113636363637 0.7685865384615385 0.018465909090909092 0.030903846153846167
0 0.9774857954545455 0.49614423076923075 0.03363636363636364 0.032403846153846144
0 0.9789701704545455 0.5207980769230769 0.019218750000000003 0.034403846153846125
0 0.9925071022727273 0.5065480769230768 0.014417613636363636 0.03548076923076921
0 0.9557102272727273 0.5735 0.026420454545454542 0.025730769230769224
0 0.9721946022727272 0.5479326923076924 0.028821022727272726 0.028365384615384615
0 0.989375 0.5389134615384616 0.02125 0.041673076923076896
0 0.8056392045454546 0.4843076923076922 0.02642045454545454 0.05988461538461541
0 0.9443394886363636 0.67075 0.021235795454545448 0.054192307692307706
0 0.7754403409090909 0.4435961538461539 0.03559659090909091 0.029576923076923067
0 0.7916619318181819 0.45073076923076927 0.026193181818181813 0.037307692307692264
0 0.22149147727272733 0.7327211538461538 0.025340909090909136 0.03401923076923082
0 0.8694602272727272 0.6105096153846155 0.02301136363636364 0.03221153846153846
0 0.0764062499999999 0.09672115384615387 0.03377840909090905 0.03298076923076919
0 0.10250710227272719 0.10640384615384613 0.03484374999999996 0.03461538461538462
0 0.10639204545454539 0.12072115384615378 0.028011363636363674 0.04882692307692316
0 0.07671874999999995 0.12129807692307693 0.021562500000000092 0.02686538461538467
0 0.05935369318181816 0.1229134615384615 0.021349431818181778 0.034173076923077
0 0.0838352272727273 0.13824038461538457 0.023721590909090973 0.036211538461538434
0 0.06852272727272724 0.14728846153846165 0.03105113636363638 0.035038461538461484
0 0.09710227272727279 0.155625 0.027386363636363598 0.03767307692307698
0 0.027116477272727146 0.08714423076923072 0.016505681818181826 0.044288461538461485
0 0.20626420454545458 0.7232692307692308 0.021420454545454604 0.021653846153846135
0 0.009538352272727146 0.07638461538461538 0.018650568181818174 0.042615384615384666
0 0.009588068181818232 0.08755769230769228 0.019176136363636364 0.0434615384615384
0 0.05203124999999997 0.09707692307692306 0.029034090909090985 0.06496153846153851
0 0.034758522727272756 0.10018269230769239 0.023835227272727234 0.056288461538461614
0 0.01674715909090907 0.11871153846153848 0.025113636363636293 0.02750000000000002
0 0.03924005681818177 0.1345384615384616 0.02947443181818182 0.015961538461538482
0 0.045355113636363686 0.15241346153846158 0.03602272727272729 0.036365384615384556
0 0.030830965909090957 0.1637980769230768 0.036235795454545444 0.0443269230769231
0 0.013686079545454533 0.16409615384615384 0.02686079545454557 0.03488461538461536
0 0.0064275568181817455 0.13784615384615384 0.012855113636363573 0.03242307692307695
0 0.22602272727272732 0.7118365384615384 0.022926136363636506 0.02490384615384613
0 0.013210227272727249 0.12300961538461541 0.026420454545454577 0.04801923076923071
0 0.023330965909090895 0.19290384615384615 0.024474431818181843 0.032769230769230696
0 0.0234588068181818 0.21909615384615388 0.018423295454545494 0.03384615384615389
0 0.04505681818181817 0.2044134615384614 0.025227272727272713 0.043673076923076884
0 0.038835227272727146 0.23550961538461546 0.015369318181818253 0.029211538461538455
0 0.053941761363636376 0.245375 0.01697443181818188 0.025557692307692347
0 0.05514914772727275 0.2232788461538462 0.016178977272727255 0.02736538461538465
0 0.00870028409090906 0.21716346153846156 0.01740056818181818 0.03371153846153841
0 0.006044034090909034 0.1886826923076923 0.011974431818181908 0.03259615384615382
0 0.019524147727272734 0.23576923076923084 0.02515625000000005 0.029307692307692326
0 0.23959517045454537 0.645826923076923 0.03092329545454543 0.03396153846153845
0 0.04312499999999986 0.2742692307692308 0.022556818181818174 0.020692307692307677
0 0.041370738636363646 0.25705769230769226 0.02521306818181818 0.018846153846153867
0 0.13380681818181828 0.26430769230769235 0.03579545454545445 0.04080769230769236
0 0.119140625 0.24596153846153845 0.031150568181818272 0.04353846153846162
0 0.0999289772727271 0.24910576923076921 0.03034090909090911 0.03559615384615394
0 0.15386363636363642 0.33897115384615384 0.07883522727272728 0.058211538461538426
0 0.15845880681818192 0.3048653846153846 0.06654829545454549 0.04269230769230767
0 0.11754261363636365 0.30655769230769225 0.030965909090909027 0.03530769230769223
0 0.10486505681818192 0.33444230769230765 0.03583806818181821 0.03169230769230762
0 0.12229403409090911 0.3486346153846154 0.03461647727272728 0.0363076923076923
0 0.024744318181818326 0.2633653846153846 0.016448863636363695 0.02784615384615388
0 0.15642755681818177 0.37866346153846153 0.03802556818181815 0.07721153846153853
0 0.15922585227272734 0.40474038461538453 0.030951704545454494 0.04159615384615384
0 0.13813920454545459 0.3743846153846154 0.023409090909090935 0.04092307692307687
0 0.1174218749999999 0.3842788461538462 0.020468749999999956 0.040250000000000015
0 0.10705965909090909 0.3694326923076924 0.027045454545454494 0.027057692307692293
0 0.09231534090909088 0.3545769230769231 0.032670454545454544 0.03430769230769237
0 0.06074573863636379 0.3600192307692308 0.029985795454545473 0.037307692307692375
0 0.08036931818181803 0.3492980769230769 0.016079545454545527 0.03167307692307698
0 0.06781250000000005 0.3296538461538461 0.026562500000000065 0.02607692307692308
0 0.04051136363636365 0.35507692307692307 0.03826704545454553 0.04323076923076927
0 0.06715198863636362 0.218576923076923 0.02387784090909083 0.02746153846153852
0 0.011704545454545467 0.27549038461538455 0.023409090909090935 0.02805769230769237
0 0.1259659090909092 0.27775000000000005 0.04477272727272741 0.032230769230769216
0 0.009865056818181728 0.45925000000000005 0.01973011363636362 0.0786153846153846
0 0.017649147727272663 0.4117980769230769 0.035298295454545485 0.053673076923076865
0 0.022379261363636327 0.4676442307692308 0.04353693181818195 0.061826923076923036
0 0.06893465909090901 0.38368269230769225 0.05147727272727274 0.03513461538461535
0 0.07904119318181813 0.3910673076923077 0.0269176136363637 0.02348076923076919
0 0.09719460227272725 0.40794230769230766 0.033963068181818136 0.030807692307692272
0 0.09397017045454537 0.38430769230769235 0.03291193181818176 0.020692307692307784
0 0.08813920454545443 0.5464711538461539 0.07034090909090907 0.0818653846153846
0 0.0807457386363637 0.23108653846153837 0.02643465909090911 0.018711538461538387
0 0.06485085227272724 0.5487692307692308 0.04041193181818188 0.061384615384615364
0 0.13981534090909098 0.4775480769230769 0.05213068181818172 0.036750000000000026
0 0.12825284090909084 0.5163942307692309 0.03948863636363646 0.06098076923076919
0 0.08937499999999998 0.5149326923076922 0.04011363636363638 0.04886538461538461
0 0.10325994318181808 0.5021923076923076 0.02467329545454546 0.04511538461538458
0 0.04998579545454551 0.41126923076923083 0.010482954545454538 0.04688461538461538
0 0.06244318181818187 0.41126923076923083 0.01338068181818176 0.04119230769230772
0 0.02865767045454537 0.5688557692307692 0.05620738636363643 0.07101923076923078
0 0.03449573863636357 0.8502596153846154 0.04330965909090911 0.037249999999999985
0 0.04635653409090912 0.8670192307692308 0.04436079545454548 0.04934615384615385
0 0.0731463068181818 0.24031730769230775 0.023139204545454494 0.019365384615384604
0 0.013295454545454555 0.8670192307692308 0.02659090909090913 0.028846153846153858
0 0.01369318181818191 0.8332788461538462 0.027159090909090914 0.05259615384615386
0 0.01260653409090906 0.888875 0.02521306818181818 0.030519230769230764
0 0.01088778409090907 0.9174134615384615 0.02157670454545446 0.036326923076923076
0 0.02378551136363638 0.8997211538461538 0.030525568181818195 0.025173076923076916
0 0.05978693181818184 0.8733269230769231 0.0429261363636364 0.03742307692307691
0 0.014360795454545494 0.9837788461538461 0.028721590909090947 0.032442307692307694
0 0.013295454545454555 0.9626346153846154 0.02659090909090913 0.04207692307692308
0 0.04958806818181827 0.9827019230769231 0.05556818181818182 0.034596153846153846
0 0.023757102272727315 0.9565096153846154 0.028053977272727272 0.02644230769230769
0 0.05619318181818178 0.18789423076923073 0.025767045454545435 0.03432692307692312
0 0.04284090909090921 0.9615576923076923 0.025028409090909098 0.024999999999999998
0 0.07240767045454544 0.9769423076923077 0.04367897727272727 0.04326923076923077
0 0.6158451704545453 0.9131153846153847 0.03595170454545455 0.04176923076923077
0 0.590390625 0.9469903846153847 0.016178977272727255 0.031634615384615386
0 0.6198934659090909 0.92975 0.04404829545454548 0.03773076923076924
0 0.4781960227272727 0.9461826923076924 0.030255681818181834 0.031634615384615386
0 0.4865838068181818 0.9108942307692307 0.02606534090909094 0.04136538461538462
0 0.5002130681818182 0.9548942307692307 0.02215909090909086 0.03771153846153846
0 0.48103693181818175 0.9808557692307692 0.019772727272727296 0.03528846153846153
0 0.5389062499999999 0.9174326923076923 0.013267045454545419 0.03940384615384616
0 0.3202414772727272 0.6845961538461538 0.02306818181818183 0.023423076923076935
0 0.07405539772727276 0.19408653846153845 0.024928977272727207 0.030942307692307755
0 0.9683380681818182 0.6984134615384616 0.022500000000000003 0.031865384615384656
0 0.9833522727272728 0.7179423076923077 0.033295454545454545 0.03323076923076923
0 0.9901988636363637 0.7412019230769231 0.01960227272727273 0.0581730769230769
0 0.9521732954545454 0.6167019230769231 0.01596590909090909 0.021326923076923084
0 0.969453125 0.6174038461538462 0.01944602272727273 0.029923076923076927
0 0.010099431818181848 0.6127019230769231 0.019999999999999896 0.10936538461538463
0 0.009375000000000022 0.25713461538461546 0.018750000000000065 0.016230769230769226
0 0.007585227272727146 0.24256730769230772 0.014659090909090981 0.021865384615384623
0 0.027428977272727195 0.3791826923076922 0.04079545454545442 0.018673076923076883
0 0.04190340909090906 0.40222115384615376 0.017244318181818322 0.03594230769230769
0 0.11259943181818177 0.22586538461538463 0.04465909090909099 0.018000000000000026
0 0.32126420454545446 0.27319230769230773 0.032187500000000036 0.041269230769230836
0 0.16440340909090911 0.022451923076923008 0.029289772727272734 0.044365384615384605
0 0.11663352272727279 0.19344230769230775 0.017499999999999908 0.024461538461538406
0 0.09612215909090904 0.18916346153846153 0.025227272727272713 0.017480769230769293
0 0.986953125 0.615951923076923 0.021406249999999998 0.03413461538461538
0 0.9479829545454546 0.5552980769230769 0.02463068181818182 0.02040384615384618
0 0.9606534090909091 0.12034615384615388 0.02394886363636364 0.04461538461538459
0 0.9774360795454545 0.10572115384615388 0.023536931818181818 0.04959615384615389
0 0.9906818181818182 0.06730769230769229 0.018636363636363635 0.06757692307692305
0 0.9753551136363636 0.14535576923076932 0.015397727272727273 0.04363461538461538
0 0.09681107954545454 0.2098365384615385 0.024730113636363592 0.023057692307692324
0 0.9939346590909091 0.10611538461538461 0.012130681818181816 0.030346153846153794
0 0.9912855113636364 0.13797115384615388 0.017428977272727273 0.034480769230769245
0 0.954453125 0.21863461538461537 0.028110795454545454 0.03584615384615382
0 0.92828125 0.1979519230769231 0.025056818181818184 0.03255769230769221
0 0.94375 0.23051923076923075 0.030198863636363635 0.0339615384615384
0 0.9296661931818182 0.2152884615384616 0.02473011363636363 0.015538461538461508
0 0.9021164772727273 0.32237499999999997 0.031534090909090914 0.01509615384615389
0 0.9081747159090909 0.3090673076923077 0.03055397727272728 0.01805769230769239
0 0.7724786931818182 0.4812019230769231 0.019474431818181828 0.02686538461538456
0 0.7625426136363636 0.4550192307692308 0.036051136363636396 0.02523076923076924
0 0.082890625 0.21616346153846144 0.018906249999999923 0.026711538461538543
0 0.75234375 0.4780865384615385 0.026619318181818195 0.04975000000000001
0 0.7727556818181818 0.4991153846153846 0.04934659090909088 0.023076923076923023
0 0.7881107954545454 0.47976923076923084 0.019715909090909124 0.021884615384615377
0 0.8417613636363637 0.2925000000000001 0.022329545454545453 0.019807692307692328
0 0.7381463068181818 0.1853269230769231 0.0263778409090909 0.03769230769230773
0 0.7413707386363637 0.29811538461538456 0.021917613636363607 0.032807692307692315
0 0.7316974431818182 0.30718269230769235 0.02578125000000001 0.030019230769230795
0 0.7301562500000001 0.3244711538461539 0.027329545454545467 0.02617307692307684
0 0.7359517045454546 0.3497692307692307 0.01727272727272727 0.029307692307692326
0 0.7506463068181818 0.34679807692307685 0.026036931818181838 0.02548076923076923
0 0.12945312499999995 0.16849038461538468 0.03549715909090911 0.02451923076923077
0 0.2632599431818182 0.629875 0.028025568181818127 0.041826923076923074
0 0.2720028409090909 0.6426826923076923 0.030653409090908988 0.04928846153846153
0 0.21986505681818191 0.5949134615384615 0.03748579545454544 0.028249999999999997
0 0.23449573863636364 0.5799807692307692 0.019502840909090935 0.03034615384615385
0 0.2613565340909091 0.6026730769230769 0.02430397727272721 0.021538461538461572
0 0.26054687499999996 0.5788557692307692 0.01615056818181819 0.02601923076923077
0 0.27887784090909096 0.5760000000000001 0.028380681818181763 0.03761538461538462
0 0.2466477272727272 0.5764903846153846 0.012812499999999975 0.022442307692307723
0 0.19572443181818178 0.6054519230769231 0.06198863636363634 0.028365384615384615
0 0.2796661931818182 0.6038653846153845 0.030042613636363683 0.03030769230769229
0 0.11547585227272739 0.15201923076923063 0.017855113636363707 0.050576923076923096
0 0.4135014204545455 0.5540096153846155 0.03396306818181822 0.03474999999999999
0 0.42270596590909093 0.528875 0.020383522727272677 0.054365384615384635
0 0.4400923295454545 0.6023076923076922 0.0175994318181818 0.044961538461538456
0 0.43216619318181815 0.5902115384615385 0.0254119318181818 0.03303846153846155
0 0.39694602272727275 0.6599615384615385 0.029517045454545417 0.031807692307692294
0 0.40647017045454537 0.599173076923077 0.01990056818181825 0.03184615384615385
0 0.4193039772727273 0.5870096153846154 0.02247159090909098 0.03532692307692309
0 0.42400568181818177 0.611201923076923 0.01818181818181812 0.028673076923076916
0 0.44871448863636365 0.6239423076923076 0.02396306818181819 0.036769230769230776
0 0.33251420454545455 0.7134326923076924 0.0267613636363636 0.04021153846153846
0 0.13752840909090902 0.18438461538461537 0.046789772727272645 0.03361538461538465
0 0.3271803977272728 0.7229615384615384 0.023508522727272742 0.04669230769230769
0 0.4066761363636364 0.698576923076923 0.024318181818181826 0.031153846153846188
0 0.5520099431818182 0.6016730769230769 0.017855113636363627 0.036461538461538476
0 0.5585866477272727 0.6226634615384615 0.01754261363636367 0.03774999999999999
0 0.5670383522727274 0.6315673076923076 0.020667613636363654 0.040288461538461516
0 0.5612926136363636 0.688451923076923 0.01877840909090905 0.029980769230769238
0 0.5542329545454545 0.7049615384615384 0.029034090909090905 0.01869230769230769
0 0.4578196022727272 0.6076538461538462 0.01819602272727273 0.05430769230769227
0 0.48421164772727276 0.6626346153846154 0.02387784090909091 0.029692307692307688
0 0.3874928977272728 0.8418942307692308 0.01953125 0.02990384615384615
0 0.4160866477272728 0.16659615384615378 0.02595170454545452 0.02688461538461542
0 0.37206676136363637 0.8441923076923077 0.01839488636363643 0.021846153846153845
0 0.3627272727272728 0.8514711538461539 0.015568181818181788 0.028365384615384615
0 0.3443678977272727 0.8433365384615384 0.021235795454545518 0.02478846153846154
0 0.24826704545454537 0.8034615384615384 0.02252840909090911 0.042269230769230774
0 0.26430397727272714 0.8167307692307693 0.014659090909090981 0.04065384615384615
0 0.2780326704545455 0.8017211538461538 0.015866477272727296 0.03048076923076922
0 0.2895525568181818 0.8124711538461539 0.015355113636363639 0.029788461538461555
0 0.27948153409090903 0.8333653846153846 0.015696022727272663 0.032807692307692315
0 0.2944957386363637 0.8372980769230769 0.016036931818181846 0.02494230769230769
0 0.25022727272727285 0.8657019230769231 0.024744318181818124 0.02909615384615385
0 0.39915482954545456 0.17922115384615378 0.021292613636363648 0.07024999999999995
0 0.2685724431818183 0.8519615384615384 0.0174005681818181 0.039500000000000014
0 0.25445312499999995 0.9474038461538461 0.037372159090909095 0.05711538461538462
0 0.2669744318181819 0.9141730769230769 0.019488636363636323 0.036076923076923076
0 0.27647017045454547 0.9259519230769231 0.02146306818181812 0.030903846153846153
0 0.2904119318181818 0.9134326923076923 0.01701704545454548 0.03055769230769231
0 0.29639204545454545 0.8939711538461539 0.02232954545454541 0.029403846153846152
0 0.31249289772727273 0.8978942307692308 0.02836647727272731 0.0245576923076923
0 0.3248863636363637 0.909 0.01985795454545449 0.03273076923076922
0 0.37176846590909096 0.8697211538461538 0.017911931818181757 0.028826923076923066
0 0.36985795454545456 0.9059903846153846 0.018494318181818157 0.031019230769230775
0 0.42246448863636354 0.2131153846153846 0.026150568181818216 0.07219230769230763
0 0.3740411931818183 0.8929711538461539 0.023338068181818192 0.02524999999999999
0 0.8186789772727273 0.9909423076923077 0.04204545454545454 0.018115384615384617
0 0.824921875 0.9697211538461539 0.02771306818181817 0.028865384615384616
0 0.8419034090909091 0.9845673076923077 0.020568181818181822 0.03051923076923077
0 0.8937002840909091 0.980951923076923 0.026661931818181814 0.034442307692307696
0 0.9905610795454546 0.3258653846153846 0.018877840909090907 0.09488461538461544
0 0.9489914772727273 0.15839423076923076 0.03630681818181818 0.04813461538461533
0 0.9637997159090909 0.15094230769230776 0.012855113636363637 0.03299999999999994
0 0.7695951704545455 0.16891346153846165 0.047031249999999976 0.06890384615384612
0 0.7704616477272728 0.21889423076923076 0.01947443181818179 0.031057692307692265
0 0.31879971590909095 0.66425 0.02643465909090911 0.04392307692307693
0 0.433309659090909 0.19801923076923078 0.016221590909090932 0.04419230769230762
0 0.32595170454545463 0.320875 0.031363636363636344 0.05932692307692301
0 0.29598721590909094 0.048519230769230814 0.0261789772727272 0.030923076923076893
0 0.2821732954545455 0.02913461538461537 0.028636363636363592 0.026230769230769314
0 0.30928977272727276 0.017307692307692357 0.027329545454545467 0.03461538461538462
0 0.32122159090909086 0.01858653846153835 0.02082386363636367 0.03717307692307689
0 0.28644886363636357 0.010048076923076965 0.0189488636363636 0.01978846153846147
0 0.26945312500000007 0.008201923076923023 0.019076704545454556 0.016403846153846102
0 0.30177556818181817 0.009749999999999925 0.018068181818181858 0.01930769230769235
0 0.34004261363636357 0.007605769230769055 0.0175568181818182 0.0152115384615384
0 0.7025142045454545 0.3785192307692309 0.027045454545454536 0.04646153846153851
0 0.654872159090909 0.9946634615384615 0.0748011363636364 0.010673076923076922
0 0.7266122159090909 0.37460576923076927 0.02387784090909091 0.04067307692307688
0 0.7534943181818181 0.21024999999999994 0.026306818181818195 0.036730769230769275
0 0.7458238636363637 0.1735865384615385 0.022642045454545453 0.05044230769230773
0 0.55390625 0.3780096153846154 0.020369318181818228 0.017519230769230794
0 0.5707457386363637 0.375173076923077 0.015923295454545506 0.03138461538461537
0 0.5649076704545455 0.40493269230769235 0.027883522727272722 0.04044230769230764
0 0.788387784090909 0.23272115384615377 0.019758522727272722 0.04217307692307694
0 0.7875284090909092 0.1896730769230769 0.020625000000000015 0.05323076923076924
0 0.7738849431818182 0.23475000000000001 0.024275568181818186 0.03576923076923081
0 0.7735653409090909 0.2545288461538462 0.024914772727272758 0.036942307692307656
0 0.6531818181818183 0.9696153846153847 0.04028409090909089 0.041576923076923074
0 0.7444531249999999 0.2271923076923077 0.02771306818181817 0.027038461538461542
0 0.7545525568181818 0.24187499999999995 0.01654829545454546 0.030826923076923134
0 0.6734517045454546 0.2340192307692308 0.0270738636363636 0.037230769230769255
0 0.845859375 0.26719230769230773 0.02899147727272727 0.037230769230769255
0 0.4921875 0.3674615384615385 0.025710227272727305 0.015769230769230747
0 0.4994034090909092 0.3859903846153847 0.0279261363636364 0.025788461538461586
0 0.5119744318181818 0.39338461538461544 0.026079545454545473 0.025538461538461486
0 0.26866477272727274 0.26649999999999996 0.023267045454545367 0.02569230769230772
0 0.2780965909090909 0.2567211538461539 0.026079545454545393 0.0300576923076923
0 0.36812500000000004 0.16800961538461545 0.01508522727272728 0.02144230769230765
0 0.5257244318181818 0.943 0.014914772727272728 0.02426923076923078
0 0.38095880681818184 0.15536538461538463 0.017741477272727287 0.03199999999999997
0 0.3816051136363636 0.17128846153846167 0.02235795454545456 0.027307692307692286
0 0.3028267045454546 0.23969230769230765 0.022727272727272728 0.026192307692307702
0 0.2875355113636364 0.2200096153846154 0.030809659090909006 0.035057692307692234
0 0.47869318181818177 0.38404807692307685 0.02937499999999993 0.0288653846153846
0 0.4114417613636363 0.7227403846153846 0.014303977272727263 0.02905769230769228
0 0.39647727272727273 0.7246153846153847 0.019517045454545467 0.023115384615384635
0 0.4537286931818182 0.708875 0.017571022727272734 0.03698076923076921
0 0.47052556818181823 0.7097788461538461 0.024857954545454544 0.0339807692307692
0 0.4712428977272727 0.7993942307692308 0.019076704545454556 0.02471153846153845
0 0.509637784090909 0.9209903846153846 0.021292613636363568 0.027903846153846164
0 0.4709659090909091 0.8194230769230769 0.021846590909090902 0.027346153846153843
0 0.5533735795454545 0.9795865384615384 0.01615056818181819 0.02513461538461538
0 0.7325142045454545 0.017807692307692302 0.0244034090909091 0.035576923076923075
0 0.7149928977272728 0.03890384615384623 0.016122159090909083 0.04111538461538461
0 0.6961150568181818 0.08595192307692301 0.040838068181818184 0.059942307692307614
0 0.7580042613636364 0.016028846153846255 0.030696022727272707 0.031749999999999876
0 0.7763920454545454 0.038096153846153835 0.026931818181818192 0.022576923076923095
0 0.7209943181818181 0.011317307692307654 0.01985795454545453 0.02263461538461535
0 0.6986931818181819 0.017519230769230787 0.027897727272727255 0.03503846153846159
0 0.6905255681818181 0.018721153846153915 0.024034090909090932 0.03744230769230775
0 0.5252201704545454 0.9204230769230769 0.013906249999999948 0.03946153846153846
0 0.6986860795454546 0.05431730769230769 0.024332386363636358 0.04821153846153845
0 0.6765838068181818 0.07259615384615381 0.02759943181818183 0.07111538461538465
0 0.6838565340909091 0.031625000000000014 0.035610795454545444 0.03494230769230761
0 0.6472088068181818 0.01450961538461526 0.032940340909090864 0.02901923076923072
0 0.6681250000000001 0.010692307692307557 0.03204545454545451 0.021384615384615394
0 0.6599715909090909 0.03302884615384627 0.03531250000000002 0.03936538461538456
0 0.6604119318181818 0.08082692307692307 0.03264204545454544 0.07953846153846146
0 0.6262571022727272 0.00922115384615374 0.015440340909090916 0.018288461538461632
0 0.6309872159090908 0.032894230769230814 0.0227414772727273 0.03194230769230772
0 0.6383806818181819 0.07776923076923081 0.015227272727272726 0.09207692307692307
0 0.28572443181818175 0.6757307692307692 0.02531249999999999 0.052884615384615384
0 0.6227201704545454 0.05540384615384619 0.017372159090909115 0.033999999999999905
0 0.6235795454545454 0.09737499999999999 0.02338068181818187 0.051711538461538434
0 0.5713494318181818 0.07978846153846153 0.034744318181818154 0.05734615384615383
0 0.6012073863636364 0.09253846153846157 0.024971590909090968 0.043615384615384625
0 0.6008522727272727 0.06533653846153853 0.02786931818181819 0.04213461538461543
0 0.6013920454545454 0.012403846153846265 0.03619318181818185 0.024499999999999907
0 0.6055610795454545 0.025394230769230863 0.03149147727272721 0.048519230769230696
0 0.5886221590909091 0.06409615384615397 0.03866477272727276 0.04215384615384619
0 0.5612855113636364 0.015355769230769312 0.022428977272727302 0.030365384615384544
0 0.5655042613636363 0.03840384615384618 0.018110795454545456 0.027115384615384548
0 0.28162642045454545 0.7204615384615385 0.01711647727272729 0.046346153846153836
0 0.57734375 0.013653846153846239 0.014147727272727244 0.026692307692307793
0 0.5768678977272728 0.04141346153846148 0.026548295454545453 0.03528846153846147
0 0.5847443181818182 0.028817307692307725 0.014630681818181834 0.03078846153846152
0 0.5374147727272728 0.008490384615384539 0.029744318181818177 0.0169807692307692
0 0.554815340909091 0.012125000000000163 0.03343750000000003 0.023750000000000045
0 0.5366903409090908 0.02628846153846154 0.02718749999999998 0.04684615384615387
0 0.5511789772727272 0.043721153846153826 0.02107954545454542 0.043788461538461505
0 0.5003622159090909 0.00686538461538444 0.01825284090909094 0.013538461538461687
0 0.4724857954545455 0.03464423076923073 0.018267045454545473 0.04517307692307694
0 0.48524857954545453 0.029721153846153925 0.019048295454545408 0.058211538461538315
0 0.485859375 0.7707307692307692 0.0175994318181818 0.02546153846153848
0 0.4726775568181818 0.008413461538461564 0.03475852272727276 0.016826923076923076
0 0.5411008522727272 0.07251923076923084 0.03416193181818175 0.05607692307692313
0 0.5205823863636363 0.026663461538461553 0.02690340909090909 0.0520961538461538
0 0.5101704545454545 0.03876923076923067 0.02991477272727273 0.05980769230769224
0 0.48994318181818175 0.07690384615384616 0.03295454545454544 0.05696153846153847
0 0.5119176136363637 0.08750961538461532 0.031079545454545447 0.04905769230769229
0 0.5296803977272727 0.10126923076923067 0.06240056818181819 0.037346153846153876
0 0.5252414772727272 0.13686538461538456 0.053522727272727284 0.05157692307692306
0 0.49614346590909086 0.13449999999999995 0.031321022727272746 0.0601153846153846
0 0.4821235795454545 0.11661538461538457 0.027116477272727237 0.03892307692307694
0 0.48043323863636367 0.7854230769230769 0.016406250000000015 0.029384615384615387
0 0.48200284090909085 0.08355769230769228 0.027357954545454533 0.04176923076923082
0 0.45687500000000003 0.07389423076923074 0.027102272727272704 0.05221153846153842
0 0.4579261363636363 0.04130769230769238 0.031079545454545447 0.04207692307692307
0 0.42886363636363634 0.01100000000000001 0.02579545454545458 0.02050000000000005
0 0.45010653409090906 0.011086538461538398 0.0254119318181818 0.022173076923076872
0 0.4554829545454545 0.022173076923076906 0.022642045454545453 0.02607692307692308
0 0.41280539772727276 0.022701923076923092 0.01916193181818183 0.045403846153846183
0 0.43184659090909083 0.03226923076923072 0.028977272727272775 0.03403846153846163
0 0.43076704545454547 0.05237500000000006 0.028267045454545423 0.036634615384615404
0 0.42502130681818184 0.0762115384615385 0.023480113636363677 0.03242307692307695
0 0.30053977272727284 0.6821442307692307 0.018749999999999985 0.02374999999999999
0 0.485859375 0.8136634615384616 0.014701704545454579 0.03690384615384615
0 0.4393892045454545 0.08431730769230772 0.02681818181818181 0.040865384615384616
0 0.4555539772727273 0.10230769230769243 0.022755681818181873 0.04119230769230772
0 0.4379971590909091 0.11181730769230769 0.01792613636363637 0.024557692307692273
0 0.4413636363636364 0.14085576923076926 0.0181818181818182 0.03728846153846151
0 0.48346590909090914 0.15230769230769237 0.039517045454545444 0.044846153846153834
0 0.4590482954545455 0.12904807692307696 0.025028409090909098 0.06213461538461539
0 0.41166903409090905 0.049000000000000044 0.019076704545454473 0.04092307692307698
0 0.4032457386363636 0.08319230769230768 0.02262784090909092 0.02723076923076917
0 0.37734375 0.09851923076923086 0.03772727272727273 0.027923076923076887
0 0.40261363636363634 0.11350961538461535 0.032443181818181864 0.04290384615384616
0 0.5045454545454546 0.821173076923077 0.02460227272727272 0.046038461538461535
0 0.42085227272727266 0.11077884615384614 0.02465909090909085 0.05040384615384611
0 0.40362215909090904 0.14023076923076927 0.03093750000000004 0.02961538461538457
0 0.3777201704545454 0.12576923076923074 0.026406249999999964 0.032692307692307694
0 0.38406960227272724 0.07750000000000001 0.027826704545454592 0.02950000000000006
0 0.3597585227272727 0.06893269230769239 0.023352272727272725 0.04186538461538469
0 0.34960227272727273 0.04554807692307694 0.02000000000000006 0.032019230769230723
0 0.3968892045454545 0.02728846153846154 0.021818181818181757 0.05457692307692307
0 0.39734375 0.0652403846153845 0.017272727272727308 0.02463461538461539
0 0.33202414772727273 0.0927403846153847 0.012116477272727234 0.0443269230769231
0 0.34839488636363636 0.08677884615384612 0.021221590909090905 0.05294230769230764
0 0.5023792613636364 0.7939134615384615 0.028934659090909098 0.04113461538461539
0 0.35202414772727275 0.11859615384615374 0.02606534090909094 0.0369230769230769
0 0.42400568181818177 0.15328846153846154 0.022187500000000006 0.045923076923076914
0 0.44905539772727276 0.17500961538461535 0.019048295454545408 0.04275000000000004
0 0.4362713068181818 0.17519230769230776 0.013309659090909098 0.036038461538461554
0 0.4691761363636363 0.2051249999999999 0.03167613636363638 0.05255769230769228
0 0.4696732954545454 0.16593269230769225 0.022812500000000003 0.046557692307692265
0 0.48742897727272727 0.18879807692307693 0.03803977272727277 0.06651923076923083
0 0.45440340909090904 0.2242980769230769 0.03909090909090915 0.06328846153846147
0 0.3243465909090909 0.11472115384615378 0.02071022727272725 0.04174999999999996
0 0.30804687500000005 0.11893269230769232 0.021008522727272674 0.03521153846153847
0 0.7825994318181818 0.7419423076923077 0.03761363636363635 0.06865384615384613
0 0.3307457386363637 0.1255384615384615 0.02413352272727266 0.027423076923077015
0 0.29117187499999997 0.11378846153846145 0.017826704545454562 0.036230769230769184
0 0.30669034090909086 0.093923076923077 0.022642045454545453 0.03226923076923083
0 0.308203125 0.06808653846153845 0.01904829545454549 0.04271153846153842
0 0.3218536931818181 0.08231730769230772 0.015071022727272747 0.0288653846153846
0 0.28872869318181815 0.07616346153846154 0.02387784090909091 0.03809615384615385
0 0.2821946022727272 0.11275961538461532 0.02765625000000004 0.04340384615384614
0 0.5264701704545454 0.32736538461538467 0.03424715909090911 0.056307692307692364
0 0.4777840909090909 0.3428365384615384 0.035624999999999976 0.056403846153846124
0 0.5013352272727273 0.329951923076923 0.03502840909090905 0.06009615384615385
0 0.7810937499999999 0.7821730769230769 0.035937499999999976 0.05092307692307693
0 0.47114346590909095 0.3992596153846154 0.027173295454545447 0.05886538461538464
0 0.5099431818181819 0.37186538461538465 0.029289772727272734 0.02534615384615386
0 0.522627840909091 0.3610192307692308 0.02204545454545452 0.03638461538461542
0 0.531690340909091 0.38085576923076914 0.02022727272727274 0.05151923076923081
0 0.5537357954545454 0.3393653846153847 0.022642045454545453 0.0641923076923078
0 0.5730539772727272 0.33751923076923074 0.03352272727272731 0.05723076923076921
0 0.5884517045454545 0.3679807692307693 0.02446022727272723 0.05519230769230767
0 0.5892329545454547 0.4043653846153846 0.02653409090909092 0.027153846153846164
0 0.5858948863636364 0.4363365384615384 0.037954545454545414 0.040288461538461516
0 0.5577414772727272 0.4579423076923077 0.02610795454545454 0.04438461538461547
0 0.7760582386363637 0.830375 0.0299005681818182 0.05094230769230771
0 0.5716548295454545 0.4613076923076923 0.04356534090909085 0.03415384615384614
0 0.5471732954545454 0.3970576923076924 0.02005681818181819 0.03884615384615382
0 0.5579616477272727 0.42290384615384613 0.027826704545454592 0.044384615384615356
0 0.5363920454545454 0.44218269230769236 0.019630681818181808 0.07417307692307702
0 0.5422727272727272 0.3650288461538461 0.013210227272727288 0.032634615384615435
0 0.1581818181818182 0.783076923076923 0.02917613636363631 0.035115384615384625
0 0.16997159090909086 0.7988365384615385 0.02622159090909096 0.033903846153846146
0 0.18381392045454537 0.7810865384615384 0.02387784090909083 0.045480769230769214
0 0.18499289772727256 0.8239711538461538 0.0456676136363636 0.05544230769230769
0 0.1733593750000001 0.8209711538461538 0.03359374999999997 0.03909615384615384
0 0.8040980113636363 0.8224134615384615 0.045667613636363645 0.034096153846153825
0 0.135340909090909 0.758951923076923 0.03536931818181815 0.06582692307692309
0 0.1486079545454545 0.7443846153846154 0.03713068181818196 0.02315384615384614
0 0.1686363636363637 0.7541634615384616 0.034772727272727295 0.05625000000000003
0 0.1407954545454545 0.7150673076923076 0.029772727272727326 0.03790384615384617
0 0.163487215909091 0.7204519230769231 0.03271306818181814 0.027134615384615358
0 0.1558238636363637 0.6871346153846154 0.03153409090909081 0.044269230769230734
0 0.1900071022727272 0.728423076923077 0.025639204545454482 0.04069230769230774
0 0.1966406249999999 0.7591442307692308 0.026519886363636305 0.028711538461538476
0 0.1994318181818181 0.7820769230769231 0.020340909090909 0.033115384615384644
0 0.21372159090909093 0.782673076923077 0.016505681818181826 0.03430769230769232
0 0.7955326704545455 0.8499326923076923 0.03660511363636365 0.0345576923076923
0 0.2057670454545455 0.8098076923076922 0.022386363636363624 0.0335
0 0.20663352272727276 0.7502307692307693 0.01713068181818174 0.03219230769230768
0 0.21963778409090906 0.7549230769230769 0.021264204545454583 0.02507692307692309
0 0.19087357954545459 0.6397307692307692 0.03467329545454557 0.04919230769230766
0 0.2034019886363635 0.6671538461538462 0.030497159090908967 0.047500000000000035
0 0.16894886363636374 0.6309711538461538 0.030909090909091056 0.06332692307692309
0 0.19872159090909092 0.6915865384615385 0.03161931818181817 0.059365384615384625
0 0.1782883522727272 0.6919903846153845 0.015213068181818234 0.060173076923076906
0 0.15561789772727286 0.6580673076923077 0.02953125000000011 0.06501923076923077
0 0.1720241477272727 0.6994615384615385 0.011633522727272805 0.036346153846153806
0 0.7636292613636364 0.8581153846153846 0.03325284090909095 0.03365384615384615
0 0.19038352272727266 0.8600096153846154 0.03744318181818184 0.047826923076923086
0 0.2042826704545455 0.8414134615384615 0.019928977272727397 0.03678846153846153
0 0.21349431818181808 0.8728942307692308 0.01963068181818189 0.0711346153846154
0 0.23477982954545462 0.9258365384615385 0.047713068181818225 0.05109615384615385
0 0.3521875 0.4626538461538461 0.06806818181818176 0.09215384615384613
0 0.3948792613636364 0.4595769230769231 0.05691761363636363 0.07596153846153846
0 0.4051349431818182 0.4904615384615385 0.026519886363636388 0.035346153846153784
0 0.3874502840909091 0.5049903846153847 0.017684659090909074 0.026788461538461553
0 0.37187500000000007 0.5079807692307692 0.021477272727272734 0.027076923076923047
0 0.3765056818181818 0.5289230769230769 0.021051136363636435 0.025076923076923063
0 0.7122443181818182 0.8685673076923077 0.04667613636363634 0.08548076923076922
0 0.35609375 0.5215192307692308 0.022727272727272728 0.03249999999999996
0 0.3304474431818182 0.5673269230769231 0.03271306818181814 0.05323076923076924
0 0.3364133522727273 0.542875 0.0299005681818182 0.040480769230769195
0 0.33686789772727266 0.5134423076923077 0.03441761363636358 0.035576923076923075
0 0.30787642045454544 0.4743942307692308 0.04529829545454544 0.05886538461538464
0 0.20264204545454545 0.5763942307692307 0.05224431818181814 0.04701923076923075
0 0.22860795454545457 0.5512596153846153 0.03352272727272731 0.04332692307692308
0 0.3563920454545454 0.5685480769230769 0.03826704545454545 0.07744230769230771
0 0.3389062500000001 0.6237980769230769 0.025880681818181775 0.041365384615384596
0 0.35921875000000003 0.6259903846153846 0.028409090909090908 0.05451923076923076
0 0.34150568181818175 0.6943557692307692 0.026676136363636405 0.0520576923076923
0 0.7438139204545454 0.8724326923076924 0.029900568181818157 0.04409615384615385
0 0.38294744318181817 0.6087211538461539 0.0427698863636363 0.05109615384615383
0 0.28726562499999997 0.9675 0.02720170454545451 0.03869230769230769
0 0.2731818181818183 0.8717211538461538 0.03443181818181811 0.06001923076923077
0 0.2445241477272727 0.8908461538461538 0.04021306818181811 0.04019230769230767
0 0.2754545454545454 0.8951826923076923 0.021647727272727367 0.03209615384615386
0 0.2984446022727273 0.9366346153846153 0.0185653409090909 0.02734615384615385
0 0.27349431818181813 0.9524038461538462 0.038778409090909106 0.05276923076923076
0 0.22459517045454547 0.806326923076923 0.017428977272727245 0.02657692307692309
0 0.23112926136363643 0.7750192307692307 0.021321022727272713 0.04773076923076924
0 0.24211647727272734 0.773298076923077 0.02130681818181818 0.04517307692307691
0 0.7385866477272727 0.8248173076923077 0.047286931818181846 0.06124999999999999
0 0.24499289772727262 0.7096826923076923 0.015099431818181812 0.02486538461538463
0 0.2100142045454546 0.7020192307692308 0.022642045454545533 0.023846153846153857
0 0.3003338068181818 0.7110480769230769 0.038735795454545426 0.03778846153846155
0 0.3081392045454545 0.7318269230769231 0.03471590909090909 0.039846153846153844
0 0.2932883522727273 0.7512307692307691 0.03169034090909091 0.039846153846153844
0 0.32083806818181815 0.7617980769230769 0.036988636363636314 0.03440384615384615
0 0.3197088068181819 0.7900673076923077 0.02867897727272727 0.029634615384615405
0 0.30297585227272716 0.8180000000000001 0.017855113636363627 0.028269230769230748
0 0.3178196022727273 0.8159423076923077 0.018877840909090858 0.02623076923076923
0 0.3531036931818182 0.7727115384615385 0.03362215909090911 0.03338461538461538
0 0.7590625 0.8004615384615384 0.04437500000000001 0.05753846153846154
0 0.37357244318181815 0.76775 0.02322443181818185 0.027846153846153826
0 0.36827414772727274 0.7469230769230768 0.016292613636363674 0.01819230769230771
0 0.34872159090909094 0.7310769230769232 0.02119318181818176 0.03226923076923077
0 0.34994318181818185 0.7547884615384615 0.025255681818181778 0.03226923076923077
0 0.38844460227272737 0.8110480769230769 0.02728693181818179 0.02563461538461538
0 0.3989346590909091 0.7638846153846154 0.027499999999999938 0.027307692307692286
0 0.3834517045454545 0.7818173076923077 0.01894886363636368 0.0300576923076923
0 0.39526988636363636 0.7878846153846154 0.029943181818181796 0.022346153846153856
0 0.32356534090909095 0.8398653846153846 0.02750000000000002 0.03142307692307693
0 0.31276988636363634 0.8434519230769231 0.032386363636363574 0.027019230769230792
0 0.7212215909090909 0.9018076923076923 0.060426136363636355 0.03288461538461539
0 0.31918323863636366 0.8724134615384616 0.025667613636363627 0.03198076923076922
0 0.3382315340909091 0.8628942307692308 0.018934659090909068 0.03117307692307694
0 0.4157528409090909 0.8011153846153847 0.024261363636363695 0.026269230769230763
0 0.4509161931818182 0.825076923076923 0.02328124999999998 0.03938461538461539
0 0.4315980113636364 0.9398461538461539 0.02546875000000001 0.05065384615384616
0 0.34852982954545453 0.9744423076923077 0.028451704545454506 0.031000000000000003
0 0.30502130681818185 0.9694134615384615 0.02268465909090913 0.05109615384615385
0 0.32141335227272727 0.9829615384615384 0.03237215909090912 0.034076923076923074
0 0.44706676136363643 0.9267211538461538 0.03779829545454547 0.04886538461538462
0 0.40701704545454553 0.9465961538461538 0.03230113636363638 0.05753846153846153
0 0.7093750000000001 0.9311634615384615 0.04076704545454544 0.049326923076923074
0 0.4674857954545455 0.8870673076923077 0.021477272727272734 0.046134615384615385
0 0.44068892045454544 0.8968173076923077 0.026519886363636305 0.028903846153846155
0 0.46047585227272725 0.9002884615384615 0.020241477272727272 0.04180769230769231
0 0.5435227272727272 0.9416826923076923 0.0279261363636364 0.028942307692307694
0 0.5442826704545455 0.9621153846153846 0.023394886363636402 0.02419230769230769
0 0.5657883522727273 0.9534326923076923 0.021122159090909098 0.029980769230769224
0 0.5685724431818182 0.9001826923076923 0.02461647727272725 0.043557692307692304
0 0.5792116477272726 0.962875 0.018735795454545453 0.018596153846153846
0 0.5809446022727274 0.9062211538461539 0.03376420454545452 0.038057692307692306
0 0.5606676136363637 0.9308173076923076 0.030426136363636388 0.023288461538461536
0 0.7150071022727273 0.9411442307692308 0.04683238636363636 0.05832692307692309
0 0.5896377840909091 0.9210288461538462 0.020071022727272722 0.04705769230769231
0 0.5749360795454546 0.933451923076923 0.013934659090909095 0.019365384615384618
0 0.5801704545454545 0.9461057692307693 0.009715909090909136 0.01936538461538462
0 0.5518394886363636 0.9159038461538461 0.02171874999999995 0.029846153846153852
0 0.5673508522727273 0.9777596153846154 0.022428977272727302 0.024288461538461537
0 0.5122017045454546 0.946548076923077 0.013920454545454562 0.02763461538461538
0 0.4931036931818181 0.9840576923076924 0.025838068181818177 0.03188461538461538
0 0.5208877840909091 0.9902307692307692 0.018963068181818213 0.01953846153846154
0 0.503671875 0.9920192307692308 0.019446022727272725 0.015961538461538465
0 0.5112073863636364 0.9753846153846154 0.018551136363636367 0.029384615384615387
0 0.721512784090909 0.9636442307692308 0.052911931818181816 0.054788461538461536
0 0.4936079545454546 0.9232019230769231 0.022926136363636343 0.03255769230769231
0 0.645909090909091 0.6484615384615384 0.023778409090909062 0.03611538461538462
0 0.6660440340909091 0.6471826923076924 0.02916193181818182 0.05186538461538461
0 0.5715056818181818 0.7360288461538462 0.01798295454545458 0.04886538461538461
0 0.5570596590909092 0.7336730769230769 0.03110795454545451 0.05284615384615383
0 0.5224928977272727 0.6879326923076923 0.02359375000000002 0.028788461538461537
0 0.46742897727272725 0.7758076923076923 0.019346590909090914 0.022692307692307685
0 0.3989559659090909 0.8245961538461538 0.01680397727272725 0.0338076923076923
0 0.3444815340909091 0.7916730769230769 0.021605113636363606 0.03703846153846152
0 0.3329971590909091 0.7974807692307693 0.016818181818181864 0.03615384615384615
0 0.7586647727272727 0.9393846153846154 0.02659090909090909 0.054807692307692314
0 0.3812713068181818 0.8204038461538462 0.01819602272727273 0.03103846153846154
0 0.36610085227272726 0.7953076923076923 0.024275568181818145 0.03149999999999999
0 0.36483664772727276 0.8238269230769231 0.017684659090909074 0.026461538461538443
0 0.3356818181818182 0.8191538461538461 0.022073863636363586 0.03626923076923077
0 0.3516051136363636 0.8242788461538462 0.01684659090909085 0.041057692307692295
0 0.02115767045454542 0.3031346153846154 0.019076704545454636 0.032153846153846206
0 0.00593750000000004 0.30862500000000004 0.01187500000000002 0.04682692307692312
0 0.012208806818181817 0.3359423076923077 0.024417613636363713 0.0684615384615385
0 0.032848011363636354 0.32352884615384614 0.025468750000000092 0.027980769230769253
0 0.030894886363636354 0.35052884615384616 0.021534090909091027 0.029634615384615433
0 0.7232528409090909 0.9818461538461538 0.05232954545454546 0.03561538461538461
0 0.04447443181818178 0.3311346153846154 0.02724431818181811 0.017730769230769283
0 0.08083096590909089 0.3051634615384615 0.033622159090909036 0.03859615384615394
0 0.0891548295454545 0.30208653846153855 0.03686079545454552 0.04044230769230775
0 0.8596732954545454 0.9641538461538461 0.02338068181818181 0.025615384615384616
0 0.8761363636363637 0.6604326923076923 0.028437499999999994 0.04032692307692307
0 0.8475284090909091 0.7008461538461539 0.022670454545454535 0.029923076923076927
0 0.8554332386363637 0.699326923076923 0.03401988636363637 0.08411538461538463
0 0.9476704545454545 0.545923076923077 0.03698863636363636 0.029730769230769245
0 0.9394247159090909 0.6333269230769231 0.022571022727272728 0.024653846153846196
0 0.9580610795454545 0.5233173076923077 0.025269886363636366 0.026480769230769197
0 0.7563565340909091 0.993 0.035269886363636344 0.013307692307692307
0 0.9594886363636363 0.508201923076923 0.022414772727272724 0.020634615384615418
0 0.9081463068181819 0.6502403846153846 0.03424715909090909 0.0360192307692308
0 0.9141548295454546 0.6630576923076923 0.026690340909090907 0.039499999999999987
0 0.9276917613636364 0.6854038461538461 0.024218749999999997 0.04992307692307688
0 0.8962784090909091 0.6353942307692308 0.02247159090909092 0.037326923076923126
0 0.8738210227272727 0.6259423076923076 0.022500000000000006 0.02534615384615386
0 0.8758948863636363 0.6399903846153847 0.028409090909090908 0.02621153846153851
0 0.9816690340909091 0.9071538461538462 0.02725852272727273 0.02973076923076923
0 0.9955042613636363 0.9117692307692308 0.008991477272727273 0.028153846153846154
0 0.9808735795454545 0.9162211538461539 0.027514204545454543 0.045557692307692306
0 0.7457954545454546 0.38375961538461545 0.02332386363636362 0.0526730769230769
0 0.7621306818181819 0.966 0.02659090909090909 0.04226923076923077
0 0.9907954545454546 0.9359134615384616 0.01840909090909091 0.02771153846153846
0 0.9720667613636363 0.9574519230769231 0.016690340909090908 0.03125
0 0.9845880681818182 0.9536538461538462 0.02164772727272727 0.03142307692307693
0 0.9588991477272727 0.9555961538461538 0.017997159090909095 0.02542307692307692
0 0.9663920454545455 0.9376730769230769 0.016306818181818176 0.027
0 0.9536789772727273 0.9286634615384616 0.020852272727272733 0.03548076923076923
0 0.9658096590909091 0.9179903846153846 0.011477272727272725 0.02117307692307692
0 0.948203125 0.905625 0.03884943181818182 0.024365384615384605
0 0.9759517045454545 0.9835 0.02471590909090909 0.027038461538461536
0 0.9903622159090909 0.9675384615384616 0.019247159090909093 0.03634615384615384
0 0.7877201704545455 0.9685480769230769 0.026889204545454556 0.056749999999999995
0 0.9803196022727273 0.9938269230769231 0.01893465909090909 0.012346153846153845
0 0.9935085227272727 0.9895384615384616 0.012755681818181819 0.020923076923076926
0 0.9206321022727273 0.9499326923076923 0.02166193181818182 0.03244230769230769
0 0.8682954545454545 0.9925 0.03661931818181818 0.014807692307692308
0 0.8625852272727272 0.9832692307692308 0.026732954545454556 0.012807692307692306
0 0.7128053977272728 0.09679807692307685 0.049531250000000006 0.0526730769230769
0 0.7254829545454546 0.05549038461538469 0.018863636363636364 0.041903846153846194
0 0.7457954545454546 0.02834615384615391 0.044005681818181805 0.02992307692307682
0 0.7450639204545455 0.05257692307692308 0.03410511363636362 0.036769230769230776
0 0.7461150568181818 0.06853846153846155 0.02359374999999998 0.021384615384615394
0 0.7755752840909091 0.9810384615384615 0.030355113636363642 0.03792307692307692
0 0.7577130681818182 0.05029807692307686 0.015795454545454553 0.03236538461538459
0 0.7538778409090909 0.09153846153846157 0.037897727272727284 0.033807692307692275
0 0.725078125 0.40176923076923077 0.05592329545454542 0.025730769230769224
0 0.7666335227272727 0.3856346153846153 0.02730113636363636 0.043730769230769136
0 0.7625710227272727 0.35733653846153846 0.015454545454545448 0.025980769230769214
0 0.7139701704545454 0.3828846153846154 0.026519886363636346 0.01626923076923073
0 0.4391264204545454 0.5525288461538462 0.018735795454545453 0.04413461538461536
0 0.38426136363636365 0.5503653846153846 0.03647727272727274 0.03465384615384612
0 0.3774502840909091 0.5785096153846154 0.025326704545454524 0.046211538461538464
0 0.43085227272727267 0.5690096153846154 0.03551136363636364 0.02609615384615383
0 0.7556321022727273 0.9186346153846154 0.03555397727272727 0.046961538461538464
0 0.40078125 0.5859615384615384 0.022443181818181834 0.0413846153846154
0 0.4098508522727272 0.6692596153846153 0.011036931818181873 0.01267307692307693
0 0.4740767045454546 0.755625 0.024687499999999994 0.03159615384615383
0 0.4715625 0.6886634615384616 0.029715909090909112 0.034096153846153825
0 0.47382812499999993 0.6828653846153846 0.022173295454545473 0.036153846153846175
0 0.47962357954545454 0.6352500000000001 0.02166193181818182 0.025
0 0.49683238636363636 0.6495673076923076 0.01781250000000003 0.029557692307692316
0 0.5111079545454545 0.6495576923076922 0.0191477272727273 0.025461538461538424
0 0.6323863636363636 0.6252884615384615 0.023039772727272766 0.0365769230769231
0 0.6154048295454546 0.6348269230769231 0.0160085227272727 0.049846153846153825
0 0.7631463068181819 0.882625 0.025724431818181837 0.025826923076923077
0 0.5910298295454546 0.6755480769230768 0.011946022727272763 0.0169807692307692
0 0.12917613636363645 0.10888461538461536 0.026477272727272707 0.026538461538461452
0 0.15068892045454552 0.06570192307692313 0.02296874999999994 0.04278846153846154
0 0.1410085227272727 0.10149999999999992 0.027272727272727337 0.03226923076923083
0 0.13353693181818183 0.07723076923076921 0.027585227272727376 0.03976923076923078
0 0.1274218749999999 0.1409807692307692 0.025326704545454604 0.04161538461538459
0 0.21764914772727273 0.1674230769230769 0.018366477272727364 0.06146153846153853
0 0.25213778409090903 0.14536538461538462 0.01498579545454539 0.04688461538461538
0 0.26289062500000004 0.1865096153846154 0.019872159090909024 0.04232692307692306
0 0.25747869318181815 0.22798076923076915 0.04481534090909092 0.04796153846153846
0 0.7872869318181819 0.8818461538461538 0.026022727272727263 0.04303846153846153
0 0.30075284090909093 0.1468846153846154 0.03306818181818186 0.038423076923076956
0 0.26452414772727273 0.15385576923076927 0.019872159090909104 0.04305769230769228
0 0.2806036931818181 0.15312499999999996 0.020610795454545524 0.04894230769230778
0 0.3116832386363636 0.1496346153846153 0.017883522727272772 0.027038461538461542
0 0.3667613636363636 0.22807692307692307 0.03173295454545459 0.04338461538461539
0 0.39370738636363634 0.21995192307692313 0.05687500000000003 0.046557692307692376
0 0.3550213068181818 0.19174038461538467 0.029758522727272793 0.03132692307692311
0 0.38686079545454544 0.19352884615384613 0.0361647727272727 0.03313461538461542
0 0.2944034090909091 0.25386538461538455 0.03275568181818182 0.05046153846153848
0 0.2342684659090909 0.6159230769230769 0.031860795454545385 0.02757692307692303
0 0.7842542613636364 0.9204038461538462 0.028622159090909097 0.05361538461538461
0 0.24757102272727272 0.5980865384615385 0.027784090909090994 0.024980769230769247
0 0.8069460227272727 0.9147211538461538 0.0300568181818182 0.051673076923076926
0 0.8339772727272727 0.8982788461538461 0.030937500000000003 0.03678846153846154
0 0.8425 0.914923076923077 0.019659090909090914 0.02388461538461539
0 0.10056818181818172 0.1757788461538461 0.022073863636363746 0.013980769230769305
0 0.8247230113636363 0.9323365384615384 0.029190340909090885 0.043826923076923076
0 0.8078125 0.875576923076923 0.023125000000000003 0.044615384615384605
0 0.8237144886363637 0.8538653846153846 0.02024147727272725 0.033269230769230766
0 0.8566690340909091 0.8951538461538462 0.024872159090909077 0.05088461538461539
0 0.8816761363636363 0.900826923076923 0.024573863636363633 0.03250000000000001
0 0.850887784090909 0.933701923076923 0.02254261363636362 0.03640384615384615
0 0.8711221590909091 0.9356634615384616 0.022556818181818174 0.04032692307692307
0 0.8904971590909091 0.9276346153846153 0.019659090909090914 0.046961538461538464
0 0.8393252840909091 0.9609134615384616 0.03990056818181819 0.03209615384615385
0 0.8352769886363636 0.8732403846153847 0.03757102272727273 0.03209615384615386
