0 0.09350142045454557 0.24044230769230768 0.015980113636363636 0.030576923076923144
0 0.1115198863636363 0.1659711538461539 0.025227272727272713 0.021788461538461618
0 0.3747443181818182 0.853125 0.02997159090909094 0.027711538461538454
0 0.3968110795454546 0.8639423076923077 0.029446022727272755 0.03861538461538463
0 0.2876207386363636 0.6390288461538463 0.025752840909090902 0.049249999999999974
0 0.3544744318181817 0.5717019230769231 0.027642045454545426 0.016942307692307697
0 0.3938920454545455 0.5096634615384615 0.03181818181818179 0.04167307692307695
0 0.41297585227272726 0.87975 0.03646306818181821 0.04665384615384615
0 0.3833451704545454 0.5263942307692309 0.047372159090909124 0.04705769230769231
0 0.3695099431818182 0.5386826923076924 0.030781250000000024 0.02575000000000003
0 0.3407599431818181 0.7960192307692308 0.025923295454545456 0.061000000000000026
0 0.3874928977272728 0.5646634615384616 0.03339488636363635 0.03805769230769235
0 0.09273437499999992 0.1695961538461539 0.017713068181818222 0.033423076923076916
0 0.3570596590909091 0.5548365384615384 0.026619318181818195 0.030903846153846195
0 0.38745738636363636 0.43765384615384617 0.03417613636363637 0.045423076923076934
0 0.13505681818181803 0.3156826923076923 0.03821022727272724 0.04324999999999991
0 0.24254261363636365 0.37140384615384614 0.044801136363636314 0.0672307692307693
0 0.017755681818181768 0.47470192307692316 0.0222443181818183 0.026826923076923054
0 0.013955965909090984 0.5553461538461538 0.025809659090909032 0.025884615384615346
0 0.3827911931818182 0.8750192307692308 0.042031249999999964 0.045653846153846156
0 0.02287642045454552 0.6062596153846154 0.03217329545454542 0.028480769230769237
0 0.023671874999999898 0.5889903846153846 0.015923295454545506 0.01898076923076924
0 0.3373579545454546 0.9440192307692308 0.020142045454545385 0.02419230769230769
0 0.08522727272727271 0.219923076923077 0.025767045454545598 0.024346153846153896
0 0.0236505681818181 0.5742980769230769 0.01284090909090904 0.01386538461538463
0 0.043210227272727164 0.5675961538461538 0.033380681818181816 0.03819230769230772
0 0.3447798295454546 0.87175 0.07998579545454546 0.07442307692307693
0 0.011065340909090837 0.5866153846153846 0.013778409090908994 0.014615384615384605
0 0.012911931818181732 0.5720961538461539 0.009801136363636331 0.016346153846153847
0 0.36664062500000005 0.7347980769230769 0.02776988636363638 0.03825
0 0.004360795454545374 0.46808653846153836 0.008721590909090889 0.040788461538461496
0 0.0265696022727272 0.4928076923076923 0.017940340909090902 0.012576923076923006
0 0.014169034090908972 0.5137019230769231 0.026036931818181876 0.03686538461538459
0 0.0451349431818181 0.5339038461538461 0.031974431818181805 0.046538461538461515
0 0.06429687500000003 0.23081730769230768 0.027372159090909065 0.03524999999999997
0 0.27716619318181823 0.8631153846153846 0.03044034090909092 0.041499999999999995
0 0.012017045454545516 0.5417403846153845 0.024034090909090852 0.021365384615384588
0 0.011029829545454506 0.5150384615384616 0.022059659090909053 0.0363076923076923
0 0.010582386363636398 0.4894519230769231 0.020624999999999973 0.019826923076923082
0 0.055106534090909154 0.5627692307692307 0.024417613636363553 0.04653846153846157
0 0.32551846590909084 0.8189615384615385 0.04921875000000005 0.04746153846153847
0 0.006491477272727142 0.42262500000000003 0.012982954545454527 0.058750000000000024
0 0.04296875 0.38897115384615377 0.03551136363636364 0.045942307692307664
0 0.4795454545454546 0.6408653846153847 0.023522727272727275 0.03992307692307691
0 0.3757670454545454 0.6583076923076923 0.04553977272727273 0.040423076923076944
0 0.029694602272727244 0.007875000000000076 0.023480113636363598 0.015749999999999997
0 0.37913352272727274 0.6322788461538462 0.040312499999999994 0.020711538461538427
0 0.5345738636363637 0.6998076923076922 0.024943181818181823 0.0603846153846154
0 0.6217755681818182 0.7324134615384617 0.026477272727272707 0.027903846153846192
0 0.3982670454545455 0.6052403846153847 0.01997159090909091 0.03640384615384617
0 0.5523792613636364 0.7155673076923077 0.020838068181818124 0.025596153846153852
0 0.3783877840909091 0.6023365384615385 0.030241477272727222 0.04221153846153844
0 0.3169389204545454 0.7694326923076923 0.03654829545454548 0.05451923076923076
0 0.5140411931818182 0.7160961538461539 0.02595170454545452 0.03307692307692305
0 0.44502130681818186 0.7147403846153846 0.050639204545454515 0.041942307692307695
0 0.4447727272727273 0.6741538461538461 0.04156249999999999 0.03034615384615385
0 0.009261363636363651 0.022798076923076893 0.018522727272727222 0.045365384615384675
0 0.4443892045454546 0.7017788461538461 0.04684659090909085 0.036480769230769226
0 0.4500568181818182 0.6634038461538462 0.032499999999999994 0.035461538461538454
0 0.45723721590909083 0.6233365384615385 0.04080965909090912 0.06444230769230767
0 0.48532670454545457 0.6081634615384616 0.0269602272727273 0.07432692307692308
0 0.5068607954545454 0.615326923076923 0.027698863636363636 0.07911538461538459
0 0.5445241477272728 0.6294807692307692 0.038536931818181894 0.046038461538461535
0 0.5205894886363636 0.647375 0.014360795454545473 0.02659615384615387
0 0.5431321022727273 0.6536923076923078 0.03879261363636364 0.03853846153846152
0 0.5260085227272727 0.6173653846153846 0.028721590909090947 0.04842307692307694
0 0.5646732954545455 0.6536826923076924 0.04508522727272721 0.044673076923076906
0 0.006988636363636447 0.17775961538461538 0.013977272727272772 0.024096153846153795
0 0.5537144886363636 0.7403076923076923 0.02166193181818182 0.03580769230769229
0 0.5684517045454545 0.7324711538461539 0.019886363636363636 0.0303653846153846
0 0.5917471590909091 0.7421923076923077 0.02821022727272721 0.02592307692307696
0 0.5953338068181818 0.7155865384615385 0.035269886363636344 0.0315192307692308
0 0.5556889204545454 0.6880673076923077 0.044928977272727266 0.04613461538461535
0 0.3434872159090909 0.27022115384615386 0.01740056818181818 0.027326923076923037
0 0.33703125 0.3287692307692308 0.024034090909090932 0.02888461538461546
0 0.3498934659090909 0.3102403846153846 0.028281249999999956 0.025211538461538487
0 0.3561576704545455 0.6091634615384616 0.01703125000000001 0.024865384615384574
0 0.36571732954545455 0.33163461538461536 0.046889204545454616 0.04515384615384619
0 0.013835227272727235 0.23840384615384624 0.016164772727272722 0.028269230769230748
0 0.3788352272727272 0.2963461538461539 0.029460227272727287 0.030923076923076893
0 0.36122869318181816 0.6272884615384615 0.01836647727272728 0.015538461538461508
0 0.3608948863636363 0.2892403846153846 0.02471590909090906 0.041942307692307695
0 0.34032670454545455 0.29129807692307697 0.019460227272727258 0.0199423076923077
0 0.33627130681818185 0.2979519230769231 0.019133522727272766 0.030019230769230795
0 0.3287428977272727 0.26575000000000004 0.018281250000000006 0.038499999999999965
0 0.3136789772727273 0.27892307692307683 0.027755681818181846 0.037807692307692355
0 0.3046235795454545 0.3143269230769231 0.018110795454545456 0.03711538461538464
0 0.32272727272727275 0.31180769230769223 0.01980113636363636 0.03161538461538461
0 0.3266193181818182 0.34251923076923074 0.03130681818181813 0.02888461538461535
0 0.025269886363636362 0.2467211538461539 0.019346590909090914 0.04228846153846155
0 0.42362926136363643 0.37749999999999995 0.023196022727272704 0.03646153846153842
0 0.42776278409090907 0.3941442307692308 0.026747159090909068 0.03194230769230772
0 0.4620738636363636 0.37776923076923075 0.04423295454545453 0.047115384615384615
0 0.4468394886363636 0.3830961538461539 0.02359375000000002 0.0380769230769231
0 0.47947443181818183 0.36232692307692305 0.03656250000000001 0.03007692307692316
0 0.45165482954545455 0.41184615384615375 0.04149147727272724 0.033269230769230794
0 0.44349431818181817 0.44325000000000003 0.029488636363636432 0.040730769230769244
0 0.4575497159090909 0.4453846153846154 0.037542613636363645 0.04500000000000007
0 0.47406250000000005 0.43327884615384615 0.02221590909090907 0.025557692307692236
0 0.4759375 0.41264423076923074 0.022017045454545456 0.022096153846153863
0 0.04304687500000004 0.21880769230769226 0.017855113636363707 0.04876923076923068
0 0.501299715909091 0.4311442307692308 0.033025568181818184 0.036750000000000026
0 0.7378480113636363 0.4392211538461538 0.04688920454545453 0.04444230769230772
0 0.4895028409090909 0.39747115384615384 0.02713068181818185 0.04178846153846157
0 0.055007102272727315 0.42609615384615385 0.04538352272727279 0.029384615384615332
0 0.49842329545454545 0.4697692307692307 0.022840909090909068 0.045461538461538546
0 0.7460156250000001 0.3996826923076924 0.025440340909090906 0.04094230769230773
0 0.7474289772727273 0.3674423076923077 0.02349431818181821 0.03238461538461545
0 0.7298153409090908 0.36758653846153844 0.02610795454545454 0.036211538461538434
0 0.4792400568181818 0.4611153846153846 0.024275568181818228 0.041884615384615444
0 0.728622159090909 0.39702884615384626 0.01326704545454546 0.027980769230769253
0 0.10856534090909098 0.23396153846153844 0.020085227272727255 0.028730769230769226
0 0.062450284090909136 0.19420192307692308 0.03941761363636364 0.04794230769230771
0 0.7170880681818181 0.42102884615384617 0.041107954545454545 0.04063461538461537
0 0.7077414772727273 0.3798076923076923 0.02980113636363639 0.047115384615384615
0 0.20094460227272737 0.18608653846153844 0.024161931818181805 0.014711538461538418
0 0.2046732954545455 0.19698076923076924 0.023153409090909027 0.01853846153846151
0 0.19712357954545456 0.2069326923076923 0.027372159090909065 0.026980769230769287
0 0.18203124999999998 0.19984615384615378 0.018920454545454456 0.03134615384615387
0 0.1709517045454546 0.23432692307692315 0.03985795454545447 0.07903846153846147
0 0.2103124999999999 0.3132211538461539 0.033210227272727266 0.033519230769230676
0 0.207890625 0.2715192307692308 0.036832386363636456 0.054769230769230806
0 0.1960227272727273 0.23241346153846154 0.018721590909091 0.02890384615384621
0 0.08046164772727271 0.190125 0.029758522727272793 0.039096153846153815
0 0.21352982954545463 0.24794230769230774 0.017514204545454604 0.032153846153846206
0 0.22631392045454557 0.27901923076923085 0.03140625000000002 0.043615384615384625
0 0.234375 0.25786538461538466 0.01718749999999987 0.020000000000000066
0 0.22790482954545443 0.23878846153846145 0.01967329545454549 0.03876923076923082
0 0.21497869318181817 0.22344230769230766 0.01927556818181825 0.022615384615384596
0 0.21706676136363645 0.17794230769230768 0.011519886363636383 0.028538461538461492
0 0.2209446022727274 0.20298076923076913 0.020468749999999956 0.034999999999999976
0 0.2401278409090909 0.27109615384615393 0.022670454545454435 0.016692307692307704
0 0.24271306818181815 0.2867115384615385 0.02187500000000013 0.02100000000000003
0 0.2691903409090909 0.1810673076923076 0.014119318181818259 0.02224999999999999
0 0.0183522727272728 0.21172115384615386 0.0367045454545455 0.03678846153846164
0 0.2520454545454546 0.18389423076923073 0.021051136363636435 0.019557692307692227
0 0.2659730113636364 0.20071153846153844 0.017883522727272692 0.019153846153846223
0 0.24770596590909089 0.2040288461538462 0.018650568181818174 0.025788461538461586
0 0.2362215909090909 0.21999038461538456 0.013749999999999929 0.028980769230769216
0 0.24504971590909086 0.22836538461538458 0.01964488636363626 0.040961538461538376
0 0.2546803977272728 0.2249038461538463 0.01413352272727263 0.03669230769230766
0 0.254190340909091 0.2647980769230769 0.02730113636363624 0.043096153846153784
0 0.27344460227272727 0.22277884615384624 0.024161931818181805 0.026596153846153815
0 0.26598011363636365 0.24645192307692299 0.013948863636363627 0.025519230769230843
0 0.26892045454545466 0.2713173076923078 0.02022727272727266 0.029519230769230704
0 0.27806107954545456 0.1334423076923077 0.03569602272727264 0.03923076923076919
0 0.2795312499999999 0.2560192307692307 0.02022727272727282 0.025538461538461486
0 0.2934801136363636 0.23025000000000007 0.04153409090909092 0.030153846153846166
0 0.2938849431818181 0.20381730769230777 0.041803977272727284 0.02344230769230769
0 0.29471590909090917 0.1935865384615384 0.036846590909090905 0.032019230769230834
0 0.23476562499999998 0.18557692307692308 0.028053977272727272 0.044307692307692235
0 0.25924005681818185 0.16044230769230772 0.02419034090909087 0.03349999999999992
0 0.28220170454545446 0.1637980769230768 0.02392045454545451 0.03351923076923078
0 0.2992542613636363 0.17719230769230765 0.03328125000000001 0.055846153846153886
0 0.16518465909090907 0.16100000000000003 0.032443181818181864 0.07484615384615388
0 0.14016335227272725 0.11405769230769236 0.030411931818181772 0.03284615384615393
0 0.2728835227272728 0.09317307692307686 0.030000000000000086 0.05673076923076923
0 0.1639346590909092 0.17075961538461526 0.023607954545454553 0.04817307692307694
0 0.1493821022727272 0.1409903846153846 0.03137784090909095 0.031519230769230744
0 0.09391335227272724 0.268625 0.02328124999999998 0.03371153846153841
0 0.11008522727272729 0.2927019230769231 0.03170454545454537 0.04071153846153849
0 0.08550426136363631 0.25986538461538455 0.027173295454545447 0.01969230769230771
0 0.0480113636363636 0.250375 0.026079545454545473 0.029788461538461555
0 0.07198153409090902 0.24687499999999996 0.02813920454545463 0.03809615384615374
0 0.12237215909090926 0.26722115384615397 0.03536931818181815 0.044788461538461576
0 0.056768465909090904 0.3205096153846153 0.03194602272727274 0.04221153846153844
0 0.03907670454545453 0.28318269230769233 0.026250000000000027 0.05098076923076921
0 0.37136363636363645 0.5889615384615384 0.05318181818181818 0.05284615384615383
0 0.6985511363636363 0.0582307692307692 0.026789772727272745 0.02311538461538469
0 0.20568181818181808 0.16523076923076918 0.016306818181818207 0.03515384615384621
0 0.19098721590909096 0.1725961538461539 0.022343750000000027 0.02534615384615375
0 0.2563068181818182 0.1303557692307692 0.016107954545454592 0.0329807692307693
0 0.2523792613636363 0.09696153846153843 0.015497159090909046 0.019615384615384594
0 0.24947443181818185 0.0728557692307692 0.036477272727272816 0.04413461538461536
0 0.2306392045454545 0.09846153846153849 0.01670454545454544 0.022615384615384596
0 0.24664062499999995 0.1112788461538462 0.02214488636363625 0.03678846153846153
0 0.22560369318181828 0.10964423076923069 0.022343750000000027 0.02371153846153843
0 0.22460227272727273 0.12422115384615395 0.02556818181818182 0.020711538461538535
0 0.07406250000000014 0.1332692307692307 0.025767045454545435 0.09073076923076924
0 0.24674005681818167 0.14029807692307694 0.015099431818181812 0.031057692307692265
0 0.23335227272727266 0.1426153846153846 0.016505681818181826 0.02315384615384619
0 0.23466619318181803 0.15201923076923074 0.025980113636363746 0.022346153846153856
0 0.21584517045454532 0.14874038461538464 0.017315340909090825 0.033788461538461524
0 0.1998437500000001 0.15078846153846148 0.016704545454545604 0.021538461538461517
0 0.1862571022727273 0.14874038461538464 0.017713068181818222 0.03051923076923067
0 0.20759232954545448 0.12803846153846166 0.02535511363636367 0.02780769230769227
0 0.19710227272727276 0.09390384615384617 0.03522727272727266 0.03892307692307694
0 0.17776988636363644 0.10224038461538454 0.04676136363636358 0.02759615384615378
0 0.1949076704545455 0.11999038461538458 0.030184659090909092 0.030250000000000034
0 0.11559659090909091 0.1313653846153846 0.09156250000000005 0.13426923076923086
0 0.1719602272727272 0.12325961538461538 0.03985795454545463 0.020442307692307794
0 0.16710227272727274 0.28301923076923075 0.02767045454545457 0.033230769230769286
0 0.1452840909090909 0.2849519230769231 0.01769886363636369 0.0324423076923077
0 0.15441051136363626 0.3116057692307693 0.02225852272727267 0.02548076923076923
0 0.17780539772727266 0.3421153846153846 0.02623579545454533 0.020076923076923072
0 0.16068892045454541 0.3330384615384615 0.0199573863636363 0.01969230769230771
0 0.20063210227272732 0.33188461538461544 0.016718749999999973 0.01626923076923073
0 0.1896235795454545 0.3296730769230769 0.01916193181818183 0.017384615384615314
0 0.17485795454545439 0.32319230769230767 0.016505681818181826 0.020423076923076933
0 0.190546875 0.31974038461538457 0.015696022727272663 0.017365384615384564
0 0.11818892045454554 0.1443365384615385 0.025553977272727287 0.03994230769230766
0 0.1931889204545456 0.2904903846153847 0.027514204545454553 0.02951923076923081
0 0.1827982954545455 0.30236538461538465 0.02750000000000002 0.028961538461538466
0 0.16497869318181813 0.31253846153846154 0.008849431818181845 0.015769230769230747
0 0.1621732954545454 0.2949711538461538 0.01812499999999999 0.022173076923076872
0 0.1333948863636365 0.36724038461538455 0.04002840909090902 0.03582692307692307
0 0.13339488636363628 0.3492115384615384 0.037585227272727326 0.027653846153846143
0 0.0782315340909091 0.32145192307692305 0.013423295454545358 0.015749999999999997
0 0.9641619318181818 0.12988461538461527 0.020000000000000004 0.0369230769230769
0 0.9759801136363636 0.13824999999999998 0.02471590909090909 0.040846153846153865
0 0.9943536931818182 0.14613461538461536 0.011292613636363637 0.05169230769230768
0 0.09249289772727276 0.12510576923076921 0.026832386363636343 0.06732692307692306
0 0.9926207386363637 0.22071153846153846 0.014360795454545454 0.0482307692307692
0 0.9937571022727273 0.1810673076923076 0.012485795454545453 0.01967307692307685
0 0.9926775568181818 0.19738461538461538 0.014644886363636365 0.02888461538461535
0 0.0815625000000001 0.3360192307692308 0.026789772727272745 0.012576923076923116
0 0.1000781249999999 0.31962499999999994 0.03473011363636354 0.02451923076923077
0 0.09161931818181823 0.2989711538461539 0.019630681818181728 0.021673076923076996
0 0.09049715909090916 0.31725000000000003 0.020028409090909124 0.018076923076923143
0 0.07830255681818177 0.3036826923076923 0.01154829545454561 0.02224999999999999
0 0.31252840909090907 0.3718269230769231 0.04306818181818181 0.03942307692307692
0 0.24610795454545453 0.4223269230769231 0.02911931818181818 0.032038461538461585
0 0.13312500000000005 0.2555288461538462 0.026562500000000065 0.03813461538461546
0 0.34582386363636364 0.6294903846153846 0.023522727272727275 0.04221153846153844
0 0.3446732954545454 0.384548076923077 0.026079545454545393 0.05667307692307687
0 0.3158664772727273 0.39358653846153835 0.03517045454545453 0.05009615384615387
0 0.35732244318181816 0.3976057692307692 0.02836647727272731 0.060519230769230825
0 0.37495028409090914 0.41255769230769224 0.02938920454545454 0.04453846153846159
0 0.1538920454545455 0.6479615384615385 0.04647727272727276 0.033923076923076896
0 0.18000000000000005 0.6553846153846155 0.032897727272727224 0.034653846153846174
0 0.21916193181818178 0.6592788461538461 0.02349431818181813 0.032519230769230766
0 0.1929687499999999 0.6720192307692308 0.03136363636363642 0.039499999999999987
0 0.25389204545454547 0.6097884615384616 0.02193181818181826 0.029692307692307688
0 0.23978693181818178 0.6267499999999999 0.016704545454545604 0.03534615384615384
0 0.10822443181818187 0.09169230769230774 0.059744318181818266 0.060538461538461576
0 0.27366477272727274 0.6781346153846154 0.01198863636363628 0.03173076923076923
0 0.25441051136363635 0.664923076923077 0.018792613636363663 0.02403846153846154
0 0.2669957386363635 0.6564903846153847 0.016775568181818266 0.022365384615384606
0 0.25274147727272733 0.6454807692307692 0.01332386363636363 0.021999999999999995
0 0.26380681818181817 0.6324134615384616 0.022982954545454556 0.038173076923076914
0 0.2531818181818182 0.6266538461538462 0.012755681818181845 0.017000000000000008
0 0.23700994318181823 0.6673557692307692 0.017315340909090985 0.013903846153846135
0 0.23882102272727268 0.6526826923076923 0.01713068181818174 0.0190576923076923
0 0.23238636363636356 0.6445096153846155 0.019034090909090876 0.017788461538461538
0 0.22705965909090908 0.6262692307692308 0.016988636363636414 0.03465384615384612
0 0.3482173295454545 0.6760961538461538 0.04208806818181818 0.07069230769230768
0 0.20950284090909088 0.6377692307692308 0.019943181818181766 0.03619230769230773
0 0.20543323863636365 0.6130865384615385 0.013139204545454546 0.0303653846153846
0 0.24065340909090915 0.6005096153846153 0.026051136363636408 0.02421153846153847
0 0.24235085227272724 0.5776538461538461 0.022656250000000065 0.03434615384615387
0 0.22490767045454552 0.5899230769230769 0.023565340909090956 0.02392307692307692
0 0.22173295454545439 0.6143173076923076 0.01857954545454551 0.017480769230769237
0 0.1943252840909092 0.6120096153846154 0.014502840909090799 0.022711538461538467
0 0.20372869318181808 0.6359230769230769 0.011093750000000084 0.02392307692307692
0 0.2175497159090909 0.6035769230769231 0.02333806818181811 0.019307692307692293
0 0.2155113636363637 0.577201923076923 0.01653409090909089 0.03344230769230772
0 0.125575284090909 0.06819230769230777 0.06009943181818174 0.07265384615384621
0 0.23509943181818183 0.5598749999999999 0.025823863636363728 0.03801923076923079
0 0.21867897727272734 0.5503653846153846 0.019715909090909086 0.0416923076923077
0 0.19647727272727267 0.5891538461538461 0.022869318181818213 0.023615384615384618
0 0.20169034090909088 0.5607884615384615 0.017443181818181778 0.03680769230769233
0 0.21335227272727275 0.5325769230769231 0.01767045454545446 0.015961538461538482
0 0.21290482954545453 0.5158653846153847 0.014957386363636326 0.019307692307692293
0 0.20553977272727275 0.49975961538461533 0.018806818181818195 0.019019230769230743
0 0.22787642045454537 0.5290961538461538 0.014389204545454538 0.024961538461538497
0 0.3521875 0.5263557692307692 0.02119318181818176 0.03563461538461539
0 0.20264204545454556 0.5198750000000001 0.009857954545454461 0.0294807692307692
0 0.3223934659090909 0.6736346153846153 0.03061079545454547 0.05903846153846152
0 0.18879261363636357 0.5148173076923077 0.018522727272727222 0.0303653846153846
0 0.1566122159090909 0.5355000000000001 0.018536931818181755 0.028615384615384605
0 0.138671875 0.5230673076923077 0.031122159090909207 0.040173076923076895
0 0.14897727272727268 0.5269230769230769 0.020795454545454686 0.030807692307692272
0 0.17676136363636374 0.5227403846153846 0.023721590909090814 0.02421153846153847
0 0.1671732954545455 0.5117403846153846 0.025994318181818278 0.018903846153846177
0 0.16571732954545448 0.5641057692307693 0.022428977272727222 0.028596153846153854
0 0.16473721590909074 0.5414423076923077 0.020468749999999956 0.021999999999999995
0 0.18098721590909084 0.5751057692307693 0.02632102272727269 0.028596153846153854
0 0.19772727272727275 0.5370384615384616 0.022755681818181793 0.016730769230769264
0 0.15330255681818172 0.05753846153846154 0.05330965909090921 0.06296153846153849
0 0.18927556818181823 0.5544134615384615 0.029261363636363506 0.023326923076923124
0 0.18107954545454552 0.5392980769230769 0.013238636363636274 0.0169807692307692
0 0.18004261363636365 0.5980769230769231 0.016250000000000077 0.018230769230769266
0 0.18502840909090912 0.6181826923076923 0.01508522727272728 0.028288461538461554
0 0.1765553977272728 0.6312307692307693 0.023678977272727216 0.019807692307692276
0 0.1941974431818182 0.6365096153846155 0.014247159090909052 0.027826923076923075
0 0.16249999999999998 0.6237115384615384 0.032329545454545444 0.014961538461538464
0 0.17521306818181803 0.6094903846153846 0.017954545454545435 0.019442307692307717
0 0.16774857954545463 0.5917115384615385 0.02183238636363637 0.022076923076923112
0 0.15627840909090907 0.6109903846153846 0.021562500000000092 0.02394230769230767
0 0.21680397727272727 0.06772115384615396 0.034346590909091 0.060057692307692236
0 0.15697443181818183 0.5829326923076923 0.02017045454545461 0.018711538461538498
0 0.1486789772727274 0.5887307692307693 0.01906249999999994 0.017576923076923105
0 0.14536221590909093 0.60875 0.020724431818181864 0.023192307692307696
0 0.14426136363636355 0.5559615384615384 0.03153409090909081 0.03607692307692306
0 0.13679687500000004 0.5831153846153846 0.02515624999999989 0.03030769230769229
0 0.12311079545454551 0.5631923076923078 0.040767045454545354 0.058461538461538474
0 0.22623579545454542 0.5119519230769232 0.020511363636363713 0.02463461538461539
0 0.24045454545454537 0.5242596153846154 0.013522727272727247 0.05428846153846152
0 0.22786931818181833 0.49206730769230766 0.021903409090909032 0.023980769230769285
0 0.21481534090909093 0.4882884615384615 0.023778409090909104 0.036615384615384654
0 0.18693181818181825 0.05754807692307695 0.05474431818181813 0.039711538461538416
0 0.23509943181818183 0.46650961538461544 0.03170454545454537 0.028403846153846227
0 0.2476846590909091 0.45325000000000004 0.022386363636363624 0.03219230769230771
0 0.26237215909090916 0.4522980769230769 0.018181818181818278 0.044173076923076975
0 0.2502556818181819 0.48071153846153847 0.02471590909090906 0.022730769230769218
0 0.26587357954545443 0.6034807692307692 0.02237215909090917 0.025884615384615346
0 0.26400568181818185 0.5318365384615384 0.029829545454545456 0.04798076923076921
0 0.26983664772727256 0.4876538461538462 0.02285511363636368 0.027769230769230765
0 0.2565482954545455 0.5712884615384615 0.019573863636363598 0.03976923076923078
0 0.25193892045454547 0.5297403846153846 0.011463068181818092 0.04348076923076926
0 0.24696022727272726 0.5008076923076923 0.016335227272727272 0.01815384615384615
0 0.234950284090909 0.43654807692307696 0.01916193181818183 0.03690384615384615
0 0.26147017045454557 0.5095480769230769 0.019019886363636343 0.034980769230769225
0 0.2741477272727273 0.5197307692307693 0.018693181818181855 0.02803846153846151
0 0.28389914772727276 0.5084519230769231 0.02680397727272736 0.024211538461538413
0 0.28836647727272724 0.5321057692307692 0.02926136363636367 0.027519230769230775
0 0.2954829545454545 0.5549326923076923 0.025596590909090885 0.019249999999999982
0 0.2875568181818182 0.6025192307692308 0.022755681818181793 0.028615384615384605
0 0.27231534090909093 0.5560384615384615 0.023153409090909186 0.029153846153846148
0 0.30137073863636354 0.6102211538461538 0.020326704545454547 0.028596153846153854
0 0.31010653409090905 0.6203942307692307 0.027230113636363577 0.030249999999999982
0 0.3277769886363636 0.6313942307692307 0.019502840909090935 0.030249999999999982
0 0.2588423295454546 0.3884615384615384 0.0775994318181819 0.061500000000000034
0 0.33062499999999995 0.6055480769230769 0.033323863636363686 0.033557692307692344
0 0.2704900568181817 0.5873942307692308 0.02600852272727273 0.024750000000000008
0 0.2932457386363636 0.5752884615384615 0.021122159090909098 0.03134615384615387
0 0.2762926136363636 0.5709230769230769 0.01974431818181823 0.03065384615384615
0 0.30851562499999996 0.5948942307692309 0.020894886363636414 0.021211538461538462
0 0.343046875 0.583701923076923 0.03134943181818181 0.015326923076923075
0 0.27600142045454534 0.47643269230769236 0.015667613636363677 0.020826923076923156
0 0.2777485795454545 0.4565865384615385 0.016832386363636317 0.02594230769230771
0 0.28761363636363635 0.43144230769230774 0.013352272727272775 0.023576923076923058
0 0.2751988636363637 0.4346923076923077 0.014715909090909191 0.021884615384615377
0 0.12068892045454549 0.22313461538461532 0.01916193181818183 0.01946153846153836
0 0.21610085227272724 0.45697115384615383 0.022883522727272745 0.030019230769230795
0 0.2938494318181818 0.399625 0.018750000000000065 0.017711538461538532
0 0.2807173295454546 0.3837307692307693 0.029190340909090843 0.03365384615384615
0 0.2746235795454546 0.4125961538461539 0.026690340909090858 0.035076923076923096
0 0.326875 0.512 0.02755681818181815 0.04176923076923077
0 0.306015625 0.5231730769230769 0.026150568181818136 0.023846153846153857
0 0.3180610795454546 0.4989134615384615 0.023792613636363636 0.02944230769230775
0 0.29553267045454545 0.5042596153846155 0.02203124999999999 0.015019230769230774
0 0.2958877840909091 0.4903557692307693 0.03055397727272726 0.021865384615384623
0 0.2918536931818182 0.47375 0.016235795454545465 0.021999999999999995
0 0.3041335227272728 0.47516346153846156 0.024971590909090888 0.019173076923076866
0 0.2836150568181819 0.7059615384615385 0.028963068181818163 0.0815769230769231
0 0.29414062500000004 0.4376634615384616 0.022485795454545432 0.025365384615384613
0 0.30100852272727263 0.45035576923076925 0.031221590909090855 0.02594230769230771
0 0.3008025568181818 0.41625 0.02498579545454542 0.024230769230769274
0 0.31246448863636367 0.42583653846153846 0.027485795454545405 0.02086538461538466
0 0.31766335227272724 0.44161538461538463 0.013735795454545478 0.029884615384615423
0 0.3305752840909091 0.45007692307692304 0.017911931818181757 0.026500000000000058
0 0.3326491477272726 0.42273076923076924 0.018735795454545453 0.04057692307692312
0 0.33994318181818184 0.5041923076923077 0.018323863636363603 0.034384615384615375
0 0.36054687499999993 0.5039134615384615 0.026235795454545494 0.02028846153846156
0 0.37262784090909096 0.4793846153846153 0.022073863636363666 0.0422692307692307
0 0.21323863636363616 0.4298557692307692 0.024318181818181826 0.02324999999999995
0 0.39881392045454545 0.47051923076923075 0.04049715909090908 0.06453846153846154
0 0.3501420454545454 0.48333653846153857 0.03039772727272724 0.032134615384615345
0 0.32641335227272716 0.47262499999999996 0.03455965909090907 0.029865384615384565
0 0.369715909090909 0.4500673076923076 0.022073863636363666 0.04001923076923077
0 0.3463920454545455 0.4568365384615384 0.025397727272727266 0.025365384615384613
0 0.3499360795454546 0.4348557692307692 0.01916193181818183 0.027634615384615393
0 0.3126704545454545 0.5442115384615385 0.022897727272727278 0.023115384615384635
0 0.3305681818181818 0.5802884615384616 0.027897727272727334 0.033269230769230794
0 0.31120738636363643 0.5726826923076923 0.018323863636363683 0.02367307692307693
0 0.3174573863636364 0.5653461538461539 0.025823863636363645 0.02142307692307695
0 0.1937500000000001 0.4443846153846154 0.020397727272727293 0.036807692307692284
0 0.33640625 0.5566057692307692 0.01707386363636361 0.028749999999999977
0 0.32620028409090907 0.5492884615384614 0.014161931818181777 0.02423076923076922
0 0.329112215909091 0.5340673076923077 0.03080965909090909 0.024250000000000025
0 0.004509943181818077 0.6030192307692308 0.009019886363636397 0.03442307692307693
0 0.004822443181818126 0.570875 0.009644886363636312 0.035365384615384646
0 0.023196022727272614 0.5477980769230769 0.016249999999999917 0.0306346153846154
0 0.3703480113636364 0.7981923076923076 0.012428977272727272 0.04157692307692309
0 0.3769318181818182 0.8058653846153846 0.021931818181818177 0.04403846153846155
0 0.374375 0.7610769230769231 0.018267045454545473 0.0366153846153846
0 0.3893607954545455 0.7326250000000001 0.026306818181818157 0.04701923076923075
0 0.20107954545454543 0.46980769230769237 0.022897727272727278 0.04115384615384611
0 0.3857031249999999 0.7754230769230769 0.023394886363636323 0.03265384615384614
0 0.39758522727272727 0.7640384615384616 0.025965909090909133 0.033653846153846124
0 0.41713778409090907 0.7397884615384616 0.03362215909090911 0.048499999999999974
0 0.4074573863636364 0.7477115384615385 0.024488636363636376 0.04553846153846155
0 0.4030681818181818 0.8043750000000001 0.03326704545454548 0.029211538461538455
0 0.40928267045454547 0.7863173076923077 0.022286931818181813 0.030673076923076928
0 0.4268323863636364 0.8229326923076923 0.016448863636363612 0.03167307692307692
0 0.42682528409090914 0.7739423076923078 0.022286931818181813 0.022769230769230774
0 0.42390624999999993 0.7954711538461539 0.02156250000000001 0.02128846153846155
0 0.44765625 0.799673076923077 0.03034090909090903 0.02473076923076923
0 0.18319602272727276 0.47561538461538455 0.028607954545454527 0.031461538461538485
0 0.4361434659090908 0.7816153846153846 0.015355113636363639 0.02523076923076924
0 0.4394318181818182 0.7474615384615384 0.013892045454545416 0.040076923076923086
0 0.44875710227272725 0.7499326923076923 0.019360795454545447 0.039096153846153815
0 0.45332386363636357 0.7709711538461539 0.01974431818181815 0.0336346153846154
0 0.4641122159090909 0.747798076923077 0.015724431818181808 0.02721153846153847
0 0.48129261363636366 0.732951923076923 0.029602272727272692 0.023250000000000007
0 0.4624644886363637 0.7772403846153846 0.022656249999999985 0.03563461538461539
0 0.4909801136363636 0.7584423076923077 0.01900568181818181 0.044538461538461534
0 0.47671874999999997 0.7683269230769231 0.016818181818181784 0.05246153846153849
0 0.49664062499999995 0.7670961538461538 0.019360795454545447 0.05392307692307691
0 0.18141335227272715 0.4869903846153847 0.02933238636363633 0.025173076923076874
0 0.5043181818181818 0.7893653846153846 0.016448863636363612 0.06976923076923078
0 0.7688849431818182 0.09341346153846153 0.023622159090909124 0.042519230769230795
0 0.7684019886363636 0.1293557692307692 0.023309659090909086 0.03286538461538457
0 0.7391051136363636 0.12606730769230756 0.03786931818181818 0.018403846153846142
0 0.7098082386363636 0.16069230769230758 0.04725852272727274 0.078
0 0.04680397727272734 0.8267211538461539 0.01974431818181815 0.02367307692307693
0 0.04252130681818178 0.7946634615384616 0.02328124999999998 0.023711538461538458
0 0.05259943181818183 0.8087788461538461 0.020624999999999973 0.029788461538461555
0 0.8789133522727273 0.6272980769230769 0.03339488636363637 0.022173076923076924
0 0.8779261363636364 0.61425 0.03278409090909091 0.011307692307692298
0 0.16692471590909086 0.49596153846153845 0.036122159090909184 0.024692307692307645
0 0.8794602272727272 0.5924903846153846 0.029886363636363624 0.030519230769230778
0 0.8904190340909091 0.5881538461538461 0.026832386363636364 0.032807692307692315
0 0.9098366477272727 0.591076923076923 0.02563920454545454 0.02980769230769231
0 0.9084232954545455 0.61325 0.029090909090909087 0.03230769230769227
0 0.8947798295454545 0.6435961538461539 0.046434659090909096 0.031230769230769194
0 0.00951704545454557 0.7735096153846154 0.019034090909090876 0.03598076923076922
0 0.02608664772727276 0.7658076923076923 0.01953125 0.03673076923076925
0 0.03754971590909084 0.7767115384615384 0.027116477272727316 0.029384615384615387
0 0.01953125 0.79875 0.018210227272727184 0.029384615384615387
0 0.005987215909090793 0.8008461538461539 0.011974431818181747 0.03146153846153846
0 0.12107954545454547 0.6148557692307692 0.05298295454545448 0.053788461538461535
0 0.09603693181818185 0.9920192307692308 0.045568181818181716 0.015961538461538465
0 0.10701704545454549 0.9777211538461539 0.03130681818181813 0.023057692307692303
0 0.11003551136363643 0.9643461538461539 0.024161931818181805 0.02453846153846154
0 0.10948863636363626 0.9427788461538461 0.026363636363636447 0.026019230769230777
0 0.08725142045454537 0.9390576923076923 0.03569602272727272 0.02453846153846154
0 0.08944602272727276 0.9546826923076923 0.019232954545454494 0.030480769230769228
0 0.06939630681818187 0.9639711538461538 0.024161931818181805 0.025288461538461537
0 0.0842613636363635 0.9770384615384615 0.018607954545454577 0.013807692307692307
0 0.03945312499999998 0.9909903846153846 0.024900568181818142 0.018019230769230767
0 0.048046875000000044 0.9748461538461538 0.021264204545454423 0.016500000000000004
0 0.04559659090909096 0.591 0.029403409090909157 0.023653846153846175
0 0.029886363636363544 0.9677403846153846 0.018437500000000027 0.028403846153846155
0 0.8122514204545455 0.08622115384615392 0.044275568181818166 0.043673076923076884
0 0.8392116477272727 0.08411538461538459 0.027173295454545467 0.04042307692307689
0 0.8621803977272727 0.05354807692307695 0.04095170454545454 0.032134615384615345
0 0.8243039772727273 0.03526923076923083 0.026875000000000003 0.027769230769230765
0 0.839453125 0.041701923076923 0.04822443181818182 0.05390384615384621
0 0.7983309659090909 0.009153846153846179 0.01867897727272728 0.01830769230769227
0 0.8119957386363637 0.012548076923076912 0.01686079545454544 0.02509615384615387
0 0.8254474431818182 0.010384615384615326 0.015497159090909086 0.02076923076923079
0 0.8484517045454545 0.009769230769230863 0.032357954545454544 0.019538461538461588
0 0.13245738636363635 0.22881730769230768 0.026306818181818157 0.030519230769230778
0 0.2515482954545454 0.7232019230769231 0.02428977272727276 0.021057692307692284
0 0.5237926136363636 0.6812211538461539 0.018664772727272707 0.027134615384615358
0 0.5160014204545454 0.6586442307692308 0.022485795454545432 0.018019230769230777
0 0.4707670454545454 0.69425 0.02338068181818179 0.03288461538461537
0 0.49331676136363634 0.7272115384615385 0.018224431818181796 0.02642307692307694
0 0.517705965909091 0.7355480769230769 0.027968749999999997 0.013250000000000029
0 0.5197372159090909 0.7491346153846155 0.03174715909090904 0.021307692307692333
0 0.5321306818181819 0.8129134615384616 0.01781249999999995 0.022365384615384606
0 0.5371377840909091 0.7382692307692308 0.012542613636363614 0.020692307692307677
0 0.5449005681818182 0.7585673076923076 0.02323863636363638 0.024096153846153847
0 0.5218039772727273 0.768875 0.020909090909090867 0.02374999999999999
0 0.02333806818181816 0.45436538461538456 0.033380681818181816 0.040884615384615366
0 0.5319957386363636 0.7887980769230769 0.011349431818181831 0.02517307692307693
0 0.5363849431818182 0.7823365384615384 0.018593750000000044 0.022019230769230774
0 0.5427272727272727 0.7764230769230769 0.026193181818181813 0.02646153846153847
0 0.5875284090909091 0.9223173076923077 0.02028409090909087 0.026211538461538467
0 0.5727840909090909 0.9225288461538461 0.0165909090909091 0.03578846153846155
0 0.5611008522727272 0.9208653846153846 0.011065340909090938 0.03496153846153846
0 0.5525 0.9025673076923078 0.025823863636363645 0.02578846153846153
0 0.536669034090909 0.8775961538461539 0.0230539772727273 0.04076923076923077
0 0.5196164772727272 0.8769711538461539 0.03502840909090905 0.037019230769230756
0 0.5411292613636365 0.8536730769230769 0.020894886363636334 0.021230769230769244
0 0.05333806818181808 0.44925961538461545 0.020255681818181805 0.0306730769230769
0 0.5239204545454546 0.8405673076923077 0.022130681818181796 0.034942307692307696
0 0.5127982954545454 0.8217211538461539 0.024090909090909142 0.026711538461538464
0 0.5446661931818182 0.8337019230769231 0.019360795454545447 0.01871153846153847
0 0.5973721590909091 0.8551346153846153 0.025198863636363648 0.02580769230769231
0 0.563409090909091 0.8378653846153846 0.026732954545454535 0.016230769230769226
0 0.5803125 0.8549230769230769 0.01997159090909091 0.03369230769230769
0 0.5909161931818181 0.8800961538461538 0.01967329545454549 0.02580769230769231
0 0.5838423295454545 0.8971538461538462 0.02396306818181819 0.02746153846153845
0 0.572166193181818 0.8850865384615385 0.022116477272727263 0.03909615384615384
0 0.5544957386363636 0.879048076923077 0.018735795454545453 0.026211538461538453
0 0.059936079545454435 0.4012596153846153 0.05129261363636366 0.04167307692307695
0 0.5591122159090909 0.8564519230769231 0.024275568181818228 0.020942307692307694
0 0.08238636363636365 0.28349038461538456 0.020624999999999973 0.02901923076923072
0 0.06174005681818173 0.2983076923076923 0.025809659090909032 0.027576923076923138
0 0.06267755681818177 0.2763269230769231 0.023025568181818234 0.023269230769230813
0 0.7087571022727273 0.012442307692307697 0.022855113636363642 0.02157692307692302
0 0.7011363636363637 0.031442307692307714 0.02960227272727273 0.02157692307692302
0 0.7144176136363636 0.03632692307692309 0.021250000000000012 0.028269230769230748
0 0.7182102272727273 0.06535576923076925 0.018210227272727263 0.030826923076923026
0 0.727705965909091 0.0518653846153847 0.01819602272727273 0.022807692307692223
0 0.7422301136363636 0.05605769230769231 0.01781250000000003 0.025423076923076868
0 0.03605823863636359 0.481 0.01589488636363644 0.04788461538461534
0 0.8176349431818182 0.9662884615384615 0.01686079545454544 0.017
0 0.8621164772727272 0.9911442307692307 0.022499999999999985 0.015673076923076925
0 0.861953125 0.9734519230769231 0.018849431818181814 0.02148076923076923
0 0.8427698863636364 0.9651634615384616 0.018181818181818177 0.02551923076923077
0 0.8343323863636364 0.959125 0.019176136363636364 0.026865384615384614
0 0.9653125 0.8155961538461538 0.045454545454545456 0.04442307692307691
0 0.5473792613636363 0.9892019230769231 0.019446022727272725 0.021596153846153848
0 0.5284161931818181 0.9770865384615385 0.027230113636363577 0.03159615384615384
0 0.5111576704545455 0.9872307692307692 0.04813920454545453 0.025538461538461538
0 0.54640625 0.9609519230769231 0.026250000000000027 0.0309423076923077
0 0.049169034090909114 0.4869134615384615 0.013508522727272715 0.05109615384615378
0 0.5714488636363637 0.9491153846153846 0.03355113636363637 0.029615384615384606
0 0.5675568181818182 0.9714903846153846 0.03647727272727266 0.030942307692307693
0 0.5726633522727272 0.9807115384615385 0.028196022727272677 0.024346153846153847
0 0.5767897727272727 0.9944711538461538 0.03840909090909086 0.011057692307692308
0 0.6066974431818182 0.9882115384615384 0.03305397727272725 0.023576923076923075
0 0.6212855113636364 0.9514134615384615 0.024303977272727293 0.028980769230769223
0 0.637294034090909 0.9494230769230769 0.024446022727272698 0.024961538461538462
0 0.8216619318181818 0.8107884615384615 0.03139204545454544 0.03776923076923077
0 0.8602769886363636 0.7689615384615385 0.034872159090909086 0.04992307692307694
0 0.8428338068181818 0.7935865384615385 0.029900568181818177 0.03440384615384615
0 0.03151988636363645 0.5152596153846154 0.02670454545454555 0.03917307692307693
0 0.8054616477272727 0.8303461538461538 0.02890624999999999 0.029692307692307688
0 0.8363565340909092 0.8387788461538461 0.030894886363636364 0.035749999999999976
0 0.8437571022727273 0.82375 0.017088068181818183 0.02553846153846154
0 0.8616548295454545 0.8094615384615385 0.023735795454545447 0.02523076923076924
0 0.8165056818181818 0.8487596153846153 0.01150568181818181 0.02498076923076922
0 0.8267258522727272 0.8762115384615384 0.028622159090909097 0.02838461538461538
0 0.8263423295454546 0.8522403846153845 0.01603693181818183 0.024596153846153858
0 0.8649289772727273 0.9488173076923077 0.042556818181818175 0.03363461538461538
0 0.8536079545454546 0.9270961538461538 0.012613636363636356 0.023884615384615383
0 0.9582528409090909 0.865625 0.036875 0.027865384615384618
0 0.2642542613636363 0.7103557692307692 0.04365056818181821 0.04675000000000001
0 0.9503125 0.893201923076923 0.03130681818181818 0.033096153846153845
0 0.9623295454545454 0.8426923076923076 0.06477272727272727 0.028461538461538455
0 0.8449786931818182 0.9862884615384615 0.02302556818181817 0.02742307692307692
0 0.8236505681818181 0.9860576923076924 0.020965909090909098 0.027884615384615386
0 0.48494318181818175 0.7987692307692308 0.024488636363636376 0.03315384615384617
0 0.4633806818181818 0.8074230769230769 0.018636363636363562 0.025730769230769224
0 0.4432741477272727 0.820548076923077 0.02376420454545457 0.024249999999999997
0 0.4226207386363636 0.8539423076923077 0.023394886363636323 0.02473076923076923
0 0.40928267045454547 0.8304038461538461 0.023025568181818234 0.035730769230769226
0 0.4387855113636363 0.8457403846153846 0.02552556818181814 0.026557692307692313
0 0.05989346590909084 0.5182692307692307 0.024474431818181843 0.03615384615384612
0 0.4411931818181819 0.8730384615384615 0.02664772727272726 0.05511538461538461
0 0.4391548295454546 0.9063461538461538 0.04401988636363638 0.05761538461538462
0 0.4663494318181818 0.8727884615384616 0.02664772727272726 0.050576923076923075
0 0.46135653409090915 0.8434903846153846 0.03146306818181815 0.029057692307692305
0 0.4728267045454545 0.8231923076923077 0.055142045454545444 0.03457692307692308
0 0.5035369318181818 0.8454903846153846 0.02997159090909094 0.031057692307692317
0 0.47882812500000005 0.8463846153846154 0.023252840909090834 0.026115384615384613
0 0.47182528409090907 0.8964711538461538 0.02299715909090909 0.03613461538461538
0 0.4903196022727273 0.8866346153846154 0.028281249999999956 0.03219230769230768
0 0.4917755681818181 0.8601538461538462 0.024318181818181826 0.029346153846153827
0 0.07116477272727273 0.48430769230769233 0.037926136363636426 0.05446153846153845
0 0.48551846590909087 0.9134519230769231 0.03436079545454545 0.03398076923076923
0 0.44367187500000005 0.9367115384615384 0.038764204545454574 0.034
0 0.4234161931818181 0.988 0.04669034090909092 0.022076923076923077
0 0.42252840909090916 0.9680192307692308 0.06255681818181821 0.03696153846153846
0 0.4187855113636364 0.9370096153846154 0.03478693181818183 0.028634615384615394
0 0.45622159090909087 0.9865096153846153 0.039204545454545485 0.02625
0 0.47054687500000003 0.9602692307692308 0.03348011363636363 0.03338461538461538
0 0.4683451704545455 0.9370096153846154 0.038764204545454574 0.044134615384615376
0 0.5049076704545454 0.9486346153846154 0.0361221590909091 0.039961538461538465
0 0.4886008522727273 0.9698173076923077 0.044928977272727266 0.058442307692307696
0 0.12950284090909103 0.2079326923076923 0.030596590909091018 0.02144230769230765
0 0.23769176136363646 0.6962307692307692 0.02467329545454546 0.05138461538461538
0 0.5075497159090909 0.9161442307692308 0.02467329545454546 0.05605769230769231
0 0.5289133522727273 0.9396923076923077 0.018934659090909068 0.047115384615384615
0 0.5352982954545455 0.9200192307692308 0.015852272727272763 0.04473076923076923
0 0.5452130681818183 0.9206153846153846 0.023352272727272725 0.05069230769230769
0 0.5923082386363636 0.7643557692307692 0.030326704545454577 0.03078846153846152
0 0.6166051136363637 0.7516730769230769 0.02809659090909095 0.04165384615384617
0 0.6431392045454545 0.7580192307692308 0.043693181818181846 0.0217307692307692
0 0.6426988636363636 0.7395961538461538 0.0267613636363636 0.01992307692307695
0 0.5931107954545455 0.9724807692307692 0.01707386363636361 0.026769230769230767
0 0.5190767045454545 0.7903269230769231 0.020426136363636358 0.04657692307692307
0 0.07264914772727271 0.4481442307692307 0.03626420454545451 0.057134615384615346
0 0.5687428977272727 0.7571538461538462 0.026093750000000006 0.027538461538461526
0 0.5787215909090908 0.7834038461538462 0.03147727272727276 0.03638461538461539
0 0.607705965909091 0.7831346153846154 0.03646306818181821 0.028576923076923076
0 0.6065553977272726 0.8095288461538461 0.021122159090909098 0.02571153846153847
0 0.5482386363636363 0.8069615384615385 0.01883522727272726 0.03461538461538462
0 0.5684730113636365 0.8113269230769231 0.014332386363636328 0.01976923076923077
0 0.5546803977272727 0.8125192307692308 0.01606534090909091 0.0375
0 0.5656676136363636 0.7858365384615384 0.032244318181818166 0.04851923076923078
0 0.5906889204545456 0.8147403846153846 0.021093749999999953 0.029096153846153865
0 0.5709801136363637 0.8220192307692308 0.02071022727272725 0.02534615384615386
0 0.077265625 0.5034903846153846 0.047485795454545544 0.0571346153846154
0 0.49644886363636365 0.6478461538461538 0.017471590909090843 0.03823076923076922
0 0.4887997159090909 0.6655 0.018963068181818213 0.0238461538461538
0 0.6448082386363636 0.6974807692307692 0.04319602272727272 0.02403846153846154
0 0.6884801136363636 0.707875 0.047982954545454544 0.03444230769230774
0 0.7065411931818182 0.7627692307692308 0.035298295454545485 0.033423076923076944
0 0.7080823863636363 0.7349326923076924 0.026732954545454535 0.0315576923076923
0 0.6748366477272727 0.789451923076923 0.02262784090909092 0.031096153846153822
0 0.7031463068181818 0.7490288461538461 0.036718749999999994 0.01813461538461537
0 0.6924573863636363 0.7636057692307692 0.01957386363636364 0.01274999999999999
0 0.6927059659090908 0.7902788461538461 0.016605113636363633 0.022480769230769252
0 0.07891335227272733 0.5577307692307691 0.033622159090909036 0.06292307692307691
0 0.7084446022727273 0.7881057692307692 0.020326704545454547 0.03086538461538461
0 0.711044034090909 0.8184807692307692 0.03345170454545452 0.06096153846153844
0 0.6883167613636363 0.871326923076923 0.05080965909090911 0.02684615384615385
0 0.6786150568181819 0.8920192307692307 0.034701704545454556 0.022384615384615385
0 0.6829545454545455 0.9118653846153846 0.035937499999999976 0.020692307692307687
0 0.6505255681818183 0.88325 0.03139204545454544 0.0301923076923077
0 0.627393465909091 0.9002211538461539 0.028082386363636337 0.033557692307692316
0 0.63359375 0.8736538461538461 0.02974431818181822 0.029653846153846142
0 0.6740696022727273 0.8476538461538461 0.03799715909090909 0.029076923076923087
0 0.706377840909091 0.8492980769230769 0.035397727272727254 0.02682692307692308
0 0.02877840909090912 0.36931730769230764 0.040028409090909184 0.04409615384615386
0 0.6890980113636364 0.8203461538461538 0.018963068181818213 0.032807692307692315
0 0.6530255681818182 0.8656346153846154 0.028494318181818187 0.021115384615384623
0 0.6649786931818182 0.8382884615384616 0.024786931818181843 0.01819230769230768
0 0.6455610795454545 0.850423076923077 0.02419034090909095 0.015769230769230747
0 0.6469105113636364 0.8413173076923077 0.01552556818181815 0.014557692307692294
0 0.6504545454545454 0.9065576923076923 0.025170454545454544 0.025692307692307705
0 0.6616832386363636 0.9146923076923077 0.020071022727272722 0.029576923076923067
0 0.6881392045454545 0.9290192307692308 0.023693181818181787 0.04011538461538462
0 0.6693039772727273 0.9384807692307693 0.015653409090909065 0.029230769230769237
0 0.6527911931818182 0.9353269230769231 0.031747159090909124 0.029807692307692313
0 0.3296235795454545 0.7508076923076923 0.03007102272727267 0.045769230769230736
0 0.6341690340909091 0.9275961538461539 0.02413352272727274 0.02923076923076923
0 0.6098295454545455 0.925298076923077 0.026250000000000027 0.03609615384615384
0 0.5981889204545454 0.9496538461538462 0.02328124999999998 0.032076923076923086
0 0.6036860795454546 0.9037980769230769 0.02157670454545454 0.03782692307692308
0 0.4937571022727273 0.10190384615384618 0.061036931818181775 0.05734615384615383
0 0.5017897727272727 0.12224038461538456 0.05625000000000003 0.04344230769230775
0 0.5478977272727272 0.07618269230769237 0.06363636363636366 0.0716730769230769
0 0.5544815340909091 0.04702884615384628 0.03333806818181814 0.03598076923076919
0 0.5333167613636363 0.06287500000000001 0.02612215909090907 0.026211538461538453
0 0.5301633522727274 0.045201923076923056 0.03603693181818182 0.039634615384615414
0 0.1380113636363638 0.4048846153846153 0.026732954545454615 0.03830769230769234
0 0.5225355113636363 0.032865384615384685 0.041491477272727326 0.029615384615384682
0 0.48752130681818184 0.05925961538461533 0.06478693181818175 0.09878846153846155
0 0.5598508522727272 0.08476923076923082 0.04921874999999997 0.05619230769230764
0 0.5724502840909091 0.0922884615384616 0.04007102272727278 0.058192307692307675
0 0.5029190340909091 0.17782692307692316 0.038423295454545474 0.04407692307692311
0 0.5384161931818181 0.1584326923076923 0.03646306818181821 0.029096153846153838
0 0.6629900568181819 0.14475961538461535 0.028338068181818166 0.05201923076923079
0 0.6177201704545454 0.1349903846153847 0.02376420454545457 0.04628846153846153
0 0.5908522727272727 0.16985576923076917 0.034431818181818195 0.04282692307692304
0 0.6279545454545454 0.1520576923076924 0.0439772727272727 0.0381153846153846
0 0.14984375000000005 0.4195961538461539 0.0175568181818182 0.025269230769230742
0 0.5509517045454546 0.16349999999999998 0.024431818181818245 0.016692307692307704
0 0.5743323863636363 0.18255769230769225 0.021874999999999967 0.05542307692307691
0 0.5926704545454546 0.21840384615384623 0.04613636363636366 0.06142307692307692
0 0.5604971590909091 0.2047596153846154 0.02210227272727273 0.042519230769230684
0 0.5349005681818182 0.21998076923076926 0.05156250000000002 0.05092307692307696
0 0.552734375 0.17955769230769236 0.025980113636363586 0.03411538461538463
0 0.5292826704545455 0.20160576923076934 0.024815340909090947 0.03517307692307696
0 0.5403338068181818 0.17667307692307688 0.025980113636363666 0.016807692307692326
0 0.5209446022727273 0.18480769230769234 0.02208806818181812 0.0267692307692308
0 0.5042755681818182 0.2186634615384615 0.02985795454545452 0.05459615384615382
0 0.15815340909090914 0.42537499999999995 0.018039772727272793 0.0175576923076923
0 0.6128338068181818 0.19688461538461532 0.029076704545454583 0.05511538461538455
0 0.6589772727272727 0.1743173076923077 0.019772727272727254 0.05721153846153846
0 0.6874644886363637 0.1575096153846154 0.03566761363636366 0.09605769230769229
0 0.6341548295454545 0.22549038461538462 0.03683238636363633 0.047249999999999986
0 0.6432670454545455 0.19136538461538455 0.013181818181818183 0.0356923076923077
0 0.6302840909090909 0.2023942307692308 0.015113636363636385 0.027288461538461536
0 0.6355184659090909 0.18953846153846143 0.014730113636363602 0.029923076923076927
0 0.6439914772727273 0.16618269230769223 0.012187499999999978 0.02324999999999995
0 0.622109375 0.18079807692307692 0.018281250000000006 0.02098076923076928
0 0.6324147727272728 0.17009615384615384 0.011448863636363639 0.01684615384615383
0 0.16071022727272744 0.4330673076923077 0.01829545454545454 0.024365384615384535
0 0.669112215909091 0.18825000000000003 0.022542613636363642 0.0232307692307692
0 0.6352272727272728 0.2557980769230769 0.035767045454545426 0.021519230769230766
0 0.6714985795454544 0.22372115384615388 0.07322443181818183 0.08875000000000006
0 0.5987073863636363 0.1427115384615385 0.02980113636363639 0.03842307692307685
0 0.5901917613636364 0.1325384615384615 0.04967329545454549 0.046500000000000014
0 0.5575355113636364 0.13865384615384624 0.02413352272727274 0.03561538461538469
0 0.5521022727272727 0.12051923076923066 0.023409090909090935 0.024846153846153875
0 0.529424715909091 0.1447019230769231 0.03257102272727274 0.02809615384615387
0 0.4892400568181817 0.15074038461538464 0.02509943181818184 0.02713461538461541
0 0.5101136363636364 0.14584615384615385 0.030653409090909148 0.029076923076923087
0 0.10508522727272729 0.2093846153846154 0.021477272727272734 0.023615384615384562
0 0.035397727272727164 0.4424230769230769 0.01670454545454544 0.03461538461538462
0 0.533643465909091 0.12884615384615383 0.021235795454545518 0.01861538461538452
0 0.509872159090909 0.1340769230769231 0.020028409090909124 0.01403846153846156
0 0.5301491477272728 0.12068269230769235 0.03401988636363635 0.021903846153846128
0 0.574794034090909 0.018182692307692427 0.051718750000000036 0.03636538461538466
0 0.5977769886363637 0.04835576923076923 0.051718750000000036 0.06548076923076926
0 0.6138139204545454 0.04381730769230763 0.021548295454545396 0.0330576923076923
0 0.6075923295454546 0.01504807692307697 0.020582386363636376 0.030096153846153804
0 0.6243465909090908 0.03708653846153842 0.01772727272727267 0.07417307692307691
0 0.6365624999999999 0.01245192307692311 0.022982954545454515 0.02490384615384613
0 0.6458948863636363 0.03917307692307692 0.03113636363636362 0.04150000000000008
0 0.3507954545454546 0.747326923076923 0.035085227272727254 0.06596153846153846
0 0.6585866477272727 0.035798076923076905 0.021065340909090926 0.07159615384615388
0 0.694737215909091 0.1052884615384615 0.03208806818181815 0.044076923076923
0 0.6830042613636365 0.08196153846153842 0.03160511363636364 0.0363076923076923
0 0.6813281250000001 0.014221153846153856 0.02825284090909089 0.027865384615384632
0 0.6710298295454545 0.04792307692307696 0.012457386363636337 0.04473076923076921
0 0.6827627840909092 0.06056730769230767 0.035923295454545444 0.03371153846153841
0 0.6810866477272728 0.04014423076923079 0.012457386363636379 0.025288461538461496
0 0.7292471590909091 0.012596153846153757 0.017784090909090923 0.025192307692307736
0 0.6956534090909091 0.013875000000000082 0.022500000000000006 0.027750000000000014
0 0.7174644886363637 0.11041346153846154 0.015582386363636362 0.029057692307692333
0 0.1736576704545455 0.44744230769230764 0.024218749999999935 0.0380769230769231
0 0.7070880681818181 0.0770384615384615 0.022670454545454556 0.02430769230769228
0 0.7215198863636363 0.08799038461538455 0.022073863636363624 0.018326923076923025
0 0.7389630681818182 0.028884615384615397 0.022642045454545453 0.03469230769230773
0 0.7520951704545455 0.00631730769230765 0.018508522727272728 0.012403846153846241
0 0.8010582386363636 0.16895192307692308 0.037201704545454566 0.04051923076923076
0 0.8190127840909092 0.1721442307692307 0.03805397727272728 0.05382692307692309
0 0.8384659090909091 0.16056730769230765 0.053863636363636364 0.07005769230769232
0 0.8303409090909091 0.19182692307692306 0.059005681818181825 0.05384615384615385
0 0.863046875 0.24045192307692298 0.0457528409090909 0.05963461538461547
0 0.9105184659090909 0.254625 0.07311079545454546 0.03936538461538456
0 0.12463778409090909 0.4416923076923077 0.03680397727272739 0.04515384615384619
0 0.9226988636363637 0.23842307692307696 0.044460227272727255 0.030115384615384662
0 0.8681818181818182 0.21526923076923077 0.035482954545454554 0.04630769230769238
0 0.8953338068181818 0.21787499999999993 0.021377840909090905 0.04340384615384614
0 0.9162855113636363 0.21150961538461543 0.023934659090909093 0.03878846153846157
0 0.873955965909091 0.1770576923076923 0.03248579545454546 0.04399999999999999
0 0.8778053977272727 0.14667307692307685 0.029928977272727284 0.03415384615384614
0 0.8968323863636364 0.12379807692307687 0.0277840909090909 0.03936538461538467
0 0.8735298295454546 0.11425961538461527 0.03163352272727272 0.03763461538461537
0 0.9079474431818182 0.14985576923076926 0.04061079545454545 0.03821153846153847
0 0.9237642045454546 0.1162788461538462 0.033778409090909095 0.04282692307692315
0 0.15177556818181803 0.4455096153846153 0.0336079545454545 0.029980769230769182
0 0.9387357954545454 0.14029807692307694 0.032926136363636366 0.03994230769230766
0 0.9528480113636364 0.10875961538461532 0.03035511363636364 0.027788461538461515
0 0.9804048295454545 0.17330769230769227 0.02720170454545455 0.05023076923076924
0 0.9785511363636363 0.1973173076923077 0.016079545454545457 0.027634615384615393
0 0.9675994318181819 0.22850961538461534 0.046988636363636364 0.04763461538461535
0 0.9603338068181818 0.21544230769230766 0.020667613636363644 0.0375
0 0.9419105113636363 0.23178846153846144 0.024957386363636366 0.024076923076923152
0 0.9564772727272727 0.16083653846153845 0.025340909090909094 0.024596153846153775
0 0.95515625 0.18261538461538473 0.027244318181818175 0.029192307692307705
0 0.94890625 0.19105769230769232 0.02761363636363636 0.033807692307692275
0 0.12239346590909084 0.4923749999999999 0.041832386363636266 0.0443269230769231
0 0.9055894886363636 0.1787692307692308 0.03177556818181819 0.0368846153846154
0 0.9265838068181818 0.16800961538461545 0.03367897727272728 0.0348269230769231
0 0.9245383522727273 0.19402884615384608 0.02242897727272728 0.02524999999999999
0 0.9389701704545454 0.207951923076923 0.03515625000000001 0.029865384615384565
0 0.7791477272727272 0.1758846153846153 0.031022727272727278 0.046153846153846156
0 0.9859730113636364 0.11695192307692304 0.02413352272727273 0.026442307692307692
0 0.9855894886363636 0.09413461538461532 0.028735795454545455 0.046153846153846156
0 0.9813991477272728 0.07598076923076924 0.037201704545454545 0.03992307692307691
0 0.9626065340909091 0.092576923076923 0.022599431818181817 0.03576923076923081
0 0.9449928977272727 0.06889423076923085 0.02566761363636363 0.04509615384615383
0 0.15220880681818183 0.48349999999999993 0.031178977272727337 0.049576923076923136
0 0.958203125 0.05100961538461535 0.02833806818181818 0.046673076923077
0 0.9915482954545455 0.02015384615384619 0.01690340909090909 0.024384615384615397
0 0.9827201704545454 0.04452884615384611 0.025269886363636362 0.031634615384615365
0 0.9896377840909091 0.04971153846153853 0.02072443181818182 0.033692307692307764
0 0.9712286931818181 0.021105769230769234 0.019928977272727272 0.041480769230769106
0 0.9898295454545455 0.014105769230769338 0.02034090909090909 0.02748076923076916
0 0.9342258522727273 0.09022115384615381 0.03282670454545455 0.01878846153846161
0 0.9966832386363637 0.1052788461538462 0.0066335227272727275 0.030365384615384544
0 0.9270099431818182 0.06936538461538466 0.021605113636363638 0.031115384615384628
0 0.8995951704545455 0.09823076923076934 0.027684659090909104 0.017615384615384665
0 0.12451704545454545 0.4605576923076923 0.04721590909090911 0.034000000000000016
0 0.9072159090909091 0.08436538461538468 0.026306818181818178 0.021384615384615394
0 0.8102982954545455 0.13651923076923078 0.032585227272727287 0.031192307692307745
0 0.8172372159090909 0.11117307692307676 0.04120738636363635 0.021038461538461534
0 0.8528764204545455 0.08486538461538462 0.03007102272727273 0.042538461538461546
0 0.8456178977272727 0.13015384615384606 0.02365056818181819 0.03065384615384615
0 0.8292755681818182 0.13140384615384626 0.020028409090909083 0.02842307692307698
0 0.8374857954545455 0.1196346153846155 0.020511363636363633 0.021230769230769272
0 0.8537713068181818 0.10525961538461537 0.02606534090909092 0.02255769230769234
0 0.8768181818181818 0.08864423076923078 0.020994318181818183 0.027442307692307766
0 0.8939488636363636 0.07454807692307686 0.021960227272727263 0.040826923076923115
0 0.15117187499999996 0.3776153846153847 0.02370738636363628 0.03700000000000002
0 0.9139914772727273 0.06528846153846157 0.021960227272727274 0.020576923076923055
0 0.9137500000000001 0.052875000000000005 0.025823863636363634 0.0199423076923077
0 0.9597585227272727 0.00949038461538454 0.03017045454545455 0.017980769230769276
0 0.9476917613636363 0.026375000000000037 0.028565340909090912 0.033211538461538424
0 0.9295951704545454 0.03699038461538462 0.031775568181818176 0.03375000000000002
0 0.9026420454545454 0.04461538461538461 0.025340909090909084 0.025038461538461503
0 0.9084801136363636 0.019298076923076835 0.02332386363636364 0.029942307692307678
0 0.9348224431818182 0.010596153846153866 0.029360795454545455 0.021192307692307656
0 0.9241619318181818 0.009240384615384789 0.015284090909090916 0.018480769230769255
0 0.9060653409090909 0.004605769230769163 0.020909090909090898 0.00921153846153839
0 0.17629971590909088 0.39167307692307685 0.02311079545454543 0.03876923076923082
0 0.8821306818181818 0.06258653846153839 0.03017045454545454 0.025057692307692364
0 0.08700284090909094 0.8469230769230769 0.05096590909090925 0.0338076923076923
0 0.09657670454545453 0.8631346153846153 0.03386363636363625 0.03380769230769229
0 0.10427556818181816 0.8714807692307692 0.04721590909090911 0.044923076923076934
0 0.11779119318181808 0.8809711538461539 0.044815340909091006 0.05001923076923078
0 0.14431818181818168 0.864375 0.01187500000000002 0.015596153846153845
0 0.19967329545454537 0.9071346153846154 0.02471590909090906 0.028346153846153837
0 0.13931107954545463 0.8866634615384615 0.029673295454545435 0.03701923076923077
0 0.12419034090909098 0.9106730769230769 0.0319886363636365 0.02126923076923076
0 0.16825284090909098 0.87425 0.03519886363636376 0.03976923076923078
0 0.10360795454545457 0.1895865384615384 0.015284090909091058 0.030519230769230778
0 0.1583309659090908 0.3984326923076923 0.01944602272727264 0.03855769230769222
0 0.1673863636363635 0.9067500000000001 0.03286931818181816 0.03938461538461538
0 0.2389417613636362 0.9201346153846154 0.05205965909090906 0.046461538461538464
0 0.06311079545454557 0.8275865384615384 0.02676136363636368 0.04409615384615386
0 0.06358664772727274 0.8676346153846154 0.03325284090909102 0.04173076923076925
0 0.06600852272727276 0.8969423076923076 0.03809659090909098 0.022499999999999992
0 0.0831036931818182 0.9042692307692308 0.036349431818181704 0.024461538461538458
0 0.10511363636363635 0.916826923076923 0.024488636363636376 0.025461538461538452
0 0.168828125 0.923875 0.03754261363636373 0.05790384615384615
0 0.14196732954545443 0.9158173076923077 0.020014204545454592 0.03986538461538462
0 0.0427343750000001 0.8849230769230769 0.028281249999999956 0.02511538461538462
0 0.12482244318181823 0.40311538461538465 0.0343039772727274 0.04699999999999999
0 0.04081676136363621 0.8699807692307693 0.017968749999999967 0.014346153846153847
0 0.04347301136363635 0.8566153846153846 0.017968749999999967 0.016346153846153847
0 0.028160511363636398 0.8620096153846154 0.015014204545454617 0.03109615384615385
0 0.19276278409090897 0.9299807692307692 0.01973011363636362 0.03707692307692307
0 0.1817258522727272 0.9503076923076923 0.016491477272727293 0.049038461538461545
0 0.26475852272727274 0.9265769230769231 0.05065340909090921 0.041461538461538466
0 0.25799005681818177 0.9714326923076924 0.03180397727272733 0.057019230769230766
0 0.20617897727272738 0.9312307692307692 0.01829545454545454 0.03446153846153846
0 0.19644176136363645 0.9560192307692308 0.014275568181818278 0.018307692307692306
0 0.15587357954545455 0.9594423076923076 0.028025568181818207 0.03511538461538461
0 0.1739559659090909 0.363173076923077 0.04583806818181815 0.04138461538461546
0 0.1271661931818181 0.9294038461538462 0.027684659090909104 0.02623076923076923
0 0.13381392045454554 0.9567307692307693 0.03339488636363635 0.04053846153846154
0 0.08962357954545463 0.9230673076923077 0.020525568181818245 0.02078846153846153
0 0.1315909090909091 0.9735769230769231 0.020909090909090947 0.03676923076923077
0 0.1349360795454545 0.9924807692307692 0.03535511363636378 0.015038461538461539
0 0.15166903409090926 0.9875576923076923 0.02291193181818181 0.024884615384615383
0 0.17221590909090911 0.9757403846153846 0.021818181818181837 0.04851923076923077
0 0.18784801136363638 0.9924807692307692 0.02473011363636375 0.015038461538461539
0 0.19156249999999997 0.9745576923076923 0.017443181818181778 0.02119230769230769
0 0.20321732954545457 0.9851153846153846 0.017031249999999852 0.02976923076923077
0 0.19201704545454557 0.35188461538461546 0.03542613636363628 0.03007692307692305
0 0.007279829545454586 0.9825576923076923 0.01455965909090909 0.03488461538461539
0 0.023423295454545467 0.9871538461538462 0.028295454545454648 0.02569230769230769
0 0.06567471590909091 0.9799326923076923 0.029048295454545518 0.022480769230769235
0 0.061931818181818254 0.9945961538461539 0.022642045454545533 0.010807692307692308
0 0.7371164772727272 0.8952596153846154 0.0322159090909091 0.038711538461538464
0 0.7601136363636364 0.8894903846153847 0.03326704545454548 0.05298076923076923
0 0.7651633522727272 0.901 0.02595170454545456 0.05630769230769231
0 0.771484375 0.9160865384615384 0.021974431818181858 0.06217307692307692
0 0.7813068181818182 0.9298365384615385 0.01630681818181817 0.050019230769230774
0 0.7911150568181818 0.943125 0.015980113636363636 0.05948076923076923
0 0.2083593749999999 0.6912115384615385 0.03813920454545458 0.04430769230769229
0 0.8032670454545454 0.9404230769230769 0.01829545454545454 0.045961538461538456
0 0.8197372159090909 0.9408653846153846 0.026633522727272728 0.034230769230769224
0 0.7961079545454546 0.9012307692307693 0.029943181818181838 0.03784615384615385
0 0.8017684659090909 0.8789230769230769 0.03927556818181817 0.036500000000000005
0 0.8027698863636363 0.8606730769230769 0.029289772727272734 0.035153846153846154
0 0.8170738636363637 0.9077596153846154 0.021960227272727263 0.02748076923076923
0 0.8272301136363637 0.9113653846153846 0.02562500000000001 0.02838461538461538
0 0.8443607954545455 0.9163173076923077 0.01198863636363638 0.03109615384615385
0 0.733046875 0.922625 0.018963068181818213 0.025673076923076913
0 0.7473508522727272 0.9336634615384616 0.020298295454545444 0.03875
0 0.1815980113636364 0.4019615384615385 0.02848011363636357 0.05784615384615382
0 0.7763920454545454 0.9775288461538462 0.020369318181818186 0.04482692307692308
0 0.7922301136363636 0.9850288461538461 0.014147727272727284 0.02994230769230769
0 0.7654048295454545 0.9621923076923077 0.013139204545454546 0.038769230769230764
0 0.7524289772727273 0.987048076923077 0.030312500000000006 0.024634615384615387
0 0.7525994318181818 0.9546730769230769 0.015823863636363657 0.04561538461538461
0 0.7384446022727273 0.9690384615384615 0.017855113636363627 0.02965384615384615
0 0.8061647727272727 0.9822788461538462 0.01852272727272726 0.03544230769230769
0 0.9319318181818181 0.7387884615384614 0.03985795454545455 0.05169230769230771
0 0.9147727272727273 0.7777019230769231 0.016903409090909097 0.039557692307692294
0 0.9333948863636363 0.7779038461538461 0.019772727272727275 0.028307692307692305
0 0.19757102272727256 0.3991442307692308 0.021534090909090864 0.055942307692307756
0 0.8894247159090909 0.7224423076923077 0.043536931818181815 0.03373076923076922
0 0.8701917613636363 0.7340961538461539 0.025923295454545456 0.031807692307692294
0 0.8666264204545455 0.7419903846153846 0.030269886363636367 0.03628846153846152
0 0.9917329545454545 0.8797211538461538 0.01653409090909091 0.03671153846153847
0 0.9834375 0.8970769230769231 0.033125 0.02311538461538462
0 0.9969389204545455 0.9168653846153846 0.00612215909090909 0.020692307692307687
0 0.9875568181818182 0.9179807692307692 0.014630681818181819 0.023461538461538468
0 0.9597088068181818 0.9231442307692308 0.020724431818181812 0.039134615384615386
0 0.9747585227272727 0.9175576923076922 0.02022727272727273 0.02296153846153847
0 0.9849857954545455 0.4312115384615385 0.03002840909090909 0.034999999999999976
0 0.21163352272727276 0.3956153846153847 0.023267045454545447 0.048884615384615415
0 0.9838707386363637 0.4752692307692308 0.032258522727272726 0.05734615384615383
0 0.9805255681818181 0.5139903846153846 0.038948863636363636 0.053326923076923
0 0.960497159090909 0.48280769230769227 0.018948863636363632 0.03923076923076919
0 0.9438920454545454 0.47380769230769226 0.020142045454545465 0.04303846153846153
0 0.9658309659090909 0.45472115384615386 0.02910511363636363 0.031519230769230744
0 0.9830326704545455 0.3945192307692307 0.03393465909090909 0.05146153846153845
0 0.928671875 0.4101634615384615 0.04700284090909091 0.08425
0 0.955752840909091 0.4025961538461539 0.041193181818181816 0.09092307692307698
0 0.9419673295454546 0.5177788461538462 0.04041193181818182 0.07498076923076925
0 0.9215127840909091 0.48168269230769234 0.039843750000000004 0.0818269230769231
0 0.2236221590909092 0.32978846153846153 0.03889204545454545 0.059230769230769253
0 0.8848579545454546 0.02816346153846161 0.038380681818181814 0.048865384615384554
0 0.8794673295454545 0.008596153846153864 0.03208806818181819 0.017192307692307687
0 0.7894460227272727 0.13855769230769233 0.01877840909090909 0.027615384615384642
0 0.7721235795454545 0.14732692307692308 0.018451704545454518 0.028499999999999987
0 0.7892826704545455 0.12124999999999986 0.024275568181818145 0.02892307692307696
0 0.7473579545454545 0.1755961538461539 0.02718750000000002 0.05784615384615392
0 0.7606321022727273 0.1762499999999999 0.023309659090909086 0.060923076923076934
0 0.7342471590909091 0.1771250000000001 0.020397727272727293 0.03463461538461537
0 0.776328125 0.017673076923076958 0.027514204545454553 0.03534615384615384
0 0.7567471590909091 0.02635576923076921 0.021363636363636394 0.04163461538461534
0 0.2369886363636362 0.3511826923076923 0.05244318181818176 0.04748076923076923
0 0.7751988636363636 0.04149038461538468 0.03497159090909092 0.04382692307692312
0 0.7968892045454545 0.03294230769230766 0.031079545454545447 0.03461538461538462
0 0.8030397727272727 0.06426923076923075 0.027840909090909083 0.02892307692307696
0 0.7866903409090908 0.06734615384615383 0.022329545454545453 0.021038461538461534
0 0.7884730113636363 0.09298076923076926 0.020724431818181822 0.03288461538461532
0 0.7615980113636364 0.06251923076923072 0.023309659090909086 0.02980769230769231
0 0.7530255681818182 0.07983653846153849 0.01974431818181819 0.01971153846153846
0 0.7342471590909091 0.10502884615384622 0.020397727272727293 0.031557692307692245
0 0.7357102272727273 0.07303846153846161 0.015539772727272723 0.030692307692307654
0 0.7510795454545455 0.10372115384615388 0.022982954545454556 0.031557692307692245
0 0.12654829545454538 0.1865 0.03542613636363628 0.04176923076923071
0 0.3586505681818182 0.7887884615384615 0.01096590909090913 0.019807692307692304
0 0.7297159090909091 0.1420673076923077 0.01781250000000003 0.02148076923076915
0 0.7484943181818182 0.1378942307692308 0.020397727272727293 0.018403846153846142
0 0.31407670454545455 0.7066634615384615 0.03960227272727272 0.06863461538461538
0 0.6675497159090908 0.7111730769230769 0.021491477272727308 0.0154615384615385
0 0.6897017045454545 0.7235576923076923 0.01803977272727275 0.017961538461538414
0 0.6737784090909091 0.7219423076923077 0.016448863636363612 0.021192307692307656
0 0.6634375 0.7417019230769231 0.02017045454545453 0.020480769230769188
0 0.6241051136363636 0.7132307692307692 0.05653409090909089 0.03942307692307692
0 0.6542755681818182 0.7208653846153846 0.025738636363636328 0.02334615384615382
0 0.010610795454545463 0.9552115384615385 0.021221590909090985 0.04934615384615384
0 0.3592045454545455 0.8066057692307692 0.01059659090909096 0.020788461538461544
0 0.034488636363636305 0.9493653846153847 0.020142045454545385 0.027269230769230775
0 0.056242897727272756 0.9510961538461539 0.022059659090909053 0.028999999999999998
0 0.04728693181818178 0.9134326923076923 0.03613636363636355 0.02382692307692308
0 0.06519176136363636 0.9253365384615384 0.027826704545454592 0.023365384615384614
0 0.041683238636363695 0.932923076923077 0.023025568181818234 0.018615384615384614
0 0.026818181818181852 0.905 0.0335795454545456 0.03723076923076923
0 0.009332386363636314 0.9259807692307692 0.018664772727272707 0.02207692307692307
0 0.0246164772727272 0.9370384615384615 0.013409090909090825 0.03603846153846153
0 0.006747159090909061 0.9074519230769231 0.013409090909090987 0.018403846153846142
0 0.013828124999999858 0.8952211538461539 0.026803977272727278 0.017096153846153848
0 0.18469460227272727 0.6879423076923077 0.012116477272727234 0.017192307692307687
0 0.014005681818181848 0.8857596153846153 0.028011363636363674 0.017096153846153848
0 0.011946022727272854 0.8645576923076923 0.023892045454545527 0.02903846153846154
0 0.03470880681818178 0.8376538461538461 0.01813920454545468 0.02000000000000001
0 0.04213778409090907 0.843548076923077 0.016036931818181766 0.014365384615384613
0 0.30860795454545453 0.9825096153846153 0.021903409090909112 0.03498076923076923
0 0.29284801136363636 0.9560384615384615 0.04478693181818186 0.04311538461538462
0 0.23264204545454537 0.9717596153846154 0.021221590909090985 0.018865384615384617
0 0.21485085227272727 0.9557884615384615 0.028565340909090766 0.04484615384615385
0 0.21423295454545443 0.9884711538461538 0.018693181818181772 0.023057692307692307
0 0.22899147727272728 0.9867788461538461 0.022556818181818174 0.026442307692307692
0 0.3577414772727273 0.8303557692307693 0.019375000000000062 0.026711538461538464
0 0.23524857954545453 0.9521923076923077 0.015156250000000104 0.026307692307692306
0 0.25593039772727266 0.9915288461538462 0.022571022727272707 0.016942307692307694
0 0.2715838068181817 0.972173076923077 0.030752840909090876 0.026346153846153846
0 0.9796875 0.9791730769230769 0.040625 0.04165384615384615
0 0.9794460227272728 0.9570673076923077 0.041107954545454545 0.029634615384615388
0 0.955731534090909 0.9890288461538461 0.022769886363636364 0.02194230769230769
0 0.9531818181818181 0.97 0.023125000000000003 0.02069230769230769
0 0.9344886363636363 0.9818942307692308 0.028551136363636365 0.03621153846153846
0 0.9164701704545455 0.9867211538461539 0.03944602272727272 0.02655769230769231
0 0.8984517045454545 0.9835 0.05303977272727272 0.033
0 0.3796732954545454 0.8254038461538462 0.04130681818181816 0.035615384615384604
0 0.8850284090909091 0.9833461538461539 0.03161931818181817 0.02530769230769231
0 0.8936931818181818 0.967701923076923 0.042840909090909096 0.01794230769230769
0 0.9336363636363636 0.9488269230769231 0.01732954545454546 0.032692307692307694
0 0.9429829545454546 0.9239711538461539 0.0271875 0.03544230769230769
0 0.9577698863636364 0.9492884615384616 0.032301136363636365 0.028999999999999998
0 0.9848011363636364 0.9350192307692308 0.029914772727272724 0.025307692307692302
0 0.9151136363636363 0.9341057692307693 0.028551136363636365 0.045557692307692306
0 0.9052485795454546 0.9495192307692307 0.036036931818181815 0.032230769230769236
0 0.8799289772727272 0.9426153846153846 0.019375 0.026692307692307696
0 0.47736505681818187 0.6717211538461538 0.02867897727272727 0.03659615384615385
0 0.021086647727272756 0.4191442307692307 0.0249857954545455 0.04736538461538461
0 0.6830894886363637 0.7444903846153845 0.023622159090909086 0.022903846153846146
0 0.6699289772727273 0.7596346153846154 0.024034090909090932 0.02942307692307689
0 0.683153409090909 0.7738365384615384 0.015028409090909068 0.012980769230769231
0 0.686015625 0.8090192307692308 0.022400568181818195 0.022153846153846146
0 0.6678267045454546 0.8213653846153846 0.02548295454545454 0.02726923076923078
0 0.6500497159090909 0.823375 0.018963068181818175 0.026480769230769252
0 0.6580539772727273 0.7945 0.02548295454545454 0.03850000000000002
0 0.6467968749999999 0.7820673076923077 0.03910511363636368 0.024057692307692318
0 0.6278338068181819 0.7882788461538461 0.03970170454545457 0.04290384615384616
0 0.6349431818181819 0.815951923076923 0.014801136363636346 0.021249999999999995
0 0.012507102272727333 0.37684615384615394 0.025014204545454565 0.06450000000000004
0 0.6207244318181818 0.8069326923076923 0.021931818181818177 0.020057692307692294
0 0.6327201704545455 0.8322019230769231 0.019843749999999997 0.0248653846153846
0 0.6256107954545455 0.8508557692307692 0.022812500000000045 0.022057692307692334
0 0.6158380681818182 0.8305961538461538 0.01985795454545457 0.028884615384615377
0 0.5933238636363636 0.832798076923077 0.0293181818181818 0.022057692307692334
0 0.6109517045454546 0.8656153846153847 0.02369318181818183 0.038769230769230764
0 0.5017471590909091 0.6814519230769231 0.024289772727272677 0.016634615384615397
0 0.5063352272727273 0.6695 0.017357954545454503 0.01303846153846154
0 0.5007599431818182 0.7036153846153845 0.039957386363636355 0.03288461538461537
0 0.47607954545454545 0.7088557692307693 0.02017045454545453 0.021442307692307705
0 0.3900923295454546 0.8385288461538462 0.01973011363636362 0.020288461538461533
0 0.5200994318181817 0.8994326923076923 0.021590909090909074 0.03221153846153846
0 0.8680184659090909 0.9268461538461539 0.018366477272727263 0.027307692307692307
0 0.8337144886363637 0.931125 0.028622159090909097 0.030057692307692313
0 0.9744815340909091 0.8751346153846153 0.04106534090909091 0.04146153846153845
0 0.8975355113636363 0.7454615384615384 0.02995738636363637 0.01503846153846158
0 0.9543181818181818 0.773298076923077 0.032215909090909094 0.05255769230769233
0 0.8422869318181818 0.5556442307692308 0.028409090909090908 0.03309615384615381
0 0.2580894886363635 0.6774038461538461 0.02339488636363624 0.03007692307692305
0 0.3050994318181818 0.6547019230769231 0.03377840909090913 0.040942307692307674
