0 0.25147017045454556 0.04530769230769227 0.028224431818181826 0.03819230769230772
0 0.05853693181818187 0.1816923076923077 0.03258522727272719 0.033346153846153796
0 0.9840553977272727 0.9905865384615384 0.02544034090909091 0.018826923076923074
0 0.5559517045454545 0.39111538461538464 0.030369318181818174 0.06138461538461531
0 0.8129829545454546 0.2525576923076924 0.040653409090909094 0.1208461538461538
0 0.9542613636363636 0.9892403846153847 0.03338068181818182 0.02151923076923077
0 0.9536576704545454 0.954 0.05603693181818182 0.041423076923076924
0 0.8812144886363636 0.2746923076923078 0.024758522727272737 0.03353846153846153
0 0.894765625 0.2544519230769231 0.023821022727272722 0.036057692307692304
0 0.9335866477272727 0.9201057692307693 0.043707386363636365 0.06294230769230769
0 0.7937073863636364 0.9712211538461538 0.03894886363636362 0.05755769230769231
0 0.7376775568181818 0.8447884615384615 0.02782670454545455 0.05219230769230769
0 0.025752840909090913 0.14403846153846145 0.031392045454545325 0.049500000000000016
0 0.8648579545454546 0.24433653846153836 0.041590909090909095 0.06263461538461537
0 0.7909232954545454 0.8665769230769231 0.027812499999999976 0.04303846153846153
0 0.7840056818181818 0.23989423076923078 0.04906250000000003 0.10059615384615385
0 0.4815625 0.031596153846153885 0.032187500000000036 0.03765384615384623
0 0.7531747159090909 0.8603846153846154 0.030213068181818195 0.054346153846153857
0 0.8751349431818182 0.21870192307692315 0.05467329545454547 0.045557692307692306
0 0.7097372159090909 0.18519230769230766 0.03600852272727276 0.03519230769230772
0 0.7786079545454545 0.9397403846153847 0.04213068181818181 0.06671153846153846
0 0.7686789772727273 0.8654999999999999 0.03258522727272727 0.05488461538461537
0 0.784375 0.8307884615384615 0.030596590909090896 0.04357692307692307
0 0.04542613636363635 0.19514423076923082 0.03497159090909092 0.021519230769230766
0 0.9590198863636363 0.7931346153846154 0.03815340909090909 0.043576923076923096
0 0.7621164772727272 0.8092788461538462 0.04093749999999999 0.05217307692307691
0 0.7099360795454546 0.32672115384615386 0.031406249999999976 0.03632692307692305
0 0.7184517045454546 0.30325000000000013 0.022244318181818178 0.021269230769230773
0 0.6506534090909091 0.9889711538461539 0.030198863636363624 0.02205769230769231
0 0.45830965909090904 0.6669711538461538 0.038948863636363656 0.05809615384615386
0 0.4644744318181818 0.6198942307692308 0.03775568181818179 0.06617307692307697
0 0.40664772727272724 0.6750384615384615 0.0317897727272728 0.03765384615384618
0 0.32558238636363646 0.7716153846153846 0.03258522727272727 0.028500000000000015
0 0.34564630681818187 0.9012692307692308 0.04808238636363631 0.05111538461538461
0 0.03270596590909092 0.17953846153846154 0.023849431818181766 0.040884615384615366
0 0.48354403409090907 0.9378557692307692 0.028224431818181826 0.05755769230769231
0 0.3206107954545455 0.9343653846153847 0.034573863636363604 0.036576923076923076
0 0.3311505681818182 0.9211826923076923 0.03974431818181821 0.05432692307692308
0 0.49149147727272724 0.9174230769230769 0.024232954545454547 0.04680769230769231
0 0.530440340909091 0.9265576923076924 0.031392045454545485 0.03388461538461539
0 0.5062002840909091 0.9572307692307692 0.022656249999999985 0.043576923076923076
0 0.5075852272727273 0.9125769230769231 0.03417613636363637 0.05003846153846153
0 0.5065980113636364 0.38210576923076933 0.021065340909090888 0.032826923076923066
0 0.33691051136363637 0.7931442307692308 0.013906249999999948 0.01882692307692306
0 0.3569744318181818 0.7748461538461539 0.03974431818181821 0.03065384615384615
0 0.36095170454545455 0.013375000000000026 0.03099431818181817 0.026750000000000048
0 0.3096875 0.7439134615384615 0.03656250000000001 0.029057692307692305
0 0.6981392045454546 0.14375961538461535 0.03139204545454544 0.032826923076923066
0 0.2441193181818181 0.7632788461538462 0.04849431818181816 0.07101923076923078
0 0.23776278409090912 0.7119038461538462 0.057230113636363586 0.048961538461538424
0 0.22881392045454552 0.6537884615384615 0.08225852272727269 0.08876923076923082
0 0.4755965909090909 0.845326923076923 0.03377840909090905 0.03280769230769229
0 0.535625 0.9494711538461539 0.03738636363636363 0.05440384615384615
0 0.7377485795454546 0.2549711538461539 0.03467329545454549 0.04340384615384614
0 0.736434659090909 0.31875 0.043835227272727255 0.05226923076923067
0 0.7089630681818182 0.25630769230769224 0.04644886363636366 0.05492307692307693
0 0.19225852272727273 0.12277884615384616 0.021051136363636272 0.036057692307692304
0 0.74265625 0.2855384615384615 0.024857954545454544 0.05492307692307693
0 0.7230255681818182 0.28067307692307686 0.01701704545454544 0.03100000000000001
0 0.7011079545454546 0.29925961538461543 0.02943181818181818 0.04694230769230763
0 0.5185724431818182 0.3599423076923076 0.029446022727272755 0.03542307692307695
0 0.5390269886363637 0.37693269230769233 0.022343749999999944 0.07221153846153837
0 0.9654332386363637 0.14597115384615378 0.026178977272727274 0.031634615384615365
0 0.95328125 0.11750000000000005 0.02897727272727273 0.04807692307692308
0 0.566796875 0.012836538461538427 0.05325284090909092 0.025673076923076965
0 0.7126420454545455 0.02971153846153851 0.035767045454545426 0.0446538461538461
0 0.5997869318181819 0.012567307692307628 0.03178977272727272 0.02513461538461537
0 0.1876917613636363 0.09346153846153848 0.026235795454545494 0.03980769230769229
0 0.5264630681818181 0.39904807692307687 0.026619318181818195 0.03874999999999996
0 0.3333380681818182 0.01955769230769222 0.031392045454545485 0.039115384615384566
0 0.9871661931818182 0.1434423076923077 0.02291193181818182 0.03669230769230766
0 0.9705823863636364 0.12161538461538468 0.018693181818181817 0.03226923076923072
0 0.9850568181818182 0.10991346153846149 0.029886363636363635 0.04174999999999996
0 0.056498579545454675 0.26011538461538464 0.036463068181818124 0.050615384615384604
0 0.38321022727272724 0.022711538461538394 0.0317897727272728 0.03711538461538464
0 0.4440056818181818 0.013105769230769337 0.02701704545454543 0.026211538461538453
0 0.4185724431818182 0.014451923076923001 0.026235795454545494 0.028903846153846103
0 0.029865056818181746 0.2613749999999999 0.03365056818181826 0.049365384615384644
0 0.1761647727272727 0.12924038461538467 0.023039772727272766 0.0306730769230769
0 0.29975852272727266 0.030509615384615385 0.034971590909090834 0.027980769230769253
0 0.019573863636363598 0.24460576923076927 0.02803977272727274 0.037326923076923015
0 0.43348011363636363 0.04046153846153844 0.02900568181818184 0.040346153846153775
0 0.6228338068181818 0.011490384615384652 0.02225852272727275 0.022980769230769207
0 0.24213068181818187 0.011221153846153964 0.028607954545454527 0.022442307692307723
0 0.46605823863636364 0.014105769230769338 0.016292613636363595 0.026365384615384575
0 0.2588210227272728 0.06817307692307695 0.03338068181818174 0.031192307692307745
0 0.14894176136363635 0.06682692307692306 0.039332386363636444 0.030653846153846257
0 0.14795454545454556 0.03427884615384624 0.03178977272727272 0.03982692307692304
0 0.2824715909090909 0.11524999999999996 0.02900568181818184 0.03819230769230772
0 0.164637784090909 0.11094230769230773 0.025440340909090864 0.036038461538461554
0 0.15907670454545453 0.04880769230769233 0.02622159090909096 0.03226923076923072
0 0.26061079545454546 0.12601923076923072 0.018664772727272707 0.0446538461538461
0 0.2763068181818181 0.31134615384615383 0.03656250000000001 0.049500000000000016
0 0.25087357954545453 0.28875961538461536 0.03654829545454548 0.057019230769230836
0 0.7261576704545454 0.016605769230769174 0.05245738636363637 0.033211538461538424
0 0.2739275568181818 0.26884615384615373 0.050866477272727195 0.03980769230769229
0 0.796484375 0.7907211538461538 0.04927556818181818 0.07209615384615384
0 0.8274857954545455 0.9556153846153846 0.03815340909090909 0.08123076923076923
0 0.3707741477272727 0.06421153846153849 0.06919034090909087 0.050653846153846105
0 0.04364346590909096 0.21899038461538467 0.029446022727272755 0.030365384615384544
0 0.36095170454545455 0.028096153846153826 0.03417613636363637 0.03819230769230783
0 0.3160653409090909 0.07837499999999997 0.02573863636363637 0.031057692307692265
0 0.05089488636363626 0.2237307692307693 0.02616477272727267 0.029730769230769193
0 0.013970170454545516 0.23195192307692314 0.02055397727272731 0.023403846153846185
0 0.019580965909090975 0.19968269230769242 0.03177556818181819 0.04871153846153843
0 0.8548224431818182 0.9643942307692308 0.02098011363636365 0.02971153846153846
0 0.24379261363636362 0.30354807692307695 0.030198863636363624 0.06401923076923081
0 0.8532670454545455 0.9345384615384615 0.032670454545454544 0.041653846153846145
0 0.22539062499999996 0.5461346153846154 0.03879261363636372 0.057576923076923074
0 0.3176704545454545 0.04515384615384621 0.03943181818181817 0.03757692307692312
0 0.39772017045454544 0.08191346153846157 0.03620738636363638 0.03267307692307683
0 0.4879190340909091 0.016336538461538486 0.029815340909090923 0.032673076923076944
0 0.09409801136363638 0.4439711538461538 0.04887784090909102 0.043596153846153875
0 0.3585582386363636 0.7484807692307692 0.03734375000000003 0.03388461538461537
0 0.28465198863636365 0.14240384615384605 0.040525568181818225 0.05276923076923076
0 0.06836647727272738 0.4268653846153847 0.040653409090909094 0.06326923076923084
0 0.5685227272727273 0.6318269230769231 0.06159090909090911 0.07442307692307695
0 0.39531249999999996 0.10315384615384615 0.016079545454545444 0.026153846153846198
0 0.2997727272727272 0.07946153846153858 0.02454545454545459 0.041923076923076945
0 0.2836789772727273 0.06557692307692309 0.035795454545454526 0.0446538461538461
0 0.3355681818181818 0.06529807692307699 0.027755681818181766 0.05282692307692302
0 0.5413920454545454 0.3543942307692307 0.04122159090909088 0.04209615384615393
0 0.5556107954545455 0.6511057692307691 0.08213068181818181 0.07890384615384616
0 0.09649147727272733 0.40576923076923077 0.03377840909090921 0.03926923076923069
0 0.8340767045454546 0.9742403846153846 0.024318181818181826 0.04421153846153847
0 0.014034090909090913 0.4679134615384616 0.027812499999999896 0.07317307692307684
0 0.21193181818181828 0.5669038461538463 0.03656250000000001 0.03765384615384618
0 0.2037855113636362 0.5451153846153847 0.02742897727272736 0.036038461538461554
0 0.21073863636363643 0.49749999999999994 0.023039772727272766 0.03334615384615391
0 0.2880255681818181 0.6099423076923077 0.03696022727272725 0.03980769230769234
0 0.3466477272727272 0.6247403846153846 0.039744318181818124 0.06832692307692308
0 0.2812713068181818 0.6424903846153847 0.04330965909090911 0.07048076923076918
0 0.32538352272727267 0.6462596153846154 0.031392045454545485 0.07909615384615384
0 0.2478977272727273 0.0297115384615384 0.040142045454545444 0.03819230769230772
0 0.27213778409090916 0.6578269230769231 0.04728693181818177 0.050576923076923096
0 0.36453125 0.676125 0.03656250000000001 0.07424999999999997
0 0.31544744318181817 0.6118269230769231 0.026633522727272728 0.05003846153846156
0 0.3081036931818182 0.6645576923076923 0.019872159090909024 0.05434615384615383
0 0.33034801136363634 0.6839230769230769 0.04529829545454544 0.05757692307692313
0 0.13483664772727266 0.7339615384615384 0.044502840909090964 0.03819230769230772
0 0.2401491477272728 0.6319999999999999 0.04768465909090916 0.03765384615384618
0 0.13404119318181817 0.7081346153846154 0.04132102272727261 0.039269230769230744
0 0.1950355113636365 0.7188942307692308 0.0480823863636364 0.06509615384615383
0 0.2773011363636364 0.6952211538461538 0.022642045454545453 0.02744230769230771
0 0.27232954545454546 0.010951923076922943 0.033380681818181816 0.021903846153846128
0 0.2639914772727273 0.7807596153846154 0.040539772727272674 0.05432692307692308
0 0.3335298295454545 0.7143173076923077 0.05245738636363637 0.0333653846153846
0 0.30074573863636367 0.7145961538461538 0.026633522727272728 0.047884615384615394
0 0.2812784090909092 0.7479423076923077 0.03218749999999995 0.044653846153846176
0 0.2816761363636364 0.7135096153846154 0.03855113636363634 0.05432692307692308
0 0.29836647727272725 0.7670384615384616 0.032982954545454586 0.03442307692307693
0 0.3420738636363637 0.7436442307692308 0.039346590909090894 0.03175000000000001
0 0.318828125 0.7971730769230769 0.023849431818181846 0.027961538461538447
0 0.3575710227272727 0.8057788461538462 0.030596590909090938 0.03659615384615385
0 0.332734375 0.8208461538461539 0.04927556818181818 0.038730769230769235
0 0.2780965909090909 0.041000000000000036 0.026619318181818195 0.04357692307692301
0 0.20139914772727285 0.7689230769230769 0.04092329545454554 0.03819230769230769
0 0.44122159090909097 0.698173076923077 0.02781250000000006 0.038730769230769256
0 0.41400568181818187 0.6182884615384615 0.032187500000000036 0.053269230769230805
0 0.42553267045454546 0.6933365384615384 0.020269886363636337 0.04625000000000002
0 0.40327414772727266 0.69925 0.026633522727272728 0.0473461538461538
0 0.4360582386363636 0.6667019230769231 0.031008522727272704 0.032826923076923066
0 0.40168323863636357 0.647875 0.027428977272727275 0.02744230769230771
0 0.44042613636363637 0.6094038461538461 0.02542613636363633 0.05488461538461537
0 0.58984375 0.6564807692307693 0.02701704545454543 0.04249999999999999
0 0.5065909090909091 0.6338846153846154 0.040142045454545444 0.029576923076923067
0 0.058139204545454626 0.13946153846153841 0.02781250000000006 0.03819230769230772
0 0.5145596590909092 0.716 0.032784090909090964 0.04176923076923077
0 0.5151349431818182 0.6564807692307693 0.04768465909090908 0.032807692307692315
0 0.42791193181818177 0.6446442307692308 0.0234375 0.027442307692307658
0 0.18272017045454547 0.761125 0.04728693181818177 0.05917307692307692
0 0.7386718750000001 0.48486538461538464 0.029815340909090923 0.04034615384615388
0 0.7541690340909091 0.45553846153846156 0.02424715909090908 0.057038461538461475
0 0.7309232954545455 0.4517692307692307 0.025426136363636373 0.057038461538461586
0 0.6772727272727272 0.5478076923076923 0.030994318181818213 0.04249999999999999
0 0.9701491477272727 0.6640192307692308 0.027031250000000003 0.05434615384615383
0 0.9671732954545454 0.6096730769230769 0.02980113636363637 0.045730769230769235
0 0.06251420454545453 0.15963461538461532 0.029403409090909157 0.03550000000000007
0 0.6977414772727273 0.5198365384615384 0.025028409090909098 0.025288461538461496
0 0.6770738636363636 0.520375 0.022642045454545453 0.028519230769230738
0 0.6997301136363636 0.5464615384615384 0.027414772727272704 0.03765384615384612
0 0.9111363636363636 0.5817019230769231 0.030596590909090907 0.04144230769230766
0 0.5931036931818181 0.935548076923077 0.0439346590909091 0.04809615384615385
0 0.3916832386363637 0.8624711538461538 0.04580965909090909 0.03351923076923078
0 0.692578125 0.18088461538461542 0.019474431818181828 0.04680769230769237
0 0.7146306818181818 0.15791346153846153 0.029573863636363627 0.029057692307692333
0 0.9590198863636363 0.6365769230769232 0.024630681818181822 0.07907692307692309
0 0.3858380681818182 0.8343173076923077 0.03130681818181813 0.031634615384615365
0 0.01720880681818182 0.16582692307692315 0.02066761363636357 0.048961538461538424
0 0.9876349431818182 0.6395384615384616 0.024644886363636362 0.0753076923076923
0 0.9165056818181818 0.5445769230769231 0.029403409090909084 0.028499999999999987
0 0.8918678977272727 0.56825 0.01748579545454546 0.036038461538461554
0 0.9053764204545455 0.5556057692307692 0.024644886363636376 0.03228846153846152
0 0.9707528409090909 0.5114903846153847 0.03298295454545455 0.048403846153846186
0 0.9870383522727273 0.5475384615384615 0.025838068181818177 0.030115384615384662
0 0.9793110795454546 0.5284423076923077 0.041377840909090906 0.03711538461538464
0 0.4152840909090909 0.8523461538461539 0.03505681818181819 0.029730769230769245
0 0.47743607954545453 0.768201923076923 0.035042613636363656 0.05378846153846156
0 0.40850852272727267 0.8241923076923077 0.03178977272727272 0.03415384615384614
0 0.043636363636363695 0.1327307692307692 0.0234375 0.04734615384615386
0 0.9840625 0.4934615384615385 0.030994318181818182 0.05111538461538458
0 0.9743181818181819 0.8060480769230769 0.038551136363636364 0.04251923076923077
0 0.4998721590909091 0.7792692307692308 0.03505681818181819 0.05569230769230768
0 0.49612926136363633 0.7337211538461539 0.03879261363636364 0.04682692307692304
0 0.6164701704545454 0.6043365384615385 0.03177556818181819 0.03986538461538465
0 0.9908380681818182 0.9779423076923077 0.018323863636363638 0.04088461538461539
0 0.9651775568181818 0.9179519230769231 0.05046875 0.04036538461538461
0 0.9610085227272728 0.9615288461538462 0.03338068181818182 0.03282692307692308
0 0.9687571022727273 0.9755192307692307 0.026633522727272728 0.02526923076923077
0 0.9878338068181818 0.9478076923076924 0.023451704545454546 0.04303846153846154
