0 0.043401988636363686 0.15414423076923067 0.024644886363636397 0.05294230769230775
0 0.4961860795454546 0.7226538461538461 0.025525568181818222 0.04992307692307688
0 0.7831321022727272 0.2716346153846154 0.05691761363636367 0.09330769230769227
0 0.7047301136363636 0.3000288461538462 0.04994318181818181 0.0806730769230769
0 0.7350852272727273 0.25375000000000014 0.06372159090909092 0.05784615384615382
0 0.7806889204545454 0.23966346153846152 0.04572443181818182 0.069326923076923
0 0.8152769886363637 0.2944038461538462 0.06754261363636363 0.08203846153846159
0 0.8545383522727272 0.31048076923076917 0.030468749999999985 0.05169230769230768
0 0.8743536931818182 0.3044134615384615 0.029076704545454544 0.03878846153846157
0 0.8683025568181818 0.27412500000000006 0.017258522727272737 0.025980769230769214
0 0.8536292613636364 0.24516346153846158 0.04771306818181819 0.03298076923076919
0 0.8825284090909091 0.23352884615384606 0.03772727272727273 0.02440384615384615
0 0.4892187499999999 0.7092019230769231 0.025113636363636373 0.05071153846153847
0 0.8615198863636364 0.2371923076923077 0.043522727272727275 0.03192307692307686
0 0.8370880681818182 0.24820192307692313 0.02664772727272726 0.033096153846153914
0 0.8339914772727273 0.29093269230769225 0.02775568181818183 0.057634615384615326
0 0.9910298295454546 0.2349230769230769 0.01794034090909091 0.0291153846153847
0 0.8461221590909092 0.27574999999999994 0.03923295454545455 0.04923076923076927
0 0.708330965909091 0.34163461538461537 0.061548295454545474 0.06596153846153849
0 0.7171306818181818 0.38203846153846144 0.04446022727272725 0.07465384615384614
0 0.8086008522727273 0.39058653846153846 0.06938920454545454 0.04140384615384621
0 0.8042045454545454 0.3319615384615384 0.05159090909090908 0.03880769230769232
0 0.8108948863636364 0.2493557692307692 0.02767045454545455 0.05659615384615386
0 0.4097017045454545 0.7984807692307693 0.021477272727272734 0.023692307692307707
0 0.7515340909090908 0.3007788461538461 0.06750000000000002 0.04625000000000002
0 0.7440127840909091 0.5368846153846154 0.040411931818181805 0.023846153846153857
0 0.7559943181818182 0.5599326923076923 0.04204545454545458 0.025596153846153852
0 0.7282599431818182 0.5488846153846154 0.02225852272727271 0.03203846153846153
0 0.6774289772727273 0.4839423076923076 0.0449431818181818 0.06353846153846153
0 0.6699715909090909 0.5085192307692308 0.04664772727272728 0.04350000000000001
0 0.666455965909091 0.5372115384615385 0.04004261363636363 0.04407692307692311
0 0.8541122159090909 0.4318846153846154 0.034644886363636364 0.04173076923076921
0 0.8327201704545455 0.40337500000000004 0.05467329545454545 0.039634615384615414
0 0.7565909090909091 0.33161538461538465 0.04639204545454545 0.04330769230769227
0 0.38776278409090914 0.8059519230769231 0.03427556818181818 0.04128846153846154
0 0.8512357954545455 0.47295192307692313 0.04982954545454545 0.05432692307692308
0 0.7936576704545455 0.3525673076923077 0.060326704545454544 0.048980769230769175
0 0.7553977272727272 0.35851923076923076 0.035170454545454574 0.0434615384615385
0 0.7765198863636364 0.3753461538461539 0.04088068181818182 0.053384615384615364
0 0.7495951704545454 0.3929807692307693 0.03231534090909091 0.03076923076923077
0 0.7395028409090909 0.4097115384615385 0.038295454545454556 0.035538461538461574
0 0.846875 0.504048076923077 0.02931818181818182 0.04628846153846153
0 0.8251633522727273 0.4889326923076923 0.019247159090909106 0.04128846153846154
0 0.8355184659090908 0.4322211538461538 0.021321022727272713 0.033096153846153914
0 0.8173295454545455 0.4318557692307693 0.029176136363636373 0.028249999999999997
0 0.3904545454545455 0.8527403846153847 0.024034090909090852 0.03505769230769232
0 0.8173082386363636 0.4554038461538461 0.04143465909090907 0.03176923076923074
0 0.8065411931818182 0.46343269230769235 0.02589488636363637 0.034480769230769245
0 0.832734375 0.5268076923076923 0.03649147727272727 0.046615384615384635
0 0.8132386363636364 0.49676923076923074 0.023522727272727254 0.03973076923076922
0 0.7938920454545454 0.48451923076923087 0.022244318181818178 0.03592307692307694
0 0.7677485795454546 0.4132307692307692 0.03566761363636366 0.030846153846153777
0 0.7978835227272727 0.41993269230769237 0.028125000000000015 0.04617307692307691
0 0.7009375 0.4713557692307693 0.036363636363636355 0.04501923076923082
0 0.7241548295454545 0.4310576923076923 0.036803977272727266 0.030461538461538415
0 0.7810511363636363 0.4295192307692308 0.021250000000000012 0.03042307692307691
0 0.37123579545454544 0.8352884615384615 0.018465909090909092 0.06207692307692308
0 0.4904971590909091 0.7863365384615385 0.051335227272727255 0.039826923076923065
0 0.08962357954545463 0.29248076923076927 0.03799715909090909 0.06615384615384622
0 0.03931107954545443 0.2068365384615385 0.04856534090909082 0.04209615384615382
0 0.054694602272727266 0.21806730769230764 0.03262784090909095 0.034519230769230747
0 0.05021306818181803 0.24103846153846165 0.04318181818181815 0.026230769230769314
0 0.015348011363636505 0.23688461538461536 0.03061079545454555 0.036346153846153806
0 0.004673295454545423 0.25203846153846154 0.009346590909090968 0.037884615384615475
0 0.03862215909090916 0.1243557692307693 0.030710227272727278 0.04059615384615387
0 0.5014133522727273 0.8007019230769231 0.042343750000000006 0.04778846153846156
0 0.39333806818181816 0.7406153846153847 0.017840909090909095 0.028846153846153848
0 0.35374289772727263 0.8432692307692308 0.028906249999999953 0.05626923076923075
0 0.3696946022727272 0.7239038461538462 0.03751420454545458 0.0625
0 0.4420028409090908 0.7373846153846153 0.02386363636363638 0.04457692307692309
0 0.3765482954545455 0.7694423076923077 0.05105113636363636 0.05765384615384613
0 0.5274715909090908 0.9060288461538462 0.04136363636363637 0.06740384615384615
0 0.3949147727272727 0.712125 0.022499999999999964 0.0315576923076923
0 0.38029119318181825 0.6925 0.03160511363636364 0.05684615384615385
0 0.4330539772727273 0.711625 0.024545454545454506 0.03190384615384616
0 0.40484374999999995 0.6735961538461538 0.03678977272727269 0.05811538461538461
0 0.5413423295454546 0.9389615384615384 0.030383522727272707 0.060153846153846155
0 0.5654829545454545 0.9244807692307693 0.024176136363636417 0.040538461538461544
0 0.33826704545454545 0.8683653846153846 0.03017045454545456 0.039846153846153844
0 0.4626136363636364 0.7075192307692308 0.040539772727272674 0.03138461538461537
0 0.4690980113636364 0.6783942307692308 0.05009943181818179 0.03578846153846151
0 0.5084446022727273 0.6325096153846154 0.02703124999999996 0.03813461538461536
0 0.42302556818181813 0.6735 0.020624999999999973 0.055461538461538416
0 0.43825994318181816 0.6744903846153847 0.022116477272727263 0.045634615384615364
0 0.45188920454545456 0.8077788461538462 0.02755681818181815 0.0964423076923077
0 0.4651633522727273 0.8410576923076922 0.019303977272727237 0.08907692307692308
0 0.4777414772727272 0.8447115384615385 0.019886363636363636 0.08096153846153845
0 0.45667613636363635 0.7765096153846154 0.028607954545454527 0.047711538461538465
0 0.49730823863636364 0.8402115384615385 0.03257102272727274 0.045576923076923084
0 0.38174715909090906 0.8756634615384615 0.02125000000000005 0.028634615384615373
0 0.4965625 0.8610288461538461 0.03730113636363635 0.040134615384615394
0 0.4087357954545454 0.8259711538461538 0.03684659090909099 0.053480769230769235
0 0.5170951704545454 0.8074711538461539 0.024161931818181884 0.03309615384615383
0 0.5025426136363635 0.8761057692307692 0.03147727272727276 0.025903846153846152
0 0.4388565340909091 0.816548076923077 0.02734375 0.053903846153846156
0 0.5243892045454546 0.8611057692307692 0.020994318181818225 0.03486538461538463
0 0.5611860795454546 0.8523846153846154 0.05245738636363637 0.0561923076923077
0 0.19030539772727273 0.8810384615384615 0.03376420454545452 0.044269230769230776
0 0.30233664772727276 0.9112884615384615 0.05325284090909084 0.07346153846153847
0 0.1956747159090909 0.4646634615384615 0.03132102272727266 0.024596153846153775
0 0.3641761363636363 0.8855480769230769 0.0339488636363636 0.04532692307692308
0 0.23281249999999998 0.37694230769230763 0.030852272727272766 0.047807692307692336
0 0.26108664772727286 0.39028846153846153 0.03475852272727269 0.05453846153846156
0 0.3281676136363636 0.46352884615384604 0.054573863636363656 0.04705769230769225
0 0.33008522727272727 0.5399711538461538 0.03826704545454545 0.04917307692307691
0 0.30341619318181823 0.5739903846153847 0.015610795454545467 0.0571730769230769
0 0.2959943181818182 0.5910865384615385 0.026448863636363642 0.051211538461538454
0 0.32791903409090917 0.5659134615384616 0.03481534090909089 0.0526730769230769
0 0.10644886363636374 0.3596730769230768 0.029602272727272772 0.03392307692307701
0 0.10082386363636364 0.3960769230769231 0.03099431818181809 0.054192307692307706
0 0.07338068181818191 0.4723846153846154 0.025397727272727266 0.037923076923076976
0 0.5626349431818183 0.8905961538461539 0.033110795454545455 0.048230769230769244
0 0.35821022727272733 0.906 0.029659090909090902 0.03907692307692308
0 0.07154119318181817 0.4333173076923078 0.04234374999999992 0.05540384615384616
0 0.16581676136363643 0.333548076923077 0.02515625000000005 0.05059615384615385
0 0.1877414772727274 0.3437692307692307 0.028863636363636435 0.04449999999999998
0 0.17764204545454543 0.30553846153846154 0.05252840909090895 0.039692307692307666
0 0.07309659090909093 0.24898076923076928 0.019545454545454533 0.029192307692307705
0 0.0918181818181818 0.2548942307692308 0.01997159090909083 0.023596153846153812
0 0.10124999999999995 0.2825192307692307 0.02215909090909094 0.03649999999999993
0 0.7674786931818182 0.5181057692307693 0.020298295454545444 0.028057692307692315
0 0.024204545454545423 0.15219230769230763 0.016818181818181864 0.020923076923076916
0 0.1681605113636363 0.658048076923077 0.03731534090909088 0.054096153846153835
0 0.40452414772727263 0.8829038461538461 0.027627840909090894 0.02480769230769232
0 0.00951704545454557 0.9196538461538462 0.018920454545454615 0.02080769230769231
0 0.13181818181818172 0.8650096153846154 0.021931818181818098 0.02663461538461539
0 0.19381392045454537 0.5104134615384616 0.026349431818181914 0.03428846153846156
0 0.18929687500000003 0.5814423076923078 0.017656250000000092 0.025307692307692302
0 0.1483522727272728 0.9543365384615384 0.01809659090909076 0.03663461538461539
0 0.114375 0.5677307692307692 0.015454545454545448 0.041423076923076965
0 0.008345170454545414 0.7413653846153846 0.016690340909090908 0.057
0 0.013345170454545419 0.4651442307692307 0.026690340909090858 0.049673076923077
0 0.19818892045454561 0.44709615384615387 0.02856534090909093 0.040269230769230765
0 0.30218750000000005 0.4821826923076923 0.02210227272727273 0.0229038461538462
0 0.41660511363636366 0.8460480769230769 0.031079545454545447 0.03740384615384616
0 0.2727485795454545 0.45932692307692313 0.03850852272727267 0.04038461538461539
0 0.2918536931818182 0.4472115384615384 0.025894886363636307 0.04865384615384617
0 0.2555823863636365 0.477548076923077 0.027897727272727255 0.028249999999999997
0 0.24099431818181827 0.4920192307692308 0.04144886363636357 0.039384615384615365
0 0.24849431818181822 0.44736538461538455 0.03653409090909079 0.033923076923076896
0 0.23404119318181837 0.4189903846153846 0.020781249999999994 0.0359807692307693
0 0.2143323863636365 0.42281730769230774 0.022556818181818174 0.04386538461538462
0 0.21305397727272724 0.4014326923076923 0.019999999999999896 0.0175576923076923
0 0.19549715909090903 0.41956730769230777 0.01974431818181831 0.026942307692307675
0 0.19940340909090903 0.39656730769230764 0.020511363636363713 0.024750000000000008
0 0.4095738636363637 0.867 0.034460227272727344 0.02138461538461538
0 0.21842329545454542 0.465201923076923 0.022073863636363586 0.04274999999999993
0 0.2646875000000001 0.5001923076923077 0.018068181818181775 0.03415384615384608
0 0.28147727272727274 0.4915288461538462 0.030710227272727278 0.03040384615384616
0 0.1968749999999999 0.4839423076923076 0.034318181818181775 0.022538461538461483
0 0.3077982954545454 0.5351826923076923 0.02713068181818185 0.030519230769230722
0 0.2639275568181819 0.5318173076923077 0.01401988636363637 0.04548076923076924
0 0.25207386363636364 0.5335096153846154 0.027642045454545506 0.05548076923076922
0 0.19829545454545439 0.6085576923076923 0.03034090909090911 0.03173076923076923
0 0.25187499999999996 0.5839038461538462 0.040539772727272834 0.03803846153846154
0 0.22447443181818183 0.4491346153846154 0.022329545454545494 0.027884615384615386
0 0.4352911931818182 0.8534999999999999 0.03146306818181815 0.03276923076923078
0 0.23723721590909108 0.46445192307692307 0.02291193181818181 0.024750000000000008
0 0.15857244318181818 0.46134615384615385 0.031122159090909207 0.029384615384615443
0 0.14836647727272734 0.4709423076923077 0.020852272727272657 0.030269230769230788
0 0.15529829545454532 0.48779807692307686 0.030738636363636343 0.027750000000000014
0 0.17004261363636364 0.5053269230769231 0.025142045454545358 0.02942307692307689
0 0.15297585227272714 0.52 0.012400568181818046 0.027153846153846216
0 0.1695596590909091 0.5294807692307693 0.022642045454545533 0.03396153846153845
0 0.1550071022727273 0.5440576923076923 0.02686079545454557 0.02803846153846151
0 0.14599431818181818 0.5020576923076923 0.024090909090909142 0.0229615384615384
0 0.13842329545454557 0.5290673076923077 0.026534090909090837 0.04228846153846155
0 0.43245028409090913 0.8745096153846154 0.0343892045454546 0.026134615384615378
0 0.16156960227272732 0.557423076923077 0.020525568181818245 0.02223076923076918
0 0.1458593749999999 0.5691346153846153 0.029957386363636408 0.0377692307692308
0 0.1502627840909092 0.5986250000000001 0.026860795454545408 0.03263461538461538
0 0.1684801136363635 0.58275 0.024005681818181787 0.033307692307692295
0 0.1756107954545456 0.5922884615384616 0.024318181818181826 0.028269230769230803
0 0.15352982954545458 0.6276923076923078 0.02370738636363628 0.04738461538461536
0 0.28143465909090903 0.5393269230769231 0.030255681818181755 0.05761538461538463
0 0.2795596590909091 0.5628076923076923 0.021477272727272734 0.04457692307692309
0 0.2792755681818182 0.5840096153846154 0.034829545454545426 0.06286538461538461
0 0.19599431818181823 0.6563653846153846 0.040028409090909184 0.064
0 0.43633522727272733 0.8951923076923077 0.03821022727272724 0.03103846153846154
0 0.17914062500000005 0.6179711538461539 0.032571022727272816 0.0324807692307692
0 0.13706676136363638 0.615951923076923 0.019559659090909065 0.04778846153846153
0 0.2255965909090908 0.6235865384615384 0.060539772727272734 0.04317307692307695
0 0.012308238636363544 0.5583846153846155 0.015440340909090916 0.027230769230769225
0 0.018231534090909163 0.5296346153846154 0.022372159090909092 0.03076923076923077
0 0.12939630681818182 0.5749807692307692 0.01938920454545451 0.0377692307692308
0 0.12206676136363626 0.5924711538461538 0.015326704545454655 0.0336346153846154
0 0.12167613636363628 0.6604134615384616 0.03661931818181814 0.039788461538461536
0 0.1535866477272727 0.6700576923076923 0.04541193181818186 0.06173076923076922
0 0.13966619318181828 0.4376538461538463 0.03433238636363631 0.029384615384615443
0 0.44401278409090916 0.9304038461538462 0.027315340909090855 0.04334615384615385
0 0.13513494318181818 0.41554807692307694 0.04018465909090904 0.023326923076923068
0 0.1314772727272726 0.4644807692307692 0.030170454545454396 0.03761538461538462
0 0.12595170454545446 0.484375 0.032670454545454544 0.05174999999999999
0 0.12865767045454557 0.5432980769230769 0.025497159090908994 0.030173076923076973
0 0.10685369318181825 0.5392980769230769 0.02086647727272735 0.02609615384615383
0 0.11670454545454545 0.519423076923077 0.018806818181818195 0.027846153846153826
0 0.1015625 0.5131442307692308 0.015823863636363778 0.04271153846153842
0 0.0974857954545455 0.5642115384615385 0.02295454545454557 0.03623076923076924
0 0.08125000000000004 0.5793461538461538 0.03153409090909081 0.026153846153846142
0 0.07423295454545453 0.6000192307692307 0.0215056818181818 0.022307692307692296
0 0.43970170454545454 0.9611826923076923 0.022926136363636343 0.0439423076923077
0 0.10173295454545439 0.6523269230769231 0.04420454545454546 0.06169230769230771
0 0.11621448863636374 0.6235865384615384 0.03083806818181807 0.03825000000000003
0 0.1067968749999999 0.6006538461538462 0.04393465909090902 0.03976923076923078
0 0.08262073863636354 0.5565096153846154 0.017315340909090825 0.022634615384615406
0 0.08806818181818177 0.525423076923077 0.02198863636363639 0.05599999999999995
0 0.06928267045454539 0.5228653846153846 0.021321022727272713 0.039
0 0.06939630681818187 0.5604519230769232 0.020241477272727272 0.03698076923076927
0 0.04124289772727263 0.5534134615384616 0.037002840909090846 0.050634615384615354
0 0.06208806818181822 0.5571730769230769 0.03022727272727269 0.051038461538461526
0 0.05625710227272729 0.4971057692307692 0.019019886363636343 0.01875
0 0.9753693181818182 0.014538461538461389 0.02536931818181818 0.028961538461538466
0 0.05354403409090913 0.5185384615384615 0.018480113636363624 0.026307692307692265
0 0.07907670454545468 0.5190192307692307 0.012954545454545462 0.026999999999999986
0 0.08708806818181813 0.5011730769230769 0.013863636363636512 0.029000000000000026
0 0.09036931818181815 0.48079807692307686 0.016619318181818245 0.03348076923076928
0 0.07357244318181833 0.500798076923077 0.017258522727272695 0.028288461538461554
0 0.043252840909090984 0.6355384615384616 0.028125000000000098 0.061346153846153856
0 0.06545454545454532 0.6111826923076923 0.02434659090909089 0.0348269230769231
0 0.05497869318181803 0.5982403846153846 0.02649147727272724 0.04375
0 0.07525568181818187 0.637951923076923 0.025056818181818163 0.06463461538461536
0 0.012343750000000098 0.6974230769230769 0.024687499999999994 0.05446153846153845
0 0.4208593749999999 0.7365192307692308 0.020724431818181784 0.030192307692307727
0 0.9914985795454545 0.012557692307692214 0.01700284090909091 0.02511538461538462
0 0.01690340909090926 0.6641730769230769 0.02681818181818181 0.04096153846153849
0 0.010007102272727386 0.6519711538461539 0.020014204545454592 0.04471153846153846
0 0.01291903409090911 0.6228076923076924 0.02583806818181826 0.03688461538461534
0 0.03316761363636367 0.64625 0.028068181818181805 0.047500000000000035
0 0.03931107954545443 0.5976826923076923 0.028877840909090968 0.05051923076923079
0 0.03333806818181817 0.6915192307692308 0.042414772727272745 0.05084615384615384
0 0.02935369318181813 0.7426250000000001 0.04740056818181819 0.05451923076923076
0 0.01278409090909094 0.4908173076923077 0.02556818181818182 0.029557692307692316
0 0.05312499999999998 0.4622115384615385 0.02917613636363631 0.056346153846153865
0 0.03073153409090912 0.4635673076923077 0.03720170454545462 0.06028846153846158
0 0.9787855113636363 0.04071153846153852 0.04242897727272727 0.03773076923076924
0 0.10724431818181823 0.44418269230769236 0.029431818181818222 0.043019230769230775
0 0.09359375000000003 0.46052884615384615 0.019062500000000104 0.029673076923076937
0 0.1151065340909091 0.5014134615384616 0.04328125000000004 0.08590384615384618
0 0.11871448863636369 0.43090384615384614 0.023934659090909124 0.03876923076923071
0 0.08594460227272727 0.4128653846153846 0.03671874999999987 0.06553846153846161
0 0.12867897727272715 0.39375000000000004 0.022897727272727278 0.03415384615384614
0 0.1898863636363637 0.834798076923077 0.02573863636363637 0.024750000000000008
0 0.13227272727272732 0.3764423076923077 0.03017045454545456 0.026923076923076925
0 0.15509943181818187 0.3962403846153846 0.0316477272727274 0.04582692307692304
0 0.17806818181818185 0.37431730769230764 0.032386363636363574 0.03871153846153845
0 0.9963494318181818 0.07311538461538458 0.007301136363636363 0.02899999999999997
0 0.25262784090909074 0.4240384615384616 0.020085227272727255 0.02549999999999998
0 0.23872869318181822 0.4047211538461539 0.02623579545454533 0.030865384615384638
0 0.16374999999999995 0.3843557692307692 0.03275568181818174 0.04905769230769229
0 0.11011363636363636 0.3890961538461538 0.022329545454545494 0.032653846153846186
0 0.21895596590909083 0.374625 0.024161931818181805 0.04717307692307687
0 0.20186789772727276 0.3706250000000001 0.036292613636363574 0.03336538461538455
0 0.14969460227272724 0.3480288461538462 0.02413352272727274 0.053480769230769235
0 0.1581392045454546 0.3341153846153846 0.025170454545454583 0.051769230769230797
0 0.12200994318181813 0.3480865384615385 0.047144886363636444 0.05682692307692299
0 0.19890624999999995 0.35277884615384614 0.03960227272727272 0.044173076923076975
0 0.9729261363636363 0.06266346153846147 0.047130681818181815 0.03921153846153844
0 0.09127130681818185 0.6127211538461539 0.02001420454545443 0.03482692307692305
0 0.33553977272727276 0.49271153846153837 0.047045454545454474 0.038000000000000034
0 0.3324431818181818 0.5180480769230769 0.042329545454545474 0.034211538461538446
0 0.32146306818181813 0.4392499999999999 0.03630681818181818 0.05976923076923074
0 0.30585937499999993 0.410048076923077 0.029616477272727305 0.06336538461538459
0 0.2702840909090909 0.42425961538461543 0.03130681818181821 0.046019230769230784
0 0.28660511363636365 0.40440384615384606 0.025284090909090926 0.05619230769230764
0 0.05517755681818182 0.6502307692307692 0.0214630681818182 0.052576923076923084
0 0.08328124999999997 0.6515096153846154 0.035994318181818065 0.055134615384615414
0 0.03784090909090909 0.9860480769230769 0.016079545454545364 0.027634615384615382
0 0.9526704545454545 0.07034615384615395 0.01767045454545454 0.051346153846153826
0 0.024680397727272707 0.9922884615384615 0.012343750000000077 0.015423076923076923
0 0.05379971590909094 0.9842019230769231 0.02600852272727265 0.03159615384615384
0 0.06721590909090913 0.9859423076923077 0.025198863636363648 0.028115384615384615
0 0.041988636363636256 0.9675480769230769 0.021704545454545577 0.029903846153846152
0 0.057904829545454506 0.9549519230769231 0.025667613636363548 0.029365384615384616
0 0.04997159090909098 0.9367884615384615 0.02053977272727262 0.03476923076923077
0 0.009531250000000102 0.9890384615384615 0.01906249999999994 0.021923076923076924
0 0.01811789772727268 0.9773942307692308 0.030298295454545352 0.030788461538461542
0 0.02970170454545462 0.9252884615384616 0.03647727272727266 0.048192307692307694
0 0.02252840909090914 0.9205 0.02355113636363626 0.045807692307692306
0 0.9767258522727272 0.07483653846153837 0.03717329545454545 0.04386538461538462
0 0.005838068181818201 0.9514230769230769 0.011676136363636402 0.05388461538461539
0 0.01852272727272719 0.9593557692307693 0.02556818181818182 0.02421153846153846
0 0.07431107954545457 0.96075 0.03166193181818193 0.028846153846153848
0 0.06612215909090902 0.933548076923077 0.021534090909090864 0.02732692307692307
0 0.05316051136363631 0.9093365384615385 0.022002840909090923 0.030903846153846153
0 0.07172585227272732 0.9143942307692308 0.02595170454545452 0.03151923076923077
0 0.07071732954545462 0.8945384615384615 0.028281249999999956 0.03438461538461539
0 0.06357954545454547 0.8647115384615385 0.028011363636363674 0.029653846153846156
0 0.08798295454545457 0.8858269230769231 0.020852272727272657 0.02623076923076923
0 0.11788352272727276 0.9197019230769231 0.03428977272727271 0.07471153846153847
0 0.9328196022727273 0.06951923076923072 0.03316761363636364 0.05153846153846156
0 0.09946732954545467 0.9070961538461538 0.033508522727272776 0.022192307692307692
0 0.10075994318181813 0.9302980769230769 0.033366477272727124 0.03967307692307693
0 0.0954261363636365 0.8621826923076923 0.03207386363636369 0.025711538461538442
0 0.11450994318181817 0.8695192307692308 0.03316761363636351 0.02592307692307693
0 0.12007102272727266 0.8442596153846154 0.029886363636363586 0.03028846153846154
0 0.14492897727272724 0.7708269230769231 0.03011363636363643 0.02653846153846153
0 0.09911931818181818 0.8356250000000001 0.03190340909090914 0.038749999999999986
0 0.08669034090909089 0.7963461538461538 0.021420454545454604 0.022307692307692324
0 0.10123579545454542 0.7808269230769231 0.0238636363636363 0.033192307692307674
0 0.10631392045454546 0.8012692307692307 0.024417613636363713 0.032999999999999995
0 0.915078125 0.09561538461538466 0.03521306818181819 0.057576923076923074
0 0.1429687500000001 0.84075 0.03147727272727268 0.041961538461538446
0 0.12522017045454537 0.8126057692307692 0.025127840909090985 0.03651923076923076
0 0.1468465909090909 0.8789038461538462 0.03735795454545448 0.03403846153846153
0 0.1638920454545455 0.887625 0.01997159090909083 0.025365384615384613
0 0.09309659090909084 0.9745192307692307 0.044460227272727366 0.05080769230769231
0 0.09862926136363626 0.9819230769230769 0.027627840909090814 0.036153846153846154
0 0.12009943181818172 0.9720288461538461 0.02252840909090911 0.05582692307692307
0 0.12131392045454537 0.9829615384615384 0.017514204545454604 0.034076923076923074
0 0.1636576704545455 0.9857788461538461 0.03615056818181825 0.02844230769230769
0 0.13536931818181808 0.9908942307692308 0.030909090909090896 0.01805769230769231
0 0.8987997159090909 0.09959615384615372 0.03254261363636364 0.04503846153846157
0 0.14458096590909086 0.9712596153846154 0.031633522727272705 0.039942307692307694
0 0.13168323863636355 0.9372211538461539 0.020184659090908982 0.04459615384615385
0 0.1619389204545455 0.9514807692307692 0.03345170454545448 0.0478076923076923
0 0.14838068181818187 0.915451923076923 0.030681818181818213 0.044788461538461534
0 0.16781250000000014 0.9227788461538462 0.021477272727272734 0.04555769230769231
0 0.29248579545454545 0.9688173076923077 0.04198863636363637 0.029096153846153848
0 0.03392045454545456 0.9428269230769231 0.017301136363636452 0.02884615384615384
0 0.08651278409090901 0.9407211538461538 0.023082386363636364 0.0390576923076923
0 0.17517755681818192 0.9656346153846154 0.02194602272727263 0.04015384615384615
0 0.20171164772727268 0.9725480769230769 0.04058238636363627 0.05471153846153846
0 0.8812926136363637 0.10202884615384622 0.024261363636363633 0.054750000000000056
0 0.14024857954545455 0.8146538461538462 0.01740056818181818 0.01784615384615385
0 0.16197443181818183 0.8249423076923077 0.030056818181818136 0.029307692307692326
0 0.19169744318181803 0.8108173076923078 0.04768465909090916 0.03944230769230767
0 0.1779261363636363 0.794125 0.04147727272727279 0.04194230769230767
0 0.1661008522727272 0.775576923076923 0.045440340909090764 0.04846153846153849
0 0.1442116477272729 0.7988076923076923 0.033849431818181876 0.03788461538461539
0 0.1134303977272727 0.8255576923076924 0.01819602272727265 0.02403846153846154
0 0.011463068181818081 0.8927884615384616 0.022926136363636343 0.039653846153846165
0 0.02974431818181822 0.8904038461538462 0.024573863636363734 0.0331153846153846
0 0.04814630681818177 0.889201923076923 0.028821022727272674 0.03578846153846154
0 0.40541903409090907 0.7508653846153845 0.013338068181818163 0.03707692307692308
0 0.3812926136363636 0.8267307692307693 0.0208806818181818 0.03180769230769232
0 0.032727272727272716 0.8664711538461538 0.04221590909090913 0.026288461538461528
0 0.04397017045454532 0.8504038461538461 0.024247159090909163 0.027999999999999976
0 0.10923295454545456 0.8855480769230769 0.027954545454545544 0.0330576923076923
0 0.15684659090909103 0.857576923076923 0.028977272727272695 0.035269230769230775
0 0.18293323863636357 0.9242788461538461 0.01990056818181817 0.042826923076923075
0 0.21298295454545457 0.8932307692307693 0.041960227272727385 0.05653846153846154
0 0.22304687499999998 0.8519711538461539 0.06259943181818173 0.036173076923076926
0 0.2237073863636364 0.8277211538461539 0.04747159090909101 0.03171153846153845
0 0.17661221590909093 0.853 0.03595170454545463 0.04561538461538461
0 0.07838068181818192 0.7715000000000001 0.0444318181818183 0.0328846153846154
0 0.8622585227272728 0.08699038461538466 0.02659090909090909 0.04901923076923079
0 0.06632812499999996 0.7961538461538462 0.02600852272727281 0.034999999999999976
0 0.013700284090909065 0.8493557692307692 0.02740056818181813 0.047749999999999994
0 0.009034090909090797 0.8214807692307693 0.017954545454545435 0.033769230769230774
0 0.024545454545454537 0.8348557692307692 0.018068181818181858 0.03971153846153847
0 0.470703125 0.07854807692307697 0.015184659090909169 0.04832692307692318
0 0.018508522727272658 0.7941442307692308 0.03701704545454538 0.05475
0 0.039481534090909154 0.7859134615384615 0.034957386363636385 0.03782692307692308
0 0.05154119318181827 0.75625 0.02964488636363637 0.04688461538461538
0 0.06697443181818197 0.8520192307692307 0.03281250000000003 0.05076923076923078
0 0.04026278409090911 0.8262019230769231 0.02055397727272731 0.03275
0 0.8378835227272727 0.1070961538461539 0.0403409090909091 0.05023076923076924
0 0.08239346590909091 0.8246634615384616 0.029218749999999908 0.0449423076923077
0 0.05395596590909091 0.8178846153846153 0.034133522727272686 0.03815384615384616
0 0.19677556818181818 0.7646634615384615 0.023210227272727316 0.036634615384615404
0 0.21323863636363638 0.7576826923076923 0.021903409090909196 0.04567307692307692
0 0.20893465909090914 0.7939326923076924 0.025198863636363648 0.03601923076923075
0 0.03390625000000003 0.26810576923076923 0.04693181818181813 0.035096153846153846
0 0.033487215909090984 0.28966346153846156 0.05927556818181821 0.07048076923076918
0 0.07225142045454547 0.30817307692307694 0.054076704545454456 0.055846153846153775
0 0.06677556818181818 0.2825961538461538 0.038039772727272686 0.06180769230769228
0 0.050326704545454626 0.38229807692307693 0.03167613636363646 0.05836538461538466
0 0.8310582386363636 0.12307692307692308 0.03992897727272729 0.03019230769230778
0 0.03359374999999998 0.34132692307692314 0.01909090909090917 0.03199999999999997
0 0.04409801136363645 0.3379326923076924 0.017684659090908994 0.04701923076923075
0 0.02796164772727261 0.30635576923076924 0.03126420454545469 0.045365384615384675
0 0.060262784090909016 0.36821153846153853 0.022372159090909092 0.0559999999999999
0 0.07083806818181815 0.3438461538461539 0.03869318181818183 0.059846153846153854
0 0.02233664772727273 0.36278846153846145 0.04467329545454552 0.08961538461538456
0 0.015617897727272734 0.3217692307692308 0.024815340909090947 0.05907692307692313
0 0.08429687500000005 0.179701923076923 0.023565340909090956 0.08525000000000008
0 0.027798295454545374 0.07773076923076927 0.03928977272727268 0.054076923076923085
0 0.03981534090909089 0.040124999999999966 0.07954545454545454 0.06782692307692305
0 0.8293465909090909 0.1391730769230769 0.0505965909090909 0.038538461538461466
0 0.010717329545454679 0.07174999999999998 0.02140625000000007 0.07019230769230769
0 0.05924715909090916 0.1648846153846154 0.040909090909091006 0.04238461538461531
0 0.06328124999999996 0.07096153846153841 0.03832386363636366 0.03711538461538464
0 0.07172585227272732 0.1325576923076922 0.036235795454545444 0.06623076923076923
0 0.0674573863636364 0.09434615384615386 0.05019886363636352 0.04230769230769231
0 0.16132102272727267 0.07186538461538461 0.022670454545454435 0.03284615384615393
0 0.42169034090909097 0.023894230769230806 0.020198863636363674 0.047788461538461585
0 0.18559659090909086 0.0582307692307692 0.04656249999999996 0.059961538461538476
0 0.14199573863636372 0.04307692307692301 0.04401988636363638 0.06888461538461538
0 0.14245738636363636 0.016817307692307715 0.058920454545454574 0.0336346153846154
0 0.8630113636363637 0.12026923076923068 0.024204545454545444 0.029999999999999933
0 0.1799289772727274 0.01009615384615381 0.030795454545454473 0.02015384615384619
0 0.21210227272727267 0.011615384615384583 0.03974431818181805 0.0232307692307692
0 0.2013210227272727 0.03429807692307696 0.0601420454545455 0.04274999999999993
0 0.4434517045454546 0.04352884615384611 0.039687499999999994 0.044249999999999984
0 0.4459588068181818 0.036884615384615405 0.03927556818181815 0.050730769230769225
0 0.4703977272727272 0.04255769230769235 0.025113636363636373 0.02961538461538457
0 0.46403409090909087 0.015125000000000055 0.03914772727272728 0.030134615384615416
0 0.44899857954545463 0.017721153846153914 0.03450284090909094 0.035442307692307704
0 0.4281605113636363 0.012442307692307697 0.01390625000000003 0.017961538461538522
0 0.4555255681818182 0.07651923076923084 0.027585227272727216 0.03776923076923074
0 0.8798863636363636 0.13678846153846158 0.021107954545454544 0.036846153846153785
0 0.48608664772727284 0.07631730769230771 0.02623579545454541 0.0527115384615384
0 0.4926420454545455 0.10208653846153848 0.03525568181818181 0.031557692307692356
0 0.40798295454545463 0.07659615384615392 0.02386363636363638 0.04269230769230767
0 0.3890980113636364 0.10243269230769225 0.04115056818181822 0.037250000000000005
0 0.3979829545454545 0.12693269230769233 0.03286931818181816 0.03459615384615387
0 0.4268181818181819 0.12228846153846162 0.029886363636363666 0.024076923076923152
0 0.4188920454545454 0.16921153846153847 0.016761363636363654 0.03180769230769224
0 0.377002840909091 0.09080769230769237 0.031079545454545447 0.047807692307692225
0 0.39643465909090914 0.06793269230769239 0.02579545454545458 0.037403846153846135
0 0.4514346590909091 0.0909326923076923 0.05088068181818189 0.03601923076923069
0 0.9884801136363637 0.09972115384615388 0.023039772727272725 0.034403846153846125
0 0.4151349431818182 0.09802884615384622 0.026519886363636305 0.028711538461538476
0 0.4234019886363636 0.07164423076923077 0.030752840909090876 0.04098076923076924
0 0.41508522727272734 0.14197115384615377 0.020795454545454607 0.030019230769230795
0 0.4311221590909091 0.14028846153846153 0.01803977272727271 0.031423076923076984
0 0.43167613636363633 0.17346153846153856 0.021875000000000047 0.043615384615384625
0 0.4451846590909091 0.15700000000000003 0.02465909090909085 0.030461538461538415
0 0.48292613636363635 0.14581730769230783 0.03289772727272731 0.047673076923076964
0 0.45120028409090907 0.14076923076923076 0.03705965909090905 0.038884615384615434
0 0.4567329545454546 0.17810576923076926 0.03392045454545454 0.04244230769230768
0 0.47490056818181825 0.22859615384615384 0.030113636363636346 0.08803846153846148
0 0.9802485795454545 0.13767307692307695 0.039502840909090904 0.05342307692307698
0 0.49095170454545456 0.18054807692307695 0.037045454545454604 0.06282692307692311
0 0.5192755681818182 0.18719230769230777 0.020624999999999973 0.033307692307692295
0 0.4531889204545455 0.22062500000000007 0.04032670454545453 0.06886538461538462
0 0.4051988636363636 0.18898076923076923 0.03880681818181817 0.04696153846153849
0 0.38982244318181813 0.14786538461538457 0.04268465909090902 0.06646153846153846
0 0.5 0.06690384615384604 0.03406250000000002 0.04869230769230768
0 0.5135937500000001 0.16364423076923085 0.022443181818181834 0.031096153846153878
0 0.5514914772727273 0.1365384615384615 0.03957386363636366 0.046538461538461626
0 0.5267897727272728 0.13524038461538457 0.01920454545454543 0.03463461538461537
0 0.5209801136363637 0.10387499999999994 0.04235795454545454 0.027980769230769253
0 0.9373153409090909 0.09907692307692306 0.027698863636363636 0.03515384615384621
0 0.525 0.07675961538461529 0.02536931818181812 0.045365384615384564
0 0.44478693181818185 0.109375 0.05065340909090905 0.027403846153846154
0 0.46601562499999993 0.12007692307692308 0.03975852272727274 0.028115384615384625
0 0.41503551136363637 0.047923076923076846 0.05933238636363634 0.05234615384615379
0 0.397109375 0.01224038461538468 0.04251420454545447 0.024480769230769264
0 0.3779616477272728 0.05478846153846151 0.0517471590909091 0.04173076923076921
0 0.35416903409090916 0.010663461538461427 0.057428977272727284 0.021326923076923028
0 0.3617542613636363 0.03415384615384609 0.05086647727272728 0.03857692307692308
0 0.5113352272727273 0.03381730769230762 0.07443181818181822 0.06744230769230779
0 0.5472585227272727 0.03363461538461543 0.022727272727272728 0.04269230769230767
0 0.4115056818181819 0.7163557692307692 0.020511363636363633 0.0336346153846154
0 0.9562428977272728 0.1226346153846154 0.03717329545454546 0.03915384615384618
0 0.5000639204545454 0.044173076923076926 0.04813920454545453 0.045230769230769304
0 0.5603053977272727 0.025153846153846193 0.025127840909090905 0.05030769230769236
0 0.5745383522727273 0.02662500000000001 0.02484375000000001 0.05325
0 0.6070241477272728 0.03422115384615376 0.05853693181818179 0.06844230769230765
0 0.5333735795454546 0.015211538461538443 0.03725852272727275 0.03042307692307691
0 0.49672585227272725 0.23851923076923076 0.026775568181818213 0.07399999999999993
0 0.5212997159090909 0.24258653846153844 0.034701704545454556 0.05782692307692306
0 0.5050355113636362 0.12914423076923076 0.039360795454545426 0.048903846153846166
0 0.5443039772727273 0.18880769230769234 0.0492329545454545 0.09423076923076923
0 0.5111363636363637 0.20560576923076912 0.021278409090909035 0.0169807692307692
0 0.9635724431818182 0.10476923076923084 0.031065340909090907 0.024576923076923135
0 0.42544744318181815 0.22112500000000002 0.0534801136363636 0.0627884615384615
0 0.5599928977272728 0.09260576923076913 0.04609374999999998 0.08744230769230764
0 0.5535085227272727 0.10979807692307697 0.04656250000000004 0.07271153846153847
0 0.6405255681818183 0.1151923076923076 0.03664772727272733 0.08049999999999992
0 0.6349928977272727 0.07042307692307692 0.034701704545454556 0.03700000000000002
0 0.6611008522727273 0.09053846153846157 0.018167613636363624 0.046000000000000034
0 0.6794247159090909 0.08745192307692307 0.02279829545454547 0.029403846153846194
0 0.6740269886363637 0.06472115384615384 0.025923295454545456 0.03590384615384618
0 0.7398579545454546 0.05165384615384616 0.021193181818181802 0.031923076923076964
0 0.6629758522727274 0.05215384615384622 0.03941761363636364 0.05307692307692312
0 0.8482457386363637 0.1683365384615385 0.03612215909090908 0.02428846153846153
0 0.5916406249999999 0.08750000000000002 0.030781250000000024 0.11280769230769225
0 0.6177414772727272 0.10063461538461549 0.04102272727272731 0.06953846153846159
0 0.6702698863636364 0.014634615384615413 0.04403409090909091 0.02923076923076921
0 0.6321732954545454 0.025798076923076896 0.03272727272727276 0.05159615384615381
0 0.6513778409090909 0.03366346153846156 0.03133522727272724 0.048288461538461454
0 0.25507102272727267 0.5598846153846153 0.016136363636363657 0.019076923076923054
0 0.7015838068181819 0.0896634615384615 0.025724431818181796 0.0300576923076923
0 0.6935369318181819 0.06269230769230771 0.025596590909090885 0.03192307692307686
0 0.6944673295454544 0.034105769230769245 0.026946022727272725 0.036634615384615404
0 0.6906747159090909 0.12415384615384617 0.07083806818181815 0.059846153846153854
0 0.9066335227272727 0.14282692307692302 0.03553977272727272 0.04492307692307695
0 0.7158948863636363 0.060826923076923056 0.02451704545454544 0.05484615384615381
0 0.7127769886363637 0.0169807692307693 0.05035511363636366 0.03396153846153851
0 0.7433877840909091 0.10669230769230775 0.0614914772727273 0.0619230769230769
0 0.7390767045454545 0.023557692307692335 0.055767045454545444 0.047115384615384615
0 0.7402272727272727 0.06683653846153847 0.034602272727272745 0.046596153846153884
0 0.7542471590909091 0.05736538461538454 0.021363636363636352 0.052884615384615384
0 0.7693465909090909 0.01737499999999992 0.03585227272727274 0.03474999999999999
0 0.7735085227272728 0.024615384615384484 0.02258522727272728 0.026461538461538554
0 0.7696661931818182 0.061701923076923015 0.028906250000000033 0.05555769230769228
0 0.7946519886363637 0.036346153846153806 0.02339488636363636 0.0726153846153846
0 0.9277201704545455 0.13710576923076911 0.026718750000000003 0.0509038461538461
0 0.81828125 0.008749999999999925 0.02488636363636363 0.017384615384615425
0 0.8054261363636364 0.04125000000000001 0.030426136363636367 0.06273076923076924
0 0.8482883522727273 0.01239423076923063 0.03538352272727274 0.024788461538461513
0 0.8286505681818181 0.03481730769230773 0.036051136363636355 0.052980769230769144
0 0.8393323863636364 0.04306730769230771 0.03548295454545453 0.054057692307692334
0 0.9363991477272727 0.9780480769230769 0.029133522727272723 0.04390384615384615
0 0.8726775568181818 0.03190384615384623 0.03694602272727274 0.05269230769230776
0 0.8829758522727273 0.015192307692307616 0.035298295454545464 0.030384615384615406
0 0.9021164772727273 0.01145192307692311 0.020965909090909098 0.0229038461538462
0 0.7876491477272727 0.7512403846153847 0.018480113636363624 0.03051923076923075
0 0.9481747159090909 0.14849038461538455 0.03177556818181818 0.029557692307692316
0 0.6761008522727272 0.9667596153846154 0.04322443181818183 0.06636538461538462
0 0.6969176136363636 0.9876346153846154 0.03590909090909091 0.02473076923076923
0 0.8663139204545455 0.6252884615384615 0.05180397727272727 0.0362692307692308
0 0.6754900568181819 0.8497692307692307 0.04177556818181818 0.0536923076923077
0 0.676590909090909 0.9243846153846154 0.03389204545454547 0.03588461538461538
0 0.679794034090909 0.9004038461538462 0.033565340909090906 0.028807692307692315
0 0.6928409090909091 0.8912596153846154 0.05667613636363637 0.05625
0 0.8266264204545455 0.9246442307692307 0.03066761363636362 0.029903846153846156
0 0.874140625 0.9425865384615385 0.02509943181818182 0.039865384615384615
0 0.8576136363636364 0.9255673076923077 0.02349431818181819 0.03221153846153846
0 0.8633948863636364 0.14012500000000006 0.023295454545454553 0.022096153846153863
0 0.92671875 0.9407884615384615 0.021335227272727277 0.03242307692307692
0 0.9332102272727273 0.9088461538461539 0.017357954545454555 0.02807692307692308
0 0.958544034090909 0.9115096153846154 0.022485795454545456 0.03074999999999999
0 0.9674928977272728 0.9025576923076923 0.02575284090909091 0.03523076923076923
0 0.9456534090909091 0.8990480769230769 0.020738636363636365 0.030326923076923085
0 0.9918607954545454 0.7514134615384616 0.016278409090909093 0.03971153846153847
0 0.8345383522727272 0.6871826923076922 0.019758522727272722 0.03294230769230768
0 0.8651136363636364 0.7016442307692308 0.02124999999999999 0.027249999999999976
0 0.9801704545454546 0.6379134615384616 0.039659090909090915 0.06963461538461535
0 0.9653551136363636 0.6519711538461539 0.024943181818181823 0.05159615384615381
0 0.8496590909090909 0.20160576923076923 0.048437499999999994 0.044211538461538476
0 0.9437144886363636 0.6646346153846154 0.02509943181818182 0.03384615384615384
0 0.9277059659090909 0.6737403846153847 0.021491477272727277 0.0330192307692308
0 0.9455255681818182 0.6999038461538462 0.02630681818181818 0.04326923076923077
0 0.8890553977272727 0.6146442307692308 0.045667613636363645 0.03667307692307691
0 0.9261505681818182 0.6233365384615385 0.030454545454545453 0.06671153846153846
0 0.9591690340909091 0.6163557692307693 0.036974431818181816 0.06974999999999996
0 0.93765625 0.624076923076923 0.01605113636363636 0.04561538461538461
0 0.6548295454545454 0.7887019230769231 0.02460227272727272 0.03805769230769229
0 0.6399076704545454 0.7905288461538461 0.04674715909090905 0.03994230769230769
0 0.6328977272727272 0.8239903846153847 0.05860795454545453 0.05840384615384613
0 0.8242613636363636 0.1641538461538462 0.04252840909090909 0.05392307692307696
0 0.7946590909090909 0.6683365384615385 0.03142045454545455 0.029326923076923077
0 0.8236505681818181 0.6445288461538461 0.04019886363636365 0.059557692307692305
0 0.8146875 0.6824134615384616 0.031079545454545467 0.03505769230769229
0 0.7746022727272728 0.6252211538461538 0.04994318181818181 0.058173076923076925
0 0.9475710227272728 0.9345192307692307 0.024119318181818176 0.04176923076923076
0 0.9432315340909091 0.9545192307692307 0.03024147727272727 0.03680769230769231
0 0.966377840909091 0.9406826923076923 0.02920454545454546 0.05467307692307693
0 0.9634517045454546 0.9773557692307693 0.038948863636363636 0.03528846153846153
0 0.9880326704545455 0.9458461538461538 0.023934659090909093 0.051000000000000004
0 0.7004900568181818 0.7154423076923077 0.02802556818181817 0.023615384615384618
0 0.8800142045454545 0.17882692307692305 0.03409090909090909 0.02242307692307686
0 0.6526562499999999 0.7588461538461538 0.040312500000000036 0.04034615384615382
0 0.6854048295454546 0.6938461538461539 0.0498153409090909 0.04411538461538461
0 0.6499715909090908 0.7461538461538462 0.0403409090909091 0.05334615384615386
0 0.6479829545454545 0.7120192307692308 0.04650568181818183 0.032692307692307694
0 0.6227769886363637 0.7536538461538461 0.02151988636363633 0.03453846153846155
0 0.6184090909090909 0.7278846153846155 0.033806818181818195 0.03523076923076922
0 0.9884943181818182 0.9097884615384615 0.023011363636363635 0.025692307692307705
0 0.9891477272727273 0.9326057692307692 0.021704545454545452 0.02436538461538462
0 0.9871590909090909 0.9789711538461539 0.024232954545454544 0.03413461538461538
0 0.9931392045454546 0.9942884615384615 0.013579545454545454 0.011384615384615384
0 0.41563920454545455 0.7871634615384615 0.03980113636363634 0.02448076923076924
0 0.8671732954545455 0.15542307692307689 0.02857954545454544 0.027615384615384642
0 0.9669602272727272 0.9936442307692308 0.0375 0.012711538461538462
0 0.07426846590909097 0.007903846153846206 0.02637784090909098 0.01580769230769236
0 0.2499147727272728 0.988 0.02937499999999993 0.024
0 0.23155539772727285 0.9771923076923077 0.04950284090909094 0.04561538461538461
0 0.2141761363636363 0.5156826923076923 0.023977272727272722 0.04844230769230769
0 0.23072443181818192 0.5274423076923076 0.025000000000000033 0.03396153846153845
0 0.22339488636363636 0.5582692307692307 0.02204545454545452 0.03669230769230772
0 0.24181818181818182 0.5573076923076923 0.024857954545454544 0.028153846153846182
0 0.23620738636363636 0.5411730769230769 0.02306818181818183 0.02592307692307696
0 0.22247159090909097 0.5009134615384616 0.02093750000000001 0.03644230769230767
0 0.9392542613636363 0.18194230769230768 0.02473011363636363 0.04053846153846151
0 0.19727272727272727 0.5324615384615384 0.022982954545454636 0.04903846153846154
0 0.6008806818181818 0.7382788461538461 0.026079545454545473 0.035096153846153846
0 0.1801562499999999 0.5452980769230769 0.019602272727272826 0.06598076923076923
0 0.20994318181818172 0.5980384615384615 0.027954545454545385 0.021692307692307695
0 0.24073863636363635 0.5923076923076923 0.04372159090909087 0.027076923076923047
0 0.21335937500000002 0.5760480769230769 0.03796875000000002 0.027903846153846192
0 0.18599431818181822 0.4337692307692308 0.019772727272727216 0.023153846153846084
0 0.16331676136363638 0.42874999999999996 0.030269886363636287 0.022384615384615357
0 0.17052556818181808 0.44899038461538465 0.029943181818181876 0.026480769230769304
0 0.18178267045454544 0.4084134615384616 0.025553977272727287 0.030865384615384527
0 0.9144744318181819 0.17094230769230767 0.02755681818181818 0.03276923076923081
0 0.17500000000000004 0.4778557692307692 0.01911931818181807 0.0318269230769231
0 0.6477769886363637 0.6840480769230769 0.03177556818181815 0.035250000000000024
0 0.6687215909090909 0.6630192307692307 0.04778409090909089 0.04780769230769228
0 0.7015482954545454 0.6523846153846153 0.02980113636363635 0.05342307692307693
0 0.723934659090909 0.6878653846153846 0.041107954545454545 0.029653846153846183
0 0.7270880681818181 0.6560865384615385 0.03463068181818181 0.03963461538461536
0 0.6153338068181817 0.7961442307692308 0.037173295454545396 0.054096153846153835
0 0.6000426136363637 0.7942692307692307 0.0382954545454546 0.08323076923076923
0 0.5876633522727273 0.7803557692307692 0.02771306818181825 0.06374999999999999
0 0.5740340909090909 0.7338846153846155 0.04278409090909092 0.07276923076923081
0 0.89078125 0.16910576923076925 0.03446022727272726 0.03490384615384611
0 0.6184232954545454 0.6905 0.037329545454545414 0.0488461538461538
0 0.5917755681818182 0.6673846153846155 0.03784090909090907 0.06496153846153846
0 0.5830042613636364 0.686125 0.03947443181818177 0.07255769230769234
0 0.7376420454545455 0.6265673076923077 0.026022727272727305 0.03428846153846151
0 0.7461292613636363 0.6537115384615384 0.025582386363636352 0.04415384615384617
0 0.7880113636363636 0.6469711538461539 0.060284090909090905 0.051211538461538454
0 0.7099786931818182 0.6175288461538462 0.036633522727272716 0.057096153846153845
0 0.6665340909090909 0.6263557692307692 0.048835227272727266 0.08194230769230766
0 0.6294460227272727 0.6398557692307691 0.06227272727272732 0.07486538461538463
0 0.6744318181818182 0.6024807692307692 0.036022727272727255 0.05761538461538463
0 0.9877485795454546 0.15595192307692318 0.024502840909090908 0.06740384615384618
0 0.7133664772727273 0.5865865384615384 0.043607954545454526 0.04955769230769233
0 0.6835724431818182 0.5715192307692307 0.0573153409090909 0.04330769230769227
0 0.6929971590909091 0.5385 0.022926136363636343 0.033769230769230774
0 0.7063849431818182 0.5536730769230769 0.03313920454545456 0.034499999999999996
0 0.7557102272727272 0.5758557692307692 0.043749999999999976 0.03128846153846156
0 0.7570738636363636 0.5996730769230769 0.05999999999999997 0.0375
0 0.7057102272727273 0.500375 0.02295454545454545 0.02198076923076919
0 0.7145383522727273 0.44983653846153837 0.03367897727272724 0.03994230769230777
0 0.7088139204545454 0.5234423076923077 0.03509943181818183 0.02892307692307696
0 0.7534943181818182 0.5171923076923077 0.030909090909090896 0.031346153846153815
0 0.9633806818181818 0.16849999999999998 0.03352272727272727 0.03753846153846151
0 0.8001917613636363 0.5616634615384615 0.04617897727272726 0.04471153846153846
0 0.7732670454545454 0.5474230769230769 0.04292613636363636 0.03169230769230773
0 0.7919815340909091 0.5841826923076923 0.03927556818181819 0.04582692307692304
0 0.7844034090909091 0.5089134615384615 0.018607954545454577 0.03201923076923078
0 0.7863565340909091 0.5250961538461538 0.023792613636363636 0.028423076923076926
0 0.8029545454545455 0.5100961538461539 0.02482954545454548 0.02799999999999995
0 0.5812571022727273 0.5368653846153846 0.04774147727272729 0.03284615384615387
0 0.8150213068181819 0.5438846153846153 0.040525568181818204 0.056653846153846166
0 0.7668394886363636 0.44025000000000003 0.017286931818181802 0.024461538461538514
0 0.7857244318181819 0.4597307692307693 0.025653409090909095 0.03584615384615382
0 0.8525 0.18887500000000002 0.02428977272727272 0.028249999999999997
0 0.5239133522727273 0.825548076923077 0.0321732954545455 0.04751923076923076
0 0.5382883522727273 0.8425384615384616 0.0214630681818182 0.05965384615384615
0 0.5057457386363637 0.8948942307692308 0.05223011363636361 0.04171153846153846
0 0.5826491477272727 0.9549519230769231 0.05470170454545453 0.04951923076923076
0 0.5850355113636363 0.9008269230769231 0.031065340909090914 0.0721153846153846
0 0.5547230113636363 0.983625 0.04336647727272731 0.03275
0 0.533075284090909 0.9782115384615384 0.03705965909090905 0.04353846153846153
0 0.5069389204545454 0.9792019230769231 0.027826704545454592 0.041596153846153845
0 0.48086647727272724 0.9835480769230769 0.031761363636363574 0.03290384615384615
0 0.14907670454545463 0.7416057692307692 0.04167613636363641 0.04171153846153849
0 0.9640056818181818 0.19044230769230763 0.036619318181818176 0.026000000000000075
0 0.5910866477272727 0.5068461538461538 0.02080965909090906 0.037115384615384585
0 0.6043750000000001 0.5215576923076923 0.02312500000000004 0.0425769230769231
0 0.6177769886363635 0.5080288461538462 0.03555397727272731 0.04324999999999996
0 0.603615056818182 0.4866250000000001 0.02529829545454546 0.022326923076923102
0 0.6278835227272728 0.47158653846153853 0.03465909090909092 0.037288461538461624
0 0.6218039772727273 0.44954807692307686 0.04718750000000004 0.05790384615384618
0 0.5867755681818183 0.47516346153846156 0.025056818181818243 0.045557692307692306
0 0.5963707386363637 0.43754807692307685 0.03248579545454538 0.041826923076923074
0 0.5696164772727272 0.4673846153846153 0.033295454545454545 0.07853846153846149
0 0.5756747159090909 0.509375 0.04853693181818184 0.07413461538461535
0 0.893046875 0.20447115384615389 0.03958806818181819 0.03932692307692306
0 0.5443607954545455 0.5510961538461538 0.026193181818181813 0.047692307692307714
0 0.5172372159090909 0.49929807692307693 0.022400568181818157 0.04032692307692313
0 0.5199147727272727 0.5464615384615384 0.027272727272727258 0.06242307692307689
0 0.4894389204545454 0.5391538461538462 0.04541193181818186 0.049384615384615346
0 0.48735085227272734 0.5660673076923077 0.03785511363636369 0.03463461538461542
0 0.511846590909091 0.5791153846153846 0.03465909090909096 0.030615384615384593
0 0.4856605113636363 0.6000576923076923 0.040866477272727325 0.041923076923076945
0 0.5007741477272727 0.6145 0.05024147727272728 0.054692307692307686
0 0.5359730113636365 0.6280865384615384 0.03717329545454548 0.04794230769230771
0 0.5481107954545454 0.5929711538461538 0.03838068181818179 0.046557692307692265
0 0.9160511363636363 0.21025000000000005 0.0369034090909091 0.05973076923076923
0 0.5465127840909091 0.6129807692307692 0.04370738636363634 0.04907692307692304
0 0.5718892045454546 0.5745480769230769 0.041448863636363645 0.05586538461538458
0 0.5506463068181817 0.4990096153846154 0.020468750000000036 0.07567307692307691
0 0.5372443181818183 0.5061730769230769 0.02139204545454546 0.053192307692307685
0 0.4984517045454545 0.5179615384615385 0.03928977272727276 0.05253846153846153
0 0.22494318181818163 0.7312307692307692 0.02113636363636363 0.03953846153846154
0 0.26454545454545453 0.7872596153846154 0.057613636363636284 0.06271153846153849
0 0.22955965909090914 0.7925480769230769 0.02198863636363639 0.03167307692307692
0 0.23183238636363646 0.7621442307692308 0.020397727272727293 0.04125000000000001
0 0.2621022727272727 0.7674807692307692 0.04465909090909099 0.02534615384615386
0 0.41250710227272724 0.7646634615384615 0.024161931818181884 0.028019230769230755
0 0.9211079545454546 0.26403846153846144 0.018636363636363642 0.050153846153846125
0 0.25415482954545443 0.7198173076923078 0.06333806818181822 0.07817307692307693
0 0.2820667613636364 0.7448365384615385 0.023735795454545426 0.030096153846153828
0 0.24346590909090926 0.8224711538461539 0.053380681818181876 0.03232692307692308
0 0.20351562499999998 0.9143365384615385 0.03870738636363636 0.043826923076923076
0 0.22526278409090916 0.8970769230769231 0.017088068181818142 0.04223076923076923
0 0.21779829545454532 0.9304038461538462 0.041079545454545396 0.03057692307692308
0 0.2396093749999999 0.9229038461538461 0.022684659090908967 0.045461538461538456
0 0.21483664772727273 0.9563557692307693 0.06688920454545443 0.04128846153846154
0 0.24114346590909108 0.8742788461538462 0.023252840909090914 0.06363461538461539
0 0.2572301136363637 0.9001826923076923 0.02551136363636369 0.08225000000000002
0 0.904737215909091 0.25920192307692314 0.029076704545454544 0.07163461538461538
0 0.26746448863636363 0.8556057692307693 0.02995738636363633 0.10717307692307693
0 0.10080965909090911 0.7526826923076922 0.023096590909090896 0.03801923076923079
0 0.12104403409090914 0.7500673076923077 0.02407670454545461 0.09101923076923077
0 0.19504971590909104 0.7281826923076924 0.06115056818181828 0.07125000000000002
0 0.09681107954545454 0.7276442307692308 0.03660511363636361 0.05840384615384616
0 0.03175426136363635 0.7559134615384615 0.051974431818181864 0.0672884615384615
0 0.07250710227272716 0.7336057692307693 0.03447443181818179 0.06401923076923076
0 0.2757173295454546 0.972701923076923 0.04191761363636362 0.05459615384615385
0 0.3177130681818181 0.990423076923077 0.04414772727272725 0.019076923076923078
0 0.3179900568181818 0.978173076923077 0.023508522727272742 0.021538461538461538
0 0.9023721590909091 0.21940384615384623 0.02755681818181819 0.028461538461538483
0 0.34000710227272724 0.9368269230769231 0.02461647727272725 0.028076923076923072
0 0.33961647727272737 0.9492211538461538 0.02386363636363638 0.03759615384615385
0 0.3297159090909091 0.9605 0.032670454545454544 0.0335
0 0.3399502840909091 0.9844038461538461 0.0238210227272727 0.03119230769230769
0 0.36220170454545453 0.9843076923076923 0.02198863636363639 0.031269230769230764
0 0.3772940340909091 0.98275 0.0218892045454545 0.0345
0 0.3969176136363637 0.9822115384615384 0.03022727272727269 0.03538461538461538
0 0.3799360795454546 0.9535576923076923 0.018053977272727242 0.02988461538461539
0 0.35850852272727274 0.9282884615384616 0.029687499999999967 0.031769230769230765
0 0.35856534090909087 0.9623653846153846 0.02542613636363633 0.03738461538461538
0 0.8208238636363636 0.20038461538461538 0.04073863636363635 0.0625384615384615
0 0.31090198863636365 0.8923942307692307 0.050866477272727195 0.06321153846153846
0 0.3390696022727272 0.9025096153846154 0.021860795454545435 0.04548076923076924
0 0.3796164772727273 0.9201538461538461 0.020340909090909163 0.03807692307692308
0 0.3962713068181819 0.9275 0.018934659090909068 0.030076923076923084
0 0.4180113636363636 0.9329615384615385 0.03130681818181821 0.03015384615384616
0 0.03806107954545468 0.18763461538461534 0.05072443181818171 0.02373076923076929
0 0.07894886363636355 0.21190384615384616 0.0340340909090908 0.06692307692307684
0 0.008813920454545321 0.20537500000000009 0.01754261363636367 0.03940384615384617
0 0.1524502840909091 0.2770865384615385 0.02220170454545454 0.052211538461538524
0 0.1727982954545454 0.2689615384615385 0.040909090909090846 0.04684615384615387
0 0.8372088068181818 0.20342307692307682 0.05311079545454547 0.05030769230769236
0 0.409296875 0.9069807692307692 0.020241477272727272 0.026576923076923078
0 0.3929829545454545 0.8963269230769231 0.029573863636363627 0.03484615384615384
0 0.42600852272727263 0.9106826923076923 0.017698863636363606 0.03444230769230769
0 0.40368607954545455 0.9604230769230769 0.03299715909090912 0.04384615384615385
0 0.421924715909091 0.9571634615384615 0.01723011363636363 0.029865384615384613
0 0.42838778409090916 0.9832980769230769 0.03387784090909086 0.03340384615384616
0 0.17916903409090912 0.23825961538461538 0.038139204545454414 0.05598076923076926
0 0.027975852272727142 0.16785576923076917 0.017088068181818305 0.022326923076922994
0 0.1608877840909091 0.17821153846153837 0.034019886363636426 0.03519230769230772
0 0.16106534090909086 0.19253846153846155 0.02659090909090913 0.021307692307692385
0 0.8118110795454545 0.2103076923076923 0.03589488636363638 0.06088461538461543
0 0.15222301136363636 0.20409615384615387 0.021548295454545396 0.03807692307692299
0 0.11917613636363644 0.16481730769230762 0.05522727272727272 0.05236538461538465
0 0.13411221590909084 0.18806730769230773 0.049133522727272776 0.06709615384615382
0 0.17627840909090897 0.20200961538461526 0.03218749999999995 0.055134615384615414
0 0.30191051136363634 0.9247692307692308 0.040525568181818225 0.05326923076923077
0 0.15161931818181817 0.23865384615384622 0.03394886363636376 0.04211538461538468
0 0.10872159090909084 0.26775961538461546 0.015170454545454475 0.05098076923076921
0 0.12469460227272744 0.23350000000000004 0.030042613636363603 0.03169230769230773
0 0.10124999999999995 0.19089423076923073 0.018522727272727222 0.0324807692307692
0 0.11515625000000007 0.21155769230769228 0.04261363636363636 0.03592307692307694
0 0.9785014204545455 0.4483076923076923 0.04299715909090909 0.08434615384615388
0 0.010497159090909092 0.17217307692307682 0.020909090909090947 0.05684615384615385
0 0.09940340909090917 0.23823076923076925 0.02306818181818183 0.04061538461538462
0 0.298252840909091 0.9357211538461538 0.0439772727272727 0.05875000000000001
0 0.20751420454545444 0.5490673076923076 0.021420454545454604 0.03028846153846154
0 0.1964914772727273 0.5591153846153847 0.015284090909090896 0.024192307692307718
0 0.9806605113636364 0.3961538461538462 0.038678977272727275 0.07099999999999992
0 0.8720738636363636 0.19789423076923074 0.021534090909090906 0.03521153846153847
0 0.9547514204545454 0.3177596153846154 0.039843750000000004 0.036173076923076926
0 0.4326988636363637 0.7683653846153846 0.01909090909090909 0.04580769230769232
0 0.9684375 0.24478846153846157 0.030795454545454546 0.04473076923076921
0 0.9352698863636364 0.21003846153846162 0.022045454545454538 0.029076923076922976
0 0.9295454545454546 0.22906730769230776 0.018380681818181813 0.03759615384615387
0 0.94515625 0.2242980769230769 0.01889204545454545 0.044249999999999984
0 0.49348721590909084 0.7640769230769231 0.040923295454545455 0.035115384615384625
0 0.9652414772727272 0.3502019230769231 0.038465909090909085 0.06225000000000001
0 0.9914985795454545 0.3558557692307692 0.016832386363636362 0.03994230769230766
0 0.981328125 0.31143269230769244 0.01737215909090909 0.030173076923076917
0 0.993487215909091 0.2981442307692307 0.01291193181818182 0.026557692307692313
0 0.9935298295454545 0.3244038461538461 0.012940340909090908 0.02876923076923084
0 0.5022301136363636 0.7382307692307692 0.03017045454545456 0.05165384615384618
0 0.9861789772727273 0.33217307692307696 0.021761363636363638 0.04353846153846151
0 0.9499005681818182 0.2897307692307691 0.030113636363636356 0.035653846153846196
0 0.9768963068181818 0.28739423076923076 0.026178977272727274 0.04040384615384614
0 0.9874289772727273 0.2713365384615385 0.025142045454545455 0.05040384615384611
0 0.9794815340909091 0.21404807692307692 0.04103693181818182 0.049442307692307765
0 0.9743892045454545 0.20824999999999994 0.04602272727272727 0.045230769230769304
0 0.9558522727272727 0.2616442307692308 0.033835227272727274 0.030326923076923043
0 0.9496448863636363 0.2568750000000001 0.021477272727272723 0.039788461538461536
0 0.9354119318181818 0.263173076923077 0.018636363636363642 0.043076923076923145
0 0.8912855113636364 0.2774134615384616 0.030696022727272728 0.06405769230769232
