0 0.36333096590909086 0.1358076923076923 0.04998579545454545 0.08061538461538453
0 0.8570383522727273 0.9039903846153846 0.06947443181818182 0.11271153846153846
0 0.1711008522727272 0.8918365384615384 0.05981534090909093 0.08701923076923078
0 0.09473011363636374 0.8625384615384615 0.030539772727272728 0.049115384615384616
0 0.11987215909090909 0.8569423076923077 0.02863636363636375 0.05857692307692309
0 0.12851562500000002 0.886423076923077 0.029758522727272793 0.016846153846153844
0 0.13608664772727286 0.81975 0.020014204545454592 0.03149999999999999
0 0.1536789772727274 0.8442884615384616 0.07142045454545466 0.07911538461538463
0 0.063359375 0.8912403846153846 0.028877840909090804 0.07578846153846154
0 0.08045454545454545 0.8614903846153846 0.022812499999999923 0.034057692307692296
0 0.9640767045454546 0.017721153846153914 0.0718465909090909 0.035442307692307704
0 0.8859303977272728 0.3938846153846154 0.051122159090909086 0.09803846153846157
0 0.7956960227272727 0.922451923076923 0.06463068181818184 0.10886538461538461
0 0.8748579545454546 0.4555865384615384 0.049403409090909095 0.05075000000000008
0 0.1965127840909091 0.4962884615384615 0.05606534090909095 0.10392307692307691
0 0.14994318181818178 0.490451923076923 0.05434659090909106 0.11325000000000003
0 0.21807528409090926 0.5628461538461539 0.04916193181818184 0.08523076923076922
0 0.17538352272727276 0.669673076923077 0.09315340909090915 0.06538461538461539
0 0.14499289772727275 0.5678461538461539 0.05455965909090905 0.0649230769230769
0 0.22086647727272724 0.6169807692307692 0.06232954545454545 0.06169230769230771
0 0.18244318181818187 0.5632019230769231 0.030056818181818136 0.07340384615384613
0 0.3022443181818182 0.8304134615384615 0.06622159090909084 0.044826923076923084
0 0.2597230113636364 0.8330961538461539 0.017059659090909077 0.030538461538461556
0 0.7614488636363637 0.9183749999999999 0.026846590909090876 0.03125
0 0.2643963068181818 0.8792692307692308 0.02311079545454543 0.0633076923076923
0 0.2788210227272727 0.8530769230769231 0.026846590909090876 0.035461538461538454
0 0.2936363636363636 0.8953653846153846 0.05840909090909092 0.049153846153846145
0 0.30487215909090903 0.8680865384615385 0.0527556818181818 0.03924999999999999
0 0.32010653409090917 0.21436538461538468 0.03490056818181817 0.07542307692307687
0 0.2902414772727273 0.12532692307692295 0.09059659090909088 0.10630769230769237
0 0.4389204545454546 0.3112403846153846 0.05982954545454546 0.08286538461538456
0 0.41278409090909096 0.3252019230769231 0.024062499999999997 0.05678846153846159
0 0.30102982954545454 0.23442307692307685 0.027514204545454553 0.059576923076923
0 0.3918110795454546 0.3359134615384616 0.034389204545454514 0.037250000000000005
0 0.7501704545454546 0.9521634615384615 0.0397159090909091 0.05959615384615383
0 0.5946875 0.8424230769230769 0.03713068181818188 0.06330769230769231
0 0.4392613636363637 0.2805096153846154 0.05502840909090911 0.03817307692307697
0 0.4096590909090909 0.2623557692307692 0.0907102272727272 0.037250000000000005
0 0.5706178977272728 0.8424134615384615 0.042627840909090976 0.05959615384615383
0 0.5417329545454546 0.8642980769230769 0.03576704545454546 0.04190384615384614
0 0.3960369318181818 0.29619230769230764 0.03142045454545455 0.0434615384615384
0 0.5664914772727272 0.9015384615384615 0.07014204545454544 0.0716923076923077
0 0.3636079545454546 0.2912211538461539 0.039886363636363616 0.046557692307692376
0 0.33998579545454544 0.015528846153846088 0.05059659090909092 0.031057692307692265
0 0.20777698863636374 0.25810576923076933 0.05802556818181821 0.06732692307692317
0 0.7622514204545454 0.8907596153846153 0.05313920454545458 0.06759615384615385
0 0.2070099431818182 0.18161538461538462 0.04697443181818173 0.08861538461538469
0 0.8990482954545455 0.5601730769230769 0.051136363636363626 0.05811538461538461
0 0.8509375 0.5479038461538461 0.05815340909090909 0.05207692307692305
0 0.6324147727272728 0.0900288461538461 0.05318181818181818 0.048250000000000064
0 0.6374005681818182 0.15224038461538458 0.0471875 0.056326923076923115
0 0.6128764204545454 0.13709615384615392 0.05029829545454545 0.11180769230769227
0 0.6304758522727273 0.12674038461538462 0.04782670454545457 0.0377500000000001
0 0.36816051136363637 0.32617307692307695 0.042769886363636385 0.03346153846153842
0 0.44322443181818183 0.7985673076923077 0.027386363636363677 0.06509615384615386
0 0.40610795454545456 0.7610865384615384 0.05659090909090905 0.06755769230769233
0 0.7343394886363637 0.807548076923077 0.06495738636363635 0.12209615384615384
0 0.4097727272727273 0.7228557692307692 0.027528409090909086 0.04021153846153846
0 0.3873153409090908 0.7002980769230769 0.04056818181818182 0.05786538461538457
0 0.1970738636363637 0.5996923076923077 0.02306818181818183 0.04384615384615387
0 0.17704545454545473 0.6166730769230769 0.03178977272727272 0.0401923076923077
0 0.15514204545454546 0.5846057692307692 0.029943181818181876 0.035442307692307704
0 0.13002130681818191 0.6269423076923077 0.04169034090909094 0.07815384615384618
0 0.16063210227272728 0.6204807692307692 0.03626420454545451 0.03188461538461535
0 0.4626775568181819 0.6292211538461538 0.05464488636363632 0.06740384615384618
0 0.4175426136363636 0.6387019230769231 0.04210227272727271 0.07236538461538461
0 0.22914772727272736 0.14475961538461535 0.02911931818181818 0.06305769230769234
0 0.7147443181818183 0.824625 0.04295454545454547 0.12863461538461538
0 0.7332670454545455 0.8860384615384616 0.022017045454545456 0.02907692307692306
0 0.7397017045454546 0.9078365384615384 0.04133522727272731 0.033442307692307695
0 0.6889772727272727 0.8831249999999999 0.07730113636363635 0.05667307692307694
0 0.3968039772727273 0.1349230769230768 0.0360795454545455 0.06473076923076927
0 0.6975639204545454 0.9478076923076924 0.06870738636363637 0.07269230769230768
0 0.6752911931818182 0.9176538461538462 0.06603693181818183 0.0763076923076923
0 0.5448508522727273 0.9695480769230769 0.054218750000000024 0.060903846153846156
0 0.5231036931818182 0.9645192307692307 0.05046874999999996 0.06976923076923078
0 0.8293536931818182 0.7679326923076923 0.05421875 0.10682692307692304
0 0.8701491477272727 0.7319615384615386 0.059588068181818186 0.09303846153846153
0 0.8320383522727273 0.7206923076923077 0.024161931818181825 0.04869230769230768
0 0.8535085227272727 0.7228846153846153 0.03380681818181818 0.05450000000000001
0 0.832840909090909 0.7544903846153846 0.02792613636363638 0.04359615384615385
0 0.8610227272727273 0.7668461538461538 0.038125000000000006 0.05523076923076923
0 0.3854971590909091 0.15875961538461536 0.05781249999999998 0.05824999999999993
0 0.8049289772727273 0.6483846153846154 0.03650568181818182 0.05523076923076923
0 0.8153977272727273 0.6338557692307693 0.045625000000000006 0.053788461538461535
0 0.7829190340909091 0.643298076923077 0.038650568181818196 0.06686538461538463
0 0.7576846590909091 0.6458461538461538 0.020397727272727293 0.050153846153846125
0 0.7390340909090909 0.6191634615384616 0.04999999999999998 0.03824999999999997
0 0.7254474431818182 0.636076923076923 0.04998579545454545 0.06915384615384616
0 0.8010724431818181 0.6061634615384615 0.07336647727272728 0.049057692307692344
0 0.7997159090909091 0.5515961538461538 0.043465909090909104 0.06007692307692304
0 0.7408451704545455 0.5736730769230769 0.05615056818181818 0.06742307692307693
0 0.7651633522727272 0.5642211538461538 0.03234375000000001 0.04901923076923073
0 0.9012073863636364 0.9883076923076923 0.03917613636363637 0.023384615384615386
0 0.7674715909090909 0.5193846153846153 0.04775568181818182 0.04900000000000004
0 0.7967400568181818 0.48289423076923077 0.05853693181818181 0.05524999999999998
0 0.9907883522727273 0.5391923076923077 0.018423295454545456 0.07819230769230769
0 0.7395809659090908 0.3939711538461539 0.044559659090909094 0.052865384615384634
0 0.7609161931818182 0.4289519230769231 0.03788352272727275 0.04744230769230762
0 0.7388991477272727 0.4308846153846154 0.04782670454545457 0.06538461538461539
0 0.7270667613636363 0.4411442307692307 0.03362215909090907 0.043596153846153875
0 0.4553124999999999 0.0826730769230769 0.05542613636363642 0.05723076923076921
0 0.4537713068181819 0.0495096153846154 0.06845170454545454 0.03998076923076916
0 0.45242897727272724 0.025432692307692295 0.04832386363636361 0.04632692307692314
0 0.9379829545454546 0.9918173076923077 0.026392045454545463 0.016365384615384615
0 0.7678480113636363 0.1126538461538461 0.056377840909090905 0.11176923076923077
0 0.7163849431818181 0.12355769230769231 0.05862215909090911 0.10811538461538467
0 0.6628196022727273 0.18625000000000003 0.0691335227272727 0.06450000000000004
0 0.7020738636363637 0.20577884615384612 0.05502840909090911 0.07086538461538466
0 0.6916832386363636 0.24485576923076935 0.0436221590909091 0.034519230769230747
0 0.6172798295454545 0.24985576923076924 0.040752840909090864 0.06632692307692309
0 0.5782599431818183 0.2592692307692308 0.04765625000000002 0.06746153846153854
0 0.6709090909090909 0.2585288461538462 0.09130681818181818 0.11201923076923077
0 0.6709161931818182 0.2906057692307692 0.06734375 0.11898076923076924
0 0.6262073863636364 0.3072115384615385 0.04071022727272731 0.062576923076923
0 0.986981534090909 0.9054230769230769 0.026036931818181817 0.0969230769230769
0 0.603643465909091 0.2891634615384615 0.0322585227272727 0.03817307692307697
0 0.5782102272727272 0.33116346153846166 0.0703125 0.07728846153846153
0 0.6587713068181817 0.5951923076923077 0.03475852272727273 0.07788461538461539
0 0.6309446022727272 0.5893846153846154 0.029730113636363607 0.0886923076923077
0 0.6497514204545454 0.5746057692307693 0.03700284090909092 0.07063461538461537
0 0.5332670454545454 0.6086826923076922 0.02852272727272725 0.05174999999999999
0 0.548125 0.6127980769230769 0.02548295454545454 0.05667307692307692
0 0.5012926136363636 0.49575961538461544 0.06284090909090902 0.07063461538461537
0 0.5102130681818182 0.5125865384615385 0.045511363636363586 0.061596153846153905
0 0.285440340909091 0.6415288461538462 0.024261363636363612 0.0336730769230769
0 0.9843323863636364 0.8203557692307692 0.03133522727272727 0.08901923076923078
0 0.3054190340909091 0.657201923076923 0.02643465909090911 0.03521153846153847
0 0.19620028409090906 0.3966442307692307 0.038139204545454414 0.05044230769230773
0 0.20178267045454557 0.34142307692307694 0.053678977272727385 0.05838461538461541
0 0.17068181818181816 0.3557211538461539 0.035482954545454574 0.07982692307692306
0 0.11642045454545458 0.216923076923077 0.03960227272727272 0.10246153846153841
0 0.07418323863636367 0.19369230769230772 0.05367897727272722 0.0679230769230769
0 0.04807528409090911 0.23632692307692305 0.05342329545454547 0.07657692307692307
0 0.07374289772727272 0.26965384615384624 0.03561079545454553 0.09503846153846157
0 0.10830965909090906 0.2533461538461539 0.04400568181818185 0.05957692307692311
0 0.10180397727272739 0.30147115384615386 0.05312499999999997 0.08813461538461535
0 0.8991903409090909 0.9011153846153847 0.04772727272727272 0.0725
0 0.3892755681818181 0.5218942307692307 0.05477272727272728 0.0976730769230769
0 0.4044886363636363 0.6007499999999999 0.04173295454545454 0.060038461538461534
0 0.38014204545454544 0.6384134615384616 0.034772727272727295 0.10240384615384615
0 0.5014204545454546 0.8024230769230769 0.04781249999999995 0.05884615384615386
0 0.5161931818181817 0.740625 0.047812500000000036 0.08355769230769229
0 0.46186789772727266 0.8135961538461538 0.04521306818181816 0.062384615384615406
0 0.4597159090909091 0.984951923076923 0.04568181818181822 0.030096153846153845
0 0.44662642045454537 0.9542980769230769 0.03436079545454545 0.046519230769230764
0 0.46921164772727275 0.9637692307692308 0.037542613636363645 0.04996153846153845
0 0.00982244318181813 0.7621826923076923 0.019644886363636423 0.055134615384615386
0 0.9341974431818182 0.8982403846153846 0.04879261363636364 0.0739423076923077
0 0.01682528409090911 0.7875865384615385 0.03365056818181826 0.10940384615384616
0 0.08741477272727272 0.9120769230769231 0.045170454545454646 0.05515384615384616
0 0.09345880681818197 0.8298076923076922 0.06617897727272731 0.04738461538461536
0 0.040326704545454506 0.7987980769230769 0.05789772727272726 0.1111346153846154
0 0.006960227272727271 0.8547884615384616 0.01392045454545448 0.04392307692307693
0 0.016505681818181794 0.8806346153846154 0.03301136363636365 0.055999999999999994
0 0.027919034090909012 0.9004519230769231 0.04328125000000004 0.05255769230769232
0 0.046690340909090966 0.8629711538461539 0.03880681818181809 0.05686538461538463
0 0.17427556818181822 0.9353365384615384 0.055994318181818124 0.055134615384615386
0 0.1271874999999999 0.9116538461538461 0.04326704545454551 0.056
