0 0.08053267045454537 0.7419038461538461 0.03779829545454547 0.04907692307692307
0 0.9000284090909091 0.8520673076923077 0.043323863636363626 0.04132692307692307
0 0.05176846590909079 0.10699999999999998 0.028877840909090968 0.061038461538461555
0 0.07233664772727266 0.1218173076923077 0.038508522727272745 0.07878846153846149
0 0.08043323863636365 0.07174999999999998 0.03632102272727264 0.07346153846153855
0 0.004879261363636256 0.15083653846153844 0.009758522727272734 0.061019230769230805
0 0.35925426136363636 0.3641923076923077 0.07694602272727274 0.040961538461538376
0 0.29441761363636365 0.3361057692307692 0.04323863636363636 0.05617307692307688
0 0.26005681818181825 0.31737499999999996 0.06786931818181814 0.07725000000000003
0 0.17686789772727274 0.30321153846153837 0.04825284090909095 0.05492307692307693
0 0.04150568181818182 0.37432692307692306 0.025198863636363648 0.03296153846153854
0 0.02790482954545448 0.3540865384615385 0.05580965909090904 0.030634615384615288
0 0.8906747159090909 0.8114038461538462 0.037428977272727273 0.06134615384615383
0 0.09786221590909083 0.3621826923076924 0.03544034090909098 0.04682692307692301
0 0.1544460227272727 0.4055384615384615 0.042698863636363556 0.05030769230769225
0 0.1493181818181818 0.37923076923076937 0.042698863636363556 0.0393076923076923
0 0.22994318181818185 0.4738557692307692 0.03880681818181809 0.07936538461538463
0 0.1993678977272727 0.5366826923076923 0.04259943181818183 0.03598076923076925
0 0.16666903409090916 0.49441346153846155 0.026150568181818136 0.03255769230769232
0 0.1299786931818182 0.6169134615384615 0.02953124999999995 0.042249999999999996
0 0.09854403409090906 0.574076923076923 0.035014204545454675 0.045692307692307726
0 0.05573153409090914 0.723701923076923 0.02953124999999995 0.057096153846153845
0 0.03169034090909084 0.7633942307692307 0.043863636363636355 0.04855769230769231
0 0.8699857954545455 0.8174038461538462 0.02659090909090909 0.08934615384615387
0 0.050248579545454586 0.7782403846153846 0.03458806818181805 0.05309615384615385
0 0.02937500000000004 0.6948653846153846 0.05863636363636376 0.0633846153846154
0 0.0981249999999999 0.6937211538461538 0.040909090909091006 0.042826923076923096
0 0.0721803977272728 0.797375 0.04555397727272734 0.06967307692307693
0 0.028728693181818254 0.863048076923077 0.057457386363636426 0.04624999999999999
0 0.08391335227272734 0.9070576923076923 0.03291193181818176 0.03723076923076923
0 0.12412642045454547 0.9766538461538462 0.04751420454545461 0.04669230769230769
0 0.7577130681818182 0.8040769230769231 0.06696022727272725 0.036
0 0.7577130681818182 0.7677307692307692 0.04923295454545454 0.037999999999999985
0 0.7910440340909091 0.9369903846153846 0.019019886363636385 0.021826923076923074
0 0.7722159090909091 0.8927499999999999 0.059147727272727296 0.07561538461538463
0 0.7406178977272727 0.8625096153846153 0.051548295454545444 0.06351923076923079
0 0.6866477272727272 0.9861730769230769 0.02258522727272728 0.027653846153846154
0 0.6317471590909092 0.9241346153846154 0.042727272727272746 0.06349999999999999
0 0.08458096590909103 0.713701923076923 0.03896306818181811 0.051173076923076946
0 0.593174715909091 0.9093173076923077 0.03370738636363631 0.05551923076923078
0 0.6079474431818181 0.903201923076923 0.020156249999999997 0.027288461538461536
0 0.6020383522727273 0.9358942307692307 0.027798295454545444 0.04186538461538462
0 0.5751136363636364 0.9039134615384615 0.02676136363636368 0.05032692307692307
0 0.45801136363636363 0.9841153846153846 0.04204545454545458 0.031038461538461532
0 0.46461647727272737 0.9196634615384616 0.04411931818181818 0.053634615384615385
0 0.19927556818181813 0.8642980769230769 0.03218749999999995 0.04098076923076924
0 0.20287642045454557 0.8021634615384615 0.030752840909090876 0.05855769230769228
0 0.29439630681818185 0.7546923076923077 0.04069602272727269 0.05142307692307694
0 0.26404829545454545 0.7907307692307692 0.01593750000000004 0.02615384615384617
0 0.6292826704545454 0.9807692307692307 0.035440340909090894 0.038461538461538464
0 0.26726562499999995 0.7716826923076923 0.039332386363636444 0.07251923076923078
0 0.24879261363636362 0.7459711538461539 0.035596590909090835 0.044980769230769206
0 0.30354403409090913 0.7840769230769231 0.033906250000000006 0.03396153846153845
0 0.3035511363636364 0.8077115384615384 0.042727272727272704 0.04911538461538463
0 0.3288139204545455 0.8687692307692307 0.028139204545454547 0.07665384615384616
0 0.38001420454545454 0.8683076923076923 0.026107954545454618 0.07023076923076922
0 0.3591619318181819 0.8478846153846153 0.03119318181818179 0.06426923076923077
0 0.34762784090909093 0.8224038461538461 0.042727272727272704 0.05738461538461537
0 0.4254829545454545 0.79375 0.03482954545454551 0.06030769230769233
0 0.4300071022727273 0.743423076923077 0.039190340909090876 0.07480769230769233
0 0.6576704545454546 0.9807692307692307 0.04116477272727275 0.038461538461538464
0 0.4285014204545454 0.6482019230769231 0.06563920454545452 0.06394230769230769
0 0.40434659090909086 0.5810384615384615 0.03900568181818179 0.032538461538461516
0 0.4055255681818182 0.5645096153846154 0.02718749999999998 0.021865384615384568
0 0.3992258522727272 0.5490384615384616 0.022457386363636367 0.022923076923076952
0 0.3872088068181818 0.5394326923076923 0.024417613636363633 0.033596153846153845
0 0.37696732954545453 0.5637115384615384 0.03387784090909094 0.030923076923076893
0 0.3665269886363637 0.5362403846153846 0.02166193181818182 0.028249999999999997
0 0.576171875 0.8436346153846154 0.04163352272727265 0.07953846153846153
0 0.5372656250000001 0.8072884615384615 0.03541193181818183 0.08692307692307692
0 0.5557457386363636 0.7733173076923077 0.04436079545454548 0.07690384615384617
0 0.833125 0.46790384615384617 0.04517045454545454 0.07219230769230763
0 0.5730610795454545 0.7432884615384615 0.029190340909090843 0.05057692307692305
0 0.6215056818181818 0.7575096153846154 0.035795454545454526 0.06005769230769231
0 0.6430965909090909 0.7311730769230769 0.03463068181818181 0.05161538461538462
0 0.703799715909091 0.7417115384615385 0.03151988636363636 0.048461538461538466
0 0.701846590909091 0.7074615384615385 0.030738636363636343 0.03580769230769232
0 0.8656321022727272 0.672923076923077 0.030752840909090917 0.03953846153846154
0 0.8721732954545455 0.6705769230769231 0.07994318181818182 0.064
0 0.8590980113636364 0.6414326923076923 0.03305397727272727 0.03486538461538466
0 0.8571803977272727 0.6177692307692308 0.02921874999999999 0.03746153846153844
0 0.7755397727272728 0.6123653846153847 0.0471875 0.08553846153846152
0 0.8531960227272728 0.43519230769230777 0.046420454545454536 0.0696538461538462
0 0.6414701704545456 0.640625 0.050071022727272686 0.06175000000000003
0 0.5925142045454546 0.6281057692307692 0.05485795454545455 0.06174999999999997
0 0.6652556818181818 0.5046826923076924 0.04801136363636365 0.08125
0 0.6688139204545455 0.5270288461538462 0.05512784090909091 0.06094230769230774
0 0.6275568181818182 0.49579807692307687 0.03639204545454546 0.1071346153846154
0 0.7432670454545454 0.5382307692307693 0.03088068181818183 0.04138461538461535
0 0.7289346590909092 0.46635576923076927 0.06269886363636366 0.029865384615384565
0 0.8555610795454546 0.4981730769230769 0.059105113636363636 0.06330769230769234
0 0.8878125 0.01613461538461536 0.05184659090909092 0.03226923076923072
0 0.9237642045454546 0.01112499999999994 0.03136363636363635 0.02224999999999999
0 0.9830042613636364 0.8454038461538461 0.032997159090909084 0.08134615384615386
0 0.9559019886363637 0.4047019230769231 0.05225852272727272 0.05451923076923081
0 0.9237713068181819 0.3674519230769232 0.055042613636363646 0.0532884615384615
0 0.9310298295454545 0.2871634615384615 0.02970170454545454 0.048365384615384574
0 0.8998224431818181 0.27549999999999997 0.049928977272727264 0.05069230769230772
0 0.8903551136363637 0.3165865384615385 0.05338068181818183 0.04894230769230778
0 0.7960298295454545 0.3239615384615384 0.03217329545454542 0.04061538461538462
0 0.819893465909091 0.30072115384615383 0.07339488636363636 0.052865384615384634
0 0.8359446022727273 0.26394230769230764 0.033906250000000006 0.03769230769230773
0 0.5660653409090909 0.4678269230769231 0.0430113636363636 0.05673076923076923
0 0.6155965909090909 0.3711153846153846 0.024857954545454544 0.03950000000000004
0 0.9465625 0.9270673076923077 0.0290625 0.03932692307692308
0 0.5831818181818182 0.36013461538461533 0.04971590909090909 0.05853846153846153
0 0.6141406250000001 0.2579999999999999 0.03339488636363635 0.04388461538461537
0 0.4507244318181818 0.28236538461538463 0.047017045454545485 0.057499999999999954
0 0.5032457386363637 0.23736538461538448 0.022372159090909092 0.051807692307692305
0 0.5173508522727273 0.23298076923076916 0.035667613636363574 0.05530769230769229
0 0.6564559659090909 0.1587884615384616 0.047343749999999976 0.0368846153846154
0 0.6741335227272727 0.1076442307692308 0.04636363636363634 0.057519230769230816
0 0.5617826704545454 0.1666923076923077 0.03566761363636366 0.044769230769230714
0 0.5812286931818182 0.11467307692307693 0.07197443181818176 0.03996153846153841
0 0.5074644886363636 0.0723076923076924 0.03924715909090908 0.037769230769230853
0 0.8825497159090909 0.9277403846153847 0.06450284090909092 0.052673076923076934
0 0.5136292613636364 0.03850961538461539 0.02691761363636362 0.03774999999999999
0 0.47423295454545455 0.15703846153846146 0.03696022727272725 0.051807692307692305
0 0.4262357954545455 0.13706730769230768 0.030482954545454598 0.05048076923076923
0 0.31721590909090913 0.21870192307692315 0.05573863636363638 0.05421153846153846
0 0.30489346590909083 0.1820576923076922 0.04259943181818183 0.06592307692307697
0 0.2883948863636363 0.1729519230769231 0.0429261363636364 0.06678846153846157
0 0.3377840909090909 0.10906730769230777 0.028437499999999973 0.04136538461538471
0 0.19132812499999996 0.027615384615384597 0.02183238636363637 0.036846153846153896
0 0.17250710227272714 0.03469230769230769 0.026576704545454435 0.04069230769230763
0 0.03776988636363621 0.13484615384615384 0.029744318181818098 0.040884615384615366
