0 0.5500284090909091 0.6926923076923077 0.04125000000000003 0.07392307692307692
0 0.5766548295454546 0.6366153846153846 0.05705965909090911 0.056346153846153865
0 0.8670170454545454 0.26258653846153834 0.03181818181818181 0.057519230769230816
0 0.9734943181818182 0.3788173076923077 0.053011363636363634 0.05786538461538457
0 0.980859375 0.46960576923076924 0.03228693181818182 0.06736538461538456
0 0.2618039772727272 0.5063461538461539 0.03502840909090905 0.048499999999999995
0 0.8517045454545454 0.28712499999999996 0.03707386363636365 0.049980769230769245
0 0.8521235795454545 0.8315192307692307 0.027428977272727275 0.05461538461538463
0 0.8907386363636364 0.8158076923076923 0.03230113636363638 0.06557692307692306
0 0.08065340909090901 0.1205480769230769 0.01857954545454551 0.04101923076923085
0 0.21424715909090897 0.25533653846153836 0.048124999999999994 0.07498076923076925
0 0.7590127840909091 0.08922115384615381 0.029133522727272713 0.04874999999999993
0 0.36721590909090907 0.501798076923077 0.055255681818181863 0.04851923076923081
0 0.7414559659090909 0.07397115384615394 0.02671874999999996 0.06521153846153852
0 0.986875 0.5463365384615385 0.026164772727272724 0.05871153846153846
0 0.10582386363636365 0.23867307692307693 0.043693181818181805 0.05530769230769229
0 0.08108664772727281 0.2036826923076922 0.04024147727272733 0.05532692307692315
0 0.11176846590909084 0.664625 0.028053977272727272 0.04840384615384613
0 0.32577414772727276 0.9843557692307693 0.027940340909090932 0.031288461538461536
0 0.26249999999999996 0.9846634615384615 0.031022727272727316 0.03067307692307692
0 0.2861931818181819 0.9818461538461538 0.07284090909090905 0.036307692307692305
0 0.11200994318181823 0.1846057692307692 0.055241477272727255 0.06301923076923073
0 0.058678977272727195 0.1259134615384616 0.04005681818181808 0.06367307692307685
0 0.7821661931818181 0.41746153846153855 0.05214488636363637 0.062192307692307644
0 0.3240269886363637 0.488375 0.047372159090909124 0.06778846153846159
0 0.10312499999999991 0.03766346153846145 0.08642045454545459 0.03701923076923077
0 0.06696732954545448 0.0943846153846154 0.029105113636363648 0.04034615384615388
0 0.18130681818181815 0.1447980769230769 0.0645738636363637 0.06555769230769226
0 0.1773508522727273 0.09975 0.05626420454545456 0.06323076923076922
0 0.15009232954545448 0.12428846153846151 0.029900568181818278 0.09180769230769233
0 0.483125 0.9795673076923077 0.05579545454545451 0.04082692307692307
0 0.8357528409090909 0.5276442307692308 0.030511363636363642 0.06471153846153842
0 0.24659801136363635 0.0921153846153846 0.04228693181818179 0.04919230769230766
0 0.08950284090909089 0.967701923076923 0.08698863636363638 0.06459615384615386
0 0.22505681818181822 0.8904807692307692 0.04769886363636369 0.06119230769230769
0 0.8709517045454546 0.7997019230769231 0.03607954545454544 0.048634615384615366
0 0.02689630681818178 0.2076634615384616 0.034957386363636385 0.042596153846153804
0 0.8821732954545455 0.5768846153846154 0.03167613636363636 0.0679230769230769
0 0.42838778409090916 0.8002788461538461 0.030951704545454574 0.07390384615384614
0 0.08775568181818183 0.6197115384615385 0.031079545454545447 0.04457692307692309
0 0.8702556818181818 0.8485192307692307 0.027727272727272722 0.05026923076923077
0 0.012677556818181723 0.22988461538461546 0.02535511363636367 0.06057692307692308
0 0.8163991477272727 0.5685384615384614 0.0339630681818182 0.060153846153846155
0 0.8482457386363637 0.5810576923076922 0.04950284090909092 0.05776923076923075
0 0.09275568181818172 0.7078365384615384 0.02664772727272726 0.06355769230769227
0 0.24183948863636362 0.9291057692307693 0.043877840909091054 0.07421153846153845
0 0.1071448863636365 0.6855192307692308 0.0210795454545455 0.03415384615384614
0 0.0899928977272727 0.6589326923076922 0.03211647727272729 0.03663461538461535
0 0.07595170454545463 0.8206634615384616 0.021534090909090864 0.032096153846153844
0 0.788671875 0.46706730769230764 0.05808238636363634 0.08036538461538455
0 0.20906249999999993 0.9394615384615385 0.03480113636363636 0.04165384615384616
0 0.2264559659090909 0.9767307692307692 0.04035511363636359 0.046538461538461535
0 0.7824147727272728 0.8413173076923077 0.08147727272727275 0.06751923076923076
0 0.18821732954545456 0.9735480769230769 0.039843749999999935 0.052903846153846155
0 0.8967613636363636 0.9654326923076924 0.02465909090909091 0.02609615384615385
0 0.7162002840909091 0.23857692307692302 0.04413352272727276 0.12415384615384616
0 0.6437571022727273 0.7742403846153847 0.015071022727272747 0.021403846153846145
0 0.6571732954545455 0.7687692307692308 0.017642045454545476 0.02338461538461538
0 0.8126349431818182 0.5128653846153846 0.04771306818181817 0.060538461538461576
0 0.8283096590909091 0.7357692307692307 0.03911931818181817 0.05588461538461539
0 0.18731534090909097 0.9094711538461538 0.040681818181818326 0.06867307692307693
0 0.8093252840909091 0.7468269230769231 0.026775568181818175 0.06265384615384616
0 0.17024147727272732 0.9448269230769231 0.03664772727272721 0.03603846153846154
0 0.1306463068181819 0.8203942307692308 0.02515625000000005 0.029634615384615377
0 0.7209019886363637 0.8364326923076923 0.03333806818181818 0.04278846153846154
0 0.7840838068181818 0.5397019230769231 0.04160511363636363 0.08659615384615385
0 0.5404119318181819 0.6411153846153845 0.038778409090909106 0.07450000000000001
0 0.5761150568181819 0.5148557692307693 0.04242897727272728 0.0934423076923077
0 0.7701917613636364 0.8771826923076923 0.05933238636363634 0.06394230769230767
0 0.7563920454545454 0.8890096153846154 0.06017045454545456 0.0775576923076923
0 0.676825284090909 0.8450192307692308 0.04052556818181818 0.05126923076923076
0 0.6893323863636365 0.9163365384615385 0.034744318181818196 0.06863461538461538
0 0.7779048295454546 0.9903557692307692 0.029559659090909095 0.019288461538461536
0 0.6037357954545455 0.5032115384615385 0.029630681818181757 0.06961538461538465
0 0.6001988636363635 0.5588557692307692 0.04818181818181821 0.05667307692307692
0 0.7154758522727273 0.9801057692307692 0.04205965909090911 0.039749999999999994
0 0.6063210227272728 0.9929230769230769 0.05363636363636362 0.014153846153846154
0 0.38757102272727273 0.46243269230769235 0.04318181818181823 0.06271153846153837
0 0.5247372159090908 0.988798076923077 0.015667613636363677 0.020249999999999997
0 0.3968892045454545 0.6768461538461539 0.03741477272727269 0.06080769230769232
0 0.5262144886363638 0.33317307692307696 0.05208806818181821 0.08026923076923079
0 0.06835227272727273 0.655625 0.03224431818181825 0.07251923076923078
0 0.6116903409090909 0.20199038461538454 0.03832386363636366 0.05944230769230774
0 0.4020454545454545 0.7703653846153846 0.0342329545454545 0.08319230769230768
0 0.05336647727272714 0.6078173076923077 0.04303977272727282 0.057019230769230725
0 0.04762784090909089 0.4944519230769231 0.02676136363636368 0.06301923076923073
0 0.552294034090909 0.16191346153846153 0.04072443181818176 0.04982692307692302
0 0.5070667613636364 0.14666346153846155 0.02953125000000003 0.037403846153846135
0 0.6075639204545455 0.7048557692307692 0.02203124999999999 0.04959615384615383
0 0.5040411931818183 0.12911538461538463 0.042088068181818254 0.05500000000000004
0 0.46655539772727284 0.10003846153846152 0.03257102272727274 0.08273076923076919
0 0.10086647727272724 0.4718461538461539 0.03306818181818178 0.04803846153846157
0 0.007521306818181972 0.48380769230769227 0.015042613636363682 0.04688461538461538
0 0.4254119318181818 0.009173076923076895 0.05860795454545453 0.018346153846153887
0 0.1551349431818182 0.006692307692307775 0.024446022727272778 0.013384615384615455
0 0.5851633522727273 0.019788461538461477 0.03796875000000002 0.039576923076923044
0 0.1353480113636365 0.8812403846153847 0.057286931818181876 0.11309615384615383
0 0.5662855113636363 0.3187596153846154 0.04328124999999996 0.05601923076923076
0 0.11321732954545449 0.8957788461538462 0.041661931818181876 0.05051923076923076
0 0.5926775568181819 0.6710096153846155 0.021321022727272713 0.0458269230769231
0 0.007386363636363691 0.878625 0.014772727272727241 0.06005769230769231
0 0.5621519886363636 0.35506730769230765 0.0390198863636364 0.05036538461538461
0 0.6515127840909092 0.9875961538461538 0.023735795454545464 0.02476923076923077
0 0.021974431818181817 0.7000865384615385 0.026022727272727343 0.03117307692307694
0 0.005312500000000053 0.7048076923076922 0.010625000000000025 0.05253846153846153
0 0.6738849431818181 0.9853942307692307 0.025582386363636352 0.02921153846153846
0 0.6480752840909091 0.9635 0.026889204545454595 0.04376923076923077
0 0.6690980113636364 0.9511826923076923 0.025156250000000012 0.05690384615384615
0 0.6386150568181819 0.7051826923076923 0.028025568181818127 0.05971153846153848
0 0.011711647727272734 0.5658846153846153 0.023423295454545467 0.050269230769230795
0 0.583181818181818 0.6909038461538461 0.028323863636363633 0.039384615384615365
0 0.6258877840909092 0.7050480769230769 0.020099431818181787 0.044365384615384605
0 0.6227201704545454 0.7358750000000001 0.02413352272727274 0.03317307692307692
0 0.43588068181818185 0.7824615384615384 0.032982954545454586 0.05811538461538458
0 0.6581250000000001 0.1870480769230769 0.052471590909090864 0.045403846153846183
0 0.644971590909091 0.23578846153846156 0.05161931818181819 0.07046153846153844
0 0.33659090909090916 0.7799326923076924 0.03900568181818179 0.04917307692307691
0 0.7573934659090908 0.04784615384615387 0.029502840909090923 0.058115384615384666
0 0.266328125 0.8080480769230769 0.052144886363636414 0.07001923076923076
0 0.0975497159090909 0.36967307692307694 0.02535511363636367 0.029769230769230805
0 0.9887144886363637 0.5895288461538462 0.022485795454545456 0.04109615384615385
0 0.5708451704545454 0.6560384615384616 0.025866477272727326 0.03992307692307696
0 0.8180184659090909 0.09113461538461531 0.03691761363636365 0.08315384615384618
0 0.5909801136363637 0.3326826923076923 0.04193181818181815 0.04859615384615381
0 0.5829900568181818 0.35550961538461545 0.026633522727272728 0.036057692307692304
0 0.11531249999999993 0.6406826923076923 0.026278409090909092 0.027057692307692293
0 0.8753267045454546 0.6146346153846154 0.029659090909090902 0.051461538461538496
0 0.8371946022727272 0.252201923076923 0.03509943181818181 0.0645961538461538
0 0.8884090909090909 0.8634134615384615 0.022727272727272728 0.052749999999999984
0 0.5801491477272727 0.39311538461538464 0.031150568181818192 0.045384615384615426
0 0.6078125 0.3698173076923077 0.039346590909090894 0.056519230769230745
0 0.798359375 0.10116346153846156 0.02723011363636362 0.05721153846153846
0 0.6802556818181817 0.2804134615384616 0.04309659090909091 0.05609615384615377
0 0.7804474431818182 0.09836538461538458 0.040838068181818184 0.07519230769230763
0 0.8457102272727273 0.2121249999999999 0.030113636363636367 0.06501923076923077
0 0.9923153409090909 0.3532211538461538 0.015369318181818182 0.06255769230769226
0 0.8168963068181818 0.20015384615384624 0.042826704545454536 0.05607692307692313
0 0.94921875 0.4625961538461537 0.05315340909090909 0.07130769230769228
0 0.9377627840909091 0.40230769230769226 0.05742897727272727 0.0637692307692307
0 0.8616619318181818 0.8739038461538462 0.04917613636363637 0.04857692307692309
0 0.9727982954545454 0.578173076923077 0.024545454545454547 0.05730769230769233
0 0.980703125 0.42483653846153835 0.03859375 0.04728846153846149
0 0.8144886363636363 0.24520192307692312 0.036448863636363654 0.04501923076923071
