0 0.4163636363636364 0.8156826923076923 0.023522727272727275 0.03551923076923077
0 0.29784801136363637 0.278798076923077 0.017940340909090902 0.026557692307692313
0 0.9473224431818181 0.9194230769230769 0.011377840909090916 0.017230769230769234
0 0.4292826704545455 0.40310576923076924 0.018906250000000003 0.022442307692307723
0 0.10320312499999995 0.9530480769230769 0.015980113636363636 0.02367307692307692
0 0.2709730113636364 0.04262499999999991 0.02098011363636361 0.030711538461538405
0 0.5463139204545455 0.019509615384615375 0.019133522727272687 0.027403846153846154
0 0.3252556818181819 0.5437211538461539 0.016874999999999994 0.020903846153846106
0 0.044637784090909016 0.128798076923077 0.018906250000000083 0.026365384615384575
0 0.42639204545454545 0.27137500000000003 0.02005681818181819 0.02794230769230764
0 0.6816974431818181 0.4341346153846154 0.01953125 0.02807692307692312
0 0.1356036931818182 0.8847115384615385 0.024105113636363674 0.028961538461538466
0 0.3206818181818182 0.5605288461538462 0.018806818181818195 0.024480769230769212
0 0.38090909090909086 0.16417307692307692 0.022301136363636346 0.028961538461538466
0 0.6158806818181818 0.8210865384615385 0.01761363636363633 0.02513461538461537
0 0.3895099431818182 0.8929807692307692 0.01953125 0.025461538461538466
0 0.6961718750000001 0.14036538461538461 0.01759943181818184 0.02284615384615384
0 0.6584375 0.12029807692307692 0.020738636363636355 0.02121153846153841
0 0.7066548295454546 0.4218942307692307 0.022656250000000024 0.02840384615384612
0 0.5786505681818181 0.75625 0.017897727272727305 0.024230769230769247
0 0.5011931818181818 0.16030769230769237 0.019999999999999976 0.028230769230769243
0 0.8538920454545454 0.1479807692307692 0.021448863636363627 0.027423076923076904
0 0.7962713068181818 0.1944903846153846 0.01904829545454545 0.02709615384615391
0 0.1149573863636365 0.9603942307692308 0.020198863636363515 0.031019230769230775
0 0.5593963068181818 0.29693269230769226 0.014446022727272669 0.021057692307692284
0 0.38434659090909096 0.6855192307692308 0.018522727272727302 0.027423076923076904
0 0.6927911931818183 0.3690096153846154 0.0214630681818182 0.02513461538461537
0 0.09401278409090896 0.19905769230769232 0.01990056818181833 0.025307692307692246
0 0.5436576704545455 0.6647596153846154 0.023451704545454533 0.03040384615384616
0 0.2737855113636364 0.38639423076923074 0.017116477272727207 0.02674999999999994
0 0.9240767045454545 0.7436826923076922 0.02045454545454545 0.022980769230769207
0 0.9146519886363637 0.1406346153846154 0.02242897727272728 0.03100000000000001
0 0.30122159090909095 0.25276923076923075 0.017585227272727266 0.02569230769230772
0 0.35801136363636354 0.17722115384615378 0.017471590909090926 0.025711538461538362
0 0.30163352272727273 0.5600384615384615 0.017840909090909095 0.02546153846153848
0 0.10712357954545448 0.9036826923076923 0.0171732954545455 0.026942307692307703
0 0.564893465909091 0.366201923076923 0.02296874999999994 0.025557692307692347
0 0.35007102272727275 0.3741057692307692 0.016392045454545482 0.021788461538461507
0 0.29487215909090914 0.29292307692307706 0.014971590909090938 0.021038461538461534
0 0.6027414772727273 0.9129711538461538 0.019772727272727296 0.0280576923076923
0 0.3471661931818182 0.18783653846153836 0.018082386363636307 0.02490384615384613
0 0.20613636363636367 0.16731730769230768 0.022840909090908988 0.030096153846153804
0 0.6684446022727273 0.4462115384615384 0.01711647727272729 0.024153846153846158
0 0.8769815340909091 0.3863846153846153 0.01867897727272728 0.028961538461538466
0 0.10880681818181825 0.5659326923076923 0.014602272727272688 0.01790384615384616
0 0.29162642045454534 0.9644615384615385 0.02194602272727271 0.02676923076923077
0 0.5383522727272727 0.09780769230769237 0.020255681818181805 0.028576923076923104
0 0.8249644886363636 0.025249999999999995 0.01615056818181817 0.024807692307692374
0 0.21640625000000002 0.642451923076923 0.018551136363636287 0.027096153846153853
0 0.8331321022727273 0.9810480769230769 0.018707386363636367 0.028711538461538462
0 0.0633380681818182 0.811125 0.022755681818181793 0.03055769230769231
0 0.2123082386363635 0.4005961538461539 0.0214630681818182 0.03230769230769222
0 0.10833096590909086 0.437125 0.015980113636363636 0.023250000000000062
0 0.6129900568181817 0.887673076923077 0.015667613636363677 0.019923076923076936
0 0.7727059659090909 0.27867307692307686 0.01867897727272728 0.03142307692307687
0 0.9402769886363637 0.9335288461538461 0.01813920454545455 0.028211538461538458
0 0.9835795454545455 0.19987500000000002 0.01636363636363636 0.024019230769230786
0 0.7258167613636364 0.3546538461538461 0.01808238636363635 0.023192307692307696
0 0.40473721590909095 0.6552788461538461 0.03359374999999997 0.040942307692307674
0 0.7200355113636363 0.509375 0.02291193181818181 0.02840384615384612
0 0.6140767045454545 0.8405096153846154 0.017840909090909095 0.020903846153846162
0 0.7508948863636363 0.65625 0.020965909090909077 0.029038461538461582
0 0.7003835227272728 0.18574038461538467 0.018806818181818195 0.02544230769230762
0 0.7883735795454545 0.2864134615384616 0.017485795454545417 0.026519230769230698
0 0.2630539772727274 0.8128461538461539 0.018806818181818032 0.03034615384615382
0 0.5312571022727273 0.2682692307692308 0.0238210227272727 0.030923076923077
0 0.89671875 0.6260865384615384 0.018380681818181834 0.024480769230769264
0 0.6709730113636363 0.13824038461538457 0.014474431818181815 0.021865384615384623
0 0.7982315340909091 0.9753076923076923 0.016008522727272743 0.029230769230769234
0 0.9125071022727272 0.7611826923076923 0.021207386363636362 0.029249999999999988
0 0.839424715909091 0.1545192307692308 0.01759943181818182 0.024153846153846158
0 0.0976775568181818 0.02892307692307683 0.01697443181818188 0.017230769230769192
0 0.2546164772727273 0.8965673076923077 0.022670454545454598 0.03328846153846153
0 0.23232244318181816 0.63675 0.01953125 0.02611538461538464
0 0.060546875 0.16862500000000002 0.016406249999999935 0.017750000000000037
0 0.6694034090909091 0.4220576923076924 0.021931818181818177 0.026115384615384585
0 0.18409801136363635 0.6759134615384615 0.0214630681818182 0.03198076923076922
0 0.9343892045454545 0.9944615384615385 0.02204545454545455 0.011076923076923076
0 0.943359375 0.7412019230769231 0.019673295454545447 0.021673076923076944
0 0.4770596590909091 0.09312500000000001 0.017159090909090888 0.024557692307692273
0 0.7288352272727273 0.14625 0.017357954545454544 0.02284615384615384
0 0.28993607954545453 0.9004807692307693 0.0204971590909091 0.02480769230769232
0 0.30991477272727275 0.2719711538461538 0.015965909090909104 0.02394230769230767
0 0.5906107954545454 0.06108653846153844 0.019488636363636323 0.027673076923076897
0 0.14705255681818175 0.4091826923076922 0.01808238636363639 0.028557692307692242
0 0.6985724431818182 0.35123076923076924 0.02098011363636365 0.02546153846153848
0 0.022457386363636256 0.6613653846153846 0.019289772727272784 0.023499999999999997
0 0.839765625 0.4394230769230769 0.01958806818181819 0.02407692307692304
0 0.8195383522727273 0.1535384615384615 0.014474431818181794 0.02284615384615384
0 0.7105113636363636 0.7287211538461538 0.021221590909090905 0.027096153846153853
0 0.646953125 0.006567307692307622 0.019474431818181828 0.013057692307692237
0 0.574893465909091 0.3486538461538462 0.020980113636363693 0.02723076923076917
0 0.8288210227272728 0.050548076923076835 0.020965909090909098 0.024480769230769157
0 0.19279119318181825 0.17389423076923083 0.018053977272727326 0.02863461538461536
0 0.3117897727272727 0.23407692307692318 0.018977272727272745 0.030499999999999916
0 0.1884232954545454 0.029442307692307712 0.01909090909090917 0.02453846153846152
0 0.30886363636363634 0.5448557692307692 0.017357954545454583 0.02317307692307689
0 0.7372727272727273 0.713375 0.021221590909090905 0.024480769230769212
0 0.8153196022727273 0.040269230769230724 0.01856534090909092 0.02807692307692312
0 0.23075284090909098 0.4438461538461539 0.017357954545454423 0.02807692307692312
0 0.2856534090909091 0.2661826923076923 0.02017045454545453 0.028134615384615376
0 0.28969460227272725 0.9234903846153846 0.02098011363636361 0.02317307692307693
0 0.39629971590909097 0.060249999999999915 0.02044034090909089 0.029769230769230805
0 0.9366122159090909 0.7592211538461539 0.02044034090909091 0.025326923076923052
0 0.5529190340909091 0.7882596153846154 0.01728693181818176 0.027749999999999986
0 0.1140553977272728 0.5561153846153846 0.01413352272727263 0.01803846153846153
