0 0.05031960227272725 0.018096153846153817 0.04504261363636353 0.036192307692307676
0 0.41988636363636367 0.739375 0.07386363636363637 0.05263461538461539
0 0.9580326704545454 0.9789326923076923 0.03271306818181818 0.04213461538461538
0 0.21710227272727278 0.8250192307692308 0.03517045454545453 0.038923076923076914
0 0.0701207386363637 0.2698076923076922 0.07080965909090896 0.10107692307692308
0 0.22688920454545458 0.26614423076923077 0.03832386363636366 0.06036538461538459
0 0.47273437500000004 0.7683557692307692 0.05276988636363633 0.040288461538461544
0 0.25084517045454546 0.06810576923076916 0.04330965909090911 0.03998076923076927
0 0.30262073863636363 0.11596153846153834 0.04870738636363639 0.0482307692307692
0 0.14168323863636367 0.9373269230769231 0.024957386363636272 0.03742307692307693
0 0.3738210227272728 0.8753076923076923 0.019176136363636364 0.03407692307692309
0 0.3583664772727273 0.8776346153846154 0.03142045454545455 0.07484615384615385
0 0.7934517045454546 0.2415384615384616 0.07414772727272725 0.07292307692307695
0 0.28126420454545453 0.0862019230769232 0.021676136363636352 0.027519230769230775
0 0.5248011363636365 0.4001634615384615 0.05815340909090909 0.045442307692307685
0 0.5285440340909091 0.36997115384615387 0.0638494318181818 0.07255769230769234
0 0.26194602272727263 0.24057692307692313 0.05261363636363639 0.057576923076923074
0 0.5504119318181818 0.4264230769230769 0.04039772727272727 0.04384615384615387
0 0.12505681818181813 0.23786538461538465 0.051278409090909124 0.07684615384615391
0 0.8383238636363637 0.7960576923076923 0.03133522727272726 0.0651923076923077
0 0.9840625 0.4633173076923077 0.031875 0.05144230769230769
0 0.24177556818181822 0.9009134615384615 0.03968749999999992 0.04171153846153846
0 0.5983096590909092 0.4781057692307692 0.04213068181818185 0.05840384615384616
0 0.6968039772727272 0.5814423076923076 0.02411931818181817 0.050730769230769225
0 0.5828764204545456 0.4331538461538462 0.04478693181818186 0.04619230769230766
0 0.2269460227272727 0.006442307692307692 0.014431818181818136 0.012884615384615472
0 0.807450284090909 0.49358653846153844 0.023309659090909086 0.038288461538461584
0 0.25078835227272733 0.025317307692307667 0.03464488636363634 0.050634615384615354
0 0.2235582386363636 0.8452596153846154 0.02637784090909082 0.04463461538461537
0 0.35251420454545446 0.5276153846153846 0.06937499999999996 0.06592307692307688
0 0.08030539772727285 0.6655673076923077 0.026406250000000044 0.046596153846153884
0 0.08874289772727262 0.35059615384615384 0.05311079545454544 0.06953846153846148
0 0.4682741477272727 0.33609615384615377 0.028110795454545482 0.05215384615384616
0 0.05122159090909084 0.9178461538461539 0.04951704545454547 0.04092307692307692
0 0.4754474431818182 0.8447403846153846 0.06663352272727276 0.09994230769230769
0 0.1360511363636363 0.32045192307692305 0.03661931818181814 0.09163461538461534
0 0.9130042613636363 0.5509903846153845 0.021661931818181827 0.038134615384615406
0 0.1602627840909091 0.9341153846153846 0.0292755681818182 0.036846153846153855
0 0.0586150568181818 0.8709807692307692 0.03490056818181809 0.05342307692307693
0 0.9881178977272728 0.9585096153846154 0.023764204545454547 0.08298076923076923
0 0.2663707386363636 0.9033173076923077 0.057713068181818095 0.06674999999999999
0 0.13973011363636367 0.5405384615384615 0.05644886363636365 0.05350000000000004
0 0.6033735795454545 0.9783173076923077 0.029133522727272713 0.04336538461538462
0 0.5907457386363637 0.5964807692307692 0.04208806818181818 0.061923076923076956
0 0.8484019886363636 0.5047307692307692 0.02205965909090909 0.03276923076923075
0 0.7375071022727273 0.9907211538461539 0.05609374999999997 0.01855769230769231
0 0.9422727272727273 0.5740865384615385 0.022784090909090907 0.04221153846153844
0 0.21949573863636374 0.928125 0.04384943181818182 0.06521153846153846
0 0.34897017045454537 0.6188557692307692 0.06416193181818185 0.09625000000000002
0 0.9319531249999999 0.1286346153846154 0.04026988636363637 0.1107307692307692
0 0.412734375 0.6922692307692309 0.036406249999999994 0.04992307692307694
0 0.6954900568181819 0.7973365384615385 0.08194602272727272 0.11867307692307694
0 0.2872585227272727 0.03233653846153861 0.032784090909090804 0.05663461538461536
0 0.46431818181818185 0.39529807692307695 0.05065340909090905 0.06609615384615386
0 0.9251775568181818 0.6058846153846154 0.027116477272727268 0.055461538461538465
0 0.831640625 0.9809038461538462 0.048735795454545455 0.03807692307692307
0 0.6906107954545455 0.5907403846153847 0.06198863636363634 0.08625000000000005
0 0.46391335227272734 0.7884711538461538 0.02473011363636367 0.03690384615384615
0 0.8643821022727273 0.19615384615384612 0.029076704545454544 0.052884615384615384
0 0.025994318181818077 0.3475576923076923 0.0519886363636364 0.08265384615384619
0 0.11412642045454546 0.5143365384615384 0.023139204545454494 0.0565576923076923
0 0.06961647727272724 0.8889230769230769 0.030142045454545494 0.04134615384615386
0 0.46982954545454547 0.8224807692307692 0.0586363636363636 0.07734615384615384
0 0.8034517045454546 0.21474999999999989 0.03994318181818182 0.038615384615384586
0 0.41795454545454547 0.8700769230769231 0.04244318181818181 0.05503846153846155
0 0.44047585227272734 0.7840961538461538 0.02938920454545454 0.060192307692307684
0 0.7057173295454545 0.5499711538461538 0.039048295454545426 0.08182692307692305
0 0.2681107954545454 0.053480769230769276 0.025255681818181778 0.029769230769230805
0 0.3724644886363637 0.23899038461538458 0.06919034090909087 0.03971153846153853
0 0.4931960227272728 0.4435192307692307 0.02684659090909096 0.04696153846153838
0 0.01798295454545462 0.40293269230769224 0.03596590909090916 0.07728846153846153
0 0.7917897727272727 0.9821442307692307 0.053522727272727263 0.03571153846153846
0 0.24970170454545448 0.2782596153846155 0.02488636363636361 0.04051923076923076
0 0.5190553977272727 0.4336057692307693 0.029133522727272713 0.042019230769230705
0 0.5033380681818183 0.4922788461538462 0.037982954545454556 0.059865384615384605
0 0.910830965909091 0.49487499999999995 0.04333806818181818 0.046211538461538464
0 0.8583096590909091 0.8244134615384615 0.0334943181818182 0.06967307692307693
0 0.5072088068181818 0.9649038461538462 0.03143465909090908 0.03596153846153847
0 0.44259943181818184 0.3372211538461539 0.0259943181818182 0.07205769230769225
0 0.6939985795454545 0.27212499999999995 0.03259943181818184 0.11717307692307694
0 0.8075923295454546 0.8205 0.04654829545454547 0.08773076923076924
0 0.31267755681818177 0.57375 0.08575284090909084 0.04338461538461539
0 0.30632812499999995 0.6758461538461538 0.028338068181818166 0.03473076923076923
0 0.9679829545454546 0.47871153846153847 0.02335227272727273 0.039576923076923155
0 0.019893465909090913 0.24396153846153845 0.039786931818181805 0.05646153846153849
0 0.5705113636363637 0.3606538461538462 0.0546875 0.058653846153846154
0 0.18362215909090907 0.8780576923076924 0.03352272727272731 0.06407692307692306
0 0.38183238636363637 0.8954423076923077 0.03639204545454546 0.061384615384615385
0 0.8940411931818182 0.5245865384615385 0.03575284090909092 0.04694230769230774
0 0.14174715909090907 0.4901923076923076 0.04355113636363632 0.07292307692307695
0 0.3000710227272727 0.6409807692307692 0.042073863636363645 0.05
0 0.271015625 0.46463461538461537 0.04521306818181816 0.04692307692307688
0 0.4440909090909091 0.4200384615384616 0.05210227272727274 0.06942307692307696
0 0.1827769886363636 0.5950865384615385 0.03697443181818194 0.07163461538461538
0 0.4624573863636363 0.4694615384615385 0.04261363636363636 0.08400000000000007
0 0.9745596590909091 0.6027884615384616 0.03039772727272727 0.0496923076923077
0 0.5744957386363636 0.48667307692307693 0.04313920454545455 0.06826923076923076
0 0.8331107954545455 0.8452884615384616 0.03690340909090908 0.06157692307692307
0 0.6208309659090909 0.010711538461538384 0.07413352272727268 0.021423076923076895
0 0.8740980113636364 0.1637019230769231 0.03001420454545456 0.046711538461538395
0 0.9200426136363636 0.5205480769230769 0.022755681818181814 0.035942307692307746
0 0.8213139204545454 0.16125961538461542 0.0495028409090909 0.08325000000000005
0 0.5303835227272726 0.4850096153846154 0.03235795454545451 0.03867307692307695
0 0.029232954545454493 0.8996923076923077 0.03545454545454534 0.052500000000000005
0 0.47595170454545466 0.48307692307692307 0.03150568181818183 0.04976923076923076
0 0.010838068181818206 0.2811538461538461 0.021676136363636352 0.0577307692307692
0 0.28825994318181813 0.009365384615384609 0.025610795454545417 0.01873076923076925
0 0.18973721590909098 0.8618365384615385 0.027741477272727397 0.052519230769230776
0 0.8646875 0.1289134615384615 0.038238636363636364 0.07805769230769226
0 0.3998082386363637 0.6216826923076924 0.06600852272727269 0.10301923076923075
0 0.30126420454545455 0.6085961538461538 0.05446022727272724 0.03776923076923074
0 0.40263494318181825 0.914298076923077 0.0536789772727273 0.06917307692307692
0 0.8682741477272727 0.5001442307692308 0.0442471590909091 0.038403846153846205
0 0.5506818181818183 0.516423076923077 0.06999999999999997 0.09534615384615387
0 0.284580965909091 0.06774038461538467 0.028451704545454506 0.03198076923076922
0 0.25850852272727276 0.943451923076923 0.041136363636363686 0.060326923076923084
0 0.25436789772727275 0.11534615384615388 0.09174715909090914 0.06615384615384622
0 0.28207386363636366 0.49449999999999994 0.07022727272727272 0.04923076923076927
0 0.8842755681818182 0.7105961538461538 0.03897727272727272 0.07665384615384613
0 0.6765767045454545 0.022836538461538436 0.0615340909090909 0.04567307692307692
0 0.48436079545454547 0.723423076923077 0.05903409090909091 0.07007692307692308
0 0.5314772727272727 0.9167692307692308 0.08738636363636369 0.07973076923076924
0 0.47938210227272726 0.31389423076923084 0.04612215909090913 0.07224999999999998
0 0.36453125 0.6850096153846154 0.09042613636363632 0.09624999999999996
0 0.9276278409090909 0.5476826923076923 0.014090909090909083 0.043288461538461574
0 0.9493536931818182 0.6058173076923077 0.029389204545454548 0.0351346153846154
0 0.6159232954545455 0.42235576923076923 0.05491477272727276 0.05344230769230762
0 0.38780539772727274 0.8441923076923077 0.03646306818181821 0.06338461538461537
0 0.20339488636363645 0.8485 0.030198863636363784 0.06411538461538462
0 0.9777059659090909 0.9855961538461538 0.012940340909090908 0.028615384615384612
0 0.3207173295454545 0.01813461538461536 0.05035511363636362 0.03623076923076929
0 0.8265198863636364 0.20262500000000006 0.020568181818181822 0.033903846153846146
0 0.32205965909090917 0.05430769230769228 0.04809659090909093 0.044269230769230734
0 0.04001420454545468 0.8465769230769231 0.05031249999999994 0.0735
0 0.8440767045454545 0.22141346153846153 0.0415340909090909 0.038596153846153836
0 0.6904119318181818 0.1076442307692308 0.03335227272727271 0.05482692307692306
0 0.5971022727272728 0.38911538461538464 0.07610795454545452 0.044846153846153834
0 0.7632244318181818 0.008326923076922954 0.025880681818181817 0.016076923076923103
0 0.0996946022727272 0.6685192307692307 0.02302556818181807 0.045269230769230756
0 0.8962571022727273 0.5825096153846154 0.029730113636363634 0.07128846153846152
0 0.865859375 0.573576923076923 0.05038352272727273 0.08657692307692309
0 0.3162357954545455 0.09012500000000001 0.04772727272727276 0.05024999999999999
0 0.8616903409090909 0.5226442307692307 0.037329545454545456 0.02601923076923077
0 0.4487215909090909 0.7070096153846154 0.03681818181818184 0.057288461538461524
0 0.42509943181818177 0.8083653846153847 0.040653409090909094 0.09134615384615384
0 0.016022727272727244 0.19314423076923082 0.03204545454545447 0.06986538461538469
0 0.9152982954545454 0.5934326923076922 0.030624999999999993 0.057557692307692324
0 0.16827414772727256 0.6197307692307692 0.03526988636363642 0.05161538461538462
0 0.27050426136363626 0.5929134615384615 0.03169034090909091 0.053480769230769235
0 0.9458877840909091 0.5172019230769231 0.04089488636363637 0.08555769230769232
0 0.9074431818181818 0.6643846153846154 0.04647727272727273 0.06215384615384614
0 0.5315767045454546 0.4573846153846155 0.05744318181818182 0.04696153846153849
0 0.962237215909091 0.5648461538461538 0.03654829545454546 0.06357692307692309
0 0.4330326704545455 0.8528173076923077 0.022059659090909133 0.06632692307692307
0 0.497578125 0.4151346153846154 0.027002840909090896 0.030153846153846166
0 0.8421661931818182 0.16518269230769222 0.016491477272727272 0.03490384615384622
0 0.09892755681818177 0.022221153846153863 0.06819602272727271 0.04444230769230772
0 0.11681818181818182 0.3235096153846154 0.05431818181818183 0.09728846153846149
0 0.48678977272727275 0.37151923076923077 0.0508238636363636 0.06084615384615382
0 0.5227769886363637 0.9741153846153846 0.009048295454545462 0.014269230769230772
0 0.841377840909091 0.19217307692307695 0.024431818181818186 0.03226923076923072
0 0.8583238636363636 0.4827307692307692 0.011960227272727275 0.015999999999999986
0 0.6765553977272727 0.538701923076923 0.037940340909090924 0.06771153846153848
0 0.294346590909091 0.5882692307692308 0.038124999999999964 0.039038461538461564
0 0.2699786931818182 0.02151923076923079 0.016832386363636397 0.04303846153846153
0 0.9516974431818181 0.8309134615384616 0.018963068181818185 0.022903846153846146
0 0.2945738636363636 0.45797115384615383 0.04122159090909088 0.04213461538461543
