0 0.656953125 0.9788269230769231 0.014872159090909089 0.040769230769230766
0 0.17213778409090896 0.7727019230769231 0.023792613636363636 0.03525
0 0.92046875 0.304125 0.040511363636363644 0.04340384615384614
0 0.6097301136363636 0.09281730769230767 0.05389204545454549 0.07871153846153847
0 0.4240624999999999 0.1498173076923076 0.030653409090909068 0.07536538461538461
0 0.40257102272727263 0.08685576923076921 0.03488636363636364 0.07632692307692307
0 0.37844460227272725 0.15744230769230771 0.07328125000000005 0.08776923076923074
0 0.3622301136363636 0.10235576923076928 0.06693181818181819 0.10159615384615382
0 0.05167613636363633 0.6747211538461539 0.03346590909090901 0.03959615384615385
0 0.16846590909090908 0.40975961538461547 0.056363636363636456 0.07059615384615381
0 0.021377840909090895 0.43528846153846157 0.030653409090909148 0.06057692307692308
0 0.007279829545454586 0.4534038461538461 0.01444602272727283 0.06153846153846154
0 0.18794034090909084 0.7643942307692309 0.024914772727272837 0.026673076923076904
0 0.021548295454545396 0.5049230769230769 0.04227272727272726 0.08634615384615381
0 0.010447443181818228 0.5211346153846155 0.020781249999999994 0.07011538461538463
0 0.19100852272727276 0.5903076923076923 0.0288920454545455 0.07488461538461538
0 0.5130042613636363 0.8005096153846154 0.036093750000000036 0.04475000000000002
0 0.43040482954545456 0.34370192307692315 0.03134943181818181 0.058673076923076904
0 0.5396946022727273 0.8197788461538461 0.03762784090909092 0.06401923076923079
0 0.49597301136363636 0.7041346153846154 0.03762784090909092 0.028230769230769243
0 0.4934303977272727 0.7258173076923078 0.024417613636363713 0.03855769230769227
0 0.1182386363636364 0.6737307692307692 0.04017045454545451 0.05484615384615381
0 0.506143465909091 0.7302884615384615 0.02745738636363634 0.03234615384615383
0 0.19165482954545443 0.7847788461538462 0.022684659090908967 0.03825
0 0.44817471590909086 0.7633365384615385 0.023394886363636402 0.03786538461538461
0 0.46775568181818183 0.7213461538461539 0.030000000000000006 0.0612692307692308
0 0.7235582386363637 0.8462500000000001 0.022002840909090923 0.039999999999999994
0 0.9216832386363636 0.36632692307692305 0.021491477272727277 0.029576923076923067
0 0.7038210227272728 0.8480865384615385 0.028323863636363633 0.04448076923076922
0 0.6968892045454546 0.8805288461538462 0.032556818181818166 0.027750000000000014
0 0.8195525568181818 0.81075 0.015667613636363657 0.01957692307692309
0 0.7390838068181818 0.9578461538461538 0.03254261363636363 0.03876923076923077
0 0.08582386363636374 0.8865384615384615 0.05176136363636355 0.06603846153846155
0 0.07407670454545456 0.8953942307692307 0.06454545454545463 0.09824999999999999
0 0.16414062500000004 0.7900576923076923 0.019701704545454553 0.03473076923076923
0 0.23245738636363633 0.4861730769230769 0.025284090909090843 0.03423076923076914
0 0.25104403409090914 0.5178846153846154 0.014133522727272791 0.04934615384615378
0 0.06539062499999992 0.7266730769230769 0.04086647727272725 0.06057692307692308
0 0.24789062500000003 0.4725769230769231 0.03160511363636364 0.041269230769230836
0 0.922734375 0.39827884615384623 0.040525568181818176 0.0562884615384615
0 0.22149147727272733 0.4617596153846154 0.020454545454545423 0.02667307692307693
0 0.9433451704545455 0.3443846153846155 0.05072443181818182 0.0667692307692307
0 0.4682528409090909 0.23348076923076921 0.04193181818181824 0.06534615384615378
0 0.24955965909090916 0.4454038461538462 0.0386647727272726 0.05738461538461534
0 0.3172869318181818 0.8843173076923077 0.04721590909090911 0.06678846153846153
0 0.18068892045454532 0.8031538461538461 0.02825284090909089 0.02869230769230767
0 0.21502840909090903 0.5576249999999999 0.022329545454545494 0.028788461538461537
0 0.5373792613636363 0.08344230769230765 0.08470170454545455 0.15215384615384606
0 0.22314630681818182 0.43054807692307695 0.025980113636363586 0.03774999999999999
0 0.5073011363636364 0.07548076923076918 0.09102272727272726 0.15096153846153845
0 0.23367187499999997 0.44753846153846155 0.023423295454545467 0.033230769230769286
0 0.6547727272727273 0.6539038461538462 0.02889204545454546 0.02100000000000003
0 0.6667471590909091 0.6746538461538462 0.03451704545454543 0.047230769230769236
0 0.6555113636363636 0.6851730769230768 0.04579545454545452 0.06057692307692308
0 0.4869247159090908 0.2773653846153846 0.03981534090909095 0.06819230769230765
0 0.6512784090909092 0.6954326923076923 0.045795454545454556 0.058173076923076925
0 0.4604616477272727 0.7893173076923077 0.026406249999999964 0.031211538461538468
0 0.6179829545454545 0.6804038461538462 0.03769886363636363 0.06153846153846154
0 0.1481605113636365 0.5263076923076924 0.02862215909090906 0.05284615384615383
0 0.9084588068181818 0.3825384615384616 0.023252840909090907 0.03338461538461541
0 0.631903409090909 0.6470192307692307 0.038039772727272686 0.0491153846153846
0 0.2670809659090909 0.02480769230769231 0.05319602272727279 0.04961538461538464
0 0.48164062500000004 0.3322115384615385 0.032769886363636355 0.06057692307692308
0 0.16953125000000002 0.5504711538461539 0.03346590909090901 0.03071153846153846
0 0.615340909090909 0.1414326923076923 0.042982954545454574 0.061519230769230784
0 0.16972301136363643 0.573375 0.03234374999999998 0.031211538461538495
0 0.640184659090909 0.11209615384615379 0.05178977272727274 0.05246153846153852
0 0.0065056818181816745 0.7641442307692308 0.013011363636363592 0.03825
0 0.3188778409090909 0.9207980769230769 0.046846590909090935 0.07678846153846154
0 0.6496946022727272 0.896 0.06095170454545454 0.0491153846153846
0 0.41244318181818185 0.9828076923076923 0.05659090909090905 0.033615384615384616
0 0.1541051136363637 0.5831923076923077 0.017471590909090843 0.03473076923076923
0 0.4702911931818182 0.7571346153846155 0.027968749999999997 0.033730769230769245
0 0.0555255681818182 0.6999615384615385 0.04088068181818178 0.051038461538461526
0 0.4304829545454546 0.9435961538461538 0.07281249999999999 0.07888461538461539
0 0.13979403409090907 0.5806730769230769 0.015610795454545467 0.023653846153846123
0 0.5350142045454545 0.3193365384615384 0.05355113636363635 0.08728846153846151
0 0.16061079545454537 0.6005576923076923 0.037926136363636266 0.04126923076923079
0 0.858515625 0.5392596153846154 0.03254261363636363 0.07571153846153841
0 0.38035511363636365 0.49915384615384617 0.034517045454545474 0.05961538461538462
0 0.44745028409090903 0.9875192307692308 0.023423295454545467 0.024961538461538462
0 0.11183238636363635 0.023490384615384663 0.05173295454545465 0.04648076923076926
0 0.0939843749999999 0.03340384615384617 0.06546875000000005 0.06630769230769235
0 0.0115269886363637 0.7830192307692307 0.0230539772727273 0.03673076923076922
0 0.43443892045454546 0.5244326923076923 0.06095170454545458 0.07298076923076921
0 0.7673366477272727 0.8187211538461538 0.03271306818181818 0.03774999999999999
0 0.7671519886363636 0.8375961538461538 0.015241477272727259 0.028192307692307687
0 0.7729119318181819 0.8549615384615386 0.017102272727272716 0.035730769230769226
0 0.014126420454545374 0.9224423076923077 0.02825284090909089 0.07400000000000001
0 0.4556321022727272 0.8252980769230769 0.06061079545454548 0.09713461538461536
0 0.01431107954545463 0.8789134615384615 0.02862215909090906 0.038249999999999985
0 0.02490767045454556 0.8504711538461538 0.04981534090909098 0.0649423076923077
0 0.8857386363636364 0.41092307692307695 0.03488636363636364 0.05484615384615381
0 0.4506392045454546 0.3436634615384615 0.04826704545454548 0.061519230769230784
0 0.512997159090909 0.314326923076923 0.03698863636363639 0.08203846153846148
0 0.4104971590909091 0.4441153846153846 0.0253693181818182 0.05342307692307687
0 0.7550639204545455 0.8879423076923076 0.038678977272727295 0.057384615384615374
0 0.05681818181818177 0.6307019230769231 0.04326704545454551 0.06928846153846153
0 0.02587357954545455 0.6732307692307692 0.04933238636363639 0.049769230769230816
0 0.01784801136363645 0.8031538461538461 0.03569602272727272 0.040769230769230745
0 0.6764701704545455 0.009346153846153893 0.027144886363636343 0.018692307692307744
0 0.21597301136363645 0.5931442307692307 0.027997159090908982 0.04882692307692305
0 0.38470880681818176 0.26576923076923076 0.027514204545454553 0.08803846153846148
0 0.620987215909091 0.6274615384615385 0.047911931818181805 0.07965384615384619
0 0.6928480113636364 0.8397211538461539 0.045099431818181816 0.07775
0 0.49326704545454547 0.6403365384615385 0.020085227272727255 0.058673076923076904
0 0.3978196022727273 0.45007692307692304 0.023252840909090914 0.05103846153846158
0 0.4506605113636364 0.459125 0.05495738636363636 0.07298076923076932
0 0.99421875 0.896 0.011562500000000002 0.03769230769230769
0 0.43425426136363643 0.23729807692307692 0.03382102272727273 0.05674999999999998
0 0.9903409090909091 0.38206730769230757 0.019318181818181818 0.10971153846153849
0 0.639112215909091 0.9897884615384616 0.026775568181818213 0.020423076923076922
0 0.20844460227272732 0.41428846153846155 0.04686079545454547 0.05580769230769227
0 0.39970880681818177 0.2619711538461539 0.009389204545454565 0.03386538461538453
0 0.6937357954545454 0.3066923076923077 0.058835227272727254 0.07249999999999998
0 0.7087073863636364 0.3589326923076923 0.048607954545454544 0.07775000000000001
0 0.4089346590909091 0.23233653846153846 0.03471590909090909 0.03132692307692301
0 0.4027485795454546 0.5056442307692308 0.04367897727272727 0.07536538461538467
0 0.41315340909090914 0.2638750000000001 0.021874999999999967 0.046134615384615295
0 0.43237926136363636 0.28100961538461533 0.025326704545454524 0.03217307692307696
0 0.39642755681818187 0.29328846153846155 0.02157670454545454 0.02961538461538457
0 0.4379758522727273 0.4469711538461537 0.040866477272727325 0.07059615384615381
0 0.38454545454545463 0.31635576923076925 0.01593749999999996 0.034288461538461615
0 0.7491619318181818 0.012105769230769114 0.03792613636363635 0.024211538461538413
0 0.5049005681818182 0.6820865384615384 0.03769886363636366 0.050557692307692345
0 0.4215980113636363 0.4228846153846153 0.034872159090909106 0.058653846153846154
0 0.6002059659090909 0.059432692307692214 0.03660511363636361 0.06471153846153853
0 0.6200426136363637 0.014230769230769158 0.02846590909090904 0.028461538461538483
0 0.6302130681818182 0.02696153846153848 0.03457386363636364 0.05392307692307696
0 0.9188636363636363 0.8359038461538462 0.03065340909090909 0.05676923076923079
0 0.013196022727272716 0.38512499999999994 0.020454545454545423 0.03925000000000005
0 0.38883522727272724 0.4023653846153846 0.033465909090909095 0.06057692307692308
0 0.6551278409090908 0.013999999999999901 0.01931818181818181 0.027538461538461526
0 0.3715696022727273 0.4510192307692307 0.03558238636363638 0.12926923076923072
0 0.7729545454545454 0.01538461538461533 0.04164772727272726 0.03076923076923077
0 0.7097869318181818 0.03430769230769226 0.040170454545454544 0.053000000000000116
0 0.007066761363636376 0.06826923076923075 0.014133522727272791 0.03573076923076931
0 0.007805397727272734 0.038067307692307595 0.015610795454545467 0.030711538461538405
0 0.904765625 0.8032211538461539 0.037684659090909095 0.06486538461538462
0 0.010781249999999853 0.01840384615384616 0.02156249999999993 0.036807692307692284
0 0.6469176136363637 0.9649807692307693 0.017102272727272716 0.03223076923076923
0 0.1678622159090909 0.4830192307692307 0.026406250000000044 0.03876923076923082
0 0.17269886363636355 0.4565961538461538 0.021931818181818098 0.018115384615384537
0 0.14574573863636364 0.46062499999999995 0.03643465909090906 0.0342115384615385
0 0.13848721590909097 0.4895673076923077 0.03680397727272739 0.03371153846153841
0 0.8010227272727273 0.019413461538461574 0.051676136363636375 0.03882692307692307
0 0.9001065340909091 0.9554230769230769 0.0364346590909091 0.05234615384615384
0 0.6545383522727273 0.9362884615384616 0.046463068181818196 0.055384615384615386
0 0.7222017045454545 0.9845 0.04349431818181819 0.031000000000000003
0 0.6932031249999999 0.9829903846153846 0.048707386363636355 0.034019230769230774
0 0.6681107954545454 0.9807307692307692 0.02900568181818184 0.038538461538461535
0 0.8606889204545455 0.17025961538461531 0.05671875000000001 0.09348076923076915
0 0.5605255681818182 0.9887403846153846 0.01514204545454549 0.017173076923076923
0 0.5349857954545454 0.9781538461538462 0.04931818181818186 0.04369230769230769
0 0.6316903409090908 0.9365096153846154 0.036988636363636355 0.07774999999999999
0 0.6269318181818182 0.9798173076923077 0.031704545454545485 0.040365384615384615
0 0.7319247159090909 0.8136923076923077 0.023252840909090914 0.04484615384615386
0 0.07807528409090914 0.6244711538461538 0.02231534090909096 0.04882692307692305
0 0.808203125 0.1583269230769231 0.02782670454545453 0.09634615384615389
0 0.7187073863636364 0.8003365384615385 0.029943181818181796 0.05532692307692307
0 0.7451349431818182 0.6670192307692308 0.021491477272727266 0.03196153846153847
0 0.6528622159090909 0.6193557692307692 0.046150568181818195 0.058673076923076904
0 0.7551775568181818 0.7865 0.04933238636363635 0.05342307692307693
0 0.7495454545454545 0.8361057692307692 0.032414772727272716 0.04578846153846154
0 0.8191193181818182 0.19004807692307701 0.029232954545454545 0.04532692307692306
0 0.8272230113636364 0.14521153846153845 0.021491477272727266 0.05103846153846147
0 0.9123082386363637 0.983875 0.05072443181818182 0.03225
0 0.9609588068181818 0.9014903846153846 0.05495738636363636 0.05055769230769232
0 0.7059730113636364 0.08215384615384624 0.03967329545454546 0.06057692307692308
0 0.860518465909091 0.2637403846153846 0.03663352272727274 0.050557692307692345
0 0.8323295454545454 0.2572980769230768 0.057073863636363624 0.044365384615384605
0 0.8205681818181818 0.9425 0.055312499999999994 0.062000000000000006
0 0.6863991477272728 0.9564230769230769 0.03305397727272729 0.05369230769230769
0 0.03350852272727256 0.7345480769230769 0.026420454545454577 0.03624999999999999
0 0.41414062500000004 0.30500000000000005 0.022542613636363642 0.04434615384615385
0 0.4398579545454545 0.30380769230769233 0.028181818181818145 0.03815384615384611
0 0.39881392045454545 0.32908653846153846 0.03134943181818181 0.04482692307692297
0 0.5379829545454546 0.77625 0.030653409090909068 0.04246153846153846
0 0.7784303977272727 0.19099999999999995 0.02819602272727272 0.03100000000000001
0 0.1016903409090909 0.6257211538461538 0.0382954545454546 0.04528846153846156
0 0.6797798295454545 0.0347884615384616 0.02748579545454549 0.0476923076923076
0 0.6508948863636363 0.04243269230769231 0.034517045454545474 0.036250000000000046
0 0.6800355113636364 0.9068653846153846 0.03254261363636363 0.045423076923076934
0 0.4451420454545455 0.3219326923076923 0.023948863636363657 0.04005769230769228
0 0.4587073863636364 0.2995096153846154 0.027840909090909124 0.04578846153846154
0 0.44867187500000005 0.08225961538461535 0.04086647727272725 0.06724999999999995
0 0.5511860795454545 0.7283173076923077 0.0415767045454546 0.05532692307692307
0 0.5603551136363636 0.7600288461538461 0.03593750000000002 0.07298076923076921
0 0.30879971590909083 0.01620192307692314 0.03663352272727276 0.0324038461538462
0 0.34509232954545455 0.035278846153846244 0.04862215909090912 0.07055769230769231
0 0.13439630681818182 0.6325192307692308 0.053906250000000065 0.05588461538461539
0 0.3287073863636363 0.021451923076923007 0.03417613636363637 0.04290384615384616
0 0.31620028409090917 0.054115384615384565 0.05143465909090906 0.05580769230769227
0 0.4243607954545454 0.08273076923076916 0.027471590909090956 0.05961538461538462
0 0.9332670454545454 0.6357788461538462 0.047556818181818186 0.035288461538461526
0 0.9480681818181819 0.6663076923076923 0.02994318181818182 0.03815384615384616
0 0.9727130681818181 0.648423076923077 0.054573863636363636 0.06057692307692308
0 0.0051349431818181746 0.40548076923076926 0.010269886363636389 0.05342307692307698
0 0.9788778409090909 0.6868173076923076 0.04224431818181818 0.04675000000000001
0 0.9342045454545455 0.6763942307692308 0.062357954545454536 0.08490384615384616
0 0.8353835227272728 0.2929038461538461 0.060596590909090906 0.044846153846153945
0 0.28294034090909104 0.9084038461538462 0.055312499999999994 0.10826923076923077
0 0.8197088068181818 0.31389423076923084 0.04896306818181818 0.04294230769230766
0 0.7989204545454546 0.29291346153846154 0.03417613636363637 0.06009615384615385
0 0.19752840909090896 0.4548365384615385 0.029232954545454604 0.028134615384615376
0 0.16757812500000002 0.4336153846153846 0.036292613636363574 0.03242307692307695
0 0.01870028409090907 0.6969038461538462 0.03740056818181824 0.06392307692307689
0 0.5287642045454546 0.7065384615384616 0.036107954545454485 0.03165384615384617
0 0.04092329545454543 0.7849038461538462 0.03522727272727282 0.07488461538461538
0 0.011129261363636456 0.7231442307692308 0.02225852272727267 0.055326923076923044
0 0.01978693181818192 0.7517596153846154 0.023948863636363657 0.05055769230769229
0 0.03405539772727273 0.3964134615384616 0.044048295454545444 0.09825000000000006
0 0.47961647727272727 0.8066730769230769 0.029744318181818177 0.03473076923076923
0 0.951825284090909 0.7608173076923077 0.07504261363636364 0.05913461538461538
0 0.9312073863636363 0.789201923076923 0.0528409090909091 0.04436538461538463
0 0.8686789772727272 0.986423076923077 0.023607954545454553 0.02576923076923077
0 0.48376420454545466 0.8769230769230769 0.0244034090909091 0.02684615384615385
0 0.8526420454545455 0.9673365384615384 0.031704545454545464 0.036250000000000004
0 0.8345028409090909 0.9843846153846154 0.050369318181818196 0.03123076923076923
0 0.8434872159090909 0.32915384615384613 0.05424715909090909 0.04673076923076925
0 0.4982599431818181 0.8869038461538461 0.033053977272727325 0.03165384615384617
0 0.49215909090909093 0.8559230769230769 0.01678977272727272 0.03165384615384617
0 0.8896377840909091 0.3205769230769231 0.03524147727272726 0.03434615384615387
0 0.8452982954545455 0.5024230769230769 0.03863636363636364 0.054384615384615385
0 0.8480681818181819 0.34632692307692314 0.03803977272727273 0.05723076923076932
0 0.8676207386363637 0.34632692307692314 0.02782670454545453 0.061038461538461444
0 0.4571803977272727 0.11070192307692306 0.05390624999999998 0.10494230769230779
0 0.8901704545454545 0.35205769230769235 0.02289772727272726 0.04388461538461537
0 0.5165696022727273 0.8641826923076923 0.03203125000000002 0.052326923076923076
0 0.4913920454545454 0.8280480769230769 0.015255681818181831 0.03098076923076923
0 0.45698153409090914 0.26949999999999996 0.02995738636363633 0.03338461538461541
0 0.9088352272727273 0.3458557692307693 0.02713068181818182 0.041980769230769203
0 0.87625 0.37948076923076934 0.04156250000000001 0.04149999999999997
0 0.510205965909091 0.833548076923077 0.022372159090909092 0.02959615384615385
