0 0.6005894886363636 0.9946730769230769 0.02467329545454546 0.010653846153846154
0 0.12198153409090906 0.6024038461538461 0.056008522727272816 0.07103846153846154
0 0.654765625 0.8181346153846154 0.05018465909090907 0.09196153846153847
0 0.982421875 0.43643269230769244 0.03515625 0.07582692307692308
0 0.8571448863636364 0.35097115384615385 0.056903409090909074 0.09113461538461536
0 0.2535866477272727 0.7396346153846154 0.1165198863636364 0.1763076923076923
0 0.6110866477272727 0.19463461538461546 0.04464488636363637 0.05726923076923083
0 0.97578125 0.6327692307692308 0.020767045454545455 0.028115384615384625
0 0.20189630681818183 0.542375 0.02154829545454556 0.036057692307692304
0 0.6451491477272727 0.32672115384615386 0.10220170454545457 0.13255769230769232
0 0.9184019886363637 0.9848653846153846 0.07049715909090909 0.03026923076923077
0 0.6367045454545455 0.7659423076923076 0.037329545454545414 0.05219230769230769
0 0.7684019886363636 0.8607692307692307 0.06657670454545452 0.07053846153846152
0 0.6384090909090909 0.2745192307692308 0.03855113636363634 0.04473076923076921
0 0.924765625 0.595548076923077 0.09151988636363638 0.06982692307692308
0 0.7153693181818181 0.2821346153846155 0.046988636363636344 0.0970384615384615
0 0.9693892045454545 0.459125 0.06122159090909091 0.09225000000000005
0 0.4381605113636363 0.18136538461538465 0.025383522727272734 0.04284615384615379
0 0.7872088068181818 0.8005961538461539 0.05561079545454546 0.07423076923076923
0 0.41102982954545453 0.9530288461538462 0.037201704545454545 0.03551923076923077
0 0.009794034090909065 0.9572692307692308 0.01958806818181813 0.030230769230769228
0 0.6091761363636363 0.81275 0.03855113636363634 0.06296153846153846
0 0.8540482954545454 0.8473461538461539 0.05875000000000002 0.09211538461538461
0 0.6507173295454546 0.5539326923076924 0.08714488636363636 0.12063461538461537
0 0.05979403409090911 0.9486153846153846 0.03759943181818186 0.08907692307692308
0 0.38479403409090907 0.9267788461538462 0.028593749999999994 0.03605769230769231
0 0.5251278409090909 0.34769230769230763 0.047130681818181745 0.1292307692307692
0 0.16270596590909103 0.5530961538461538 0.07089488636363632 0.10923076923076926
0 0.6245241477272727 0.5075384615384615 0.02203124999999999 0.04638461538461534
0 0.7002059659090909 0.8111346153846154 0.02299715909090909 0.03115384615384616
0 0.74671875 0.82075 0.048465909090909094 0.06496153846153846
0 0.5743963068181819 0.3385769230769231 0.052627840909090846 0.10273076923076915
0 0.005092329545454577 0.9861923076923077 0.010184659090909032 0.027615384615384615
0 0.4224786931818181 0.9291826923076923 0.057769886363636384 0.06363461538461537
0 0.5188494318181818 0.22981730769230768 0.16176136363636362 0.17444230769230776
0 0.10163352272727266 0.36950961538461535 0.045028409090908994 0.10074999999999998
0 0.5036789772727273 0.6810384615384615 0.06227272727272724 0.08323076923076923
0 0.7705965909090909 0.6468173076923076 0.10105113636363634 0.07371153846153843
0 0.9162571022727273 0.7791057692307692 0.07401988636363638 0.09278846153846157
0 0.7178267045454545 0.812125 0.033778409090909095 0.04771153846153844
0 0.7966619318181818 0.9559230769230769 0.0728125 0.0878076923076923
0 0.04353693181818197 0.9175961538461539 0.048181818181818124 0.04930769230769231
0 0.436924715909091 0.9049903846153846 0.058252840909090976 0.052365384615384626
0 0.4614985795454545 0.046471153846153745 0.05703125000000005 0.09290384615384616
0 0.40703835227272733 0.6389326923076923 0.02183238636363637 0.034480769230769245
0 0.5968394886363637 0.05717307692307694 0.07294034090909095 0.11399999999999995
0 0.6244673295454546 0.8458846153846153 0.04467329545454548 0.07457692307692308
0 0.5388849431818181 0.20183653846153848 0.05126420454545459 0.07432692307692303
0 0.6891406250000001 0.4333173076923077 0.15029829545454546 0.16967307692307695
0 0.634190340909091 0.3102307692307692 0.02821022727272725 0.033923076923076896
0 0.828934659090909 0.36505769230769236 0.11505681818181818 0.10273076923076926
0 0.6495099431818181 0.4625865384615385 0.03759943181818186 0.053557692307692355
0 0.27415482954545456 0.5341442307692308 0.03055397727272726 0.04294230769230766
0 0.9921022727272727 0.6317115384615385 0.015795454545454543 0.030230769230769228
0 0.8960866477272728 0.6420576923076924 0.021150568181818184 0.024384615384615397
0 0.4035653409090909 0.6302115384615385 0.07110795454545454 0.11103846153846156
0 0.2805397727272727 0.8276538461538462 0.05323863636363639 0.07788461538461539
0 0.8332741477272727 0.31409615384615397 0.04589488636363637 0.04392307692307688
0 0.6119247159090908 0.762201923076923 0.051406249999999994 0.04971153846153848
0 0.9088494318181818 0.6524423076923076 0.0565625 0.059576923076923055
0 0.5808380681818182 0.6200673076923078 0.11710227272727272 0.08536538461538459
0 0.7718821022727272 0.5638846153846153 0.18163352272727273 0.16569230769230775
0 0.1801562499999999 0.5452884615384616 0.03994318181818182 0.032346153846153886
0 0.7913423295454546 0.4476826923076923 0.0788210227272727 0.10671153846153848
0 0.3622727272727273 0.5109711538461539 0.09889204545454545 0.17363461538461536
0 0.5622088068181819 0.9527692307692308 0.02467329545454546 0.05407692307692307
0 0.9213494318181819 0.8520192307692307 0.05286931818181819 0.08484615384615385
0 0.6894318181818182 0.7591057692307692 0.05923295454545457 0.20017307692307693
0 0.8510653409090909 0.45198076923076913 0.07000000000000002 0.06626923076923073
0 0.8160582386363636 0.9150192307692308 0.05569602272727272 0.07788461538461539
