0 0.5937357954545455 0.6064615384615385 0.03372159090909092 0.05634615384615382
0 0.3685866477272728 0.784923076923077 0.055241477272727255 0.0573076923076923
0 0.7001491477272728 0.19001923076923077 0.036321022727272716 0.06346153846153846
0 0.5579261363636363 0.14277884615384617 0.03781249999999992 0.07228846153846159
0 0.7616761363636364 0.2947211538461538 0.03281250000000003 0.03490384615384611
0 0.8520099431818182 0.7206826923076923 0.03771306818181818 0.06821153846153843
0 0.5453125 0.027000000000000024 0.04210227272727279 0.051192307692307704
0 0.13129971590909084 0.28721153846153846 0.03779829545454547 0.05161538461538457
0 0.11717329545454547 0.22495192307692313 0.046875 0.03801923076923085
0 0.5889630681818181 0.16757692307692307 0.02786931818181819 0.046500000000000014
0 0.9358522727272727 0.6416057692307693 0.034318181818181824 0.04578846153846154
0 0.7770383522727273 0.5004423076923077 0.04723011363636364 0.06961538461538465
0 0.36821022727272734 0.8291346153846154 0.05619318181818182 0.05003846153846153
0 0.6305610795454545 0.2976923076923076 0.018536931818181834 0.05423076923076921
0 0.42549005681818175 0.009019230769230835 0.049616477272727284 0.01803846153846153
0 0.5735014204545454 0.1341826923076923 0.025184659090909115 0.057480769230769314
0 0.4604616477272727 0.013471153846153827 0.020326704545454547 0.026942307692307675
0 0.3786931818181819 0.9630673076923078 0.037073863636363585 0.038634615384615385
0 0.35434659090909093 0.987875 0.04877840909090905 0.024249999999999997
0 0.31750710227272727 0.9862692307692308 0.035440340909090894 0.02746153846153846
0 0.2865056818181818 0.488798076923077 0.03642045454545453 0.08528846153846152
0 0.1708451704545454 0.7620480769230769 0.04723011363636364 0.08540384615384615
0 0.25758522727272715 0.47495192307692313 0.03568181818181819 0.060942307692307685
0 0.44058238636363634 0.9661153846153846 0.032244318181818166 0.04219230769230769
0 0.27540482954545453 0.5350865384615384 0.03785511363636369 0.06467307692307692
0 0.2351491477272727 0.4928076923076923 0.03410511363636362 0.05330769230769236
0 0.14426136363636355 0.2422692307692308 0.02755681818181815 0.0719615384615385
0 0.11353693181818192 0.2629807692307692 0.03826704545454537 0.04296153846153852
0 0.3007599431818182 0.6824903846153846 0.0185653409090909 0.028673076923076916
0 0.11571022727272728 0.010692307692307557 0.01582386363636362 0.021384615384615394
0 0.024893465909091028 0.9340961538461539 0.01657670454545449 0.024346153846153847
0 0.8637784090909091 0.7754230769230769 0.018437500000000006 0.019923076923076922
0 0.3291761363636364 0.9641057692307692 0.021874999999999967 0.03051923076923077
0 0.0872230113636363 0.7953749999999999 0.04018465909090904 0.05244230769230771
0 0.40708096590909093 0.9946442307692308 0.01978693181818183 0.010711538461538462
0 0.0851207386363636 0.7141634615384616 0.041605113636363746 0.06701923076923076
0 0.1456889204545455 0.7451923076923077 0.04663352272727279 0.051807692307692305
0 0.29190340909090906 0.7821730769230769 0.04346590909090904 0.07399999999999998
0 0.013117897727272787 0.8223365384615384 0.026235795454545494 0.09567307692307692
0 0.5808167613636364 0.5367692307692308 0.025838068181818177 0.039346153846153864
0 0.42639204545454545 0.4877211538461539 0.04698863636363642 0.0684807692307692
0 0.1668536931818182 0.9088461538461539 0.03444602272727273 0.07153846153846155
0 0.45403409090909086 0.5064134615384615 0.04693181818181821 0.05244230769230771
0 0.11566051136363631 0.8891057692307692 0.04612215909090897 0.06313461538461539
0 0.2651491477272727 0.9868076923076923 0.048792613636363585 0.026384615384615385
0 0.12893465909090907 0.9051346153846154 0.045852272727272686 0.06800000000000002
0 0.12983664772727266 0.9528076923076924 0.03285511363636363 0.055
0 0.14870738636363645 0.9245 0.026846590909090876 0.03807692307692307
0 0.15502130681818183 0.9678846153846153 0.04879261363636351 0.06003846153846154
0 0.029232954545454493 0.9848653846153846 0.040312499999999994 0.03026923076923077
0 0.3829829545454545 0.4333269230769231 0.04914772727272731 0.06457692307692305
0 0.7072585227272727 0.8529326923076923 0.02690340909090909 0.07236538461538464
0 0.00922585227272732 0.9455384615384615 0.01845170454545456 0.051961538461538455
0 0.8063565340909091 0.8297980769230769 0.03822443181818181 0.038019230769230764
0 0.7725497159090909 0.5112692307692308 0.03478693181818183 0.04273076923076923
0 0.9780184659090909 0.5396826923076923 0.04396306818181818 0.07721153846153847
0 0.9339701704545454 0.3738365384615384 0.05058238636363637 0.0806346153846154
0 0.6846661931818181 0.5717403846153846 0.03839488636363637 0.053903846153846156
0 0.6457386363636364 0.3524711538461538 0.042329545454545474 0.06409615384615382
0 0.19250710227272727 0.056951923076923094 0.025468750000000092 0.035442307692307704
0 0.47642755681818183 0.2106634615384615 0.03228693181818176 0.06313461538461536
0 0.3324005681818182 0.46805769230769223 0.04985795454545458 0.07673076923076919
0 0.19416903409090902 0.14367307692307696 0.01813920454545468 0.02226923076923074
0 0.8148224431818182 0.8733557692307692 0.04998579545454547 0.06451923076923076
0 0.10156960227272727 0.10381730769230768 0.036576704545454544 0.056326923076923115
0 0.7365127840909091 0.7014134615384615 0.04021306818181818 0.08013461538461536
0 0.8795667613636364 0.7220480769230769 0.04029829545454546 0.04855769230769231
0 0.8408309659090909 0.7605096153846154 0.03862215909090911 0.07982692307692306
0 0.7592826704545454 0.958798076923077 0.04555397727272726 0.07236538461538462
0 0.9680539772727272 0.7866346153846153 0.04053977272727272 0.06215384615384614
0 0.7677130681818182 0.8670865384615385 0.05380681818181818 0.047942307692307694
0 0.17510653409090926 0.5537692307692308 0.022230113636363603 0.028653846153846165
0 0.16732954545454537 0.6336538461538461 0.03252840909090906 0.04273076923076928
0 0.6043181818181818 0.5503653846153846 0.041249999999999946 0.04807692307692308
0 0.6459303977272728 0.5855865384615384 0.06779829545454544 0.08936538461538461
0 0.6667258522727273 0.5129711538461539 0.03981534090909087 0.09663461538461539
0 0.6335511363636364 0.5003461538461539 0.07389204545454547 0.09373076923076924
0 0.23685369318181815 0.5387115384615384 0.039559659090908965 0.0713846153846154
0 0.20007102272727262 0.5015865384615384 0.04204545454545458 0.07036538461538468
0 0.19985795454545463 0.5346346153846153 0.0394602272727274 0.06888461538461532
0 0.8630894886363636 0.6784807692307693 0.051406249999999994 0.059961538461538476
0 0.9174573863636364 0.6732403846153847 0.0455965909090909 0.03351923076923078
0 0.989815340909091 0.8111826923076924 0.020369318181818183 0.05382692307692309
0 0.056725852272727195 0.48766346153846163 0.03299715909090895 0.047211538461538485
0 0.8079616477272727 0.4938269230769231 0.036321022727272716 0.055538461538461474
0 0.9491619318181819 0.7317115384615385 0.05389204545454545 0.04900000000000001
0 0.984140625 0.7543076923076923 0.03171875 0.07069230769230768
0 0.875809659090909 0.7997692307692308 0.04357954545454545 0.03696153846153846
0 0.8366619318181818 0.7947788461538461 0.04451704545454546 0.04378846153846153
0 0.23318181818181816 0.2867980769230769 0.03514204545454547 0.06663461538461535
0 0.7101136363636363 0.04723076923076919 0.0703125 0.0571153846153847
0 0.4499289772727273 0.07499999999999996 0.08664772727272728 0.05553846153846153
0 0.7575710227272727 0.3994326923076923 0.06210227272727273 0.11421153846153843
0 0.8747514204545455 0.23205769230769224 0.029303977272727266 0.046000000000000034
0 0.11394176136363621 0.5549807692307692 0.047713068181818225 0.06992307692307695
0 0.8056107954545455 0.21619230769230757 0.05272727272727271 0.04919230769230766
0 0.581796875 0.2701346153846155 0.036321022727272716 0.09361538461538463
0 0.62046875 0.04168269230769217 0.05977272727272729 0.06505769230769227
0 0.26482244318181813 0.16622115384615388 0.04217329545454537 0.08567307692307684
0 0.18388494318181825 0.21780769230769226 0.03515625 0.026923076923076925
0 0.41553267045454545 0.25348076923076923 0.04830965909090916 0.08249999999999996
0 0.34919034090909085 0.11624999999999996 0.05625000000000003 0.08726923076923077
0 0.6128480113636363 0.24157692307692313 0.03515625 0.05553846153846153
0 0.19802556818181816 0.18684615384615388 0.028124999999999935 0.06346153846153846
0 0.6854971590909091 0.16780769230769232 0.0234375 0.06661538461538459
0 0.017244318181818152 0.4737211538461539 0.034488636363636326 0.0884038461538461
0 0.7880397727272728 0.1035576923076924 0.048039772727272716 0.04919230769230766
0 0.7042542613636364 0.2423653846153846 0.044531249999999994 0.06346153846153846
0 0.647421875 0.1947788461538461 0.026946022727272725 0.04124999999999998
0 0.665 0.19080769230769234 0.0199147727272727 0.06503846153846153
0 0.6608948863636364 0.04089423076923071 0.04920454545454547 0.03490384615384611
0 0.7159730113636363 0.00933653846153848 0.05859375 0.018673076923076883
0 0.4332102272727273 0.03319230769230763 0.05321022727272724 0.029038461538461582
0 0.45426846590909087 0.2598269230769231 0.0297017045454545 0.04442307692307697
0 0.4364914772727272 0.21344230769230776 0.03008522727272728 0.058192307692307675
0 0.16928977272727286 0.190951923076923 0.03392045454545454 0.07155769230769227
0 0.31590198863636365 0.7392884615384616 0.04126420454545456 0.06265384615384617
0 0.6034730113636364 0.30662500000000004 0.04453124999999995 0.07140384615384615
0 0.4909872159090909 0.16091346153846153 0.03984375000000002 0.058211538461538426
0 0.8173295454545454 0.09959615384615372 0.04335227272727274 0.0380769230769231
0 0.9450639204545455 0.03930769230769238 0.04100852272727273 0.07296153846153845
0 0.7833451704545454 0.15194230769230765 0.041008522727272734 0.04442307692307697
0 0.5924857954545455 0.1218076923076924 0.03213068181818182 0.057115384615384596
0 0.7640198863636364 0.2693461538461539 0.028125000000000015 0.03173076923076923
0 0.10806818181818167 0.2848653846153846 0.04639204545454541 0.08192307692307697
0 0.4915696022727273 0.04106730769230771 0.04805397727272733 0.08213461538461535
0 0.5452627840909091 0.06415384615384623 0.041491477272727326 0.04865384615384617
