0 0.33115767045454547 0.4204134615384616 0.020127840909090932 0.03140384615384612
0 0.07084517045454541 0.7606826923076924 0.023536931818181728 0.03048076923076925
0 0.4597798295454546 0.05966346153846147 0.016036931818181766 0.028634615384615467
0 0.06641335227272727 0.6832403846153846 0.019446022727272805 0.024019230769230786
0 0.6436860795454545 0.9808557692307692 0.018764204545454518 0.02309615384615385
0 0.18905539772727276 0.16120192307692305 0.015696022727272663 0.024480769230769264
0 0.4771803977272727 0.056201923076923066 0.016718749999999973 0.02725000000000003
0 0.41211647727272727 0.9899615384615384 0.01872159090909092 0.020076923076923076
0 0.2767400568181819 0.4202596153846154 0.01910511363636362 0.029557692307692316
0 0.4358522727272728 0.30054807692307683 0.020454545454545503 0.02486538461538463
0 0.1421519886363637 0.9284326923076923 0.01603693181818193 0.027249999999999996
0 0.9417400568181818 0.7162980769230769 0.019446022727272725 0.026326923076923074
0 0.036384943181818175 0.4772211538461538 0.02080965909090922 0.028634615384615467
0 0.4618394886363636 0.3237692307692308 0.019758522727272684 0.02346153846153844
0 0.6503267045454546 0.8778173076923077 0.024971590909090926 0.027365384615384625
0 0.8660582386363637 0.144798076923077 0.013167613636363651 0.010788461538461564
0 0.7459090909090909 0.008682692307692252 0.022187500000000006 0.017365384615384564
0 0.7148011363636364 0.4297884615384615 0.016278409090909062 0.018769230769230753
0 0.7062428977272728 0.4660096153846154 0.015355113636363639 0.02309615384615383
0 0.6322301136363637 0.876875 0.011789772727272744 0.017865384615384613
0 0.11075994318181803 0.2876826923076924 0.020127840909090852 0.024942307692307635
0 0.8651917613636364 0.1593365384615385 0.013508522727272715 0.02017307692307694
0 0.1539133522727273 0.9152596153846154 0.0191051136363637 0.030480769230769235
0 0.9625568181818182 0.049634615384615444 0.0128125 0.018769230769230753
0 0.7853196022727273 0.801125 0.018423295454545453 0.02817307692307691
0 0.9844815340909091 0.0294326923076923 0.02251420454545455 0.030019230769230795
0 0.44272017045454537 0.8169519230769231 0.019446022727272725 0.028173076923076933
0 0.01605113636363631 0.6147019230769231 0.01386363636363635 0.020173076923076887
0 0.8932244318181818 0.969875 0.03198863636363638 0.06025
0 0.8924502840909091 0.5790288461538462 0.01910511363636364 0.026788461538461553
0 0.09489346590909098 0.5232596153846154 0.014332386363636408 0.02309615384615383
0 0.5106178977272728 0.05220192307692306 0.02080965909090914 0.029096153846153838
0 0.6361505681818183 0.1906826923076923 0.02076704545454542 0.02544230769230762
0 0.29414062500000004 0.41656730769230776 0.01910511363636362 0.025865384615384592
0 0.06213778409090909 0.727798076923077 0.015014204545454456 0.026326923076923074
0 0.34105823863636364 0.12132692307692317 0.02080965909090914 0.0291153846153847
0 0.217372159090909 0.7276153846153847 0.01386363636363635 0.021115384615384595
0 0.6440696022727272 0.5987403846153846 0.015014204545454575 0.02309615384615383
0 0.09955255681818187 0.8294711538461539 0.019105113636363538 0.02540384615384617
0 0.8788849431818182 0.9684807692307692 0.01740056818181818 0.020769230769230766
0 0.7915482954545454 0.6879711538461539 0.019403409090909127 0.025326923076923108
0 0.44665482954545466 0.10862499999999997 0.01910511363636362 0.025865384615384592
0 0.5757883522727273 0.8893173076923077 0.013991477272727225 0.022634615384615378
0 0.5416690340909092 0.33988461538461545 0.020127840909090932 0.02865384615384611
0 0.5000497159090909 0.8694519230769231 0.018764204545454518 0.026326923076923085
0 0.007017045454545512 0.5692980769230769 0.014034090909090902 0.020326923076923065
0 0.263096590909091 0.9917019230769231 0.019119318181818234 0.01525
0 0.5824928977272728 0.9824326923076923 0.018764204545454518 0.02309615384615385
0 0.2629261363636364 0.3659038461538461 0.017386363636363648 0.026807692307692303
0 0.05787642045454544 0.6666057692307692 0.020127840909091012 0.026788461538461553
0 0.37517755681818177 0.22649038461538462 0.022173295454545473 0.02725000000000003
0 0.6221803977272726 0.05797115384615381 0.021491477272727266 0.033250000000000036
0 0.7522230113636363 0.466721153846154 0.01978693181818183 0.026326923076923074
0 0.5916974431818183 0.597125 0.02080965909090906 0.026326923076923074
0 0.4788849431818182 0.11701923076923082 0.018764204545454598 0.03373076923076927
0 0.04223721590909091 0.9103749999999999 0.01637784090909087 0.02678846153846154
0 0.9048650568181819 0.2647307692307692 0.01663352272727273 0.0220384615384615
0 0.828046875 0.8549326923076923 0.019446022727272746 0.02494230769230769
0 0.10581676136363638 0.13802884615384614 0.015696022727272663 0.025865384615384592
0 0.979190340909091 0.4807596153846154 0.020454545454545458 0.02721153846153842
0 0.33508522727272727 0.3466634615384615 0.016363636363636417 0.025865384615384592
0 0.11144176136363637 0.006971153846153877 0.01808238636363639 0.013942307692307693
0 0.6553338068181818 0.4745673076923076 0.01978693181818183 0.029096153846153838
0 0.4916477272727273 0.7895288461538461 0.02113636363636363 0.022980769230769235
0 0.21823153409090912 0.34026923076923077 0.016718749999999973 0.03188461538461546
0 0.7082954545454545 0.7185096153846153 0.020142045454545423 0.02771153846153851
0 0.5335298295454546 0.627375 0.01910511363636362 0.023096153846153884
0 0.015745738636363638 0.7104134615384616 0.015014204545454617 0.021711538461538445
0 0.24586647727272715 0.9892692307692308 0.020823863636363592 0.021461538461538462
0 0.03041903409090907 0.7090288461538461 0.015696022727272826 0.026326923076923074
0 0.016470170454545463 0.7299230769230769 0.016036931818181766 0.018461538461538505
0 0.4374076704545454 0.1620673076923076 0.022173295454545473 0.029096153846153838
0 0.014936079545454506 0.7488557692307692 0.017059659090909077 0.020326923076923065
0 0.44750710227272716 0.6352692307692307 0.020127840909090932 0.028192307692307687
0 0.2902201704545454 0.08799038461538455 0.016036931818181766 0.022173076923076872
0 0.9326207386363636 0.47716346153846156 0.020468750000000004 0.025403846153846225
0 0.2509872159090908 0.3358749999999999 0.02080965909090906 0.02771153846153851
0 0.10018465909090901 0.2987788461538462 0.020142045454545385 0.0277115384615384
0 0.7709872159090909 0.7946634615384616 0.01978693181818183 0.029096153846153865
0 0.018302556818181825 0.3710673076923078 0.016718749999999973 0.026326923076923074
0 0.05174005681818172 0.4848365384615385 0.022173295454545473 0.02725000000000003
0 0.08568892045454557 0.9076442307692307 0.017059659090909077 0.01986538461538461
0 0.9580539772727272 0.018124999999999947 0.015596590909090914 0.02017307692307705
0 0.15124289772727273 0.8349326923076923 0.016718749999999973 0.026788461538461525
0 0.6498224431818183 0.9619134615384616 0.01808238636363635 0.020326923076923076
0 0.6592045454545454 0.9778461538461538 0.014318181818181836 0.018923076923076928
0 0.8747159090909091 0.8548269230769231 0.019403409090909086 0.026269230769230763
0 0.576640625 0.9344326923076923 0.015696022727272742 0.01801923076923077
0 0.8613991477272727 0.2152115384615384 0.01978693181818183 0.02865384615384622
0 0.4176491477272727 0.46545192307692307 0.015014204545454535 0.025403846153846114
0 0.054467329545454635 0.3137788461538461 0.018764204545454598 0.02725000000000003
0 0.20492187500000003 0.33725961538461535 0.016718749999999973 0.02309615384615383
0 0.657549715909091 0.5936634615384615 0.014673295454545472 0.020326923076923117
0 0.43334517045454557 0.46499038461538467 0.01978693181818183 0.029096153846153838
0 0.29257102272727276 0.8485673076923077 0.019403409090909127 0.02344230769230769
0 0.23193181818181818 0.6240096153846154 0.020795454545454527 0.02344230769230774
0 0.8251491477272728 0.30974038461538456 0.017741477272727287 0.02309615384615383
0 0.5877769886363635 0.6176826923076923 0.01978693181818183 0.02494230769230769
0 0.43061789772727266 0.9702211538461538 0.021150568181818243 0.027711538461538465
0 0.6344673295454545 0.025644230769230836 0.024900568181818225 0.024942307692307635
0 0.8581605113636364 0.8207596153846154 0.019446022727272725 0.02586538461538462
0 0.7596377840909091 0.2843269230769231 0.01978693181818183 0.03419230769230775
0 0.7894957386363637 0.6037307692307692 0.02012784090909089 0.030961538461538506
0 0.9400355113636364 0.09426923076923077 0.0201278409090909 0.026346153846153825
0 0.8237855113636363 0.8771057692307692 0.02183238636363637 0.030480769230769235
0 0.31905539772727276 0.04557692307692307 0.018423295454545494 0.02819230769230763
0 0.8468963068181818 0.505048076923077 0.022855113636363642 0.029096153846153838
0 0.06179687499999997 0.0685865384615385 0.01978693181818191 0.029557692307692316
0 0.8356392045454546 0.11550961538461535 0.022869318181818196 0.02817307692307688
0 0.43607244318181815 0.12387499999999996 0.02387784090909091 0.02771153846153851
0 0.035532670454545445 0.37306730769230767 0.0191051136363637 0.025403846153846225
0 0.24552556818181803 0.9599903846153847 0.022187500000000006 0.026326923076923074
0 0.05139914772727261 0.8965480769230769 0.01944602272727264 0.024480769230769226
0 0.8098792613636363 0.4272211538461538 0.01978693181818183 0.02955769230769221
0 0.13395596590909098 0.3063942307692309 0.013991477272727305 0.025403846153846114
0 0.00599431818181817 0.7279519230769231 0.01198863636363644 0.025403846153846114
0 0.22232244318181815 0.575451923076923 0.018764204545454598 0.03140384615384618
0 0.9324502840909091 0.5023365384615386 0.022173295454545452 0.026788461538461553
0 0.17165482954545463 0.5412788461538461 0.018423295454545494 0.02309615384615383
0 0.6245738636363637 0.7139519230769231 0.019460227272727258 0.023557692307692307
0 0.30182528409090914 0.7662980769230769 0.020127840909090932 0.02725000000000003
0 0.3555610795454546 0.2751442307692308 0.01637784090909087 0.023557692307692307
0 0.7355894886363636 0.7011923076923077 0.016718750000000015 0.019846153846153833
0 0.20236505681818173 0.17137500000000006 0.01978693181818175 0.025403846153846225
0 0.1718323863636364 0.3017788461538461 0.013977272727272772 0.025403846153846114
0 0.6368536931818182 0.17245192307692303 0.017684659090909074 0.014057692307692313
0 0.11912642045454547 0.302701923076923 0.018423295454545494 0.030019230769230687
0 0.6896803977272727 0.5390096153846153 0.015241477272727299 0.02017307692307694
0 0.64203125 0.7577884615384616 0.021818181818181796 0.0305
0 0.29431107954545455 0.43919230769230766 0.018764204545454598 0.026807692307692303
0 0.35487926136363646 0.7551346153846153 0.020468750000000036 0.027730769230769208
0 0.6607386363636363 0.01097115384615388 0.019460227272727258 0.02194230769230774
