0 0.13192471590909094 0.25504807692307696 0.046491477272727295 0.05201923076923068
0 0.7665198863636363 0.8097211538461538 0.03551136363636364 0.06640384615384613
0 0.11015624999999996 0.01722115384615397 0.041818181818181734 0.03444230769230774
0 0.38252130681818186 0.09652884615384616 0.036576704545454544 0.06378846153846146
0 0.33646306818181815 0.02749999999999997 0.0703125 0.05500000000000004
0 0.3974076704545454 0.6189711538461539 0.03697443181818186 0.06371153846153846
0 0.37320312499999997 0.9405096153846154 0.05311079545454544 0.052326923076923076
0 0.1952272727272728 0.7025288461538461 0.06426136363636349 0.06159615384615385
0 0.1018394886363635 0.5238076923076923 0.027769886363636462 0.03930769230769225
0 0.1459019886363635 0.48750000000000004 0.06507102272727282 0.03384615384615389
0 0.14791903409090912 0.4549230769230769 0.07717329545454535 0.0786153846153846
0 0.26673295454545454 0.4963653846153846 0.03499999999999998 0.043423076923076946
0 0.7247869318181819 0.7745384615384615 0.022329545454545494 0.03765384615384615
0 0.24098011363636362 0.49223076923076925 0.045397727272727326 0.06146153846153842
0 0.24424005681818184 0.45943269230769224 0.03762784090909092 0.03425
0 0.23743607954545454 0.4196057692307692 0.03731534090909088 0.047096153846153864
0 0.2854829545454546 0.49932692307692306 0.02803977272727274 0.0470384615384615
0 0.2921306818181818 0.589576923076923 0.06340909090909089 0.07188461538461544
0 0.29448153409090905 0.5739326923076923 0.03061079545454539 0.046519230769230764
0 0.34011363636363645 0.5262115384615385 0.04980113636363637 0.05757692307692302
0 0.43388494318181825 0.4990769230769231 0.018593749999999964 0.03638461538461536
0 0.4113139204545455 0.4741634615384617 0.04731534090909091 0.0544423076923077
0 0.41862926136363643 0.453048076923077 0.04430397727272727 0.033788461538461524
0 0.7008096590909091 0.7671057692307692 0.028551136363636355 0.05251923076923075
0 0.24178267045454538 0.65225 0.026803977272727278 0.035923076923076884
0 0.32833096590909083 0.6159711538461539 0.02612215909090907 0.04159615384615384
0 0.2899005681818182 0.454298076923077 0.03707386363636367 0.07321153846153845
0 0.27218039772727276 0.4641346153846154 0.020468750000000036 0.0291153846153847
0 0.27108664772727276 0.43407692307692314 0.027116477272727316 0.036153846153846175
0 0.25368607954545463 0.4149038461538461 0.025497159090909157 0.043807692307692256
0 0.2828338068181818 0.4052596153846154 0.034332386363636384 0.043788461538461505
0 0.2611647727272728 0.3650288461538461 0.07278409090909092 0.07417307692307702
0 0.33219460227272724 0.15713461538461548 0.046803977272727254 0.07973076923076919
0 0.4287855113636364 0.046076923076923126 0.04666193181818185 0.072076923076923
0 0.32135653409090914 0.7122307692307692 0.05132102272727272 0.05715384615384615
0 0.43877840909090904 0.0788557692307692 0.05613636363636369 0.07386538461538456
0 0.4280610795454546 0.38667307692307706 0.029730113636363645 0.04003846153846152
0 0.7294744318181818 0.7463365384615385 0.04488636363636363 0.04105769230769232
0 0.534609375 0.8623557692307693 0.025980113636363586 0.036942307692307705
0 0.6004119318181818 0.9820673076923077 0.04590909090909098 0.03586538461538461
0 0.08182528409090917 0.6280673076923078 0.025014204545454565 0.039365384615384615
0 0.08639914772727275 0.7960865384615384 0.053792613636363645 0.056980769230769224
0 0.5432670454545454 0.629 0.04937499999999999 0.07384615384615385
0 0.06911221590909089 0.8369230769230769 0.0480823863636364 0.06607692307692307
0 0.17350852272727268 0.9679807692307693 0.05281250000000009 0.06403846153846153
0 0.5587286931818183 0.052423076923076906 0.025894886363636307 0.033423076923076916
0 0.3128196022727273 0.9527980769230769 0.040355113636363675 0.061519230769230764
0 0.21414772727272724 0.9335 0.040142045454545444 0.08015384615384616
0 0.25013494318181817 0.8301346153846154 0.06134943181818182 0.06588461538461536
0 0.555987215909091 0.6095192307692308 0.04757102272727274 0.07096153846153848
0 0.7712144886363637 0.044442307692307725 0.05836647727272728 0.08888461538461544
0 0.7709659090909091 0.0763942307692308 0.04389204545454546 0.042557692307692296
0 0.7699644886363637 0.02181730769230772 0.056860795454545456 0.04363461538461538
0 0.5382741477272728 0.22326923076923078 0.046377840909090876 0.04726923076923074
0 0.5494957386363637 0.19727884615384628 0.04188920454545448 0.04794230769230771
0 0.5697017045454547 0.1871442307692308 0.022443181818181834 0.04390384615384623
0 0.1146093749999999 0.26203846153846155 0.023082386363636364 0.02334615384615382
0 0.54625 0.15979807692307701 0.03840909090909086 0.052673076923077
0 0.5791761363636363 0.14257692307692305 0.045397727272727326 0.06146153846153842
0 0.6993821022727273 0.23778846153846145 0.044389204545454544 0.05200000000000004
0 0.6400284090909091 0.335375 0.030426136363636346 0.04863461538461542
0 0.5178267045454545 0.4099903846153846 0.06534090909090909 0.046596153846153884
0 0.5709446022727273 0.3711634615384616 0.048877840909090864 0.04186538461538458
0 0.5946377840909092 0.35258653846153853 0.03242897727272733 0.03578846153846146
0 0.6003764204545454 0.28775961538461536 0.04589488636363637 0.06009615384615385
0 0.6113494318181818 0.3313173076923076 0.034914772727272704 0.051326923076923076
0 0.6238139204545454 0.37994230769230763 0.03791193181818182 0.045923076923076914
0 0.12946732954545448 0.2951538461538462 0.02285511363636368 0.05092307692307696
0 0.671200284090909 0.3279423076923076 0.03791193181818182 0.05403846153846147
0 0.6622301136363636 0.37623076923076926 0.04190340909090909 0.05603846153846151
0 0.6983877840909091 0.3812884615384615 0.05336647727272726 0.09184615384615383
0 0.6652201704545455 0.412625 0.056860795454545456 0.04455769230769223
0 0.6670099431818182 0.5621346153846154 0.040099431818181805 0.045384615384615426
0 0.7555468750000001 0.5289038461538462 0.041974431818181834 0.0708461538461538
0 0.7665056818181818 0.510173076923077 0.03505681818181819 0.053769230769230784
0 0.7899573863636363 0.5057403846153846 0.016761363636363654 0.04205769230769226
0 0.7712855113636363 0.4644711538461538 0.039161931818181846 0.053019230769230756
0 0.8100071022727273 0.5120865384615385 0.048224431818181805 0.06332692307692309
0 0.0995667613636364 0.23925961538461527 0.027428977272727195 0.044865384615384585
0 0.7990198863636364 0.46326923076923077 0.03894886363636362 0.05723076923076921
0 0.8544815340909091 0.5701538461538462 0.03350852272727271 0.10634615384615381
0 0.9147301136363637 0.7256057692307692 0.04866477272727272 0.03794230769230773
0 0.8888352272727273 0.7432596153846154 0.03269886363636363 0.04690384615384613
0 0.9143394886363636 0.75775 0.04399147727272728 0.04111538461538461
0 0.932940340909091 0.4664903846153846 0.051221590909090904 0.07309615384615382
0 0.8526633522727273 0.6700673076923077 0.03876420454545455 0.0761346153846154
0 0.9352272727272727 0.6795288461538462 0.062301136363636364 0.08382692307692308
0 0.9701207386363636 0.9507596153846154 0.05975852272727273 0.05028846153846154
0 0.9720525568181818 0.9211153846153847 0.05589488636363637 0.03507692307692308
0 0.11225142045454539 0.7154326923076924 0.06884943181818186 0.10655769230769233
0 0.9905539772727273 0.2932403846153846 0.018892045454545457 0.0830192307692308
0 0.5969318181818182 0.18897115384615382 0.053664772727272686 0.07682692307692306
0 0.5387784090909091 0.028701923076923097 0.03656250000000001 0.04701923076923064
0 0.535731534090909 0.07841346153846152 0.03169034090909091 0.05075000000000008
0 0.5139772727272728 0.048490384615384685 0.034687500000000024 0.052980769230769255
0 0.5177556818181819 0.01293269230769234 0.0723295454545454 0.025865384615384592
0 0.48573863636363646 0.03091346153846153 0.0459090909090909 0.061826923076923036
0 0.31820312500000003 0.7567788461538462 0.048167613636363675 0.05671153846153845
0 0.34874289772727274 0.7263076923076923 0.029360795454545476 0.048769230769230794
0 0.532890625 0.3190480769230769 0.02975852272727271 0.036942307692307656
0 0.11936789772727263 0.7393846153846153 0.05509943181818177 0.10011538461538465
0 0.5187997159090909 0.3151153846153847 0.025866477272727242 0.04749999999999998
0 0.13529119318181815 0.5169423076923076 0.025014204545454402 0.025346153846153803
0 0.15705965909090902 0.5175000000000001 0.023721590909090814 0.039884615384615345
0 0.11339488636363637 0.551076923076923 0.06073863636363635 0.07688461538461543
0 0.15076704545454545 0.5620288461538461 0.03485795454545449 0.07151923076923077
0 0.014240056818181746 0.13894230769230764 0.02848011363636357 0.041346153846153845
0 0.009367897727272756 0.116375 0.018593750000000044 0.06078846153846156
0 0.013600852272727337 0.9388557692307692 0.02720170454545451 0.07271153846153847
0 0.01953125 0.9596346153846154 0.03366477272727279 0.040538461538461544
0 0.015092329545454586 0.8468846153846153 0.03007102272727283 0.048307692307692315
0 0.7474857954545455 0.8269423076923077 0.03948863636363634 0.03907692307692309
0 0.3331960227272728 0.9736826923076923 0.03312499999999999 0.052634615384615384
0 0.2741051136363637 0.9295961538461539 0.0320170454545454 0.04184615384615385
0 0.2451065340909092 0.944375 0.03927556818181815 0.06013461538461539
0 0.23786221590909085 0.9177980769230769 0.02291193181818181 0.04748076923076924
0 0.225703125 0.9038653846153846 0.03225852272727278 0.036076923076923076
0 0.2603053977272727 0.9035576923076923 0.04441761363636361 0.025307692307692302
0 0.24183238636363635 0.8769711538461539 0.07948863636363641 0.04051923076923079
0 0.3375071022727273 0.9826730769230769 0.020582386363636376 0.03438461538461538
0 0.292265625 0.881048076923077 0.03242897727272733 0.05955769230769232
0 0.018742897727272667 0.7880673076923077 0.03563920454545459 0.026980769230769232
0 0.7129261363636363 0.8282307692307692 0.03417613636363637 0.03446153846153847
0 0.01701704545454552 0.8158365384615385 0.03372159090909092 0.03682692307692309
0 0.014147727272727284 0.7496730769230768 0.02798295454545445 0.05292307692307694
0 0.0041832386363634955 0.6250384615384615 0.008366477272727253 0.03953846153846154
0 0.1504119318181818 0.7349711538461539 0.04397727272727278 0.1020576923076923
0 0.3930539772727273 0.9644711538461539 0.044488636363636355 0.07090384615384615
0 0.4028977272727272 0.9806634615384615 0.03698863636363639 0.03867307692307692
0 0.3595454545454545 0.9809903846153846 0.025710227272727305 0.03790384615384615
0 0.5735298295454545 0.9802307692307692 0.05561079545454542 0.03942307692307692
0 0.6278196022727274 0.9803365384615385 0.03441761363636362 0.03932692307692308
0 0.019346590909090966 0.24275000000000002 0.014943181818181793 0.029884615384615423
0 0.6935227272727273 0.7991057692307693 0.03548295454545453 0.046365384615384614
0 0.004417613636363615 0.2008557692307692 0.008835227272727312 0.028788461538461593
0 0.6321803977272727 0.7545288461538462 0.046548295454545426 0.08086538461538459
0 0.9842471590909091 0.2370096153846154 0.021477272727272727 0.027288461538461536
0 0.9281818181818182 0.07370192307692314 0.04278409090909092 0.04363461538461538
0 0.9290482954545455 0.1137499999999999 0.040625 0.05549999999999992
0 0.9375071022727273 0.13946153846153841 0.03873579545454546 0.05092307692307696
0 0.9506747159090909 0.15727884615384613 0.04174715909090909 0.048865384615384665
0 0.931640625 0.9047211538461538 0.035667613636363636 0.04978846153846154
0 0.9513352272727272 0.8823461538461539 0.05127840909090909 0.05330769230769232
0 0.9561647727272727 0.8685192307692308 0.048295454545454544 0.07192307692307691
0 0.7166974431818183 0.798298076923077 0.022883522727272745 0.026403846153846163
0 0.9626633522727273 0.8428653846153846 0.05089488636363637 0.083
0 0.9457670454545455 0.21295192307692312 0.045142045454545456 0.06955769230769233
0 0.9523721590909091 0.265375 0.04661931818181817 0.051173076923076946
0 0.9469034090909091 0.31406730769230784 0.04227272727272727 0.05613461538461538
0 0.9384232954545455 0.33145192307692306 0.03897727272727273 0.061711538461538415
0 0.9179474431818182 0.27067307692307696 0.02771306818181818 0.06030769230769233
0 0.9064133522727272 0.3100576923076923 0.03197443181818182 0.09061538461538463
0 0.9104687499999999 0.22203846153846163 0.049460227272727274 0.08657692307692315
0 0.8744460227272728 0.29101923076923075 0.043920454545454526 0.06753846153846155
0 0.8720951704545454 0.2459903846153847 0.03921875 0.05021153846153849
0 0.7382741477272727 0.7995576923076924 0.02251420454545454 0.022230769230769235
0 0.3566974431818182 0.7565 0.03447443181818179 0.06519230769230767
0 0.88140625 0.07697115384615383 0.047159090909090914 0.07655769230769231
0 0.8472372159090908 0.06488461538461543 0.02850852272727272 0.06888461538461538
0 0.8253125 0.03617307692307692 0.03875 0.03369230769230766
0 0.8180539772727273 0.07515384615384613 0.03176136363636366 0.06542307692307689
0 0.3978977272727273 0.07441346153846151 0.03099431818181817 0.06274999999999999
0 0.38779829545454547 0.05436538461538454 0.04849431818181816 0.07369230769230768
0 0.04026278409090911 0.4872980769230769 0.04069602272727269 0.05636538461538462
0 0.02289772727272732 0.4853846153846153 0.032869318181818326 0.05338461538461542
0 0.0435511363636365 0.44025000000000003 0.05102272727272721 0.05042307692307697
0 0.7509303977272728 0.7769038461538462 0.031008522727272704 0.04853846153846153
0 0.024303977272727262 0.44171153846153843 0.048607954545454586 0.10076923076923072
0 0.0083948863636365 0.3670769230769231 0.0167897727272728 0.04238461538461531
0 0.033430397727272854 0.32753846153846156 0.033963068181818136 0.04392307692307698
0 0.1452840909090909 0.07618269230769237 0.03539772727272721 0.04128846153846159
0 0.15421874999999996 0.04889423076923072 0.04136363636363637 0.043673076923076884
0 0.1610582386363636 0.026586538461538578 0.03541193181818191 0.046519230769230764
0 0.13532670454545448 0.022682692307692265 0.03974431818181821 0.04378846153846161
0 0.12071022727272729 0.05653846153846154 0.02681818181818181 0.04280769230769229
0 0.13245028409090898 0.09381730769230767 0.057002840909090906 0.06290384615384612
0 0.07785511363636355 0.053625000000000034 0.06272727272727269 0.10698076923076912
