0 0.014730113636363673 0.9097980769230769 0.029403409090909157 0.03398076923076923
0 0.15963068181818185 0.8836442307692307 0.023352272727272805 0.0394423076923077
0 0.6214346590909091 0.38239423076923085 0.04019886363636365 0.07890384615384621
0 0.5892826704545455 0.3217596153846154 0.054275568181818154 0.06686538461538458
0 0.6180610795454546 0.3379615384615384 0.03867897727272726 0.03584615384615382
0 0.6497727272727273 0.2928173076923076 0.031278409090909065 0.06848076923076926
0 0.6822372159090909 0.49531730769230764 0.04120738636363639 0.046249999999999965
0 0.6674786931818182 0.5351538461538461 0.04174715909090907 0.04626923076923077
0 0.7006321022727273 0.5355480769230769 0.03967329545454546 0.044673076923076906
0 0.72171875 0.34644230769230766 0.08173295454545458 0.12830769230769226
0 0.8175142045454545 0.3587307692307692 0.06835227272727273 0.09503846153846157
0 0.6019602272727272 0.011634615384615299 0.03715909090909095 0.023269230769230813
0 0.12892045454545453 0.865326923076923 0.05190340909090904 0.04096153846153847
0 0.8245312499999999 0.4070769230769231 0.06088068181818184 0.05753846153846146
0 0.9794815340909091 0.18435576923076924 0.04103693181818182 0.12148076923076927
0 0.9491264204545454 0.22660576923076925 0.05828125 0.06667307692307696
0 0.9658309659090909 0.09800000000000009 0.06833806818181819 0.1107307692307692
0 0.8994602272727272 0.015711538461538388 0.02835227272727274 0.03142307692307687
0 0.911484375 0.06372115384615384 0.06151988636363637 0.09190384615384609
0 0.7778409090909091 0.09761538461538455 0.048835227272727266 0.07846153846153849
0 0.694872159090909 0.08550961538461543 0.04559659090909094 0.08259615384615382
0 0.675887784090909 0.11488461538461536 0.04350852272727272 0.05676923076923073
0 0.6631036931818182 0.08254807692307697 0.043593749999999994 0.07551923076923073
0 0.16568181818181837 0.8518365384615385 0.028551136363636397 0.04917307692307691
0 0.6105539772727273 0.024124999999999952 0.041022727272727266 0.04824999999999995
0 0.4685369318181819 0.028365384615384626 0.016363636363636417 0.032230769230769216
0 0.4104971590909091 0.03205769230769229 0.028323863636363633 0.04076923076923064
0 0.3221377840909091 0.02517307692307702 0.05896306818181825 0.05034615384615386
0 0.2531818181818182 0.018230769230769273 0.07485795454545453 0.03646153846153842
0 0.058196022727272756 0.43482692307692306 0.05372159090909098 0.06542307692307689
0 0.3053267045454545 0.1515288461538461 0.046676136363636385 0.05305769230769226
0 0.2973650568181818 0.17737500000000006 0.059673295454545444 0.06663461538461535
0 0.2275071022727272 0.32252884615384625 0.052258522727272674 0.07890384615384621
0 0.19948863636363645 0.43393269230769227 0.044460227272727366 0.06086538461538468
0 0.20858664772727276 0.9103269230769231 0.01745738636363631 0.03330769230769231
0 0.08450994318181815 0.4747211538461539 0.058735795454545325 0.08121153846153845
0 0.056825284090909034 0.3884711538461538 0.046093750000000065 0.04071153846153838
0 0.08734375000000005 0.3731923076923077 0.05829545454545449 0.049576923076923025
0 0.10855113636363645 0.4107884615384616 0.0640909090909091 0.09007692307692303
0 0.15752840909090926 0.6486923076923077 0.016107954545454592 0.01942307692307691
0 0.21344460227272744 0.6103557692307693 0.05450284090909092 0.04298076923076922
0 0.07381392045454538 0.6674230769230769 0.03893465909090905 0.05034615384615386
0 0.13213068181818177 0.895201923076923 0.03872159090909089 0.038826923076923085
0 0.08607954545454544 0.9809615384615384 0.04582386363636362 0.03807692307692308
0 0.11252840909090911 0.7723173076923077 0.07937499999999999 0.08925
0 0.21253551136363635 0.8830576923076923 0.028821022727272674 0.046038461538461535
0 0.1812571022727273 0.8358269230769231 0.05103693181818191 0.07103846153846154
0 0.22105113636363638 0.8248942307692307 0.05275568181818196 0.08667307692307694
0 0.14548295454545446 0.7946346153846154 0.04150568181818186 0.05123076923076923
0 0.1348508522727272 0.832875 0.04992897727272724 0.03790384615384617
0 0.0983238636363637 0.9057499999999999 0.03877840909090902 0.09303846153846154
0 0.06386363636363646 0.9324807692307693 0.04389204545454542 0.06523076923076923
0 0.041413352272727244 0.8990769230769231 0.026803977272727278 0.04373076923076923
0 0.02769176136363638 0.9395 0.05538352272727274 0.05657692307692308
0 0.03722301136363626 0.8703942307692307 0.0570880681818181 0.04951923076923075
0 0.03088068181818182 0.9780384615384615 0.03630681818181811 0.043923076923076926
0 0.23642755681818173 0.9123942307692308 0.0378551136363636 0.03717307692307692
0 0.044140625000000044 0.8295865384615384 0.0363210227272728 0.060903846153846156
0 0.2707173295454546 0.9477115384615384 0.03884943181818185 0.054153846153846164
0 0.31143465909090906 0.9499711538461538 0.04517045454545448 0.05701923076923078
0 0.5107954545454545 0.8214326923076923 0.06042613636363639 0.09351923076923076
0 0.4781036931818182 0.8405096153846154 0.04876420454545452 0.0553653846153846
0 0.08912642045454544 0.9445673076923077 0.024218749999999935 0.04644230769230769
0 0.6197514204545455 0.8609230769230769 0.06714488636363634 0.042615384615384624
0 0.6014417613636363 0.8177788461538462 0.054928977272727296 0.06775
0 0.5043039772727272 0.8596730769230769 0.02295454545454549 0.03146153846153846
0 0.31972301136363634 0.7845192307692308 0.016349431818181805 0.02407692307692307
0 0.46027698863636357 0.7685961538461539 0.015781249999999938 0.020192307692307693
0 0.5127414772727272 0.9258557692307692 0.04068181818181824 0.08463461538461539
0 0.49984375000000003 0.9362307692307692 0.04019886363636365 0.07326923076923077
0 0.5816051136363637 0.9365288461538461 0.06897727272727273 0.08875
0 0.6166051136363637 0.927625 0.032414772727272716 0.03921153846153846
0 0.6490056818181817 0.9600961538461539 0.05340909090909086 0.0798076923076923
0 0.055120738636363686 0.962 0.02467329545454546 0.028730769230769233
0 0.7085298295454545 0.9631346153846154 0.037855113636363645 0.07373076923076924
0 0.5983877840909091 0.9704519230769231 0.05981534090909093 0.05909615384615385
0 0.6313494318181818 0.9012884615384615 0.050056818181818154 0.059384615384615376
0 0.7277485795454546 0.9837115384615385 0.03498579545454545 0.03257692307692308
0 0.7286079545454545 0.9487980769230769 0.03213068181818182 0.06213461538461539
0 0.8140909090909091 0.1302692307692308 0.047073863636363615 0.04580769230769229
0 0.4874857954545454 0.8852211538461539 0.04758522727272727 0.04332692307692308
0 0.44639914772727274 0.8758461538461538 0.04151988636363639 0.0761153846153846
0 0.9453977272727273 0.9132211538461539 0.05309659090909091 0.08017307692307692
0 0.9081605113636364 0.8735576923076923 0.04700284090909091 0.06692307692307693
0 0.2325284090909091 0.75075 0.01750000000000007 0.024076923076923096
0 0.32799005681818183 0.6450576923076923 0.05370738636363637 0.0661153846153846
0 0.9539417613636364 0.6244038461538461 0.07507102272727273 0.07273076923076922
0 0.7863920454545454 0.05131730769230769 0.04028409090909093 0.053711538461538366
0 0.4476278409090909 0.5934230769230768 0.04394886363636363 0.08180769230769229
0 0.18302556818181825 0.5215192307692308 0.02380681818181817 0.032230769230769216
0 0.1756960227272728 0.5880384615384615 0.07508522727272729 0.10742307692307695
0 0.06765624999999997 0.8793365384615385 0.02991477272727265 0.05040384615384614
0 0.019133522727272756 0.8495865384615384 0.03539772727272721 0.05040384615384614
0 0.3826207386363637 0.6748076923076923 0.04333806818181817 0.05453846153846156
0 0.23887073863636354 0.9384326923076923 0.047599431818181805 0.03801923076923077
0 0.18749289772727273 0.8992788461538461 0.049048295454545414 0.0726346153846154
0 0.7241193181818182 0.2558076923076923 0.025113636363636373 0.033307692307692295
0 0.25016335227272724 0.8838846153846154 0.04578125000000002 0.07603846153846155
0 0.6484446022727273 0.8326442307692308 0.05859375 0.08263461538461538
0 0.5291051136363636 0.7938076923076923 0.06286931818181817 0.06115384615384618
0 0.7607528409090909 0.5169711538461539 0.05250000000000001 0.0743653846153846
0 0.6008451704545454 0.27491346153846163 0.10350852272727273 0.07890384615384621
0 0.45813920454545454 0.1395384615384615 0.043210227272727296 0.08842307692307695
0 0.6892684659090909 0.1409038461538461 0.04723011363636364 0.05850000000000003
0 0.4963281249999999 0.12932692307692306 0.039190340909090876 0.08707692307692302
0 0.4807457386363636 0.5524615384615384 0.0422017045454546 0.1333461538461538
0 0.14574573863636364 0.9297596153846154 0.06782670454545454 0.05701923076923077
0 0.06186789772727286 0.9843846153846154 0.028536931818181864 0.030846153846153846
0 0.5309446022727272 0.46508653846153847 0.024900568181818225 0.03598076923076919
0 0.5760866477272728 0.4525865384615385 0.02734375 0.0478653846153847
0 0.34030539772727275 0.5886442307692308 0.05228693181818182 0.05078846153846159
0 0.3373721590909091 0.6682019230769232 0.05446022727272732 0.04463461538461534
0 0.379872159090909 0.6314134615384616 0.05494318181818183 0.048788461538461544
0 0.37500710227272727 0.5922499999999999 0.06589488636363634 0.058153846153846174
0 0.4260795454545455 0.5751153846153847 0.033295454545454545 0.06500000000000002
0 0.4369815340909091 0.5235865384615385 0.0422017045454546 0.08594230769230769
0 0.46379971590909086 0.5157403846153846 0.022571022727272707 0.07190384615384612
0 0.06748579545454547 0.8168942307692307 0.030000000000000006 0.04721153846153846
0 0.3661363636363636 0.5351538461538461 0.046988636363636344 0.06446153846153849
0 0.36618607954545457 0.7510961538461538 0.030156250000000027 0.0761923076923077
0 0.5227911931818181 0.8929134615384615 0.03862215909090909 0.06624999999999999
0 0.5483380681818182 0.8154711538461539 0.042727272727272704 0.07636538461538463
0 0.5533309659090909 0.872875 0.03884943181818185 0.055673076923076915
0 0.8720099431818182 0.9491826923076923 0.05421875 0.03555769230769231
0 0.9069460227272728 0.9275288461538461 0.07142045454545455 0.07301923076923077
0 0.8288139204545455 0.9756153846153847 0.06896306818181817 0.048769230769230766
0 0.9878267045454545 0.8055192307692307 0.02434659090909091 0.03265384615384616
0 0.9845738636363637 0.7757596153846154 0.030852272727272725 0.04932692307692309
0 0.3802556818181819 0.46878846153846154 0.04019886363636365 0.08299999999999999
0 0.9651917613636364 0.6632499999999999 0.06950284090909091 0.06776923076923073
0 0.842705965909091 0.7862596153846153 0.05038352272727273 0.05855769230769231
0 0.8489701704545455 0.5953173076923077 0.035355113636363636 0.05578846153846152
0 0.6438707386363636 0.7128269230769231 0.06044034090909092 0.052884615384615384
0 0.6698863636363637 0.6566730769230769 0.04897727272727271 0.07942307692307694
0 0.7391690340909092 0.6559326923076922 0.038678977272727295 0.05578846153846152
0 0.7524076704545455 0.6829423076923077 0.05384943181818181 0.05415384615384615
0 0.7033806818181818 0.6628365384615384 0.04639204545454545 0.10494230769230774
0 0.6462428977272727 0.6772884615384616 0.0651846590909091 0.051230769230769205
0 0.585497159090909 0.7283076923076923 0.04477272727272725 0.09115384615384614
0 0.20041193181818184 0.9462788461538462 0.04761363636363634 0.04213461538461538
0 0.5548508522727273 0.6891923076923077 0.04569602272727275 0.07211538461538461
0 0.5376704545454545 0.6563557692307693 0.038068181818181834 0.05344230769230768
0 0.770674715909091 0.6364615384615384 0.03518465909090911 0.04303846153846153
0 0.74703125 0.6103557692307693 0.05431818181818183 0.03801923076923079
0 0.7849999999999999 0.4870192307692308 0.06963068181818183 0.08742307692307694
0 0.7638068181818182 0.4341153846153847 0.0573863636363636 0.06234615384615388
0 0.7046519886363636 0.22145192307692307 0.0436221590909091 0.0479038461538462
0 0.4816335227272728 0.24288461538461537 0.018749999999999985 0.026192307692307702
0 0.6519673295454546 0.3405 0.03697443181818178 0.05784615384615392
0 0.6253551136363636 0.3023076923076923 0.025880681818181858 0.052384615384615404
