0 0.005127840909090908 0.6249230769230769 0.010056818181818078 0.02542307692307692
0 0.885440340909091 0.901375 0.01920454545454545 0.024788461538461527
0 0.9023295454545455 0.30092307692307696 0.018579545454545453 0.024769230769230762
0 0.38441051136363635 0.6673942307692308 0.01830965909090907 0.02440384615384615
0 0.39621448863636366 0.44082692307692306 0.010525568181818136 0.012999999999999982
0 0.7115056818181817 0.39776923076923076 0.01696022727272727 0.021153846153846155
0 0.860887784090909 0.6943365384615385 0.011576704545454553 0.01875
0 0.3112997159090909 0.43990384615384615 0.018934659090909068 0.02369230769230779
0 0.9476775568181818 0.9813942307692307 0.020553977272727272 0.02478846153846154
0 0.7219886363636363 0.9735961538461538 0.014005681818181837 0.01896153846153846
0 0.9289204545454546 0.23475000000000001 0.01696022727272727 0.022384615384615357
0 0.09999999999999998 0.20500000000000007 0.020539772727272778 0.024192307692307662
0 0.7158380681818182 0.9886346153846154 0.020568181818181805 0.02273076923076923
0 0.024303977272727262 0.3398173076923078 0.01920454545454543 0.025403846153846114
0 0.39728693181818187 0.8499326923076923 0.021874999999999967 0.026596153846153842
0 0.9198153409090909 0.5451826923076923 0.017471590909090916 0.02482692307692307
0 0.6357528409090909 0.32272115384615385 0.020994318181818183 0.029019230769230832
0 0.20271306818181822 0.8349711538461538 0.020539772727272778 0.026596153846153842
0 0.2350852272727273 0.811076923076923 0.01920454545454543 0.025999999999999992
0 0.40784801136363635 0.2855000000000001 0.017315340909090985 0.019653846153846098
0 0.5366122159090909 0.0951153846153846 0.015639204545454533 0.017538461538461548
0 0.0379261363636364 0.5236057692307692 0.023210227272727316 0.029019230769230776
0 0.09307528409090904 0.3189615384615385 0.022769886363636326 0.023576923076923058
0 0.41398437499999996 0.4948365384615384 0.015071022727272747 0.02417307692307702
0 0.6270454545454545 0.15700000000000003 0.016079545454545527 0.02453846153846152
0 0.6480255681818181 0.4735865384615384 0.017869318181818198 0.0199423076923077
0 0.48823153409090914 0.26548076923076924 0.016576704545454568 0.026692307692307682
0 0.1984659090909091 0.09586538461538463 0.015625 0.021153846153846155
0 0.8778835227272728 0.02524038461538458 0.0234375 0.03290384615384607
0 0.7192613636363636 0.19255769230769226 0.01920454545454547 0.02442307692307701
0 0.06115056818181808 0.611576923076923 0.01428977272727281 0.023576923076923113
0 0.6791335227272728 0.418326923076923 0.01920454545454547 0.026000000000000075
0 0.21097301136363644 0.18352884615384613 0.020099431818181787 0.02721153846153842
0 0.8643963068181818 0.23324038461538454 0.012059659090909084 0.0181346153846154
0 0.7161931818181818 0.8076730769230769 0.014744318181818176 0.021153846153846155
0 0.3769105113636364 0.13566346153846143 0.020298295454545482 0.027096153846153798
0 0.21141335227272728 0.08679807692307695 0.013849431818181818 0.022365384615384606
0 0.8157173295454545 0.32163461538461535 0.02086647727272729 0.025538461538461486
0 0.8494460227272727 0.0763076923076923 0.019715909090909103 0.02592307692307696
0 0.8717826704545455 0.5288173076923077 0.017855113636363627 0.02225000000000004
0 0.19869318181818185 0.07289423076923074 0.018750000000000065 0.02478846153846162
0 0.1368465909090908 0.185048076923077 0.011164772727272747 0.0181346153846154
0 0.9640056818181818 0.35733653846153846 0.014062499999999999 0.021980769230769134
0 0.4052414772727273 0.4484230769230769 0.018977272727272745 0.025076923076923007
0 0.9277556818181818 0.022144230769230777 0.018579545454545453 0.02513461538461537
0 0.5368323863636363 0.10750961538461534 0.016079545454545444 0.024173076923076908
0 0.050653409090909096 0.6179230769230769 0.017414772727272713 0.022961538461538457
0 0.41705965909090914 0.47859615384615384 0.018977272727272745 0.023423076923076935
0 0.4470525568181819 0.34559615384615394 0.015355113636363639 0.020807692307692294
0 0.45828835227272724 0.8634999999999999 0.016519886363636358 0.026269230769230763
0 0.8346306818181819 0.4482884615384616 0.019289772727272725 0.02369230769230768
0 0.5330397727272727 0.2435480769230769 0.01653409090909089 0.022980769230769207
0 0.44937499999999997 0.9086346153846154 0.01696022727272727 0.022384615384615385
0 0.9176917613636364 0.44237499999999996 0.017372159090909098 0.0229038461538462
0 0.04171875000000003 0.3328653846153846 0.015625 0.019961538461538454
0 0.17993607954545443 0.4876346153846154 0.021434659090909136 0.027192307692307665
0 0.31602982954545455 0.2664423076923077 0.017428977272727245 0.021653846153846135
0 0.757109375 0.5435769230769232 0.021434659090909094 0.029500000000000005
0 0.7772798295454545 0.2943557692307692 0.021150568181818204 0.02748076923076916
0 0.3008664772727273 0.7260769230769231 0.019659090909090956 0.028153846153846127
0 0.7409161931818182 0.1525288461538461 0.017855113636363627 0.030826923076923026
0 0.30742897727272733 0.9885192307692308 0.01920454545454543 0.02296153846153846
0 0.1839559659090909 0.2826826923076923 0.021434659090908973 0.024788461538461513
0 0.16318892045454547 0.9235288461538461 0.01830965909090907 0.02478846153846154
0 0.3196875 0.42055769230769235 0.029289772727272734 0.031423076923076984
0 0.2681321022727272 0.8240769230769232 0.013849431818181818 0.02538461538461539
0 0.6489204545454546 0.4904615384615384 0.018749999999999985 0.027115384615384548
0 0.42556107954545463 0.3879134615384616 0.01759943181818188 0.02513461538461537
0 0.46276988636363636 0.564451923076923 0.01678977272727272 0.02128846153846158
0 0.6330681818181818 0.5017019230769231 0.01653409090909089 0.02055769230769225
0 0.6692400568181818 0.9860288461538461 0.019190340909090938 0.02794230769230769
0 0.35240767045454546 0.9339711538461538 0.0169744318181818 0.024173076923076915
0 0.7947301136363636 0.22326923076923078 0.01653409090909093 0.021153846153846155
0 0.40003551136363635 0.49522115384615384 0.01396306818181824 0.021903846153846128
0 0.29179687500000007 0.873048076923077 0.014730113636363644 0.020557692307692305
0 0.028998579545454484 0.35916346153846146 0.017855113636363707 0.022980769230769207
0 0.05936079545454542 0.3779038461538461 0.01786931818181824 0.022961538461538457
0 0.5410085227272727 0.4565961538461537 0.016079545454545444 0.018384615384615388
0 0.4574147727272727 0.9754423076923077 0.020539772727272698 0.02780769230769231
0 0.39125710227272725 0.8919519230769231 0.019644886363636423 0.027211538461538457
0 0.5833522727272727 0.55725 0.022329545454545494 0.03142307692307693
0 0.12835937500000005 0.17718269230769224 0.020099431818181947 0.024173076923076908
0 0.6931321022727273 0.04554807692307694 0.01964488636363634 0.02721153846153842
0 0.8012286931818182 0.5394615384615384 0.020355113636363612 0.028038461538461564
0 0.12567471590909074 0.4676826923076923 0.014730113636363644 0.0199423076923077
0 0.9514772727272728 0.10436538461538458 0.018011363636363634 0.0232307692307692
0 0.16921874999999997 0.8685192307692308 0.01696022727272735 0.01873076923076922
0 0.7145880681818182 0.5953269230769231 0.019289772727272746 0.022730769230769218
0 0.4781321022727273 0.4868173076923077 0.018224431818181796 0.026596153846153815
0 0.11808238636363633 0.05203846153846159 0.02991477272727265 0.03384615384615389
0 0.7928551136363636 0.18292307692307697 0.023721590909090932 0.026692307692307682
0 0.9450142045454546 0.5179038461538461 0.02491477272727272 0.03219230769230771
0 0.38273437499999996 0.28248076923076926 0.018423295454545494 0.024192307692307662
0 0.8671875 0.7003269230769231 0.010909090909090919 0.017423076923076927
0 0.46925426136363635 0.8504038461538461 0.015071022727272747 0.017384615384615398
0 0.3983451704545454 0.13178846153846147 0.01686079545454546 0.0208846153846153
0 0.29475852272727276 0.9925961538461539 0.017301136363636373 0.014807692307692308
0 0.3537499999999999 0.9548269230769231 0.02232954545454541 0.02842307692307692
0 0.781690340909091 0.6766057692307692 0.020738636363636397 0.026480769230769252
0 0.6288991477272727 0.827625 0.021434659090909094 0.029634615384615377
0 0.45272727272727276 0.9267692307692308 0.01920454545454551 0.02357692307692308
0 0.6438849431818182 0.45453846153846156 0.020781249999999994 0.030230769230769283
0 0.07075284090909084 0.5716730769230769 0.017414772727272876 0.019961538461538454
0 0.6478053977272727 0.023778846153846178 0.008480113636363635 0.009057692307692378
0 0.42025568181818185 0.4120961538461537 0.020369318181818145 0.025153846153846124
0 0.2529474431818183 0.819548076923077 0.015639204545454533 0.02598076923076924
0 0.3230610795454546 0.9383461538461538 0.01830965909090907 0.024192307692307697
0 0.3908380681818181 0.26640384615384605 0.018977272727272666 0.024461538461538406
0 0.3950071022727273 0.28474999999999995 0.01842329545454541 0.02569230769230772
0 0.13661931818181827 0.438673076923077 0.018749999999999902 0.023576923076923058
0 0.2051633522727272 0.12156730769230772 0.01830965909090907 0.022980769230769207
0 0.0606960227272727 0.15511538461538454 0.022329545454545494 0.034461538461538495
0 0.6589701704545454 0.08817307692307697 0.016519886363636358 0.025384615384615363
