0 0.7309659090909091 0.7050096153846155 0.02465909090909093 0.03167307692307692
0 0.35286221590909084 0.7873076923076923 0.024644886363636317 0.028846153846153848
0 0.6256818181818182 0.36307692307692296 0.018806818181818195 0.031115384615384628
0 0.6106392045454545 0.38457692307692315 0.02130681818181818 0.028846153846153848
0 0.6273579545454546 0.41766346153846157 0.021306818181818142 0.029403846153846083
0 0.62359375 0.39730769230769236 0.02130681818181818 0.027153846153846164
0 0.6018678977272728 0.4032403846153846 0.022968750000000024 0.0277115384615384
0 0.5745028409090909 0.438875 0.022556818181818174 0.03336538461538455
0 0.5855752840909091 0.460375 0.02296874999999994 0.02771153846153851
0 0.5529829545454545 0.48949999999999994 0.02465909090909093 0.028269230769230748
0 0.5970667613636365 0.42700000000000005 0.025071022727272775 0.02430769230769228
0 0.6037428977272727 0.4501923076923078 0.025071022727272775 0.031115384615384628
0 0.35348721590909093 0.8144615384615385 0.02171875000000003 0.025461538461538452
0 0.631534090909091 0.31754807692307696 0.018806818181818154 0.02713461538461541
0 0.6212997159090909 0.33508653846153846 0.023394886363636323 0.02828846153846161
0 0.5866193181818182 0.3017115384615384 0.018380681818181813 0.023769230769230796
0 0.5943465909090908 0.3212307692307693 0.022982954545454556 0.028846153846153848
0 0.6070951704545454 0.27965384615384603 0.023394886363636323 0.028269230769230748
0 0.6029119318181819 0.30227884615384615 0.01588068181818183 0.029403846153846083
0 0.6194176136363636 0.30283653846153846 0.018806818181818195 0.026019230769230826
0 0.6655823863636363 0.31019230769230777 0.0175568181818182 0.030538461538461528
0 0.9024715909090909 0.6354326923076923 0.02423295454545454 0.03621153846153848
0 0.8905681818181819 0.6557980769230769 0.01963068181818183 0.029403846153846138
0 0.25571732954545456 0.7208557692307693 0.01921874999999996 0.02601923076923077
0 0.9166832386363637 0.6546634615384616 0.02171875 0.02601923076923077
0 0.9175142045454545 0.6818173076923078 0.020880681818181823 0.029403846153846138
0 0.8957883522727272 0.6948269230769231 0.020894886363636355 0.028269230769230748
0 0.9636860795454546 0.7004807692307693 0.022144886363636363 0.030538461538461528
0 0.9651491477272727 0.6716346153846153 0.020894886363636365 0.028269230769230748
0 0.9494815340909091 0.6835192307692308 0.022144886363636363 0.030538461538461528
0 0.9359019886363636 0.669375 0.02339488636363636 0.028288461538461554
0 0.7915482954545454 0.6767307692307692 0.020482954545454568 0.030538461538461528
0 0.7744176136363636 0.6877596153846154 0.020482954545454568 0.03225000000000002
0 0.7879971590909091 0.7256538461538462 0.0208806818181818 0.02546153846153848
0 0.2108096590909092 0.7649711538461539 0.022982954545454473 0.031673076923076894
0 0.5872443181818181 0.7205673076923077 0.019630681818181808 0.03225000000000002
0 0.5452556818181818 0.7819326923076924 0.02005681818181819 0.028288461538461526
0 0.563643465909091 0.7632692307692308 0.01921874999999996 0.027153846153846136
0 0.5774289772727272 0.7731730769230769 0.0208806818181818 0.025461538461538452
0 0.5362713068181817 0.8093653846153847 0.014616477272727302 0.025461538461538452
0 0.5523650568181818 0.8096538461538462 0.01921874999999996 0.027153846153846164
0 0.5619673295454546 0.7929711538461539 0.020894886363636414 0.027711538461538454
0 0.5703267045454545 0.7355480769230769 0.01588068181818183 0.0339423076923077
0 0.5818110795454545 0.7479903846153846 0.014616477272727302 0.03167307692307692
0 0.5993607954545455 0.749125 0.02130681818181818 0.0339423076923077
0 0.22271306818181813 0.7443173076923078 0.018380681818181734 0.026596153846153842
0 0.6674644886363637 0.774298076923077 0.026321022727272728 0.027711538461538454
0 0.6774928977272727 0.7539423076923077 0.027997159090909104 0.02884615384615382
0 0.6685085227272727 0.7298942307692309 0.022556818181818174 0.029403846153846138
0 0.7414133522727273 0.5169326923076923 0.023821022727272743 0.0277115384615384
0 0.7464275568181818 0.5443653846153846 0.01796875000000001 0.029423076923076944
0 0.7627201704545454 0.46461538461538465 0.020468749999999994 0.027153846153846164
0 0.77671875 0.42247115384615386 0.02005681818181819 0.026596153846153926
0 0.7746306818181818 0.44934615384615384 0.021732954545454562 0.030538461538461528
0 0.9894673295454546 0.9756730769230769 0.02106534090909091 0.0345
0 0.6093892045454545 0.9510673076923077 0.02380681818181817 0.033942307692307695
0 0.1966051136363638 0.7496923076923077 0.022982954545454473 0.030538461538461528
0 0.89390625 0.8891249999999999 0.022982954545454556 0.031096153846153836
0 0.8801207386363636 0.9007211538461538 0.020468749999999994 0.02601923076923077
0 0.6302769886363637 0.8682019230769231 0.022968750000000024 0.027711538461538454
0 0.5993607954545455 0.8823365384615385 0.017954545454545435 0.022057692307692306
0 0.6114772727272728 0.8681923076923077 0.017130681818181823 0.025461538461538452
0 0.5964346590909091 0.8642403846153845 0.015454545454545448 0.019788461538461522
0 0.5910085227272728 0.8500961538461539 0.017130681818181823 0.024307692307692308
0 0.5866193181818182 0.8209615384615385 0.021732954545454562 0.029423076923076916
0 0.940703125 0.6323269230769231 0.020468750000000004 0.028846153846153848
0 0.9271235795454545 0.6399615384615385 0.015866477272727275 0.027153846153846164
0 0.2713920454545454 0.7808076923076923 0.021306818181818264 0.028269230769230776
0 0.9517755681818182 0.6484423076923077 0.01670454545454545 0.022615384615384596
0 0.9024786931818182 0.7214134615384615 0.020894886363636376 0.024903846153846186
0 0.7708735795454545 0.8119134615384616 0.019218750000000003 0.02490384615384616
0 0.7842329545454545 0.8085288461538461 0.01588068181818183 0.020365384615384622
0 0.884090909090909 0.7219711538461538 0.01755681818181818 0.02601923076923077
0 0.9081107954545454 0.7692115384615384 0.017130681818181823 0.028846153846153848
0 0.922528409090909 0.7762788461538461 0.018380681818181813 0.028288461538461526
0 0.9340198863636364 0.7909903846153846 0.02130681818181818 0.028288461538461554
0 0.9634730113636364 0.7669423076923076 0.02004261363636364 0.023192307692307696
0 0.9499005681818182 0.7793942307692308 0.017130681818181816 0.027711538461538454
0 0.25968749999999996 0.6017788461538462 0.02465909090909093 0.031096153846153822
0 0.9622230113636364 0.7915576923076924 0.019218750000000003 0.02488461538461538
0 0.6041619318181818 0.8093653846153847 0.022556818181818174 0.02657692307692309
0 0.624424715909091 0.8269038461538462 0.02214488636363633 0.0311153846153846
0 0.6181676136363636 0.8466923076923076 0.017130681818181823 0.023192307692307696
0 0.6384232954545455 0.8489615384615385 0.0208806818181818 0.02657692307692309
0 0.6390553977272727 0.8124807692307693 0.01796875000000001 0.029423076923076916
0 0.6547230113636364 0.8164423076923077 0.020894886363636376 0.028269230769230776
0 0.6540909090909091 0.8430288461538462 0.019630681818181808 0.02601923076923077
0 0.6804190340909091 0.8780961538461538 0.02214488636363637 0.030538461538461528
0 0.6768607954545454 0.9032596153846154 0.020880681818181843 0.027711538461538454
0 0.24068181818181822 0.6156442307692307 0.02005681818181819 0.02601923076923077
0 0.6852201704545454 0.8509423076923077 0.021718749999999988 0.028269230769230776
0 0.6672514204545454 0.927875 0.020894886363636376 0.026019230769230777
0 0.6463636363636364 0.945125 0.01670454545454544 0.02998076923076923
0 0.6630752840909091 0.9485192307692307 0.017542613636363627 0.02319230769230769
0 0.6540909090909091 0.9711442307692307 0.022982954545454556 0.02659615384615385
0 0.38273437499999996 0.9273076923076923 0.02171874999999995 0.02942307692307693
0 0.3733309659090909 0.9459711538461538 0.016292613636363674 0.02490384615384615
0 0.3570383522727273 0.93975 0.017968750000000047 0.030538461538461542
0 0.3390696022727272 0.9386153846153846 0.018792613636363663 0.028269230769230776
0 0.20182528409090916 0.9386153846153846 0.022571022727272707 0.035076923076923075
0 0.2914417613636364 0.42755769230769236 0.024644886363636397 0.034499999999999996
0 0.2335795454545455 0.9567211538461539 0.021732954545454642 0.03394230769230769
0 0.2170738636363635 0.9496538461538462 0.017130681818181902 0.03111538461538462
0 0.21978693181818187 0.9038269230769231 0.022556818181818174 0.028846153846153848
0 0.22354403409090906 0.9304134615384615 0.029247159090908973 0.025442307692307688
0 0.26136363636363635 0.82775 0.022982954545454556 0.030538461538461556
0 0.25885653409090914 0.8560384615384615 0.02214488636363625 0.029423076923076944
0 0.21059659090909089 0.8653653846153846 0.02005681818181819 0.027730769230769232
0 0.20454545454545459 0.8896923076923077 0.03551136363636364 0.028846153846153848
0 0.1527343750000001 0.8783846153846154 0.024644886363636397 0.028846153846153834
0 0.13142755681818175 0.8927980769230769 0.028821022727272674 0.029403846153846152
0 0.6490767045454545 0.7573269230769231 0.02380681818181821 0.032230769230769216
0 0.24548295454545443 0.37948076923076934 0.02465909090909093 0.026576923076923064
0 0.16631392045454552 0.8566057692307693 0.027571022727272684 0.0339423076923077
0 0.40403409090909104 0.9635096153846154 0.024232954545454547 0.03732692307692308
0 0.10823153409090902 0.9581346153846154 0.02339488636363624 0.03338461538461538
0 0.059978693181818254 0.9244807692307693 0.02632102272727269 0.03507692307692308
0 0.07731534090909098 0.9383365384615384 0.02423295454545463 0.02998076923076923
0 0.1002982954545455 0.9227788461538462 0.025909090909090923 0.03732692307692308
0 0.07689630681818183 0.9643461538461539 0.01921874999999996 0.023192307692307693
0 0.09193892045454533 0.9691538461538461 0.01754261363636367 0.027153846153846157
0 0.09862926136363626 0.9876923076923076 0.020894886363636254 0.024615384615384615
0 0.11450284090909091 0.9910865384615385 0.02088068181818188 0.017826923076923077
0 0.25258522727272714 0.40465384615384603 0.022982954545454473 0.029423076923076944
0 0.03407670454545453 0.9883942307692307 0.027159090909090914 0.022634615384615385
0 0.007741477272727337 0.9799134615384615 0.015482954545454513 0.03394230769230769
0 0.05433948863636362 0.9654807692307692 0.023394886363636402 0.0345
0 0.03512073863636367 0.9598269230769231 0.02171874999999995 0.027730769230769232
0 0.017784090909090833 0.9468173076923077 0.019630681818181728 0.02771153846153846
0 0.03345170454545443 0.9306923076923077 0.021732954545454642 0.030538461538461528
0 0.009431818181818152 0.926451923076923 0.018806818181818195 0.033365384615384616
0 0.16107244318181813 0.12842307692307686 0.023678977272727376 0.03207692307692309
0 0.08727272727272739 0.07917307692307696 0.019034090909090876 0.029769230769230805
0 0.16742187500000005 0.21516346153846155 0.021150568181818163 0.02805769230769237
0 0.36350852272727263 0.376375 0.024232954545454547 0.036211538461538434
0 0.12279829545454557 0.206576923076923 0.019886363636363636 0.024615384615384636
0 0.09784090909090903 0.1802403846153846 0.01903409090909104 0.025750000000000082
0 0.1090553977272729 0.19570192307692302 0.021150568181818163 0.02348076923076919
0 0.13865767045454547 0.21917307692307697 0.020298295454545402 0.029192307692307705
0 0.18814630681818167 0.029932692307692355 0.01944602272727264 0.02405769230769229
0 0.17333806818181818 0.0479711538461538 0.018607954545454577 0.02690384615384617
0 0.16848011363636362 0.07316346153846143 0.021562500000000092 0.02463461538461539
0 0.017911931818181848 0.2180288461538461 0.02241477272727269 0.02463461538461528
0 0.14860085227272724 0.1009326923076923 0.01734375000000005 0.02748076923076927
0 0.11666193181818185 0.13328846153846152 0.018607954545454417 0.026923076923076925
0 0.3599573863636364 0.33734615384615385 0.02130681818181818 0.027153846153846164
0 0.12872159090909097 0.15247115384615384 0.019886363636363636 0.02748076923076927
0 0.15282670454545455 0.1974230769230768 0.01818181818181812 0.024615384615384636
0 0.0948863636363636 0.10408653846153848 0.02241477272727285 0.02805769230769237
0 0.1060937500000001 0.08117307692307696 0.020312500000000098 0.030346153846153905
0 0.11730113636363637 0.10924038461538454 0.02241477272727269 0.02463461538461539
0 0.1452201704545455 0.17394230769230778 0.024105113636363674 0.024615384615384636
0 0.16911221590909098 0.1876826923076924 0.020298295454545565 0.029211538461538455
0 0.22303267045454545 0.21859615384615383 0.01734375000000005 0.025769230769230725
0 0.18920454545454557 0.21545192307692307 0.019034090909090876 0.0229038461538462
0 0.2355113636363636 0.19655769230769238 0.018607954545454577 0.02750000000000002
0 0.35056107954545446 0.3582788461538462 0.027571022727272763 0.029403846153846083
0 0.16720880681818173 0.10322115384615371 0.02157670454545446 0.032057692307692336
0 0.0917116477272728 0.12841346153846145 0.02200284090909076 0.0229038461538462
0 0.13506392045454552 0.04052884615384611 0.024105113636363674 0.02805769230769237
0 0.19089488636363638 0.060278846153846155 0.02241477272727269 0.03436538461538451
0 0.2037926136363637 0.07946153846153847 0.019460227272727337 0.022346153846153856
0 0.15050426136363626 0.06657692307692309 0.021150568181818163 0.029769230769230805
0 0.2799218749999999 0.009528846153846193 0.020298295454545482 0.019057692307692355
0 0.22747869318181813 0.04137499999999994 0.016917613636363592 0.0229038461538462
0 0.2183877840909091 0.019057692307692276 0.019872159090909104 0.025192307692307625
0 0.19892755681818197 0.012750000000000039 0.01734374999999989 0.025192307692307625
0 0.3399076704545455 0.3336634615384615 0.021321022727272713 0.029980769230769293
0 0.21056107954545455 0.09864423076923079 0.022826704545454456 0.02863461538461536
0 0.104609375 0.12154807692307701 0.01734375000000005 0.02748076923076927
0 0.09911221590909103 0.1556153846153846 0.02748579545454549 0.03149999999999999
0 0.990390625 0.13067307692307695 0.01921875 0.03419230769230764
0 0.9689985795454545 0.11068269230769234 0.020127840909090908 0.02667307692307693
0 0.954659090909091 0.10081730769230757 0.020539772727272722 0.028980769230769216
0 0.9390269886363637 0.08662499999999995 0.02098011363636364 0.030711538461538405
0 0.9105610795454545 0.0918365384615385 0.02311079545454545 0.02609615384615383
0 0.9135582386363637 0.06980769230769235 0.020553977272727283 0.023769230769230796
0 0.9257599431818182 0.05590384615384625 0.023536931818181818 0.03303846153846155
0 0.3656036931818182 0.3017115384615384 0.022571022727272707 0.029423076923076944
0 0.9552982954545455 0.00809615384615392 0.02269886363636364 0.016192307692307725
0 0.8426988636363637 0.11734615384615377 0.020113636363636358 0.02607692307692308
0 0.8227911931818181 0.1266250000000001 0.02311079545454543 0.028403846153846227
0 0.8386363636363636 0.13675961538461545 0.01883522727272728 0.02086538461538466
0 0.8420525568181818 0.16226923076923072 0.02055397727272729 0.03130769230769226
0 0.8260014204545454 0.19299038461538465 0.018423295454545432 0.02667307692307693
0 0.804375 0.184875 0.023125000000000003 0.030134615384615416
0 0.8007386363636364 0.03184615384615386 0.0175568181818182 0.027807692307692377
0 0.7866122159090909 0.03532692307692309 0.014133522727272712 0.024346153846153785
0 0.7707670454545454 0.036769230769230776 0.0175568181818182 0.024923076923076992
0 0.2874786931818182 0.2889807692307692 0.025071022727272695 0.032230769230769216
0 0.7776207386363636 0.01764423076923083 0.02098011363636365 0.019134615384615253
0 0.7938920454545454 0.005490384615384647 0.02269886363636362 0.0109807692307693
0 0.8185085227272727 0.03879807692307691 0.01883522727272728 0.02667307692307693
0 0.8197940340909091 0.006355769230769304 0.018849431818181814 0.012711538461538488
0 0.8349928977272727 0.010682692307692254 0.02183238636363635 0.02028846153846156
0 0.8538281249999999 0.022855769230769263 0.01927556818181817 0.02840384615384612
0 0.8371306818181818 0.034163461538461504 0.02355113636363636 0.02667307692307693
0 0.8279332386363636 0.0614038461538462 0.020553977272727272 0.03361538461538465
0 0.8703125 0.07648076923076919 0.01798295454545454 0.02665384615384618
0 0.8219389204545455 0.10052884615384616 0.02140624999999999 0.02725000000000003
0 0.30920454545454534 0.2836057692307693 0.018380681818181813 0.031673076923076866
0 0.8572585227272727 0.13675961538461545 0.02440340909090908 0.02667307692307693
0 0.8619673295454545 0.11097115384615397 0.01927556818181817 0.02609615384615383
0 0.9471661931818182 0.13415384615384618 0.021832386363636366 0.029576923076923067
0 0.9435298295454545 0.1619711538461539 0.02140625 0.02725000000000003
0 0.9677201704545455 0.19356730769230768 0.019275568181818185 0.028980769230769216
0 0.9484517045454546 0.18399999999999994 0.020113636363636358 0.02607692307692308
0 0.9191193181818182 0.1802403846153846 0.023977272727272722 0.030134615384615416
0 0.7872585227272727 0.33298076923076914 0.023977272727272722 0.03303846153846155
0 0.7429403409090909 0.34688461538461535 0.020965909090909077 0.028384615384615366
0 0.7018394886363637 0.3109423076923077 0.01927556818181817 0.03188461538461546
0 0.3186008522727273 0.3014326923076923 0.024644886363636397 0.032249999999999966
0 0.7512855113636363 0.2837115384615384 0.019701704545454553 0.03303846153846155
0 0.7932457386363636 0.27849038461538456 0.02140624999999999 0.02840384615384612
0 0.7956036931818182 0.30718269230769235 0.02012784090909089 0.028980769230769216
0 0.8071590909090909 0.32398076923076924 0.02355113636363638 0.03246153846153856
0 0.905205965909091 0.3002211538461539 0.02183238636363637 0.02782692307692313
0 0.987840909090909 0.3520961538461539 0.019261363636363635 0.024923076923076885
0 0.9664346590909091 0.32891346153846146 0.020113636363636365 0.028403846153846227
0 0.9921022727272727 0.3083365384615385 0.015795454545454543 0.02086538461538455
0 0.9882670454545455 0.3265961538461539 0.019261363636363635 0.024923076923076885
0 0.9812002840909091 0.006913461538461618 0.026548295454545453 0.01274999999999999
0 0.6070880681818182 0.7669423076923076 0.022556818181818174 0.031115384615384628
0 0.21540482954545448 0.32009615384615386 0.018792613636363663 0.032230769230769216
0 0.9219034090909091 0.01012499999999994 0.02269886363636363 0.02024999999999995
0 0.9253338068181818 0.027211538461538454 0.02268465909090909 0.0220384615384615
0 0.8142258522727273 0.164875 0.01626420454545453 0.029557692307692316
0 0.8108025568181818 0.06518269230769225 0.01455965909090909 0.02840384615384612
0 0.8157244318181818 0.084298076923077 0.02184659090909088 0.02028846153846156
0 0.7116832386363636 0.3274711538461538 0.02098011363636365 0.02782692307692302
0 0.6742258522727274 0.33760576923076924 0.02225852272727275 0.02724999999999992
0 0.6810724431818183 0.3523942307692308 0.02311079545454547 0.030134615384615305
0 0.6900639204545455 0.38224038461538457 0.02569602272727273 0.02840384615384612
0 0.7211079545454546 0.38369230769230767 0.01670454545454544 0.023192307692307696
0 0.19681107954545463 0.31048076923076917 0.02171875000000011 0.032230769230769216
0 0.710830965909091 0.3990576923076923 0.02183238636363637 0.023769230769230796
0 0.8054545454545454 0.14285576923076915 0.01755681818181816 0.021442307692307757
0 0.7998863636363637 0.12198076923076928 0.02355113636363634 0.030730769230769266
0 0.7759090909090909 0.17965384615384605 0.01840909090909092 0.024346153846153896
0 0.7992400568181818 0.15763461538461543 0.01626420454545453 0.024346153846153896
0 0.7872585227272728 0.16980769230769233 0.0188352272727273 0.024346153846153785
0 0.760703125 0.25443269230769217 0.02140624999999999 0.03594230769230769
0 0.8407457386363636 0.30720192307692307 0.022116477272727284 0.028750000000000088
0 0.7586150568181818 0.2118557692307692 0.022542613636363642 0.02348076923076919
0 0.8472443181818181 0.19542307692307692 0.023835227272727275 0.03169230769230773
0 0.17675426136363626 0.3059519230769231 0.020894886363636254 0.026596153846153815
0 0.7976207386363636 0.2476538461538461 0.019928977272727275 0.03169230769230762
0 0.8127911931818181 0.23767307692307693 0.019928977272727275 0.027000000000000038
0 0.8895028409090909 0.14055769230769233 0.015596590909090914 0.02288461538461545
0 0.8996946022727272 0.15258653846153847 0.01603693181818183 0.021134615384615293
0 0.8990411931818182 0.17575961538461538 0.019076704545454556 0.02405769230769229
0 0.8858167613636364 0.1848653846153846 0.019502840909090914 0.02111538461538465
0 0.18127130681818182 0.01036538461538461 0.017542613636363506 0.020730769230769178
0 0.1413352272727273 0.08665384615384619 0.01579545454545439 0.023769230769230796
0 0.1248934659090909 0.08547115384615378 0.02413352272727274 0.03444230769230763
0 0.11835937500000004 0.05799038461538453 0.022002840909090923 0.026326923076923074
0 0.16004261363636374 0.2884134615384616 0.02005681818181819 0.02771153846153851
0 0.2451065340909092 0.06825000000000003 0.021491477272727266 0.022576923076923095
0 0.17884943181818191 0.1638750000000001 0.01974431818181815 0.02971153846153844
0 0.19158380681818177 0.2357499999999999 0.01535511363636356 0.018999999999999993
0 0.2758167613636363 0.17962499999999992 0.01711647727272729 0.023173076923076946
0 0.26924005681818197 0.20041346153846162 0.017997159090909032 0.024365384615384646
0 0.2867897727272727 0.1187307692307692 0.011846590909090874 0.018999999999999993
0 0.24861505681818175 0.08754807692307687 0.01535511363636356 0.01721153846153844
0 0.183018465909091 0.08338461538461539 0.020184659090909142 0.025538461538461486
0 0.18433948863636362 0.19001923076923077 0.011406249999999962 0.023769230769230796
0 0.3363636363636364 0.14665384615384613 0.01974431818181815 0.024961538461538497
0 0.14144886363636366 0.2864423076923077 0.02130681818181818 0.027153846153846164
0 0.3512855113636364 0.13179807692307688 0.026775568181818213 0.026134615384615336
0 0.35370028409090903 0.19981730769230766 0.019303977272727316 0.027903846153846244
0 0.3451420454545455 0.21170192307692315 0.020624999999999973 0.020788461538461544
0 0.009928977272727235 0.19417307692307695 0.01974431818181831 0.033269230769230794
0 0.024417613636363744 0.20041346153846162 0.012727272727272617 0.020788461538461544
0 0.11041193181818187 0.22298076923076926 0.01974431818181815 0.025538461538461486
0 0.1009801136363635 0.37 0.021931818181818098 0.03207692307692309
0 0.17007812499999986 0.3468365384615385 0.021491477272727266 0.026134615384615336
0 0.1766619318181818 0.37059615384615396 0.020624999999999973 0.028499999999999987
0 0.16240056818181803 0.3204038461538462 0.014034090909090902 0.029115384615384588
0 0.13685369318181817 0.2615480769230769 0.022144886363636408 0.030557692307692282
0 0.16130681818181813 0.16536538461538464 0.014488636363636266 0.019615384615384594
0 0.15318892045454546 0.1528942307692308 0.021065340909090968 0.023173076923076835
0 0.14222301136363635 0.138625 0.021065340909090804 0.03148076923076924
0 0.0031036931818181346 0.24407692307692297 0.00620738636363637 0.03207692307692309
0 0.013444602272727368 0.25149999999999995 0.02061079545454544 0.026730769230769297
0 0.028146306818181865 0.37712500000000004 0.020184659090908982 0.026134615384615336
0 0.1191832386363636 0.37623076923076926 0.016235795454545385 0.026730769230769186
0 0.12861505681818175 0.38632692307692307 0.018423295454545494 0.025538461538461486
0 0.13344460227272714 0.5841346153846154 0.01842329545454533 0.026730769230769186
0 0.14946022727272734 0.5817596153846154 0.0179829545454545 0.027903846153846192
0 0.15712357954545453 0.2558942307692308 0.020894886363636414 0.03167307692307698
0 0.14002840909090897 0.6055192307692308 0.0175568181818182 0.02315384615384614
0 0.1527485795454545 0.6007788461538461 0.013167613636363611 0.020788461538461544
0 0.2056178977272729 0.6289903846153846 0.021491477272727266 0.027326923076923092
0 0.21724431818181822 0.6147307692307693 0.014914772727272728 0.022576923076923095
0 0.22602272727272732 0.5966153846153847 0.016676136363636376 0.029115384615384644
0 0.20693892045454543 0.5957211538461539 0.022372159090909092 0.03090384615384614
0 0.19837357954545454 0.5330576923076923 0.019303977272727316 0.02434615384615384
0 0.1775426136363637 0.5232596153846154 0.0215056818181818 0.027326923076923037
0 0.2699005681818182 0.5143365384615385 0.016676136363636376 0.026134615384615336
0 0.24028409090909086 0.5862211538461538 0.018863636363636326 0.02374999999999999
0 0.21519886363636365 0.27031730769230766 0.018380681818181897 0.031096153846153766
0 0.29950994318181823 0.5357211538461538 0.016235795454545465 0.028519230769230793
0 0.16459517045454541 0.5657211538461538 0.017542613636363506 0.02436538461538459
0 0.2411576704545454 0.47543269230769236 0.02061079545454544 0.027903846153846137
0 0.25739346590909085 0.4614711538461539 0.018877840909091018 0.027326923076923037
0 0.25563920454545463 0.43800961538461536 0.018863636363636326 0.024365384615384646
0 0.21724431818181822 0.4703846153846154 0.018437499999999864 0.033269230769230794
0 0.20407670454545468 0.46206730769230764 0.015795454545454553 0.02971153846153844
0 0.21724431818181822 0.43593269230769227 0.024573863636363734 0.035634615384615334
0 0.03669744318181822 0.4020673076923078 0.02589488636363639 0.027326923076923037
0 0.005980113636363638 0.4561346153846155 0.011846590909090954 0.029692307692307688
0 0.20120028409090907 0.2635288461538461 0.018792613636363663 0.029980769230769182
0 0.004886363636363744 0.48315384615384616 0.008778409090909019 0.023153846153846084
0 0.007301136363636385 0.5285961538461539 0.014488636363636427 0.020192307692307693
0 0.011221590909090917 0.5452307692307692 0.022443181818181755 0.018999999999999993
0 0.0625852272727272 0.37950000000000006 0.01974431818181815 0.022576923076922984
0 0.04503551136363626 0.3768269230769231 0.014474431818181734 0.02315384615384619
0 0.056441761363636433 0.39257692307692305 0.02413352272727274 0.022576923076923095
0 0.2468678977272728 0.6610673076923077 0.01535511363636372 0.02494230769230769
0 0.3212286931818181 0.3501057692307692 0.021065340909090888 0.03148076923076924
0 0.3078480113636364 0.8867884615384616 0.018877840909090938 0.023769230769230768
0 0.29995028409090907 0.9598461538461538 0.023252840909090914 0.03326923076923077
0 0.1809303977272727 0.2615480769230769 0.023394886363636402 0.03167307692307698
0 0.28919744318181817 0.982125 0.019303977272727237 0.030288461538461542
0 0.42171164772727276 0.989423076923077 0.019303977272727316 0.021153846153846155
0 0.38265625000000003 0.9950673076923077 0.01931818181818185 0.009865384615384614
0 0.925859375 0.7022596153846155 0.02268465909090909 0.03840384615384615
0 0.7068110795454545 0.8475480769230769 0.025383522727272734 0.026634615384615402
0 0.6769886363636364 0.8219903846153847 0.022840909090909068 0.05024999999999999
0 0.69015625 0.7977211538461538 0.015539772727272723 0.019749999999999993
0 0.7030042613636364 0.7895673076923078 0.02600852272727273 0.0300576923076923
0 0.9976136363636363 0.34169230769230774 0.004772727272727272 0.017807692307692292
0 0.951796875 0.061913461538461556 0.021065340909090912 0.02851923076923085
0 0.6298579545454546 0.7918365384615385 0.02380681818181817 0.032249999999999994
0 0.06729403409090906 0.33253846153846145 0.027571022727272843 0.031115384615384628
0 0.9603480113636363 0.02686538461538457 0.018877840909090914 0.023769230769230796
0 0.9956392045454545 0.024192307692307735 0.008721590909090908 0.025538461538461486
0 0.0033593750000000533 0.10349038461538462 0.006718750000000026 0.027326923076923148
0 0.28400568181818187 0.3503076923076922 0.021051136363636435 0.038615384615384586
0 0.6685724431818182 0.0604230769230768 0.01711647727272725 0.017230769230769192
0 0.604296875 0.09814423076923073 0.021065340909090888 0.027326923076923037
0 0.613515625 0.08538461538461539 0.021065340909090888 0.025538461538461597
0 0.6211931818181817 0.07676923076923081 0.017102272727272674 0.022576923076923095
0 0.30397017045454544 0.34288461538461545 0.02061079545454544 0.04276923076923079
0 0.20063920454545459 0.04409615384615384 0.01579545454545439 0.020192307692307693
0 0.09424005681818182 0.3265961538461539 0.025497159090909157 0.036192307692307676
0 0.210078125 0.037557692307692236 0.021491477272727266 0.029692307692307688
0 0.15523437499999992 0.045288461538461444 0.022372159090909092 0.033269230769230794
0 0.16313210227272734 0.02686538461538457 0.030269886363636287 0.028500000000000095
0 0.16488636363636355 0.010461538461538522 0.0179829545454545 0.020923076923076916
0 0.2271875000000001 0.009932692307692226 0.014488636363636266 0.019596153846153732
0 0.21183238636363633 0.0039326923076924425 0.016221590909091012 0.007865384615384677
0 0.2331107954545455 0.08924038461538453 0.014914772727272728 0.027326923076923037
0 0.22257812499999996 0.09072115384615376 0.011406250000000123 0.020788461538461544
0 0.12101562499999996 0.2288269230769231 0.008338068181818188 0.013076923076923099
0 0.10170454545454544 0.23833653846153846 0.01096590909090913 0.019019230769230743
0 0.06561789772727267 0.3608173076923077 0.02339488636363624 0.025442307692307726
0 0.11552556818181803 0.2519903846153846 0.02369318181818175 0.03563461538461544
0 0.17892755681818173 0.3280384615384615 0.023252840909090914 0.021384615384615394
0 0.8756676136363637 0.1361634615384616 0.017102272727272716 0.026134615384615447
0 0.7942826704545455 0.10378846153846155 0.020184659090909104 0.0291153846153847
0 0.7815624999999999 0.1462596153846154 0.02369318181818183 0.027326923076923148
0 0.8271875 0.16081730769230773 0.01053977272727273 0.023173076923076835
0 0.6532173295454546 0.03400000000000003 0.015355113636363639 0.022576923076923095
0 0.6429119318181818 0.04527884615384603 0.014914772727272728 0.028519230769230738
0 0.6676988636363637 0.04171153846153841 0.016221590909090932 0.021384615384615394
0 0.6554119318181819 0.05656730769230767 0.01798295454545454 0.028519230769230738
0 0.037002840909090895 0.3107596153846154 0.02465909090909093 0.027134615384615302
0 0.686122159090909 0.03043269230769241 0.020624999999999973 0.038019230769230625
0 0.7093110795454546 0.36650961538461535 0.016093750000000018 0.04401923076923074
0 0.7620951704545454 0.1934038461538462 0.02012784090909089 0.02053846153846155
0 0.7497088068181819 0.18942307692307692 0.011463068181818213 0.020961538461538417
0 0.6738636363636363 0.2889711538461538 0.023210227272727278 0.026403846153846187
0 0.6627201704545455 0.2786923076923077 0.019502840909090893 0.02430769230769228
0 0.6017329545454546 0.47925000000000006 0.026931818181818234 0.03226923076923083
0 0.6168963068181817 0.4748557692307691 0.023849431818181846 0.0318653846153846
0 0.4834588068181819 0.5511538461538461 0.01927556818181817 0.021538461538461517
0 0.548125 0.4765384615384616 0.019034090909090876 0.020615384615384667
0 0.04619318181818177 0.2932307692307693 0.020482954545454648 0.027153846153846164
0 0.29816761363636357 0.8475865384615384 0.015653409090909145 0.021750000000000005
0 0.14357954545454554 0.8292596153846155 0.015227272727272766 0.027480769230769243
0 0.12813920454545458 0.8295576923076924 0.023267045454545447 0.03149999999999999
0 0.3355965909090909 0.8661923076923077 0.018607954545454577 0.025769230769230766
0 0.35061079545454554 0.8953942307692307 0.0181818181818182 0.0280576923076923
0 0.3100071022727273 0.9895865384615384 0.016491477272727293 0.018326923076923074
0 0.36372159090909095 0.9919326923076923 0.019034090909090876 0.016134615384615386
0 0.2907599431818183 0.9185865384615385 0.019446022727272725 0.022903846153846146
0 0.2801917613636363 0.9019807692307692 0.023678977272727296 0.036653846153846155
0 0.2220383522727274 0.9936538461538461 0.020724431818181864 0.012692307692307692
0 0.057478693181818086 0.278798076923077 0.020468749999999956 0.02771153846153851
0 0.12391335227272726 0.8541730769230769 0.0207244318181817 0.023461538461538468
0 0.6800781250000001 0.9792788461538462 0.010582386363636348 0.018326923076923074
0 0.7086292613636364 0.8286923076923077 0.01353693181818178 0.016038461538461547
0 0.7894105113636364 0.9922211538461538 0.019446022727272725 0.015557692307692307
0 0.7680539772727273 0.9893557692307692 0.019034090909090917 0.021288461538461537
0 0.7798934659090909 0.9795769230769231 0.024105113636363636 0.029192307692307694
0 0.7720667613636364 0.9644038461538461 0.020298295454545482 0.025192307692307687
0 0.48912642045454546 0.57675 0.020298295454545482 0.03549999999999996
0 0.7417400568181818 0.49205769230769236 0.01717329545454546 0.021653846153846135
0 0.7189488636363637 0.8704326923076923 0.01659090909090906 0.03125
0 0.0754403409090908 0.27540384615384617 0.017954545454545435 0.028846153846153848
0 0.7014772727272727 0.8660288461538461 0.01835227272727275 0.01925000000000001
0 0.7220525568181818 0.8379038461538462 0.01990056818181821 0.028269230769230776
0 0.7121022727272728 0.8958173076923077 0.01889204545454547 0.02963461538461539
0 0.7896946022727273 0.87225 0.01990056818181817 0.02692307692307694
0 0.7623366477272727 0.850701923076923 0.02188920454545454 0.029634615384615377
0 0.7822372159090909 0.8523846153846154 0.01691761363636363 0.022230769230769235
0 0.7964133522727272 0.8560865384615385 0.011434659090909067 0.021557692307692295
0 0.8103338068181818 0.8570961538461539 0.016406250000000015 0.024923076923076937
0 0.8292400568181818 0.8904326923076923 0.016406249999999997 0.024249999999999997
0 0.527578125 0.6786538461538462 0.024872159090909077 0.03030769230769229
0 0.09026988636363631 0.2887019230769231 0.021732954545454642 0.035057692307692345
0 0.772784090909091 0.8338653846153846 0.02187500000000001 0.020192307692307693
0 0.9085724431818182 0.9271346153846154 0.02188920454545454 0.0356923076923077
0 0.9496022727272727 0.9123173076923077 0.020397727272727265 0.022211538461538456
0 0.7509019886363636 0.8076057692307692 0.020894886363636376 0.025596153846153852
0 0.7379687500000001 0.8042403846153846 0.017897727272727305 0.021557692307692323
0 0.7499076704545455 0.7870673076923077 0.01492897727272726 0.020865384615384633
0 0.7837286931818181 0.7648461538461538 0.02188920454545454 0.020884615384615383
0 0.78 0.7453173076923076 0.020397727272727293 0.020865384615384633
0 0.8730042613636364 0.7712403846153846 0.01740056818181818 0.026942307692307675
0 0.8677840909090909 0.7463269230769232 0.017897727272727263 0.022884615384615423
0 0.0762784090909091 0.21035576923076926 0.022982954545454473 0.029980769230769293
0 0.7657812500000001 0.7641730769230769 0.016818181818181822 0.02626923076923079
0 0.8215269886363636 0.8082788461538462 0.022883522727272707 0.026942307692307703
0 0.8210298295454546 0.7820096153846154 0.022883522727272745 0.025596153846153852
0 0.936171875 0.8187115384615384 0.01740056818181818 0.027615384615384615
0 0.8884232954545455 0.8671923076923077 0.020397727272727272 0.0276153846153846
0 0.7397088068181819 0.8426153846153845 0.01541193181818181 0.021538461538461545
0 0.7394602272727273 0.8241057692307692 0.017897727272727263 0.018173076923076927
0 0.8038707386363637 0.7971634615384615 0.022372159090909092 0.03028846153846154
0 0.6966832386363637 0.8884134615384616 0.015923295454545426 0.028288461538461526
0 0.8396803977272727 0.9180384615384616 0.019389204545454532 0.028269230769230762
0 0.08358664772727276 0.23468269230769223 0.022571022727272707 0.02544230769230762
0 0.8550994318181818 0.9506923076923077 0.013437499999999991 0.02357692307692307
0 0.8690269886363636 0.9469903846153847 0.02038352272727272 0.024249999999999994
0 0.88046875 0.9395865384615385 0.016420454545454547 0.026942307692307696
0 0.7945667613636364 0.455576923076923 0.01637784090909087 0.02453846153846152
0 0.47666193181818184 0.585048076923077 0.01812499999999999 0.02374999999999999
0 0.6038778409090909 0.8396442307692308 0.01872159090909092 0.034057692307692296
0 0.7577201704545454 0.9524903846153846 0.01637784090909091 0.022173076923076917
0 0.751278409090909 0.9168461538461539 0.021051136363636355 0.026923076923076925
0 0.7322727272727272 0.9247692307692308 0.020482954545454526 0.023769230769230768
0 0.7559588068181818 0.978625 0.021065340909090926 0.03167307692307693
0 0.5991548295454545 0.6648557692307693 0.020894886363636414 0.03167307692307692
0 0.09465909090909086 0.25476923076923086 0.022982954545454636 0.030538461538461528
0 0.7767258522727273 0.9429807692307692 0.020468749999999994 0.026923076923076925
0 0.7413423295454545 0.9473365384615384 0.01754261363636367 0.024557692307692315
0 0.805390625 0.9414038461538462 0.020468749999999994 0.026923076923076925
0 0.7018536931818182 0.811923076923077 0.012286931818181827 0.021384615384615394
0 0.717940340909091 0.8083653846153847 0.02221590909090907 0.033269230769230766
0 0.7381178977272727 0.9722788461538462 0.01813920454545456 0.02217307692307692
0 0.7223295454545455 0.9635769230769231 0.01696022727272727 0.025346153846153848
0 0.7059517045454546 0.9592115384615385 0.01812499999999999 0.030884615384615382
0 0.6933735795454545 0.9695096153846153 0.01637784090909091 0.02613461538461538
0 0.6392684659090909 0.9893076923076923 0.025156250000000012 0.019807692307692307
0 0.13246448863636362 0.23750961538461535 0.01921874999999996 0.02205769230769236
0 0.4944247159090909 0.9889230769230769 0.021150568181818163 0.022153846153846152
0 0.5120525568181818 0.9933557692307692 0.02214488636363633 0.013288461538461539
0 0.6879900568181818 0.7323846153846154 0.020894886363636334 0.02488461538461538
0 0.993359375 0.7680192307692308 0.01328125 0.027153846153846164
0 0.9944034090909091 0.7929038461538461 0.011193181818181817 0.030538461538461528
0 0.9806676136363637 0.7960192307692308 0.01713068181818182 0.01865384615384616
0 0.9923153409090909 0.8183653846153847 0.015369318181818182 0.022615384615384624
0 0.9896448863636363 0.839 0.01502840909090909 0.023192307692307696
0 0.898359375 0.9529903846153847 0.020468750000000015 0.02828846153846154
0 0.917578125 0.9518557692307692 0.017968749999999988 0.02601923076923077
0 0.42806818181818185 0.13088461538461527 0.022982954545454556 0.032807692307692315
0 0.9259303977272727 0.9314903846153846 0.01711647727272728 0.02490384615384616
0 0.8538565340909091 0.9838173076923077 0.020894886363636355 0.02771153846153846
0 0.9781534090909091 0.7770769230769231 0.019630681818181814 0.027153846153846164
0 0.9714701704545454 0.6158653846153845 0.014616477272727274 0.022615384615384596
0 0.8766264204545454 0.6845961538461538 0.02214488636363637 0.034499999999999996
0 0.6102272727272728 0.6289230769230769 0.02130681818181818 0.028846153846153848
0 0.5502698863636364 0.6218653846153845 0.022556818181818174 0.030538461538461528
0 0.5490127840909091 0.7019038461538462 0.025071022727272695 0.02546153846153848
0 0.5212357954545455 0.7129326923076924 0.02130681818181818 0.029403846153846138
0 0.47088778409090903 0.742625 0.022571022727272707 0.032249999999999994
0 0.3054332386363636 0.12042307692307697 0.023394886363636323 0.03338461538461541
0 0.528125 0.5319230769230769 0.021732954545454562 0.030538461538461528
0 0.5719957386363637 0.5406923076923077 0.020894886363636414 0.029961538461538432
0 0.5527769886363636 0.5435192307692307 0.01921875000000004 0.034499999999999996
0 0.45229403409090907 0.41512499999999997 0.02382102272727278 0.035634615384615334
0 0.47276988636363637 0.4083269230769232 0.02130681818181818 0.031115384615384628
0 0.49762784090909096 0.6809711538461538 0.021732954545454562 0.029980769230769238
0 0.4729758522727273 0.5214615384615384 0.023394886363636323 0.02773076923076926
0 0.4884303977272727 0.5330576923076923 0.01921875000000004 0.023769230769230796
0 0.48133522727272726 0.4951634615384616 0.01670454545454544 0.026019230769230718
0 0.4965838068181818 0.48978846153846156 0.022968750000000024 0.032230769230769216
0 0.3259161931818182 0.12750000000000006 0.023394886363636402 0.035076923076923096
0 0.5087002840909092 0.5115576923076923 0.020468749999999956 0.02942307692307689
0 0.49365767045454545 0.513826923076923 0.013792613636363608 0.030538461538461528
0 0.4957528409090909 0.4284134615384615 0.02130681818181818 0.035057692307692234
0 0.5137144886363636 0.43463461538461534 0.01964488636363634 0.03169230769230773
0 0.5323082386363636 0.43463461538461534 0.020894886363636414 0.032807692307692315
0 0.5375213068181818 0.46687499999999993 0.016292613636363595 0.027134615384615302
0 0.508487215909091 0.5797211538461537 0.01921875000000004 0.029980769230769238
0 0.5147585227272726 0.3659134615384615 0.021732954545454562 0.03563461538461544
0 0.5272869318181819 0.35714423076923085 0.02005681818181819 0.03055769230769239
0 0.01129261363636369 0.8746923076923077 0.02258522727272724 0.0328076923076923
0 0.20036221590909087 0.41993269230769237 0.021321022727272713 0.029403846153846083
0 0.04285511363636374 0.8786634615384615 0.022982954545454473 0.02828846153846154
0 0.0441051136363636 0.8537692307692308 0.02130681818181818 0.023769230769230768
0 0.12975142045454546 0.7598846153846154 0.024644886363636397 0.03280769230769229
0 0.07836647727272716 0.7262211538461538 0.018806818181818195 0.027711538461538454
0 0.09716619318181818 0.7259423076923077 0.020468749999999956 0.02942307692307689
0 0.06165482954545454 0.7740192307692308 0.018792613636363663 0.030538461538461556
0 0.05413352272727279 0.7952307692307692 0.019630681818181728 0.02657692307692309
0 0.03909801136363644 0.7836346153846154 0.022144886363636408 0.033923076923076924
0 0.053714488636363744 0.8351057692307693 0.02296874999999994 0.03278846153846153
0 0.11011363636363636 0.841326923076923 0.019630681818181728 0.032807692307692315
0 0.17111505681818173 0.4541442307692307 0.020468749999999956 0.02771153846153851
0 0.11826704545454547 0.873576923076923 0.021732954545454482 0.0328076923076923
0 0.15941761363636364 0.8351057692307693 0.022130681818181716 0.029403846153846166
0 0.1592116477272728 0.8073846153846154 0.02171874999999995 0.027153846153846164
0 0.13706676136363638 0.7850480769230769 0.017542613636363506 0.024326923076923062
0 0.15399147727272744 0.7819423076923077 0.017130681818181902 0.032807692307692315
0 0.13811079545454552 0.8073846153846154 0.019630681818181728 0.021500000000000012
0 0.12515624999999997 0.7315961538461538 0.02130681818181818 0.029423076923076944
0 0.1378977272727272 0.7185865384615385 0.022556818181818174 0.03621153846153848
0 0.09862926136363626 0.6275192307692308 0.020042613636363657 0.030538461538461528
0 0.11450994318181817 0.6227019230769231 0.01921874999999996 0.027711538461538454
0 0.1711221590909091 0.48498076923076927 0.02130681818181818 0.029423076923076837
0 0.01736505681818168 0.6569326923076924 0.024644886363636397 0.0339423076923077
0 0.02301136363636369 0.6280769230769231 0.02005681818181819 0.02488461538461538
0 0.025305397727272805 0.6046057692307691 0.020468749999999956 0.025442307692307674
0 0.008579545454545423 0.5983846153846154 0.017159090909090968 0.03338461538461541
0 0.007954545454545436 0.6277980769230769 0.015909090909090973 0.03563461538461539
0 0.004609375000000027 0.6693653846153846 0.009218750000000013 0.032807692307692315
0 0.00398437500000004 0.7219711538461538 0.00796875000000002 0.03167307692307692
0 0.004190340909090984 0.8472596153846154 0.008380681818181785 0.03563461538461539
0 0.07481534090909081 0.7527980769230769 0.028409090909090908 0.029980769230769238
0 0.08170454545454542 0.7768461538461539 0.02130681818181818 0.023769230769230768
0 0.11429687499999985 0.554548076923077 0.02296874999999994 0.03167307692307692
0 0.23065340909090926 0.49148076923076933 0.02005681818181819 0.031115384615384628
0 0.3123295454545455 0.5568173076923078 0.02130681818181818 0.028288461538461554
0 0.08317471590909098 0.7957884615384616 0.02339488636363624 0.026576923076923064
0 0.09403409090909098 0.7627115384615385 0.02005681818181819 0.027153846153846136
0 0.09842329545454542 0.8673461538461539 0.018806818181818195 0.037346153846153834
0 0.2724289772727272 0.8563173076923076 0.018380681818181734 0.03563461538461539
0 0.26678977272727267 0.7556346153846154 0.01963068181818189 0.029961538461538484
0 0.2809943181818182 0.7641153846153846 0.017130681818181902 0.026576923076923064
0 0.28622159090909094 0.839625 0.018380681818181897 0.028288461538461526
0 0.14604403409090916 0.6953942307692308 0.017968749999999967 0.024903846153846186
0 0.1857386363636363 0.4634807692307692 0.020482954545454648 0.027153846153846164
0 0.14688210227272724 0.6283653846153846 0.019644886363636423 0.02773076923076926
0 0.13811079545454552 0.6501442307692307 0.020482954545454648 0.028288461538461554
0 0.134765625 0.6724807692307693 0.02632102272727269 0.031115384615384628
0 0.1589985795454545 0.6099903846153847 0.020468749999999956 0.02601923076923077
0 0.3328053977272727 0.48894230769230773 0.01964488636363634 0.02488461538461549
0 0.31755681818181813 0.5341923076923076 0.021732954545454482 0.027153846153846164
0 0.2906107954545454 0.5087307692307692 0.02130681818181818 0.02715384615384611
0 0.19242187499999985 0.5087307692307692 0.022144886363636408 0.02715384615384611
0 0.31296164772727275 0.49204807692307695 0.023394886363636402 0.031096153846153878
0 0.32214488636363636 0.513826923076923 0.024232954545454547 0.023769230769230796
0 0.36225852272727266 0.7448942307692308 0.022556818181818258 0.02998076923076921
0 0.19179687499999998 0.4434038461538461 0.020894886363636414 0.02546153846153848
0 0.24423295454545457 0.7078365384615384 0.017130681818181902 0.022634615384615406
0 0.2615696022727273 0.6985096153846154 0.020042613636363657 0.027711538461538454
0 0.32695312500000007 0.8438749999999999 0.020468749999999956 0.032249999999999994
0 0.30836647727272726 0.8597115384615385 0.02005681818181819 0.028846153846153848
0 0.2891477272727272 0.8673461538461539 0.018380681818181813 0.024884615384615394
0 0.7643892045454546 0.5437980769230768 0.018806818181818195 0.028288461538461554
0 0.7746306818181818 0.5751923076923077 0.022556818181818174 0.026576923076923064
0 0.7700284090909091 0.5579423076923077 0.02005681818181819 0.015846153846153864
0 0.9678622159090909 0.8715865384615384 0.01964488636363636 0.026596153846153842
0 0.9340198863636364 0.9168365384615385 0.018806818181818185 0.024326923076923076
0 0.1980610795454545 0.4830000000000001 0.020894886363636254 0.028846153846153848
0 0.9356889204545454 0.8936538461538461 0.01796875 0.023192307692307682
0 0.9463494318181819 0.8713076923076923 0.02005681818181818 0.027153846153846164
0 0.9555397727272728 0.8930865384615385 0.022556818181818185 0.0254423076923077
0 0.8306107954545454 0.7641249999999999 0.018380681818181813 0.027711538461538482
0 0.8930681818181818 0.7429038461538462 0.02130681818181818 0.027153846153846164
0 0.8045028409090909 0.7485576923076923 0.018806818181818195 0.019230769230769232
0 0.7742116477272727 0.7873076923076923 0.021718749999999988 0.028846153846153848
0 0.8475355113636364 0.7468653846153845 0.01964488636363636 0.02488461538461538
0 0.9181392045454546 0.90525 0.018806818181818185 0.02715384615384615
0 0.8732315340909091 0.9736826923076923 0.02171875000000001 0.029403846153846152
0 0.21247869318181822 0.5042115384615384 0.02296874999999994 0.028269230769230803
0 0.9404971590909091 0.8458461538461539 0.02173295454545454 0.030538461538461528
0 0.9091619318181818 0.8735673076923076 0.024232954545454547 0.028288461538461526
0 0.9948082386363636 0.7044519230769231 0.010014204545454545 0.03167307692307692
0 0.7324289772727273 0.7830673076923077 0.02005681818181819 0.028288461538461526
0 0.8067968750000001 0.7669519230769231 0.019218750000000003 0.024326923076923086
0 0.7928053977272727 0.7762788461538461 0.01796875000000001 0.022634615384615378
0 0.5425426136363636 0.6761634615384615 0.02380681818181817 0.027134615384615358
0 0.5176846590909092 0.6860576923076923 0.018380681818181813 0.02546153846153848
0 0.7691690340909091 0.7306250000000001 0.015809659090909086 0.022634615384615406
0 0.88734375 0.676076923076923 0.017017045454545462 0.020192307692307693
0 0.03220170454545468 0.14700000000000002 0.022556818181818174 0.028846153846153848
0 0.4894886363636364 0.011605769230769392 0.02156250000000001 0.022903846153846094
0 0.5603338068181818 0.10494230769230772 0.01862215909090903 0.030923076923077
0 0.6140482954545454 0.03508653846153842 0.022840909090909068 0.029788461538461555
0 0.6036860795454546 0.055413461538461495 0.020724431818181864 0.02805769230769237
0 0.6423863636363636 0.07229807692307699 0.02198863636363635 0.028634615384615467
0 0.6273650568181819 0.05283653846153846 0.024105113636363636 0.029788461538461555
0 0.5996661931818181 0.007317307692307762 0.019446022727272725 0.014326923076922946
0 0.627578125 0.010384615384615326 0.03129261363636364 0.02076923076923079
0 0.6468252840909091 0.01504807692307697 0.019019886363636385 0.02405769230769218
0 0.59015625 0.04453846153846153 0.01903409090909096 0.025769230769230836
0 0.01214488636363631 0.15719230769230774 0.02423295454545463 0.02546153846153848
0 0.5770454545454546 0.06285576923076908 0.02241477272727269 0.02463461538461539
0 0.571115056818182 0.04052884615384611 0.02157670454545454 0.02690384615384617
0 0.5848579545454546 0.02019230769230773 0.02622159090909096 0.025192307692307625
0 0.7565767045454546 0.022490384615384662 0.02198863636363639 0.029788461538461448
0 0.7020170454545455 0.013894230769230798 0.019460227272727258 0.02748076923076916
0 0.6218678977272727 0.1080961538461539 0.020724431818181784 0.029192307692307705
0 0.3932670454545455 0.146451923076923 0.02198863636363639 0.033788461538461524
0 0.3752982954545454 0.22862499999999997 0.023267045454545447 0.026326923076923074
0 0.35436079545454546 0.23033653846153845 0.022840909090909068 0.028634615384615467
0 0.022556818181818206 0.008461538461538631 0.02241477272727269 0.016615384615384587
0 0.02279829545454537 0.17755769230769225 0.02048295454545449 0.028846153846153848
0 0.005887784090909065 0.00674038461538462 0.01177556818181813 0.013173076923076748
0 0.010120738636363646 0.02477884615384618 0.020241477272727272 0.02748076923076916
0 0.02933238636363633 0.026211538461538453 0.021562500000000092 0.025769230769230836
0 0.04434659090909099 0.04224038461538471 0.01775568181818182 0.02805769230769226
0 0.029751420454545374 0.055413461538461495 0.01819602272727281 0.030365384615384544
0 0.2253622159090909 0.06572115384615385 0.022002840909090923 0.02690384615384617
0 0.30339488636363643 0.05312499999999998 0.02156250000000001 0.029211538461538566
0 0.32010653409090917 0.07774038461538468 0.020298295454545482 0.02690384615384617
0 0.32433238636363637 0.06285576923076908 0.022840909090909068 0.02463461538461539
0 0.34759943181818187 0.07259615384615381 0.018607954545454497 0.025769230769230725
0 0.32236505681818184 0.19763461538461535 0.020468749999999956 0.029423076923076944
0 0.3450568181818182 0.09750000000000014 0.02113636363636363 0.026346153846153825
0 0.29536221590909095 0.006663461538461424 0.01734375000000005 0.013326923076922981
0 0.2828835227272727 0.03450961538461539 0.020312500000000015 0.02863461538461536
0 0.2583522727272727 0.04853846153846153 0.018607954545454417 0.026923076923076925
0 0.24249289772727256 0.043961538461538496 0.019019886363636343 0.024615384615384636
0 0.2431321022727272 0.010384615384615326 0.020298295454545402 0.02076923076923079
0 0.30339488636363643 0.1819519230769231 0.02156250000000001 0.033788461538461524
0 0.2915482954545454 0.1630576923076923 0.02241477272727269 0.030346153846153905
0 0.3332102272727273 0.17107692307692313 0.022840909090909068 0.025769230769230836
0 0.3374431818181818 0.19225961538461545 0.019460227272727337 0.02348076923076919
0 0.28810369318181817 0.19508653846153845 0.020468749999999956 0.032249999999999966
0 0.009623579545454564 0.38429807692307705 0.019247159090909027 0.029403846153846194
0 0.011306818181818223 0.41002884615384616 0.02005681818181819 0.024326923076923142
0 0.3350994318181818 0.7629903846153846 0.021732954545454562 0.032249999999999994
0 0.004815340909090859 0.4185096153846154 0.00963068181818178 0.0277115384615384
0 0.016115056818181817 0.43689423076923073 0.019644886363636423 0.029403846153846083
0 0.015909090909090984 0.5118365384615384 0.02005681818181819 0.029980769230769182
0 0.17049005681818197 0.399 0.01754261363636367 0.023769230769230796
0 0.18637073863636355 0.3865576923076923 0.020894886363636254 0.028269230769230748
0 0.17111505681818173 0.42529807692307686 0.022144886363636408 0.026596153846153815
0 0.18302556818181825 0.41229807692307685 0.018380681818181897 0.024326923076923142
0 0.585362215909091 0.2762596153846153 0.02171875000000003 0.026019230769230826
0 0.6022869318181818 0.25250000000000006 0.02130681818181818 0.027153846153846164
0 0.6179545454545454 0.2657884615384615 0.01670454545454544 0.02546153846153848
0 0.3169247159090909 0.7757211538461538 0.02632102272727269 0.0339423076923077
0 0.718643465909091 0.1636923076923077 0.020894886363636376 0.036192307692307676
0 0.7063139204545454 0.18009615384615385 0.02214488636363637 0.027153846153846164
0 0.7094460227272728 0.20582692307692307 0.024232954545454547 0.028846153846153848
0 0.6597372159090908 0.24910576923076921 0.020894886363636376 0.03055769230769239
0 0.6708025568181819 0.2640961538461538 0.01964488636363634 0.02430769230769228
0 0.6499147727272727 0.313875 0.017954545454545476 0.02771153846153851
0 0.6505468750000001 0.37525 0.019218750000000003 0.027153846153846164
0 0.73953125 0.06725000000000003 0.021732954545454562 0.028846153846153848
0 0.7706605113636364 0.07348076923076918 0.023821022727272743 0.028846153846153848
0 0.7930113636363636 0.06328846153846146 0.023409090909090935 0.031115384615384628
0 0.306065340909091 0.7977788461538462 0.02130681818181818 0.02601923076923077
0 0.7846519886363637 0.0890288461538461 0.020894886363636376 0.0282884615384615
0 0.77671875 0.11307692307692296 0.01670454545454544 0.031115384615384628
0 0.7629332386363636 0.13343269230769228 0.020894886363636376 0.024326923076923034
0 0.759375 0.10882692307692299 0.019630681818181808 0.030538461538461528
0 0.7664772727272727 0.1588846153846154 0.019630681818181808 0.028846153846153848
0 0.759375 0.1786826923076923 0.015454545454545448 0.02205769230769225
0 0.7240696022727273 0.2564615384615385 0.019218750000000003 0.030538461538461528
0 0.7397372159090909 0.264375 0.02214488636363637 0.03394230769230776
0 0.682919034090909 0.311326923076923 0.01964488636363634 0.029423076923076944
0 0.6398863636363636 0.35686538461538464 0.019630681818181808 0.028846153846153848
