0 0.0761221590909091 0.5913557692307692 0.04954545454545455 0.06313461538461536
0 0.6367755681818182 0.15164423076923084 0.05875000000000002 0.08963461538461541
0 0.9535795454545454 0.723375 0.0743181818181819 0.10159615384615382
0 0.2996519886363636 0.8969903846153846 0.05464488636363636 0.10159615384615385
0 0.2737855113636364 0.7312596153846154 0.04080965909090912 0.054249999999999986
0 0.6416690340909091 0.3069519230769231 0.0648153409090909 0.07701923076923078
0 0.8304545454545456 0.9669903846153847 0.07869318181818179 0.06601923076923076
0 0.5120383522727273 0.38165384615384623 0.04802556818181818 0.09657692307692302
0 0.977159090909091 0.9206634615384616 0.045681818181818136 0.04832692307692307
0 0.6752414772727273 0.3421923076923077 0.04616477272727273 0.06438461538461542
0 0.6911008522727272 0.3668173076923077 0.06762784090909085 0.06817307692307702
0 0.7894957386363637 0.30883653846153847 0.05549715909090916 0.08586538461538468
0 0.667549715909091 0.4611923076923077 0.03450284090909094 0.03219230769230771
0 0.6563636363636364 0.4261634615384615 0.09886363636363639 0.10101923076923082
0 0.31128551136363636 0.3017884615384615 0.03916193181818181 0.04923076923076927
0 0.3110511363636364 0.33872115384615387 0.05363636363636366 0.05617307692307699
0 0.7041548295454546 0.020423076923076877 0.025639204545454562 0.040846153846153865
0 0.9005894886363636 0.3592692307692309 0.023309659090909207 0.03234615384615383
0 0.12455965909090909 0.24917307692307689 0.05829545454545453 0.08838461538461545
0 0.10823863636363637 0.05228846153846156 0.06178977272727273 0.10023076923076923
0 0.24988636363636366 0.3501923076923077 0.10258522727272727 0.09469230769230771
0 0.8570454545454546 0.9063557692307692 0.04735795454545443 0.11048076923076923
0 0.07794034090909091 0.8067307692307693 0.0415340909090909 0.10357692307692311
0 0.6045809659090909 0.8022884615384616 0.05245738636363629 0.072
0 0.2848508522727273 0.29100961538461534 0.018650568181818174 0.02840384615384612
0 0.27698863636363635 0.4022788461538461 0.10667613636363639 0.07259615384615385
0 0.021264204545454544 0.6269423076923077 0.04221590909090909 0.058769230769230775
0 0.912684659090909 0.3946346153846153 0.08948863636363637 0.10146153846153845
0 0.17818892045454546 0.19946153846153847 0.05362215909090909 0.09311538461538464
0 0.904012784090909 0.34790384615384606 0.08109375000000005 0.10038461538461536
0 0.9797088068181817 0.9679711538461538 0.04058238636363643 0.06405769230769232
0 0.8045809659090909 0.9502211538461538 0.06339488636363635 0.09955769230769232
0 0.8850923295454546 0.933451923076923 0.04225852272727273 0.13309615384615384
0 0.8666690340909091 0.22834615384615387 0.07461647727272723 0.05746153846153845
0 0.3910866477272727 0.9665 0.08160511363636366 0.067
0 0.2384446022727273 0.9581153846153846 0.08379261363636364 0.08376923076923078
0 0.531875 0.5252788461538462 0.0801420454545454 0.07398076923076917
0 0.3183025568181818 0.6276153846153847 0.059190340909090894 0.0616538461538461
0 0.6067613636363636 0.9605769230769231 0.06411931818181825 0.07884615384615384
0 0.560859375 0.8387884615384615 0.023309659090909127 0.032538461538461544
0 0.10882812500000001 0.9291057692307693 0.08470170454545456 0.09740384615384615
0 0.37542613636363636 0.9448269230769231 0.08525568181818183 0.08088461538461539
0 0.27415482954545456 0.9665 0.05901988636363638 0.067
0 0.26957386363636365 0.7832115384615385 0.05173295454545457 0.0581923076923077
0 0.6399644886363636 0.48995192307692303 0.04336647727272731 0.04736538461538466
0 0.14825994318181818 0.7521442307692308 0.07285511363636364 0.08482692307692308
0 0.9749715909090909 0.6518653846153846 0.050056818181818195 0.08680769230769228
0 0.1508096590909091 0.711701923076923 0.07505681818181818 0.09863461538461539
0 0.03386363636363636 0.7151538461538461 0.06411931818181817 0.0956923076923077
0 0.5437215909090909 0.57275 0.07832386363636369 0.0604230769230769
0 0.655284090909091 0.554875 0.04644886363636362 0.07398076923076922
0 0.6211363636363636 0.5450096153846153 0.04372159090909095 0.08878846153846157
0 0.6089488636363637 0.6157403846153846 0.045710227272727284 0.06059615384615383
0 0.8567968749999999 0.6817211538461538 0.07788352272727278 0.09532692307692306
0 0.8558664772727272 0.5560865384615385 0.049886363636363645 0.08901923076923075
0 0.6927272727272727 0.17594230769230768 0.07088068181818179 0.04861538461538456
0 0.6886931818181818 0.5598653846153846 0.05968750000000005 0.09153846153846153
0 0.8075994318181817 0.5532403846153846 0.09605113636363637 0.11363461538461539
0 0.8288139204545455 0.5974326923076924 0.0816051136363637 0.08586538461538462
0 0.5466974431818182 0.686451923076923 0.02098011363636361 0.0315576923076923
0 0.6054545454545455 0.7625288461538462 0.06761363636363639 0.08144230769230767
0 0.5005326704545454 0.745326923076923 0.021917613636363565 0.027769230769230793
0 0.5058948863636363 0.4425961538461538 0.044772727272727325 0.07765384615384614
0 0.8144460227272727 0.2580192307692307 0.05968749999999998 0.12057692307692305
0 0.9364630681818181 0.8057403846153846 0.09252840909090908 0.09863461538461538
0 0.75265625 0.11533653846153846 0.030312499999999885 0.038519230769230826
