0 0.7381392045454546 0.9651057692307692 0.0546875 0.06975
0 0.302890625 0.5976346153846154 0.09245738636363637 0.10573076923076921
0 0.589559659090909 0.9418269230769231 0.051249999999999976 0.06657692307692309
0 0.2911150568181818 0.6796634615384616 0.06546875 0.0785192307692308
0 0.2342755681818182 0.15705769230769218 0.04855113636363637 0.078
0 0.24234375000000002 0.5291634615384615 0.07335227272727275 0.0919038461538462
0 0.13262073863636362 0.5255384615384615 0.08953124999999999 0.11123076923076919
0 0.23542613636363638 0.06018269230769224 0.16241477272727273 0.12017307692307705
0 0.11771306818181819 0.4297596153846154 0.01948863636363636 0.03551923076923071
0 0.9552059659090908 0.26039423076923074 0.08958806818181825 0.115173076923077
0 0.6196306818181818 0.30393269230769226 0.08985795454545462 0.08275000000000006
0 0.5898011363636364 0.867125 0.05599431818181821 0.058980769230769246
0 0.2484517045454546 0.2557019230769232 0.05446022727272728 0.09394230769230763
0 0.9273011363636364 0.4199807692307692 0.04153409090909092 0.0595384615384615
0 0.6093252840909091 0.9284423076923077 0.05407670454545454 0.03769230769230769
0 0.30935369318181816 0.23667307692307693 0.07495738636363634 0.08126923076923075
0 0.927471590909091 0.8894423076923077 0.07136363636363621 0.1745
0 0.6898792613636364 0.7619134615384615 0.049588068181818136 0.05617307692307691
0 0.8459019886363636 0.7204326923076922 0.1051278409090909 0.12117307692307691
0 0.6671377840909091 0.21278846153846154 0.0806392045454546 0.08973076923076928
0 0.806796875 0.02650961538461527 0.020951704545454544 0.029942307692307678
0 0.423125 0.033625000000000016 0.06144886363636362 0.06659615384615394
0 0.19056107954545454 0.023173076923076907 0.04353693181818181 0.04634615384615389
0 0.4836647727272727 0.2932211538461539 0.03198863636363634 0.05671153846153848
0 0.06434659090909091 0.010711538461538384 0.051107954545454554 0.021423076923076895
0 0.6366193181818182 0.15237500000000004 0.08661931818181821 0.07451923076923077
0 0.07193892045454545 0.09931730769230762 0.08007102272727272 0.0693269230769231
0 0.09399147727272728 0.196326923076923 0.06338068181818182 0.06826923076923076
0 0.05536221590909091 0.19454807692307696 0.04288352272727273 0.06682692307692308
0 0.9861647727272728 0.12838461538461532 0.02767045454545457 0.05034615384615386
0 0.9506392045454546 0.13529807692307694 0.022187499999999846 0.02594230769230771
0 0.9868394886363636 0.25967307692307684 0.02632102272727269 0.09515384615384608
0 0.982919034090909 0.8247211538461539 0.033849431818181876 0.11932692307692308
0 0.5710085227272728 0.4174903846153847 0.052471590909090905 0.08782692307692311
0 0.5982954545454545 0.21608653846153847 0.09781250000000002 0.13509615384615384
0 0.13628551136363634 0.6470288461538461 0.010213068181818198 0.014288461538461496
0 0.950390625 0.11575961538461532 0.05825284090909089 0.0360192307692308
0 0.1726065340909091 0.5124519230769231 0.03805397727272726 0.05486538461538467
0 0.20373579545454545 0.5504230769230769 0.06176136363636362 0.10938461538461543
0 0.07896306818181818 0.153625 0.10116477272727273 0.05551923076923078
0 0.17779119318181816 0.48602884615384623 0.05930397727272725 0.07828846153846156
0 0.34406960227272726 0.9932884615384615 0.017144886363636355 0.013346153846153846
0 0.14303267045454546 0.6106153846153846 0.10257102272727274 0.09834615384615387
0 0.78015625 0.05312499999999998 0.06542613636363628 0.05036538461538472
0 0.987606534090909 0.33188461538461533 0.02478693181818188 0.08342307692307692
0 0.010696022727272728 0.9235673076923077 0.021392045454545455 0.06298076923076923
0 0.7812713068181818 0.021451923076923007 0.0691619318181819 0.04290384615384616
0 0.6017329545454545 0.9054230769230769 0.07369318181818181 0.04388461538461538
0 0.0910440340909091 0.873 0.05421875000000001 0.08750000000000001
0 0.21616477272727275 0.8472211538461538 0.051193181818181804 0.04513461538461541
0 0.3590625 0.7461057692307692 0.016931818181818204 0.02974999999999997
