0 0.21324573863636365 0.6550961538461538 0.08686079545454545 0.11626923076923079
0 0.3398934659090909 0.9506057692307692 0.10464488636363639 0.09878846153846153
0 0.38680397727272725 0.9382019230769231 0.04488636363636367 0.06386538461538462
0 0.469453125 0.9343461538461538 0.09825284090909085 0.13130769230769232
0 0.4108806818181818 0.9703557692307693 0.0716193181818182 0.05840384615384615
0 0.4546732954545455 0.9556153846153846 0.09426136363636357 0.08876923076923077
0 0.5629119318181818 0.9145288461538461 0.1344602272727273 0.1709423076923077
0 0.6368039772727273 0.9424615384615385 0.07454545454545457 0.11507692307692308
0 0.011590909090909091 0.28473076923076923 0.01653409090909091 0.03253846153846146
0 0.00421875 0.2900384615384616 0.0084375 0.028384615384615366
0 0.32764914772727277 0.31135576923076913 0.08467329545454548 0.11463461538461531
0 0.4305539772727273 0.6000288461538461 0.06710227272727275 0.12221153846153843
0 0.36705965909090915 0.2735000000000001 0.039943181818181864 0.06057692307692308
0 0.34255681818181816 0.2358269230769231 0.07082386363636362 0.08400000000000002
0 0.3299147727272727 0.16013461538461538 0.04872159090909089 0.08615384615384618
0 0.4695738636363636 0.18607692307692303 0.07082386363636366 0.10273076923076926
0 0.5925852272727273 0.22339423076923082 0.05164772727272729 0.06921153846153848
0 0.061654829545454544 0.11308653846153849 0.0532528409090909 0.1038269230769231
0 0.03948153409090909 0.024278846153846123 0.07896306818181818 0.04855769230769231
0 0.7894886363636363 0.03239423076923087 0.0641761363636363 0.06478846153846153
0 0.7203977272727273 0.20554807692307686 0.07082386363636366 0.0883269230769231
0 0.8468252840909091 0.22513461538461543 0.025383522727272734 0.03207692307692309
0 0.3733096590909091 0.5688557692307692 0.06656250000000002 0.10021153846153849
0 0.86796875 0.3821634615384616 0.028977272727272695 0.04151923076923072
0 0.8742542613636363 0.3789903846153847 0.03643465909090906 0.06690384615384619
0 0.6753267045454545 0.47004807692307693 0.06789772727272729 0.13771153846153844
0 0.6140838068181819 0.474375 0.08333806818181812 0.11463461538461536
0 0.7376278409090908 0.5675576923076924 0.05991477272727274 0.08903846153846157
0 0.7875568181818182 0.6322692307692308 0.07988636363636349 0.10815384615384617
0 0.6865127840909091 0.5832403846153846 0.07268465909090903 0.08075000000000002
0 0.6833167613636363 0.729596153846154 0.07748579545454547 0.06488461538461537
0 0.6963636363636364 0.6589423076923077 0.11156249999999995 0.12326923076923076
0 0.8248366477272726 0.749423076923077 0.06549715909090911 0.10957692307692306
0 0.3177911931818182 0.5612788461538462 0.07640625 0.10671153846153848
0 0.7827627840909092 0.705625 0.10063920454545458 0.10201923076923076
0 0.7542755681818182 0.7523173076923078 0.07136363636363638 0.08074999999999999
0 0.7924857954545454 0.8063750000000001 0.0551136363636363 0.10021153846153846
0 0.7466832386363635 0.7989903846153846 0.07535511363636373 0.12651923076923074
0 0.683046875 0.7723173076923077 0.07268465909090911 0.0868653846153846
0 0.8398792613636364 0.8653173076923077 0.11103693181818176 0.15321153846153845
0 0.7245809659090909 0.8952403846153847 0.043934659090909184 0.09409615384615383
0 0.7015767045454545 0.8337788461538461 0.050539772727272704 0.06271153846153846
0 0.7042116477272727 0.9083942307692308 0.038764204545454574 0.08651923076923076
0 0.6892045454545455 0.9258461538461539 0.05346590909090907 0.06199999999999999
0 0.3094034090909091 0.5944423076923078 0.08414772727272729 0.08003846153846149
0 0.7016548295454546 0.9855961538461538 0.061349431818181734 0.02880769230769231
0 0.5621377840909091 0.6759423076923077 0.027258522727272725 0.032999999999999995
0 0.9896946022727273 0.8802692307692308 0.02049715909090918 0.1395
0 0.9900923295454547 0.7760961538461538 0.019701704545454553 0.07534615384615385
0 0.8984943181818181 0.5525961538461539 0.07349431818181819 0.12580769230769234
0 0.9521519886363637 0.3071057692307694 0.056178977272727366 0.10275000000000001
0 0.9319105113636365 0.2560961538461539 0.08867897727272721 0.12038461538461542
0 0.9177982954545455 0.14975000000000005 0.07482954545454555 0.09950000000000002
0 0.9838707386363637 0.21125961538461546 0.031747159090909124 0.06728846153846156
0 0.9705397727272728 0.16453846153846152 0.058920454545454574 0.09719230769230762
0 0.3125994318181818 0.6555480769230769 0.08519886363636363 0.08328846153846155
0 0.4116051136363636 0.2106730769230769 0.04789772727272723 0.06292307692307697
0 0.39399857954545453 0.15323076923076928 0.040838068181818184 0.10630769230769226
0 0.4193536931818182 0.14511538461538465 0.06478693181818175 0.12538461538461537
0 0.7915340909090909 0.9294326923076923 0.07485795454545462 0.13755769230769227
0 0.7618252840909091 0.9390961538461539 0.10575284090909082 0.12146153846153845
0 0.38568892045454545 0.6613076923076924 0.08654829545454547 0.09769230769230772
0 0.32485085227272725 0.845701923076923 0.05166193181818182 0.09732692307692309
0 0.3622585227272727 0.8729230769230769 0.07428977272727275 0.1510384615384615
