0 0.023636363636363636 0.42047115384615386 0.04727272727272727 0.07917307692307696
0 0.2482315340909091 0.4680192307692308 0.10887784090909092 0.09419230769230773
0 0.07129971590909091 0.04602884615384617 0.05478693181818183 0.07098076923076917
0 0.23109375 0.5692403846153846 0.0625 0.06005769230769234
0 0.1912784090909091 0.6192980769230769 0.03326704545454546 0.04186538461538458
0 0.3201491477272727 0.5144230769230769 0.026889204545454556 0.05049999999999998
0 0.30704545454545457 0.5355865384615385 0.037642045454545456 0.05186538461538461
0 0.6841051136363636 0.7264326923076923 0.053096590909090906 0.07598076923076921
0 0.6392400568181817 0.6800288461538462 0.0950994318181818 0.13967307692307693
0 0.2727698863636363 0.7578365384615384 0.01948863636363636 0.03228846153846152
0 0.7654332386363637 0.8001442307692308 0.02285511363636352 0.03413461538461538
0 0.011874999999999998 0.37725 0.023749999999999997 0.07007692307692308
0 0.595049715909091 0.9427307692307693 0.04367897727272727 0.11453846153846155
0 0.5587571022727272 0.9223076923076923 0.07191761363636363 0.1528846153846154
0 0.44902698863636364 0.9439134615384616 0.06552556818181818 0.08963461538461538
0 0.18724431818181816 0.9725769230769231 0.01781250000000001 0.02411538461538462
0 0.20068181818181818 0.9336826923076923 0.051420454545454526 0.05094230769230769
0 0.1566619318181818 0.9200384615384616 0.0352840909090909 0.03457692307692307
0 0.18992897727272728 0.9057019230769231 0.03125000000000002 0.056865384615384616
0 0.163046875 0.921625 0.03663352272727274 0.09144230769230768
0 0.4910440340909091 0.7953653846153846 0.02856534090909093 0.03184615384615385
0 0.16859375 0.9802596153846154 0.04906250000000001 0.039480769230769236
0 0.014396306818181819 0.2302980769230769 0.028792613636363637 0.0627884615384615
0 0.9828622159090908 0.3290288461538462 0.03427556818181818 0.06824999999999991
0 0.9311008522727273 0.32470192307692314 0.04436079545454548 0.04959615384615389
0 0.941356534090909 0.3510961538461538 0.03998579545454542 0.05049999999999998
0 0.9245525568181818 0.38066346153846153 0.06149147727272722 0.06778846153846153
0 0.7874360795454546 0.4752115384615385 0.011491477272727318 0.017730769230769283
0 0.44240056818181817 0.509875 0.01096590909090913 0.016711538461538403
0 0.9019886363636364 0.8788461538461538 0.03977272727272727 0.06153846153846154
0 0.48431818181818187 0.4377596153846154 0.027215909090909127 0.04186538461538458
0 0.04290482954545455 0.2298461538461538 0.034275568181818185 0.05550000000000003
0 0.045767045454545456 0.2821634615384616 0.04335227272727272 0.0764423076923077
0 0.31948153409090907 0.34653846153846146 0.06453125000000001 0.10600000000000001
0 0.016690340909090908 0.28421153846153835 0.030255681818181814 0.06688461538461545
0 0.007507102272727273 0.28284615384615397 0.015014204545454546 0.05323076923076924
0 0.07718039772727274 0.46460576923076913 0.09140625000000001 0.1310192307692308
