0 0.9160369318181819 0.7085769230769231 0.04244318181818181 0.049538461538461524
0 0.7019176136363636 0.32018269230769236 0.03687499999999997 0.05944230769230763
0 0.8548366477272729 0.9608269230769231 0.09132102272727284 0.07607692307692307
0 0.5720241477272728 0.6321923076923077 0.04975852272727277 0.06657692307692309
0 0.908984375 0.9279326923076923 0.10245738636363635 0.10225000000000001
0 0.48635653409090907 0.4182596153846154 0.08254261363636366 0.12048076923076918
0 0.7270809659090909 0.43900961538461536 0.04757102272727274 0.07132692307692302
0 0.2947940340909091 0.31129807692307687 0.0400710227272727 0.07925000000000007
0 0.5530042613636363 0.7189711538461538 0.0456676136363636 0.07213461538461537
0 0.6332244318181818 0.6118653846153846 0.07755681818181813 0.08673076923076922
0 0.9725639204545454 0.7957980769230769 0.047769886363636355 0.07925000000000001
0 0.2822372159090909 0.9795961538461538 0.08055397727272728 0.04057692307692308
0 0.4367684659090909 0.7948557692307692 0.03933238636363636 0.09332692307692309
0 0.4013778409090909 0.7670865384615384 0.05713068181818186 0.12048076923076921
0 0.6704048295454546 0.6876153846153846 0.11941761363636362 0.11349999999999996
0 0.5921448863636364 0.246375 0.053380681818181876 0.06974999999999996
0 0.46217329545454544 0.7968942307692308 0.04443181818181814 0.07505769230769231
0 0.5638352272727273 0.6048461538461538 0.04272727272727279 0.040423076923076944
0 0.5350923295454545 0.8187596153846154 0.06603693181818183 0.07798076923076923
0 0.5465625 0.6555673076923076 0.04917613636363629 0.08163461538461542
0 0.6969318181818182 0.4574134615384615 0.05292613636363635 0.06974999999999996
0 0.26954545454545453 0.3367403846153847 0.06838068181818184 0.11032692307692309
0 0.7116761363636364 0.5704326923076923 0.08312499999999998 0.13790384615384618
0 0.49796875 0.5668076923076923 0.09835227272727275 0.13711538461538464
0 0.12256392045454545 0.280625 0.10595170454545455 0.21559615384615388
0 0.7550355113636363 0.41012499999999996 0.035127840909090935 0.0800576923076923
0 0.8911292613636363 0.749201923076923 0.09248579545454548 0.06975000000000002
0 0.9590198863636364 0.35903846153846153 0.05096590909090908 0.051230769230769205
0 0.4120383522727273 0.7859711538461538 0.04458806818181816 0.08167307692307692
0 0.9828480113636363 0.8665961538461538 0.03410511363636362 0.10361538461538462
0 0.641903409090909 0.8375192307692307 0.09741477272727271 0.11476923076923076
0 0.2743110795454546 0.5495865384615384 0.09694602272727272 0.06721153846153843
0 0.6153409090909091 0.45318269230769226 0.06073863636363635 0.11790384615384616
0 0.37477272727272726 0.3692788461538461 0.029971590909090903 0.05436538461538469
0 0.6053053977272728 0.5344903846153846 0.10163352272727275 0.07482692307692301
0 0.15043323863636363 0.556875 0.07117897727272729 0.0830576923076923
0 0.7072301136363636 0.23580769230769227 0.056676136363636415 0.09446153846153847
0 0.819502840909091 0.6407499999999999 0.0561931818181819 0.07038461538461543
0 0.6546590909090909 0.3619807692307693 0.03630681818181818 0.08084615384615389
0 0.48122869318181816 0.7490096153846154 0.07259943181818175 0.07544230769230767
0 0.6816264204545455 0.3428461538461538 0.05151988636363634 0.08876923076923082
0 0.3052130681818182 0.24931730769230764 0.05093750000000002 0.10540384615384615
0 0.2692684659090909 0.22732692307692315 0.05137784090909093 0.09392307692307687
0 0.49416903409090907 0.6698365384615385 0.07669034090909092 0.08640384615384616
0 0.6024928977272727 0.7833461538461539 0.06228693181818177 0.06023076923076922
0 0.7202272727272727 0.29818269230769234 0.053863636363636384 0.10067307692307696
0 0.9908735795454546 0.6966826923076923 0.01825284090909094 0.08917307692307694
0 0.31384232954545455 0.9564519230769231 0.06697443181818183 0.08559615384615384
0 0.2594815340909091 0.2761826923076923 0.03419034090909094 0.04375
0 0.6121732954545455 0.3739903846153847 0.05431818181818175 0.08813461538461535
0 0.9771803977272726 0.9608173076923077 0.04563920454545454 0.07767307692307693
0 0.9865838068181819 0.8060576923076923 0.025752840909090902 0.05626923076923078
0 0.5158309659090908 0.7264999999999999 0.0556107954545455 0.07292307692307692
0 0.3648508522727273 0.830798076923077 0.028110795454545444 0.04121153846153847
0 0.1980894886363636 0.33253846153846156 0.0766903409090909 0.09907692307692305
0 0.48310369318181823 0.8292211538461538 0.02294034090909096 0.027903846153846164
0 0.18321732954545455 0.41838461538461535 0.07774147727272726 0.09900000000000003
0 0.39649857954545453 0.03467307692307686 0.07845170454545453 0.06896153846153838
0 0.9550355113636364 0.7473076923076922 0.05634943181818176 0.05330769230769228
0 0.4628480113636364 0.54025 0.07492897727272728 0.08400000000000007
0 0.017897727272727273 0.46905769230769223 0.03465909090909091 0.09511538461538457
0 0.6581818181818182 0.28093269230769236 0.059943181818181805 0.090673076923077
0 0.6584374999999999 0.42717307692307693 0.07071022727272731 0.09384615384615376
0 0.9872159090909091 0.368923076923077 0.025284090909090843 0.055807692307692384
0 0.6078338068181818 0.031115384615384545 0.08430397727272722 0.06023076923076922
0 0.19673295454545456 0.6337596153846154 0.057954545454545474 0.11728846153846155
0 0.2232599431818182 0.2532788461538462 0.04859375000000001 0.0657884615384615
0 0.5351491477272727 0.7910961538461538 0.09424715909090912 0.08480769230769232
0 0.5652982954545455 0.5672019230769231 0.07610795454545452 0.07925000000000001
0 0.38527698863636367 0.5037884615384615 0.1434232954545455 0.10938461538461543
0 0.7528622159090909 0.340201923076923 0.03896306818181827 0.07659615384615381
0 0.990497159090909 0.757125 0.01900568181818181 0.04755769230769229
0 0.966534090909091 0.7368173076923077 0.033664772727272634 0.03071153846153846
0 0.6484801136363636 0.7560769230769231 0.06414772727272731 0.06938461538461538
0 0.9656676136363636 0.17902884615384618 0.04215909090909084 0.05390384615384621
0 0.9411860795454546 0.8038942307692307 0.048593750000000054 0.06498076923076924
0 0.5095596590909092 0.8498269230769231 0.09647727272727274 0.07546153846153845
0 0.35040482954545454 0.8174230769230769 0.04944602272727269 0.0705
0 0.7617542613636363 0.81975 0.06791193181818174 0.17276923076923079
0 0.06080255681818183 0.3067788461538461 0.08194602272727274 0.16486538461538455
0 0.1893323863636364 0.74325 0.05667613636363637 0.045269230769230784
0 0.9717613636363637 0.21579807692307695 0.02997159090909078 0.03994230769230777
0 0.2325497159090909 0.29838461538461547 0.03558238636363638 0.057692307692307696
0 0.8718110795454546 0.8280673076923077 0.09600852272727262 0.11967307692307692
0 0.026342329545454547 0.9111153846153847 0.024673295454545455 0.031269230769230764
0 0.9454545454545454 0.5774423076923076 0.10829545454545456 0.15296153846153845
0 0.5595951704545454 0.4339807692307692 0.06978693181818181 0.1528076923076923
0 0.19556818181818184 0.8029711538461539 0.06965909090909089 0.0895576923076923
0 0.4678835227272727 0.8247884615384615 0.0768181818181818 0.08242307692307692
0 0.21201704545454544 0.5676538461538462 0.08383522727272728 0.11857692307692307
0 0.037095170454545454 0.22871153846153836 0.07316761363636363 0.15615384615384614
0 0.3883025568181818 0.08064423076923077 0.06438920454545452 0.06259615384615376
0 0.8419531249999999 0.8736442307692308 0.06089488636363637 0.10144230769230769
0 0.07774857954545454 0.9420673076923077 0.0573721590909091 0.07609615384615383
0 0.3756178977272727 0.5438173076923077 0.11708806818181815 0.07686538461538461
0 0.4103977272727273 0.4148653846153847 0.09460227272727276 0.13503846153846147
0 0.6234303977272727 0.33716346153846155 0.038593750000000024 0.04513461538461544
0 0.9462357954545454 0.6740576923076923 0.10752840909090916 0.1528076923076923
0 0.1647159090909091 0.4817403846153846 0.09039772727272727 0.0925576923076923
0 0.1420028409090909 0.6412884615384615 0.07142045454545455 0.10542307692307691
0 0.4543039772727273 0.6580288461538462 0.07306818181818181 0.10398076923076927
0 0.7190269886363635 0.47871153846153847 0.03333806818181814 0.061884615384615455
0 0.43489346590909084 0.7372788461538462 0.022116477272727263 0.0339807692307692
