0 0.7273508522727273 0.42010576923076925 0.023678977272727216 0.04051923076923076
0 0.2959303977272727 0.38567307692307684 0.020639204545454547 0.039038461538461564
0 0.2836434659090909 0.40010576923076924 0.042144886363636384 0.08224999999999996
0 0.6788423295454545 0.20782692307692308 0.05248579545454544 0.0685384615384615
0 0.7157457386363636 0.19371153846153855 0.04288352272727272 0.07707692307692304
0 0.9423011363636363 0.539826923076923 0.042187500000000065 0.057115384615384596
0 0.9396661931818181 0.5014711538461538 0.04262784090909089 0.042826923076923096
0 0.10366477272727273 0.8879326923076923 0.025880681818181827 0.043173076923076925
0 0.11654119318181819 0.8977115384615384 0.01663352272727274 0.042269230769230774
0 0.48100142045454547 0.7721730769230769 0.018480113636363624 0.033615384615384596
0 0.47943892045454545 0.6614615384615384 0.02257102272727279 0.0384230769230769
0 0.5003053977272728 0.9157692307692308 0.014843749999999984 0.02123076923076923
0 0.917919034090909 0.913375 0.07365056818181821 0.11124999999999999
0 0.9080326704545455 0.9779903846153846 0.04507102272727275 0.04401923076923077
0 0.89703125 0.7714423076923077 0.06045454545454538 0.0714230769230769
0 0.8772514204545455 0.7913557692307692 0.048366477272727366 0.08371153846153843
0 0.007741477272727273 0.39330769230769225 0.015482954545454546 0.07130769230769228
0 0.5056676136363637 0.2851442307692307 0.02622159090909096 0.03463461538461537
0 0.31752840909090907 0.02073076923076922 0.0983238636363636 0.041461538461538466
0 0.35894886363636364 0.08108653846153835 0.05855113636363636 0.0830192307692308
0 0.9891974431818181 0.4301538461538462 0.02154829545454556 0.17396153846153847
0 0.8065909090909091 0.30127884615384604 0.051505681818181805 0.07032692307692306
0 0.4474644886363636 0.84075 0.03757102272727271 0.047115384615384615
0 0.7743963068181817 0.3125192307692307 0.03731534090909088 0.07269230769230771
0 0.8531107954545454 0.11457692307692313 0.020142045454545385 0.041884615384615444
0 0.841015625 0.11287499999999995 0.05134943181818179 0.06121153846153854
0 0.8503267045454546 0.15790384615384623 0.022926136363636506 0.043769230769230755
0 0.8576917613636365 0.1517980769230769 0.054019886363636485 0.056519230769230745
0 0.821171875 0.1660673076923077 0.03007102272727283 0.05844230769230767
0 0.8904616477272728 0.10422115384615382 0.04271306818181809 0.04225000000000005
0 0.8829758522727272 0.06089423076923084 0.02583806818181826 0.030557692307692282
0 0.8411647727272729 0.07504807692307691 0.07673295454545469 0.05263461538461539
0 0.8768394886363637 0.2470096153846154 0.020724431818181864 0.02951923076923081
0 0.4274502840909091 0.8386730769230769 0.044048295454545444 0.07253846153846154
0 0.9292045454545454 0.19219230769230777 0.09232954545454546 0.06719230769230769
0 0.9191335227272727 0.23245192307692308 0.07840909090909082 0.08344230769230766
0 0.9744957386363637 0.2444615384615385 0.05100852272727268 0.07565384615384621
0 0.6831036931818182 0.6412788461538461 0.11657670454545462 0.12271153846153847
0 0.2525923295454545 0.7590961538461538 0.049673295454545456 0.06315384615384616
0 0.23798295454545454 0.8022692307692307 0.055937499999999994 0.09173076923076924
0 0.27671875 0.7680480769230769 0.039375 0.0590576923076923
0 0.2605255681818182 0.8417403846153846 0.05286931818181818 0.09459615384615384
0 0.2972017045454545 0.8989711538461539 0.03204545454545455 0.04290384615384615
0 0.30840198863636364 0.9732019230769231 0.0826278409090909 0.05336538461538461
0 0.7162357954545455 0.5426442307692307 0.0234375 0.03690384615384615
0 0.7426846590909091 0.576 0.20963068181818179 0.20407692307692313
0 0.729375 0.5007692307692307 0.13443181818181807 0.08153846153846155
0 0.038494318181818185 0.5143653846153846 0.024971590909090912 0.04761538461538465
0 0.06216619318181818 0.5171346153846155 0.03305397727272727 0.04373076923076919
