0 0.9502201704545453 0.25639423076923074 0.05106534090909081 0.09636538461538464
0 0.6584517045454545 0.21850000000000003 0.05965909090909091 0.0708461538461539
0 0.46213068181818184 0.06210576923076927 0.04073863636363637 0.05432692307692308
0 0.39446732954545455 0.1637019230769231 0.049360795454545456 0.09275000000000004
0 0.34000710227272724 0.06692307692307697 0.06723011363636361 0.09619230769230766
0 0.3048934659090909 0.03734615384615381 0.04893465909090911 0.07469230769230764
0 0.6204048295454545 0.34062499999999996 0.11765624999999998 0.11109615384615382
0 0.6572301136363636 0.3908173076923077 0.06079545454545448 0.057557692307692324
0 0.6100213068181818 0.28774999999999995 0.16708806818181818 0.054884615384615316
0 0.38087357954545453 0.6637211538461538 0.04541193181818182 0.11305769230769229
0 0.03759943181818182 0.5737019230769231 0.07519886363636363 0.1278269230769231
0 0.9843678977272727 0.27692307692307694 0.03126420454545453 0.15730769230769223
0 0.14024147727272726 0.6897307692307693 0.055511363636363636 0.0768076923076923
0 0.4014346590909091 0.47832692307692315 0.026250000000000027 0.03642307692307692
0 0.2997159090909091 0.4472211538461539 0.04855113636363637 0.07551923076923073
0 0.340234375 0.37171153846153837 0.07186079545454546 0.06573076923076925
0 0.3061150568181818 0.4107980769230769 0.03379261363636363 0.06840384615384613
0 0.34105823863636364 0.4503365384615384 0.03478693181818179 0.03998076923076927
0 0.3354758522727273 0.4152403846153846 0.04200284090909094 0.07017307692307694
0 0.6207315340909091 0.6763173076923077 0.044332386363636414 0.08359615384615385
0 0.3346022727272727 0.3341346153846154 0.0647727272727273 0.08507692307692309
0 0.42621448863636363 0.2521057692307693 0.035127840909090935 0.08109615384615387
0 0.9152627840909091 0.15765384615384614 0.06990056818181824 0.11407692307692306
0 0.4115411931818182 0.33035576923076915 0.07421875 0.102673076923077
0 0.5374147727272728 0.3782596153846154 0.04068181818181824 0.04901923076923079
0 0.41703125 0.3797211538461539 0.055852272727272716 0.07013461538461532
0 0.49125 0.061605769230769214 0.028664772727272737 0.05371153846153848
0 0.4311789772727272 0.07129807692307688 0.05474431818181821 0.07113461538461541
0 0.019595170454545455 0.12151923076923077 0.038622159090909096 0.18230769230769223
0 0.11888494318181818 0.21100961538461538 0.042684659090909086 0.05117307692307684
0 0.046612215909090905 0.31842307692307703 0.09322443181818181 0.14480769230769233
0 0.11174715909090907 0.3702019230769231 0.12071022727272726 0.1723269230769231
0 0.17492897727272727 0.33125000000000004 0.09286931818181819 0.15223076923076917
0 0.9880326704545456 0.1688846153846154 0.023934659090909124 0.11061538461538457
0 0.2537428977272727 0.37712500000000004 0.08583806818181819 0.10125000000000006
0 0.6519886363636364 0.706576923076923 0.04772727272727276 0.13692307692307693
0 0.9273082386363637 0.7921442307692308 0.0647301136363637 0.1254423076923077
0 0.46751420454545456 0.6310096153846154 0.049261363636363645 0.0728653846153846
0 0.43605823863636367 0.7030288461538461 0.05671875000000001 0.0767884615384615
0 0.23752130681818182 0.6076250000000001 0.05137784090909093 0.11517307692307689
0 0.6866761363636363 0.9682884615384615 0.018806818181818195 0.042038461538461545
0 0.8415980113636364 0.9500192307692308 0.02055397727272731 0.02919230769230769
0 0.7680255681818182 0.9885288461538462 0.020625000000000136 0.021788461538461538
0 0.6044389204545454 0.7704326923076923 0.06174715909090905 0.07386538461538464
0 0.07409801136363638 0.2670576923076923 0.07529829545454546 0.11811538461538454
0 0.39472301136363636 0.8637884615384616 0.11654829545454547 0.1208846153846154
0 0.7926278409090909 0.7005865384615384 0.018494318181818157 0.03013461538461536
0 0.18701704545454545 0.5852692307692308 0.0696875 0.11534615384615388
0 0.1445028409090909 0.6258653846153845 0.01911931818181817 0.028615384615384605
0 0.609921875 0.5976538461538461 0.02157670454545454 0.03476923076923074
0 0.8623437499999999 0.8523076923076923 0.021846590909090902 0.03338461538461538
0 0.8830326704545454 0.8801826923076923 0.018764204545454598 0.039211538461538464
0 0.7622372159090909 0.9293653846153846 0.025696022727272613 0.03323076923076922
0 0.7642897727272726 0.9015096153846154 0.03190340909090898 0.03163461538461538
0 0.7446875 0.9769807692307693 0.026022727272727184 0.04603846153846154
0 0.9671306818181818 0.07731730769230782 0.06573863636363632 0.15463461538461543
0 0.42446022727272736 0.6834134615384615 0.04428977272727274 0.06782692307692305
0 0.42776988636363633 0.6419423076923076 0.05505681818181817 0.05099999999999996
0 0.537684659090909 0.6441826923076923 0.10764204545454549 0.06894230769230768
0 0.9260369318181819 0.8920769230769231 0.07116477272727276 0.12915384615384615
0 0.6258451704545455 0.7452980769230769 0.06666193181818182 0.09128846153846157
0 0.9209446022727273 0.5524326923076923 0.04044034090909095 0.04482692307692303
0 0.9328835227272727 0.4769230769230769 0.10883522727272711 0.06946153846153846
0 0.9652130681818182 0.16110576923076914 0.06894886363636359 0.11148076923076917
0 0.7218323863636363 0.24350000000000005 0.08150568181818181 0.08996153846153841
0 0.7423366477272727 0.18832692307692311 0.039446022727272705 0.0738076923076923
0 0.8926278409090909 0.2522884615384615 0.07215909090909084 0.09065384615384613
