0 0.8555894886363636 0.3549903846153847 0.027514204545454553 0.03386538461538453
0 0.9289559659090909 0.5158365384615384 0.02583806818181826 0.041750000000000016
0 0.7384517045454545 0.5914711538461539 0.05502840909090911 0.09594230769230766
0 0.8155681818181819 0.5779134615384616 0.022500000000000044 0.03048076923076922
0 0.9010298295454546 0.6919230769230769 0.04169034090909094 0.05080769230769228
0 0.9581392045454545 0.7833461538461539 0.024176136363636337 0.03273076923076922
0 0.8839346590909091 0.6631442307692308 0.03252840909090906 0.047403846153846164
0 0.8009801136363636 0.5965480769230769 0.021676136363636352 0.027096153846153853
0 0.8601704545454545 0.6755576923076922 0.021676136363636512 0.029346153846153827
0 0.8205681818181819 0.6146057692307692 0.0241761363636365 0.04063461538461537
0 0.8418323863636363 0.6823269230769231 0.026676136363636326 0.03611538461538462
0 0.7993039772727273 0.6247596153846153 0.021676136363636352 0.033865384615384644
0 0.9702201704545456 0.5643750000000001 0.03001420454545454 0.034980769230769225
0 0.5757954545454546 0.31526923076923075 0.026676136363636326 0.03973076923076917
0 0.8184872159090908 0.6456442307692307 0.03001420454545454 0.03498076923076928
0 0.5396022727272727 0.6738557692307692 0.02750000000000002 0.037250000000000005
0 0.6909303977272727 0.6907884615384615 0.03501420454545459 0.04176923076923077
0 0.8385014204545456 0.7562692307692307 0.06336647727272729 0.08465384615384615
0 0.9748153409090908 0.8031057692307693 0.025852272727272793 0.0361346153846154
0 0.8022301136363637 0.7686826923076924 0.025852272727272793 0.03048076923076925
0 0.7905539772727272 0.7822307692307693 0.020852272727272657 0.025961538461538463
0 0.780965909090909 0.7906923076923077 0.06670454545454535 0.09480769230769233
0 0.8651704545454546 0.7878653846153846 0.05502840909090911 0.06207692307692308
0 0.9210298295454545 0.54575 0.03001420454545454 0.0383846153846154
0 0.9218678977272727 0.8505096153846154 0.026690340909090858 0.045134615384615384
0 0.9552201704545454 0.861798076923077 0.03333806818181822 0.04740384615384615
0 0.9802272727272726 0.8860673076923077 0.02835227272727262 0.037250000000000005
0 0.9934517045454545 0.9436346153846153 0.013096590909090948 0.03499999999999999
0 0.9518821022727273 0.9035576923076923 0.023338068181818272 0.03611538461538462
0 0.8726846590909091 0.8499423076923077 0.043352272727272705 0.07111538461538461
0 0.9185369318181817 0.9850769230769231 0.026676136363636326 0.029846153846153845
0 0.8918536931818182 0.9763653846153846 0.026690340909090858 0.034999999999999996
0 0.8151491477272728 0.9662019230769231 0.028338068181818245 0.04401923076923077
0 0.8418252840909091 0.981125 0.025014204545454565 0.03775
0 0.924375 0.5756538461538462 0.026676136363636326 0.032730769230769195
0 0.8710085227272728 0.9848269230769231 0.02335227272727264 0.029346153846153845
0 0.8664204545454546 0.96225 0.024176136363636337 0.029346153846153848
0 0.8022301136363637 0.8516346153846154 0.025852272727272793 0.03611538461538462
0 0.785965909090909 0.8725288461538462 0.026676136363636485 0.03725
0 0.7830539772727273 0.843173076923077 0.024176136363636337 0.02369230769230768
0 0.7388707386363635 0.9312115384615385 0.03251420454545453 0.041769230769230774
0 0.5737855113636363 0.9856442307692308 0.04586647727272722 0.028711538461538462
0 0.61046875 0.9171057692307693 0.03417613636363637 0.04063461538461539
0 0.6775852272727273 0.9684615384615385 0.035028409090909124 0.03950000000000001
0 0.7313636363636363 0.8990480769230769 0.02917613636363631 0.03159615384615384
0 0.48833096590909086 0.5147115384615384 0.03501420454545459 0.05530769230769234
0 0.6800852272727272 0.8860673076923077 0.016676136363636296 0.021442307692307677
0 0.5983806818181818 0.8685769230769231 0.03002840909090907 0.04515384615384615
0 0.558359375 0.9120288461538462 0.03001420454545454 0.03951923076923078
0 0.6721661931818181 0.9221826923076923 0.03583806818181821 0.0530576923076923
0 0.6817542613636364 0.9097692307692308 0.023338068181818192 0.030461538461538467
0 0.7000994318181818 0.8928365384615384 0.023352272727272725 0.039519230769230765
0 0.5270951704545456 0.8894519230769231 0.029190340909090926 0.034980769230769225
0 0.9917826704545454 0.9092115384615385 0.016434659090909163 0.038384615384615385
0 0.5454403409090909 0.8855 0.024176136363636337 0.03838461538461537
0 0.5295951704545454 0.9165384615384615 0.027514204545454553 0.025961538461538463
0 0.772627840909091 0.44698076923076924 0.02335227272727264 0.04176923076923082
0 0.5687855113636364 0.8076153846153846 0.022514204545454577 0.029346153846153855
0 0.6884232954545454 0.7297403846153846 0.024999999999999953 0.033865384615384644
0 0.6496519886363636 0.7968942307692307 0.022514204545454497 0.046288461538461556
0 0.6667471590909091 0.7777019230769231 0.021676136363636352 0.03048076923076922
0 0.5925426136363636 0.7957692307692308 0.026676136363636405 0.035
0 0.5867045454545455 0.8177788461538462 0.016676136363636376 0.03159615384615383
0 0.6830042613636365 0.757951923076923 0.02419034090909095 0.027096153846153853
0 0.7042684659090909 0.7715000000000001 0.015014204545454535 0.022576923076923067
0 0.7184375000000001 0.7794038461538462 0.025000000000000033 0.03838461538461537
0 0.6917613636363636 0.7788365384615384 0.03335227272727275 0.039519230769230765
0 0.610887784090909 0.49834615384615377 0.03001420454545454 0.03611538461538462
0 0.6813352272727272 0.8064903846153846 0.04085227272727279 0.04290384615384616
0 0.34655539772727273 0.09180769230769237 0.013338068181818163 0.020230769230769195
0 0.34522727272727277 0.07592307692307698 0.012812500000000015 0.01588461538461537
0 0.3468252840909091 0.06183653846153836 0.02026988636363638 0.02382692307692316
0 0.336953125 0.043413461538461484 0.013338068181818163 0.03178846153846149
0 0.7092684659090909 0.7494807692307692 0.025014204545454565 0.025961538461538487
0 0.2958664772727273 0.05172115384615383 0.01866477272727275 0.026711538461538436
0 0.3113352272727273 0.03835576923076922 0.029346590909090906 0.02167307692307689
0 0.32574573863636364 0.01704807692307697 0.024019886363636358 0.029634615384615433
0 0.8551704545454545 0.6219326923076923 0.045028409090908994 0.06659615384615383
0 0.7417826704545454 0.5197884615384616 0.018338068181818136 0.024846153846153875
0 0.5600284090909091 0.46534615384615385 0.028352272727272778 0.04011538461538464
0 0.008813920454545454 0.014230769230769158 0.01762784090909091 0.028461538461538483
0 0.13022017045454548 0.005923076923076809 0.016008522727272722 0.011846153846153784
0 0.025106534090909093 0.011336538461538481 0.019218750000000003 0.022673076923076962
0 0.14836647727272725 0.007875000000000076 0.01920454545454545 0.015173076923077006
0 0.18811079545454545 0.013288461538461527 0.029346590909090906 0.026000000000000075
0 0.16917613636363635 0.10214423076923074 0.026676136363636384 0.036134615384615314
0 0.15450284090909092 0.012923076923076926 0.01974431818181819 0.023846153846153913
0 0.14196022727272728 0.02665384615384614 0.01707386363636363 0.023846153846153913
0 0.6099431818181817 0.4102596153846154 0.026676136363636405 0.039019230769230806
0 0.7934730113636363 0.5547788461538462 0.028338068181818245 0.042903846153846105
0 0.16330965909090908 0.01943269230769229 0.024545454545454547 0.028173076923076988
0 0.2276065340909091 0.11334615384615387 0.026150568181818178 0.03973076923076917
0 0.18438210227272728 0.11623076923076925 0.022940340909090896 0.031076923076923016
0 0.18011363636363636 0.14475961538461535 0.024005681818181825 0.02890384615384621
0 0.16623579545454545 0.19569230769230772 0.027215909090909086 0.031076923076923016
0 0.07605823863636364 0.241201923076923 0.030411931818181814 0.04263461538461542
0 0.1403622159090909 0.2581826923076923 0.027741477272727275 0.036134615384615314
0 0.6726349431818182 0.35679807692307686 0.025071022727272775 0.03467307692307698
0 0.17477982954545454 0.23867307692307693 0.04322443181818181 0.056346153846153865
0 0.12115056818181817 0.31019230769230766 0.035227272727272725 0.050576923076923096
0 0.9972017045454545 0.606701923076923 0.005596590909090987 0.020326923076923117
0 0.18651988636363637 0.20725961538461535 0.021874999999999988 0.028173076923076988
0 0.20492187499999998 0.33078846153846153 0.025610795454545456 0.036846153846153785
0 0.34953125 0.29538461538461547 0.022414772727272728 0.03973076923076928
0 0.2740198863636364 0.4366153846153845 0.029346590909090906 0.033230769230769286
0 0.22147017045454548 0.34306730769230764 0.016008522727272743 0.025288461538461603
0 0.19158380681818182 0.3831538461538462 0.03308238636363637 0.04334615384615378
0 0.15450284090909092 0.35606730769230766 0.04002840909090908 0.054173076923076956
0 0.14622869318181816 0.34161538461538454 0.042684659090909086 0.07873076923076923
0 0.02322443181818182 0.3206730769230769 0.04644886363636364 0.07584615384615395
0 0.18465198863636365 0.34450961538461533 0.025610795454545435 0.036826923076923146
0 0.8726846590909091 0.4808461538461539 0.043352272727272705 0.06434615384615386
0 0.9942826704545454 0.7867307692307692 0.011434659090909027 0.039500000000000014
0 0.050703125 0.3632884615384616 0.10140625 0.1423076923076923
0 0.087265625 0.45033653846153854 0.022940340909090917 0.03178846153846149
0 0.2438778409090909 0.44889423076923063 0.032017045454545486 0.044788461538461576
0 0.10380681818181818 0.4684038461538461 0.02508522727272727 0.038999999999999944
0 0.596328125 0.3983365384615385 0.030411931818181772 0.05128846153846157
0 0.1742400568181818 0.44527884615384605 0.10191761363636362 0.07801923076923076
0 0.25828124999999996 0.4738173076923077 0.024545454545454547 0.03394230769230765
0 0.3644673295454546 0.4564807692307692 0.03521306818181821 0.044076923076923
0 0.14436079545454544 0.48104807692307694 0.017613636363636352 0.025288461538461603
0 0.14996448863636364 0.48971153846153836 0.05336647727272726 0.05561538461538464
0 0.923536931818182 0.6778173076923077 0.02335227272727264 0.033865384615384644
0 0.6987855113636363 0.3694423076923077 0.030411931818181772 0.054192307692307706
0 0.024836647727272728 0.46298076923076925 0.03254261363636363 0.03973076923076917
0 0.07579545454545454 0.5337788461538462 0.028806818181818183 0.025288461538461496
0 0.021370738636363632 0.5077692307692308 0.029872159090909088 0.03538461538461545
0 0.07259943181818182 0.5103076923076924 0.026676136363636364 0.033230769230769175
0 0.04725142045454545 0.4889903846153846 0.024019886363636365 0.03394230769230776
0 0.3594034090909091 0.25276923076923075 0.029346590909090944 0.042615384615384555
0 0.42556818181818185 0.3018846153846154 0.024005681818181867 0.03538461538461545
0 0.38634232954545455 0.26757692307692305 0.03734375000000003 0.04911538461538466
0 0.43730823863636364 0.1686057692307692 0.022940340909090876 0.041903846153846194
0 0.45224431818181815 0.7656634615384615 0.05602272727272727 0.04263461538461539
0 0.4220951704545454 0.1689615384615385 0.022400568181818237 0.04407692307692311
0 0.4410369318181818 0.14331730769230766 0.01761363636363633 0.02890384615384621
0 0.4391761363636364 0.058798076923076925 0.03414772727272722 0.04044230769230764
0 0.45357244318181816 0.030990384615384614 0.023480113636363598 0.0354038461538462
0 0.38234375000000004 0.26648076923076924 0.01974431818181815 0.02961538461538457
0 0.48772727272727273 0.007365384615384496 0.024545454545454506 0.014730769230769169
0 0.40982244318181815 0.2863461538461538 0.023480113636363598 0.033230769230769286
0 0.44984375 0.32825961538461546 0.03414772727272722 0.06501923076923077
0 0.37781250000000005 0.3069423076923077 0.07150568181818179 0.04550000000000005
0 0.5317684659090909 0.17655769230769236 0.0218892045454545 0.03973076923076917
0 0.33859375 0.9567403846153846 0.027215909090909086 0.037557692307692306
0 0.4786576704545455 0.36221153846153853 0.029872159090909133 0.04623076923076927
0 0.4287713068181818 0.3390865384615386 0.03575284090909093 0.06067307692307695
0 0.4319673295454546 0.3954326923076923 0.02294034090909096 0.03178846153846149
0 0.37674005681818185 0.33873076923076917 0.07044034090909088 0.05561538461538464
0 0.4602485795454545 0.4225288461538462 0.022940340909090876 0.0354038461538462
0 0.4100923295454546 0.4387884615384614 0.03362215909090911 0.053461538461538484
0 0.457578125 0.4875384615384615 0.03575284090909093 0.052730769230769206
0 0.43889914772727273 0.4239711538461539 0.02080965909090906 0.031057692307692373
0 0.41995738636363633 0.48970192307692306 0.0341477272727273 0.05128846153846151
0 0.2737571022727273 0.590125 0.03200284090909091 0.038288461538461535
0 0.3751420454545455 0.885951923076923 0.027755681818181808 0.03467307692307691
0 0.4247585227272727 0.5590576923076922 0.026676136363636405 0.04261538461538461
0 0.442109375 0.5836250000000001 0.028281249999999956 0.0339423076923077
0 0.41169034090909096 0.5940961538461539 0.027215909090909127 0.03757692307692306
0 0.43757102272727266 0.6179326923076922 0.035227272727272746 0.052019230769230734
0 0.26868607954545454 0.6937884615384615 0.030411931818181855 0.04188461538461539
0 0.31778409090909093 0.7129326923076924 0.01974431818181815 0.031057692307692317
0 0.34525568181818184 0.7790288461538462 0.02028409090909091 0.03755769230769231
0 0.283359375 0.7367692307692308 0.03842329545454543 0.04984615384615385
0 0.24548295454545455 0.7479711538461538 0.032017045454545444 0.040442307692307666
0 0.08673295454545454 0.6013173076923077 0.027215909090909096 0.034673076923076925
0 0.46558238636363636 0.8122596153846153 0.03681818181818184 0.04478846153846152
0 0.23186789772727276 0.7819134615384615 0.030411931818181814 0.04190384615384614
0 0.4637144886363637 0.7349615384615384 0.03308238636363639 0.04911538461538463
0 0.2588210227272727 0.7750576923076923 0.026676136363636364 0.03973076923076922
0 0.023238636363636364 0.5673750000000001 0.02295454545454546 0.034673076923076925
0 0.0632528409090909 0.625875 0.027215909090909086 0.04190384615384614
0 0.005348011363636364 0.5843461538461538 0.010696022727272728 0.03250000000000001
0 0.7398721590909091 0.37305769230769237 0.027215909090909127 0.04407692307692311
0 0.05258522727272727 0.5673653846153845 0.06457386363636364 0.11846153846153851
0 0.08033380681818181 0.6363557692307693 0.025071022727272727 0.036826923076923035
0 0.06458806818181818 0.6648942307692307 0.069375 0.06067307692307695
0 0.1979900568181818 0.7212403846153846 0.030951704545454536 0.040442307692307694
0 0.5779261363636364 0.2751634615384616 0.032017045454545486 0.041903846153846194
0 0.8204403409090908 0.17330769230769227 0.022954545454545408 0.030346153846153794
0 0.09100142045454546 0.7010096153846153 0.025071022727272727 0.03901923076923075
0 0.02563920454545454 0.7389423076923076 0.035227272727272725 0.046961538461538464
0 0.09927556818181818 0.7201538461538461 0.022414772727272728 0.026730769230769242
0 0.0034801136363636367 0.6135961538461538 0.006960227272727273 0.02600000000000002
0 0.013352272727272728 0.7757884615384616 0.026704545454545457 0.04984615384615387
0 0.10354403409090908 0.751576923076923 0.03842329545454546 0.046230769230769214
0 0.014154829545454545 0.6327403846153845 0.02830965909090909 0.038288461538461535
0 0.012819602272727272 0.8090096153846154 0.025639204545454545 0.026711538461538464
0 0.39888494318181816 0.9079807692307692 0.02720170454545451 0.03973076923076922
0 0.0784659090909091 0.8014230769230769 0.02775568181818183 0.04334615384615386
0 0.040049715909090906 0.7580865384615385 0.03308238636363637 0.04478846153846152
0 0.1222159090909091 0.7873365384615385 0.024545454545454547 0.033942307692307674
0 0.5320383522727273 0.23472115384615377 0.023480113636363598 0.05490384615384618
0 0.10007102272727274 0.7945673076923077 0.017613636363636373 0.038288461538461535
0 0.09260653409090908 0.8393461538461539 0.04535511363636364 0.0903076923076923
0 0.5138920454545454 0.16789423076923082 0.02241477272727277 0.03251923076923071
0 0.32685369318181823 0.7775865384615385 0.020809659090909097 0.034673076923076925
0 0.11047585227272728 0.8462211538461538 0.027741477272727275 0.034673076923076925
0 0.737734375 0.2910576923076924 0.026150568181818216 0.036115384615384674
0 0.38821732954545457 0.9899326923076923 0.030411931818181772 0.020134615384615386
0 0.7260014204545455 0.4221730769230768 0.03575284090909101 0.05707692307692309
0 0.1601065340909091 0.8823365384615385 0.03842329545454545 0.050557692307692303
0 0.8513849431818182 0.13141346153846156 0.02080965909090922 0.03032692307692315
0 0.12701704545454545 0.8147884615384615 0.024545454545454547 0.023846153846153857
0 0.14730113636363637 0.8993076923076924 0.026676136363636364 0.04261538461538461
0 0.17104403409090907 0.9855961538461538 0.02401988636363638 0.02880769230769231
0 0.1590411931818182 0.9394038461538462 0.030951704545454553 0.046230769230769235
0 0.14169744318181818 0.8487403846153846 0.028281249999999994 0.046942307692307686
0 0.18117897727272728 0.9502403846153846 0.02295454545454545 0.030326923076923078
0 0.2844247159090909 0.9578269230769231 0.03521306818181817 0.0541923076923077
0 0.42556818181818185 0.915923076923077 0.029346590909090944 0.03684615384615384
0 0.7838920454545455 0.15163461538461542 0.026676136363636326 0.039000000000000055
0 0.18784801136363638 0.977326923076923 0.0213494318181818 0.032499999999999994
0 0.30177556818181817 0.9809423076923077 0.029346590909090906 0.03684615384615385
0 0.34953125 0.8924423076923077 0.026676136363636364 0.036115384615384605
0 0.5261860795454546 0.8884326923076923 0.031065340909090914 0.04028846153846153
0 0.5945951704545455 0.7889423076923077 0.03353693181818176 0.034192307692307695
0 0.8379616477272727 0.7551346153846153 0.06720170454545463 0.09215384615384613
0 0.6908735795454546 0.6897884615384615 0.036576704545454544 0.04734615384615386
0 0.16294034090909093 0.017788461538461586 0.025937500000000006 0.035576923076923075
0 0.49561789772727266 0.6662884615384616 0.02995738636363633 0.04207692307692307
0 0.8268252840909092 0.3510384615384615 0.015014204545454617 0.016923076923076943
0 0.36846590909090904 0.9213461538461538 0.03147727272727276 0.037576923076923084
0 0.42696022727272726 0.3014903846153846 0.026136363636363603 0.0396346153846153
0 0.41210227272727273 0.5934038461538461 0.03247159090909093 0.046038461538461535
0 0.026058238636363636 0.012115384615384528 0.024360795454545458 0.024230769230769274
0 0.22134943181818179 0.34242307692307694 0.02102272727272725 0.030961538461538506
0 0.7074857954545455 0.7489326923076922 0.02778409090909091 0.030750000000000017
0 0.2459943181818182 0.7475576923076923 0.03517045454545453 0.042269230769230746
0 0.10107244318181818 0.7983750000000001 0.020752840909090898 0.042403846153846174
0 0.5453409090909092 0.8819807692307692 0.033210227272727266 0.0425
0 0.07644886363636363 0.5332307692307692 0.032017045454545465 0.03346153846153842
0 0.20524857954545456 0.3317403846153846 0.02819602272727272 0.03924999999999994
0 0.4679829545454546 0.9426538461538462 0.026676136363636405 0.03826923076923077
0 0.44274857954545455 0.582173076923077 0.035127840909090935 0.036923076923076954
0 0.27010653409090907 0.6926730769230769 0.03603693181818182 0.045846153846153856
0 0.042691761363636366 0.7454903846153846 0.07563920454545454 0.07021153846153845
0 0.6856747159090909 0.8085288461538461 0.04461647727272731 0.04078846153846155
0 0.5678125 0.8074615384615385 0.025056818181818163 0.039923076923076936
0 0.009815340909090909 0.015644230769230716 0.019630681818181818 0.0312884615384615
0 0.455703125 0.6549038461538461 0.030213068181818157 0.04415384615384617
0 0.6776207386363636 0.9681057692307692 0.034389204545454514 0.037057692307692305
0 0.17345880681818182 0.4484903846153847 0.10507102272727273 0.08236538461538459
0 0.1693465909090909 0.10250961538461545 0.03292613636363637 0.04175000000000007
0 0.4314346590909091 0.984875 0.025085227272727308 0.03025
0 0.38087357954545453 0.27886538461538457 0.027116477272727316 0.02699999999999993
0 0.4258948863636363 0.9143749999999999 0.030511363636363663 0.037788461538461535
0 0.18504971590909092 0.11532692307692316 0.025724431818181837 0.03407692307692302
0 0.15732954545454547 0.3592692307692308 0.03133522727272728 0.06988461538461545
0 0.34902698863636367 0.29437500000000005 0.024701704545454527 0.042403846153846174
0 0.18300426136363637 0.9486538461538462 0.024417613636363654 0.03334615384615384
0 0.6832173295454546 0.7582596153846154 0.026093750000000006 0.03171153846153845
0 0.0720596590909091 0.5085288461538462 0.02985795454545455 0.034365384615384624
0 0.15970170454545454 0.9388846153846154 0.037727272727272713 0.04926923076923078
0 0.24443181818181817 0.4479326923076923 0.035937499999999976 0.04851923076923081
0 0.4501136363636364 0.9339807692307692 0.021874999999999967 0.0325
0 0.11428267045454545 0.006384615384615211 0.011406250000000001 0.012769230769230743
0 0.16036221590909092 0.8837788461538462 0.044389204545454565 0.05540384615384616
0 0.06659801136363636 0.6638269230769231 0.07970170454545454 0.06619230769230772
0 0.69203125 0.7820096153846154 0.02869318181818188 0.02594230769230768
0 0.6120383522727273 0.49633653846153836 0.03433238636363631 0.04378846153846156
0 0.25780539772727273 0.4712980769230769 0.027173295454545447 0.03867307692307695
0 0.11146306818181818 0.8460769230769231 0.03397727272727273 0.03746153846153847
0 0.43887784090909093 0.6191057692307692 0.038295454545454514 0.05732692307692308
0 0.04592329545454545 0.4900865384615384 0.02758522727272727 0.038711538461538506
0 0.8787713068181818 0.8747692307692307 0.023394886363636402 0.02261538461538461
0 0.3868821022727273 0.964326923076923 0.037343749999999946 0.041192307692307695
0 0.14970170454545453 0.4871153846153846 0.05974431818181818 0.06000000000000003
0 0.7051349431818181 0.7691634615384615 0.018877840909090938 0.023903846153846168
0 0.2583167613636364 0.7745480769230769 0.029332386363636373 0.04124999999999998
0 0.1475213068181818 0.9026057692307692 0.03154829545454545 0.05105769230769232
0 0.13860085227272728 0.7984903846153846 0.010951704545454556 0.014134615384615374
0 0.06504971590909091 0.6263846153846154 0.027514204545454543 0.04080769230769231
0 0.8683664772727272 0.7828269230769231 0.0597159090909092 0.07099999999999998
0 0.18259232954545454 0.14414423076923089 0.03140625 0.03278846153846156
0 0.4690767045454546 0.9425576923076923 0.028863636363636355 0.04161538461538461
0 0.34669744318181817 0.08150961538461532 0.024019886363636358 0.044249999999999984
0 0.4180894886363637 0.949875 0.018678977272727323 0.03251923076923078
0 0.15645596590909092 0.015451923076923002 0.013196022727272737 0.03090384615384614
0 0.45363636363636367 0.7648173076923077 0.06014204545454542 0.045903846153846135
0 0.32911931818181817 0.016249999999999987 0.03409090909090909 0.03249999999999996
0 0.4181463068181818 0.9500192307692308 0.021946022727272793 0.03584615384615385
0 0.5269957386363636 0.1347307692307692 0.028167613636363695 0.03707692307692302
0 0.13115056818181817 0.011528846153846195 0.019914772727272743 0.023057692307692324
0 0.12816051136363635 0.8075673076923077 0.024872159090909098 0.014134615384615374
0 0.12238636363636363 0.7857788461538462 0.025539772727272734 0.03548076923076924
0 0.44804687499999996 0.33451923076923085 0.037542613636363645 0.08015384615384617
0 0.4505823863636364 0.931826923076923 0.02585227272727271 0.041115384615384616
0 0.8289133522727273 0.36967307692307694 0.01583806818181815 0.022576923076923095
0 0.41018465909090907 0.2870576923076923 0.02593749999999999 0.037307692307692375
0 0.28267045454545453 0.7383365384615385 0.03838068181818179 0.05578846153846152
0 0.1897869318181818 0.014653846153846128 0.034346590909090896 0.029307692307692326
0 0.7809730113636363 0.7920576923076923 0.07279829545454546 0.09915384615384616
0 0.3688778409090909 0.9212307692307692 0.03355113636363637 0.049653846153846146
0 0.37774857954545454 0.3248846153846153 0.0719460227272727 0.08823076923076922
0 0.6678267045454546 0.77825 0.02707386363636364 0.03257692307692307
0 0.42828125 0.34178846153846154 0.03869318181818183 0.0642692307692308
0 0.46823863636363633 0.8127115384615384 0.04511363636363635 0.0491153846153846
0 0.015404829545454546 0.7713942307692307 0.030809659090909092 0.04513461538461541
0 0.4554403409090909 0.6562211538461539 0.027215909090909044 0.03755769230769231
0 0.954893465909091 0.27637500000000004 0.09021306818181817 0.17305769230769222
0 0.024325284090909092 0.5680096153846155 0.024644886363636365 0.035442307692307704
0 0.14105823863636366 0.2593846153846153 0.030383522727272728 0.038538461538461466
0 0.014850852272727273 0.808125 0.029701704545454545 0.0373653846153846
0 0.3766903409090909 0.8846153846153846 0.02713068181818185 0.03649999999999999
0 0.10581676136363637 0.7503269230769232 0.04856534090909092 0.05284615384615383
0 0.02534090909090909 0.46134615384615385 0.035397727272727275 0.041923076923076945
0 0.46537642045454547 0.7315096153846153 0.038508522727272745 0.047865384615384615
0 0.42242897727272727 0.16974038461538454 0.025823863636363645 0.051788461538461554
0 0.14012784090909092 0.02665384615384614 0.022272727272727263 0.02780769230769227
0 0.4943963068181818 0.6656153846153846 0.030411931818181772 0.039
0 0.004566761363636363 0.6513076923076924 0.008764204545454546 0.021038461538461534
0 0.0067329545454545454 0.5817115384615386 0.013465909090909091 0.03123076923076925
0 0.275703125 0.4372403846153846 0.031377840909090876 0.03474999999999999
0 0.4376349431818182 0.9438942307692307 0.021264204545454503 0.04678846153846154
0 0.8761647727272727 0.0644134615384615 0.03434659090909084 0.0460576923076924
0 0.70734375 0.6421346153846154 0.057954545454545474 0.07923076923076922
0 0.6011505681818182 0.8134615384615385 0.01772727272727267 0.018000000000000026
0 0.12107954545454547 0.3094134615384615 0.03494318181818183 0.05236538461538465
0 0.050866477272727265 0.5891826923076924 0.08755681818181817 0.13163461538461535
0 0.1875568181818182 0.9756826923076923 0.02596590909090909 0.0345576923076923
0 0.6607954545454545 0.07338461538461527 0.032670454545454544 0.04080769230769225
0 0.227265625 0.11413461538461545 0.028082386363636337 0.0416923076923077
0 0.19303267045454542 0.38225 0.03700284090909089 0.04969230769230765
0 0.10318181818181818 0.4676826923076923 0.031221590909090904 0.04178846153846157
0 0.33973721590909095 0.04225961538461542 0.024019886363636358 0.047326923076922996
0 0.14326704545454547 0.3327596153846153 0.063125 0.11917307692307687
0 0.27404829545454545 0.5932980769230769 0.038125000000000006 0.04598076923076922
0 0.014254261363636363 0.6290673076923077 0.028508522727272726 0.04244230769230768
0 0.051285511363636356 0.36340384615384624 0.10257102272727271 0.14607692307692305
0 0.6886647727272727 0.7300576923076922 0.029090909090909115 0.03592307692307694
0 0.3487428977272727 0.8924038461538462 0.02975852272727275 0.039615384615384615
0 0.8472443181818182 0.3747403846153846 0.024176136363636337 0.037250000000000005
0 0.7636150568181819 0.29937500000000006 0.026690340909090858 0.03540384615384609
0 0.14759232954545454 0.00710576923076911 0.020326704545454547 0.014211538461538435
0 0.28436079545454546 0.9563365384615384 0.04173295454545454 0.06028846153846154
0 0.8746306818181818 0.8422788461538462 0.04451704545454534 0.059749999999999984
0 0.19924715909090907 0.7208846153846153 0.03360795454545454 0.04430769230769229
0 0.07492187500000001 0.2414615384615385 0.034900568181818185 0.048346153846153817
0 0.23264204545454545 0.7855 0.03215909090909089 0.04684615384615384
0 0.38270596590909084 0.26649999999999996 0.018906250000000003 0.031538461538461494
0 0.07225852272727272 0.8021442307692308 0.042244318181818175 0.05159615384615384
0 0.0047301136363636365 0.6126057692307693 0.009460227272727273 0.03190384615384616
0 0.10058238636363637 0.7163173076923077 0.02889204545454546 0.025596153846153796
0 0.6839985795454545 0.02982692307692303 0.018792613636363583 0.035769230769230706
0 0.7404616477272726 0.5919326923076923 0.0593607954545454 0.09740384615384616
0 0.42281960227272725 0.13048076923076923 0.028792613636363693 0.04061538461538462
0 0.39923295454545454 0.9061826923076923 0.02767045454545457 0.04578846153846153
0 0.0804971590909091 0.6366826923076923 0.023835227272727275 0.036519230769230734
0 0.08595170454545455 0.6006346153846154 0.027698863636363646 0.0377692307692308
0 0.7177982954545455 0.779451923076923 0.02568181818181816 0.0364423076923077
0 0.09229403409090908 0.7000865384615385 0.029502840909090902 0.03598076923076925
0 0.12796875 0.8177692307692308 0.017017045454545462 0.018846153846153842
0 0.3273721590909091 0.7793173076923077 0.025028409090909098 0.041480769230769245
0 0.14311079545454544 0.8388846153846155 0.03596590909090908 0.041538461538461524
0 0.435703125 0.9437403846153846 0.01973011363636362 0.03467307692307693
0 0.02541193181818182 0.3179615384615385 0.05082386363636364 0.07846153846153849
0 0.44004261363636366 0.15855769230769223 0.022926136363636343 0.0649615384615384
0 0.4243963068181818 0.559451923076923 0.030355113636363642 0.046211538461538464
0 0.18553267045454547 0.34380769230769226 0.029303977272727287 0.03980769230769229
0 0.16549005681818182 0.1943942307692308 0.03203125 0.03513461538461546
0 0.16980113636363636 0.9840096153846154 0.02596590909090909 0.03198076923076923
0 0.18556107954545453 0.2064807692307692 0.02444602272727274 0.033769230769230774
0 0.023224431818181814 0.509125 0.035909090909090904 0.041711538461538515
0 0.6505681818181818 0.789298076923077 0.02440340909090902 0.06571153846153846
0 0.31784801136363633 0.7125576923076924 0.02359374999999998 0.033192307692307674
0 0.4231605113636363 0.12923076923076926 0.028821022727272758 0.036846153846153785
0 0.3588920454545455 0.25258653846153856 0.03357954545454547 0.0467115384615385
0 0.5849573863636364 0.8167211538461538 0.020426136363636358 0.034442307692307716
0 0.5228977272727273 0.6581250000000001 0.03286931818181816 0.04844230769230769
0 0.34584517045454544 0.7818653846153846 0.0220880681818182 0.03676923076923075
0 0.5140127840909091 0.168076923076923 0.026747159090909068 0.0375
0 0.08781960227272728 0.4501442307692308 0.02589488636363636 0.03571153846153845
0 0.8587571022727274 0.8248653846153846 0.019474431818181707 0.026346153846153852
0 0.1762286931818182 0.24145192307692298 0.04762784090909093 0.059250000000000004
0 0.3944602272727273 0.2618846153846154 0.025170454545454583 0.04111538461538461
0 0.3057883522727272 0.04707692307692313 0.04151988636363635 0.04103846153846149
0 0.8014985795454546 0.35607692307692307 0.03200284090909087 0.05200000000000004
0 0.09342329545454545 0.8396250000000001 0.050909090909090904 0.08951923076923078
0 0.7056321022727272 0.9852596153846154 0.041974431818181834 0.029288461538461538
0 0.5636931818181818 0.46489423076923075 0.03633522727272725 0.04990384615384624
0 0.539502840909091 0.6763653846153845 0.028068181818181805 0.044653846153846155
0 0.36599431818181816 0.45653846153846145 0.040227272727272716 0.052384615384615404
0 0.9805255681818181 0.8855 0.029886363636363586 0.0391923076923077
0 0.9514488636363635 0.5297211538461538 0.0288920454545455 0.03924999999999999
0 0.8732954545454544 0.24805769230769237 0.03849431818181821 0.06061538461538458
0 0.7088423295454546 0.5306826923076923 0.028480113636363654 0.03505769230769229
0 0.7006960227272727 0.8881346153846154 0.024176136363636417 0.03349999999999999
0 0.7082102272727273 0.034076923076923116 0.030653409090909068 0.04515384615384608
0 0.97109375 0.5644326923076923 0.030142045454545494 0.04098076923076924
0 0.3870596590909091 0.9635865384615385 0.04440340909090908 0.04325
0 0.7926917613636365 0.785125 0.02163352272727259 0.02971153846153844
0 0.684453125 0.03148076923076926 0.022542613636363642 0.036038461538461554
0 0.9333593750000001 0.9945096153846154 0.01867897727272724 0.010980769230769231
0 0.9634232954545454 0.2122019230769231 0.029403409090909157 0.037288461538461624
0 0.6138210227272727 0.2042211538461538 0.02809659090909087 0.043096153846153784
0 0.8711505681818181 0.9870096153846154 0.027272727272727174 0.02598076923076923
0 0.9592329545454544 0.3288653846153846 0.025596590909090885 0.03600000000000005
0 0.41083096590909096 0.4394038461538462 0.03768465909090913 0.059884615384615356
0 0.7548153409090909 0.40953846153846163 0.027215909090909207 0.039000000000000055
0 0.802549715909091 0.7672596153846154 0.02759943181818191 0.03698076923076921
0 0.4609161931818182 0.4241442307692308 0.024957386363636355 0.03774999999999999
0 0.5273934659090909 0.381 0.03683238636363637 0.049423076923077014
0 0.7887073863636364 0.41220192307692316 0.03088068181818183 0.03990384615384615
0 0.7938778409090909 0.19853846153846155 0.0300568181818183 0.04673076923076925
0 0.7124644886363636 0.502875 0.023309659090909044 0.03317307692307692
0 0.7992542613636363 0.624048076923077 0.02606534090909094 0.03351923076923078
0 0.7829971590909092 0.8395961538461538 0.029204545454545375 0.028807692307692315
0 0.6559019886363636 0.23059615384615384 0.034076704545454556 0.049576923076923136
0 0.8022798295454546 0.852701923076923 0.027457386363636423 0.03609615384615387
0 0.6937144886363636 0.009000000000000119 0.030951704545454494 0.018000000000000026
0 0.9945241477272727 0.6055961538461538 0.010951704545454598 0.02392307692307692
0 0.9359801136363637 0.30253846153846153 0.024431818181818086 0.031461538461538485
0 0.7978764204545455 0.01184615384615384 0.03759943181818186 0.02369230769230768
0 0.6808877840909091 0.9111730769230769 0.02509943181818184 0.03203846153846154
0 0.7331818181818182 0.4952788461538461 0.01846590909090901 0.03809615384615385
0 0.4322585227272727 0.3939615384615385 0.02786931818181819 0.044961538461538456
0 0.9013352272727272 0.6915384615384615 0.04122159090909088 0.053576923076923105
0 0.5734446022727272 0.9851153846153846 0.04563920454545454 0.02976923076923077
0 0.9249005681818182 0.5730865384615385 0.03198863636363634 0.036211538461538434
0 0.33912642045454544 0.9567884615384615 0.030099431818181813 0.04092307692307692
0 0.7414701704545454 0.02088461538461539 0.030411931818181855 0.03611538461538456
0 0.5677201704545455 0.5405384615384615 0.02947443181818182 0.047538461538461536
0 0.802471590909091 0.35653846153846147 0.03573863636363632 0.053000000000000005
0 0.7652769886363636 0.2981634615384615 0.032088068181818065 0.03728846153846151
0 0.5684517045454546 0.038000000000000034 0.03647727272727266 0.053000000000000005
0 0.7367826704545455 0.290451923076923 0.030951704545454574 0.04136538461538471
0 0.8026420454545454 0.5931153846153847 0.02241477272727285 0.03211538461538465
0 0.8557954545454546 0.6212403846153847 0.04874999999999991 0.07078846153846154
0 0.6986931818181819 0.3660769230769231 0.03198863636363634 0.0649615384615384
0 0.8493607954545456 0.10094230769230772 0.02156249999999993 0.03103846153846151
0 0.9939914772727273 0.5744615384615385 0.012017045454545506 0.03976923076923078
0 0.798565340909091 0.010442307692307806 0.03894886363636358 0.02088461538461541
0 0.8154829545454544 0.5767307692307693 0.026789772727272745 0.034000000000000016
0 0.8382173295454546 0.3409326923076923 0.023735795454545506 0.032134615384615345
0 0.8577911931818182 0.3875576923076922 0.00995738636363635 0.016807692307692215
0 0.8278906250000001 0.20840384615384622 0.02515625000000005 0.042038461538461566
0 0.43119318181818184 0.9834423076923077 0.028437499999999973 0.033115384615384616
0 0.9598224431818182 0.7833269230769231 0.026605113636363663 0.03492307692307692
0 0.7668821022727272 0.2033076923076924 0.029502840909090885 0.047730769230769216
0 0.6197727272727273 0.5284807692307693 0.028409090909090908 0.03538461538461534
0 0.8258025568181818 0.3756538461538462 0.02154829545454556 0.014769230769230783
0 0.7625568181818182 0.2601057692307692 0.032982954545454586 0.046711538461538395
0 0.8264062499999999 0.39168269230769237 0.022500000000000044 0.02144230769230765
0 0.8767329545454546 0.062423076923077025 0.028806818181818142 0.03826923076923083
0 0.6710937499999999 0.9231826923076923 0.03855113636363634 0.054942307692307686
0 0.8419176136363636 0.9802692307692308 0.030823863636363538 0.03946153846153846
0 0.45532670454545454 0.029846153846153856 0.026306818181818157 0.039115384615384566
0 0.8353053977272729 0.381625 0.007002840909090838 0.018250000000000016
0 0.5760582386363636 0.31651923076923083 0.029019886363636373 0.04415384615384611
0 0.919375 0.9824423076923077 0.026335227272727222 0.03511538461538462
0 0.9527911931818184 0.9029615384615385 0.026093750000000006 0.04219230769230769
0 0.6885440340909091 0.009394230769230738 0.026207386363636346 0.018788461538461504
0 0.7725568181818182 0.44508653846153845 0.02499999999999987 0.05017307692307699
0 0.9943821022727274 0.7842596153846154 0.01123579545454541 0.04490384615384614
0 0.8276420454545454 0.031000000000000028 0.0320170454545454 0.0476923076923076
0 0.8725994318181818 0.48044230769230767 0.05071022727272718 0.07473076923076925
0 0.7876775568181817 0.8710865384615385 0.030951704545454494 0.03459615384615385
0 0.6145738636363636 0.5647211538461538 0.026505681818181855 0.03836538461538459
0 0.5302840909090909 0.5403173076923077 0.03585227272727274 0.04528846153846156
0 0.9922585227272727 0.945548076923077 0.015482954545454513 0.03578846153846153
0 0.7409446022727273 0.01998076923076919 0.033934659090909154 0.03930769230769241
0 0.9023579545454545 0.26541346153846146 0.024744318181818284 0.0348269230769231
0 0.7842684659090909 0.1513461538461538 0.029076704545454583 0.041346153846153845
0 0.6434659090909091 0.14293269230769223 0.04130681818181824 0.049980769230769245
0 0.4789985795454546 0.3624615384615385 0.03245738636363631 0.049461538461538404
0 0.849794034090909 0.10071153846153846 0.02294034090909104 0.02961538461538457
0 0.8557457386363635 0.3569038461538462 0.02714488636363638 0.04080769230769225
0 0.731640625 0.8970288461538461 0.031747159090909124 0.04140384615384616
0 0.9244815340909092 0.6758942307692308 0.02873579545454548 0.03667307692307691
0 0.5709730113636363 0.005384615384615321 0.023622159090909086 0.010769230769230812
0 0.8299644886363636 0.3532211538461538 0.025241477272727245 0.02382692307692305
0 0.5773863636363636 0.27457692307692305 0.03948863636363638 0.04353846153846162
0 0.4893252840909091 0.008105769230769333 0.026207386363636346 0.016211538461538475
0 0.6110866477272728 0.915673076923077 0.03575284090909093 0.047115384615384615
0 0.5585298295454546 0.9111634615384615 0.03134943181818181 0.04378846153846153
0 0.8333380681818181 0.42601923076923076 0.02803977272727274 0.03976923076923078
0 0.7358735795454546 0.05808653846153844 0.023480113636363677 0.036826923076923035
0 0.8263494318181818 0.39356730769230763 0.025653409090909015 0.023634615384615424
0 0.5453835227272728 0.006451923076923105 0.028380681818181843 0.012903846153846224
0 0.8476917613636363 0.37741346153846156 0.021690340909090885 0.03194230769230772
0 0.8431463068181819 0.6821730769230769 0.02600852272727281 0.037692307692307685
0 0.8828480113636363 0.662076923076923 0.03475852272727276 0.05069230769230772
0 0.5930823863636363 0.5507115384615384 0.02846590909090912 0.04315384615384615
0 0.6610085227272727 0.07325961538461545 0.03411931818181824 0.04244230769230768
0 0.7408593750000001 0.5213365384615384 0.027968749999999917 0.03367307692307696
0 0.9255397727272726 0.23307692307692307 0.029687499999999967 0.040192307692307645
0 0.6724005681818181 0.3563557692307693 0.026335227272727222 0.03655769230769229
0 0.8663352272727274 0.10756730769230771 0.01974431818181815 0.03467307692307687
0 0.46074573863636364 0.4882115384615384 0.042855113636363656 0.061500000000000034
0 0.7546306818181818 0.4107596153846155 0.029829545454545456 0.03678846153846164
0 0.9550497159090909 0.05367307692307699 0.03796875000000002 0.05480769230769231
0 0.41987215909090914 0.49205769230769236 0.035454545454545426 0.05380769230769234
0 0.8187357954545454 0.6111346153846153 0.0246306818181817 0.036769230769230776
0 0.5518039772727273 0.062211538461538485 0.029289772727272654 0.040846153846153865
0 0.7587997159090908 0.43173076923076925 0.028650568181818124 0.05392307692307685
0 0.8649857954545456 0.10580769230769227 0.02247159090909098 0.036153846153846175
0 0.9222159090909091 0.8485192307692307 0.02846590909090904 0.05138461538461538
0 0.9318394886363636 0.5144326923076923 0.02782670454545443 0.03951923076923074
0 0.7606818181818181 0.43337500000000007 0.027215909090909044 0.04913461538461541
0 0.8182315340909091 0.5064615384615385 0.03686079545454552 0.048192307692307694
0 0.38861505681818187 0.991048076923077 0.030468749999999985 0.017903846153846156
0 0.7263636363636364 0.4227019230769231 0.04039772727272735 0.06544230769230763
0 0.5114133522727272 0.4411057692307693 0.039474431818181846 0.055750000000000015
0 0.7362286931818182 0.05708653846153844 0.0283096590909091 0.042019230769230816
0 0.795 0.5544519230769231 0.028721590909090787 0.047596153846153844
0 0.5995809659090909 0.8659230769230769 0.030525568181818195 0.04834615384615386
0 0.8181107954545456 0.6454711538461539 0.033210227272727266 0.03763461538461537
0 0.7392258522727272 0.9307307692307693 0.032997159090909035 0.04453846153846154
0 0.8673366477272727 0.9607403846153846 0.0277698863636363 0.03175
0 0.5712571022727272 0.004298076923076932 0.02294034090909096 0.0085961538461539
0 0.740497159090909 0.37430769230769223 0.0286931818181818 0.04865384615384617
0 0.43845170454545457 0.42355769230769236 0.021335227272727245 0.035192307692307606
0 0.8359019886363637 0.25040384615384625 0.023849431818181766 0.037423076923076885
0 0.9744744318181818 0.8009326923076923 0.02670454545454539 0.03548076923076921
0 0.5301278409090909 0.9169423076923077 0.0329829545454545 0.03157692307692308
0 0.574375 0.4282211538461539 0.04565340909090907 0.05309615384615387
0 0.9892968749999999 0.019326923076923075 0.02140625000000007 0.0386538461538462
0 0.753380681818182 0.49224038461538466 0.024687499999999994 0.03855769230769233
0 0.8523863636363636 0.130826923076923 0.023948863636363657 0.029653846153846183
0 0.533643465909091 0.17627884615384615 0.026406250000000044 0.04401923076923074
0 0.5477769886363636 0.005384615384615321 0.022940340909090876 0.010769230769230812
0 0.8915696022727272 0.97475 0.02600852272727281 0.045384615384615384
0 0.30141335227272725 0.9811730769230769 0.03012784090909092 0.03765384615384615
0 0.8040198863636363 0.21827884615384618 0.02482954545454548 0.03194230769230772
0 0.7954403409090909 0.4443269230769231 0.027528409090909086 0.03650000000000003
0 0.8588352272727273 0.21014423076923072 0.040738636363636456 0.055750000000000015
0 0.9564985795454546 0.8614903846153846 0.037002840909090846 0.04982692307692308
0 0.9236647727272728 0.5425576923076922 0.031164772727272805 0.037884615384615364
0 0.4879332386363636 0.5137307692307692 0.037002840909090846 0.0612692307692308
0 0.7189630681818181 0.48731730769230763 0.019488636363636323 0.017019230769230703
0 0.5321803977272727 0.23521153846153842 0.025440340909090944 0.05623076923076925
0 0.566981534090909 0.03713461538461538 0.030411931818181855 0.045499999999999936
0 0.5737144886363637 0.21551923076923074 0.034957386363636385 0.05176923076923069
0 0.8894318181818183 0.2919134615384614 0.02352272727272736 0.040788461538461496
0 0.7078835227272727 0.029000000000000026 0.032187500000000036 0.05800000000000005
0 0.8181107954545456 0.17255769230769236 0.03028409090909098 0.034384615384615375
0 0.9920667613636364 0.9083461538461539 0.015866477272727216 0.03996153846153845
0 0.44135653409090914 0.05991346153846144 0.04223011363636358 0.04378846153846161
0 0.8286434659090909 0.029759615384615468 0.03382102272727265 0.04855769230769231
0 0.8157315340909093 0.964326923076923 0.03103693181818185 0.047384615384615386
0 0.815830965909091 0.3726346153846154 0.017741477272727287 0.0220384615384615
0 0.6962357954545454 0.8984711538461538 0.023607954545454553 0.03390384615384616
0 0.6422230113636364 0.1418846153846154 0.03575284090909085 0.042615384615384666
0 0.6007741477272727 0.4018942307692308 0.04473011363636365 0.05909615384615388
0 0.6798863636363636 0.8856538461538461 0.01761363636363633 0.030423076923076938
0 0.8618039772727273 0.6761346153846154 0.021477272727272734 0.03596153846153844
0 0.9759090909090908 0.03436538461538463 0.04499999999999993 0.06799999999999992
0 0.7955539772727271 0.4458557692307693 0.0241761363636365 0.03951923076923079
0 0.5520454545454545 0.061336538461538415 0.024005681818181787 0.03467307692307698
0 0.5259019886363636 0.13538461538461533 0.022940340909090876 0.03396153846153851
0 0.6136789772727272 0.203298076923077 0.028806818181818225 0.04117307692307697
0 0.655830965909091 0.2314615384615385 0.028821022727272758 0.04407692307692311
0 0.5731178977272727 0.21485576923076932 0.030951704545454574 0.048403846153846186
0 0.526171875 0.381 0.030951704545454574 0.04696153846153838
0 0.8593892045454545 0.21050961538461543 0.03894886363636374 0.054173076923076956
0 0.8884730113636364 0.2921442307692307 0.021349431818181778 0.038288461538461584
0 0.8281747159090909 0.20725961538461535 0.025610795454545417 0.03755769230769236
0 0.9018110795454546 0.26541346153846146 0.023480113636363598 0.031057692307692265
0 0.9938707386363635 0.5745288461538461 0.01225852272727272 0.037250000000000005
0 0.7673437500000001 0.20365384615384607 0.024545454545454506 0.04623076923076927
0 0.7929616477272727 0.19823076923076932 0.028821022727272674 0.04407692307692311
0 0.8036292613636363 0.21846153846153848 0.023480113636363598 0.029615384615384682
0 0.8738068181818183 0.2444711538461538 0.03681818181818176 0.051288461538461456
0 0.9901136363636364 0.021163461538461492 0.019772727272727216 0.04232692307692306
0 0.9635582386363637 0.21107692307692305 0.028338068181818245 0.03949999999999993
0 0.9760582386363637 0.030759615384615357 0.036690340909090804 0.061519230769230784
0 0.9556321022727274 0.05079807692307681 0.03251420454545453 0.05305769230769226
0 0.926455965909091 0.23196153846153844 0.029190340909090843 0.03611538461538456
0 0.9364559659090909 0.30363461538461534 0.020838068181818284 0.028230769230769243
0 0.9523011363636364 0.5316346153846154 0.02585227272727263 0.039499999999999987
0 0.9602201704545454 0.33072115384615386 0.025014204545454402 0.034980769230769225
0 0.9575994318181817 0.2754134615384616 0.08480113636363643 0.16594230769230772
0 0.5108380681818182 0.44246153846153846 0.0400284090909091 0.05530769230769229
0 0.8359161931818181 0.24879807692307687 0.022940340909090876 0.031057692307692265
0 0.5737855113636363 0.4294903846153847 0.03919034090909095 0.04967307692307689
0 0.7617471590909091 0.2643365384615386 0.029346590909090864 0.039019230769230806
0 0.7884730113636365 0.4136826923076923 0.026690340909090858 0.03836538461538459
0 0.8391122159090908 0.340548076923077 0.02080965909090906 0.031057692307692373
0 0.8151491477272728 0.3691057692307692 0.015014204545454456 0.02371153846153854
0 0.8326562500000001 0.42609615384615385 0.026676136363636485 0.03611538461538456
0 0.818068181818182 0.5051153846153846 0.03417613636363645 0.045153846153846135
0 0.7530397727272727 0.4915673076923077 0.025852272727272793 0.03386538461538459
0 0.7088494318181818 0.5288173076923077 0.02585227272727271 0.03836538461538465
0 0.6188068181818182 0.532201923076923 0.02585227272727271 0.033865384615384644
0 0.5291832386363636 0.5412403846153846 0.03169034090909091 0.04063461538461537
0 0.5666974431818183 0.5384134615384615 0.028338068181818166 0.04401923076923074
0 0.5237642045454546 0.6597596153846154 0.029176136363636394 0.04063461538461537
0 0.5917116477272727 0.5502692307692307 0.025014204545454565 0.0383846153846154
0 0.7326136363636363 0.5005961538461539 0.01835227272727275 0.0383846153846154
0 0.6163068181818182 0.5649423076923077 0.024176136363636337 0.029346153846153883
0 0.7121803977272727 0.5005961538461539 0.022514204545454577 0.029346153846153827
