0 0.4438636363636364 0.9348557692307692 0.043693181818181805 0.0385576923076923
0 0.4284659090909091 0.9810961538461539 0.04468749999999997 0.037807692307692306
0 0.05928267045454545 0.3711057692307693 0.03967329545454546 0.06525000000000002
0 0.3341903409090909 0.29581730769230774 0.028181818181818186 0.04217307692307694
0 0.31342329545454545 0.2832692307692307 0.03633522727272725 0.047192307692307735
0 0.9400213068181817 0.2574423076923077 0.04478693181818178 0.05130769230769232
0 0.9084374999999999 0.43428846153846157 0.02335227272727264 0.03234615384615383
0 0.7039062500000001 0.5931057692307693 0.03406250000000002 0.045749999999999985
0 0.9543039772727273 0.37069230769230765 0.02664772727272726 0.03161538461538461
0 0.28673295454545455 0.18489423076923073 0.024460227272727272 0.032134615384615345
0 0.9206534090909091 0.3883653846153846 0.027471590909090793 0.037192307692307754
0 0.3592116477272727 0.1650673076923077 0.02632102272727269 0.0336346153846154
0 0.4372443181818182 0.39767307692307685 0.021846590909090902 0.050653846153846105
0 0.28599431818181814 0.15602884615384616 0.028181818181818186 0.0336346153846154
0 0.9018394886363637 0.4088076923076924 0.02279829545454539 0.034961538461538474
0 0.5242826704545455 0.2354615384615385 0.030014204545454618 0.03703846153846152
0 0.6857457386363636 0.12821153846153843 0.03001420454545454 0.06019230769230771
0 0.7558451704545455 0.15830769230769226 0.0425426136363637 0.0452692307692307
0 0.5687286931818182 0.10815384615384616 0.027741477272727234 0.039615384615384656
0 0.42188920454545453 0.0770288461538462 0.022784090909090858 0.02674999999999994
0 0.8963423295454547 0.3770192307692307 0.05302556818181824 0.03161538461538461
0 0.5341619318181818 0.0495096153846154 0.0277272727272727 0.035480769230769316
0 0.13795454545454547 0.8768076923076923 0.02980113636363637 0.04796153846153846
0 0.707890625 0.86275 0.02279829545454547 0.03088461538461539
0 0.8370099431818182 0.618201923076923 0.025553977272727287 0.02975
0 0.692919034090909 0.9572211538461538 0.02637784090909098 0.03905769230769231
0 0.3831107954545455 0.7300192307692308 0.03477272727272722 0.05019230769230768
0 0.43194602272727267 0.8535096153846153 0.049005681818181816 0.0524423076923077
0 0.3020028409090909 0.8219038461538462 0.028806818181818183 0.044807692307692326
0 0.36176136363636363 0.98625 0.045028409090909036 0.0275
0 0.23330255681818182 0.9357596153846154 0.02714488636363638 0.030480769230769228
0 0.9864488636363636 0.8975192307692308 0.02664772727272726 0.03496153846153846
0 0.9931605113636363 0.886 0.013678977272727266 0.04834615384615383
0 0.7033593749999999 0.8982692307692308 0.02473011363636367 0.032
0 0.35910511363636366 0.37167307692307694 0.034431818181818195 0.039000000000000055
0 0.9893110795454546 0.9272788461538461 0.021377840909090843 0.02975
0 0.6232812499999999 0.8735288461538462 0.028295454545454568 0.039788461538461536
0 0.20681818181818182 0.9066153846153846 0.030454545454545453 0.031384615384615386
0 0.3453125 0.21876923076923072 0.022244318181818178 0.030615384615384645
0 0.6081676136363636 0.9505192307692307 0.03653409090909087 0.03757692307692308
0 0.9250568181818182 0.8843173076923077 0.025823863636363728 0.050211538461538446
0 0.37549715909090914 0.9653365384615384 0.03477272727272722 0.052903846153846155
0 0.8436008522727273 0.8049134615384615 0.026093750000000006 0.04017307692307692
0 0.7996448863636364 0.8335576923076923 0.03542613636363628 0.04388461538461537
0 0.3660653409090909 0.8333269230769231 0.02980113636363635 0.033615384615384596
0 0.6244602272727273 0.4876634615384615 0.027471590909090956 0.035596153846153826
0 0.8367258522727273 0.9839903846153846 0.019502840909090772 0.030134615384615385
0 0.4018181818181818 0.8649326923076923 0.033096590909090846 0.044826923076923084
0 0.9506036931818183 0.8597788461538461 0.03626420454545451 0.04798076923076924
0 0.9048579545454545 0.8705576923076923 0.029403409090909157 0.039038461538461536
0 0.8272514204545455 0.994326923076923 0.01978693181818191 0.011346153846153846
0 0.014467329545454545 0.7842596153846154 0.026491477272727274 0.034057692307692324
0 0.2351207386363636 0.986625 0.027485795454545447 0.025557692307692306
0 0.4617400568181818 0.9070673076923077 0.02649147727272724 0.030480769230769235
0 0.11295454545454547 0.8647115384615385 0.03343750000000001 0.044384615384615383
0 0.43624289772727276 0.904826923076923 0.04833806818181814 0.05376923076923077
0 0.512393465909091 0.823923076923077 0.03177556818181819 0.05961538461538462
0 0.9423650568181817 0.8960288461538461 0.037911931818181734 0.04240384615384616
0 0.3922159090909091 0.912 0.032443181818181864 0.05826923076923076
0 0.7280823863636363 0.9140769230769231 0.021420454545454604 0.03384615384615384
0 0.10782670454545454 0.8098076923076922 0.030454545454545453 0.05200000000000001
0 0.2808096590909091 0.4131346153846154 0.024176136363636337 0.046615384615384635
0 0.8057528409090909 0.6533173076923077 0.08161931818181824 0.12378846153846154
0 0.7940127840909091 0.7978461538461539 0.0433948863636363 0.0356923076923077
0 0.8916690340909091 0.9818653846153846 0.04203124999999988 0.03626923076923077
0 0.29058238636363637 0.3721153846153846 0.03244318181818182 0.0363076923076923
0 0.9695525568181819 0.9129615384615385 0.024730113636363592 0.036076923076923076
0 0.40727982954545455 0.384 0.04072443181818184 0.03765384615384623
0 0.7703835227272727 0.7703269230769231 0.01593750000000004 0.0215769230769231
0 0.6824786931818182 0.9086826923076923 0.02473011363636367 0.03198076923076922
0 0.49004261363636364 0.867625 0.030795454545454556 0.06363461538461537
0 0.4595880681818182 0.828625 0.048664772727272716 0.03048076923076925
0 0.760909090909091 0.8960384615384616 0.03542613636363628 0.03942307692307692
0 0.6338494318181819 0.7945 0.025823863636363645 0.0356923076923077
0 0.9780752840909092 0.9456826923076923 0.037911931818181734 0.03905769230769231
0 0.7398934659090909 0.8778076923076923 0.02856534090909101 0.039423076923076936
0 0.9061008522727273 0.9488461538461539 0.0269176136363637 0.03346153846153846
0 0.7066548295454546 0.9174230769230769 0.02473011363636367 0.0398076923076923
0 0.5233238636363636 0.7026826923076923 0.030454545454545453 0.047519230769230786
0 0.4678622159090909 0.8732307692307693 0.03078124999999994 0.06230769230769232
0 0.8555468749999999 0.9839038461538462 0.023082386363636364 0.03219230769230769
0 0.9213423295454546 0.839875 0.027201704545454675 0.04017307692307692
0 0.8158522727272728 0.9780480769230769 0.027755681818181766 0.03978846153846154
0 0.27727982954545455 0.22504807692307693 0.024843749999999973 0.04217307692307694
0 0.23315340909090906 0.17435576923076912 0.029289772727272692 0.03713461538461539
0 0.26078124999999996 0.92925 0.031107954545454553 0.03003846153846154
0 0.9926065340909092 0.7468942307692308 0.014786931818181774 0.033480769230769224
0 0.7912642045454544 0.9868846153846154 0.03681818181818176 0.02623076923076923
0 0.4523011363636364 0.8050961538461539 0.06323863636363634 0.046153846153846156
0 0.3629119318181818 0.3662884615384616 0.03144886363636366 0.039000000000000055
0 0.840028409090909 0.3946826923076924 0.029943181818181716 0.04090384615384612
0 0.004417613636363636 0.8044230769230769 0.008835227272727272 0.029576923076923067
0 0.6830255681818183 0.9872596153846154 0.033522727272727225 0.02548076923076923
0 0.41208096590909093 0.9084134615384616 0.022514204545454497 0.04213461538461538
0 0.41340198863636357 0.8830865384615385 0.031122159090909127 0.028249999999999997
0 0.2780965909090909 0.4943846153846153 0.026477272727272707 0.04215384615384613
0 0.12735795454545454 0.9785576923076923 0.04039772727272727 0.03988461538461538
0 0.4881818181818182 0.1335480769230769 0.10380681818181824 0.09863461538461532
0 0.48003551136363637 0.03781730769230762 0.05677556818181822 0.07563461538461536
0 0.45840909090909093 0.1958653846153846 0.11869318181818182 0.12888461538461546
0 0.4721732954545454 0.9308173076923077 0.020198863636363595 0.03586538461538461
0 0.5739772727272728 0.48932692307692305 0.043039772727272746 0.10576923076923077
0 0.5158025568181818 0.25950961538461537 0.09245738636363642 0.08751923076923075
0 0.8193536931818183 0.7215480769230769 0.0660085227272726 0.07063461538461537
0 0.7493394886363638 0.8284134615384615 0.033906250000000006 0.052519230769230776
0 0.7658380681818181 0.8501538461538461 0.04548295454545452 0.05253846153846153
0 0.7465553977272726 0.3600096153846155 0.05677556818181814 0.08448076923076925
0 0.5006392045454545 0.4265865384615385 0.02482954545454548 0.030480769230769273
0 0.6955255681818181 0.4716634615384615 0.01840909090909088 0.025288461538461496
0 0.08662642045454545 0.297125 0.07507102272727272 0.1086346153846154
0 0.06724431818181818 0.2043846153846154 0.13448863636363637 0.25219230769230777
0 0.5791477272727273 0.9513461538461538 0.022301136363636346 0.02926923076923076
0 0.4196946022727273 0.39946153846153853 0.019872159090909024 0.032730769230769306
0 0.7454616477272726 0.28718269230769233 0.03973011363636359 0.05378846153846148
0 0.6421732954545455 0.4469711538461538 0.06886363636363631 0.13221153846153846
0 0.4854119318181818 0.4478749999999999 0.03676136363636363 0.058711538461538516
0 0.48574573863636367 0.5982403846153845 0.028139204545454547 0.04840384615384613
0 0.2907386363636364 0.4041730769230768 0.02681818181818181 0.03765384615384612
0 0.2940553977272727 0.333125 0.07382102272727273 0.05959615384615386
0 0.2619389204545455 0.3649423076923076 0.03410511363636362 0.04796153846153846
0 0.2412428977272727 0.41963461538461544 0.05296874999999999 0.07484615384615388
0 0.41423295454545456 0.4234326923076923 0.0519886363636364 0.05378846153846159
0 0.4215127840909091 0.45325000000000015 0.02748579545454549 0.034499999999999996
0 0.5094176136363636 0.7923269230769231 0.01985795454545457 0.03584615384615385
0 0.47117897727272734 0.5722499999999999 0.020198863636363595 0.029576923076923067
0 0.44518465909090904 0.4449615384615384 0.027812499999999976 0.05199999999999993
0 0.4635582386363637 0.3934134615384616 0.03211647727272721 0.044826923076923084
0 0.4827627840909091 0.41694230769230767 0.016235795454545465 0.02465384615384625
0 0.25631392045454543 0.6827403846153846 0.026150568181818178 0.026442307692307692
0 0.3015056818181818 0.47588461538461546 0.030454545454545453 0.05738461538461534
0 0.32318892045454545 0.464125 0.04072443181818184 0.04998076923076914
0 0.3319602272727273 0.4324038461538462 0.015880681818181787 0.02688461538461531
0 0.32004261363636366 0.4299423076923077 0.016562499999999994 0.0273461538461539
0 0.5590767045454546 0.6744423076923077 0.029801136363636307 0.036769230769230776
0 0.3073011363636363 0.41985576923076917 0.020198863636363636 0.03317307692307692
0 0.3635795454545454 0.4550384615384615 0.04403409090909087 0.0488461538461538
0 0.36639204545454546 0.5621730769230768 0.06622159090909091 0.05692307692307691
0 0.48772727272727273 0.5652980769230769 0.013579545454545457 0.02105769230769234
0 0.1971661931818182 0.43535576923076924 0.03788352272727271 0.05621153846153849
0 0.40148437499999995 0.629173076923077 0.05893465909090911 0.10669230769230767
0 0.5681818181818182 0.5704615384615384 0.02681818181818181 0.02423076923076922
0 0.5696661931818182 0.5928653846153846 0.022514204545454577 0.02511538461538462
0 0.5330894886363636 0.6479903846153846 0.03475852272727269 0.04213461538461538
0 0.5133877840909091 0.5953269230769231 0.03177556818181819 0.042576923076923054
0 0.5277911931818182 0.7793269230769231 0.08441761363636356 0.10757692307692307
0 0.56171875 0.43374999999999997 0.027812499999999976 0.04211538461538457
0 0.004417613636363636 0.7201634615384616 0.008835227272727272 0.02778846153846157
0 0.29124289772727274 0.7737211538461539 0.033110795454545455 0.041673076923076924
0 0.4230042613636364 0.5455769230769231 0.04634943181818181 0.05423076923076926
0 0.3433806818181818 0.8225865384615385 0.02417613636363638 0.03809615384615385
0 0.34702414772727275 0.6347692307692308 0.05992897727272723 0.1125
0 0.3975071022727273 0.9840096153846154 0.0271448863636363 0.03198076923076923
0 0.17188210227272727 0.7492980769230769 0.11421875000000002 0.10398076923076925
0 0.26359375 0.7622980769230769 0.08707386363636366 0.1470192307692308
0 0.26259943181818185 0.7037980769230769 0.03940340909090911 0.03540384615384615
0 0.24240767045454545 0.6282788461538461 0.02947443181818182 0.03674999999999997
0 0.7200923295454544 0.1990480769230769 0.030156249999999944 0.06948076923076922
0 0.9916477272727273 0.6051923076923077 0.01670454545454544 0.04761538461538465
0 0.17884232954545454 0.6995384615384614 0.06853693181818182 0.0708076923076923
0 0.5223224431818182 0.9234326923076923 0.029133522727272796 0.04705769230769231
0 0.529609375 0.9691442307692307 0.029133522727272796 0.03990384615384615
0 0.5378835227272728 0.9402403846153846 0.02980113636363639 0.039442307692307686
0 0.49749289772727273 0.96825 0.0370880681818182 0.056923076923076917
0 0.4066193181818182 0.7320384615384615 0.031448863636363615 0.05780769230769231
0 0.4455184659090909 0.7371923076923077 0.023849431818181846 0.0340769230769231
0 0.39867187499999995 0.6928173076923076 0.020184659090909062 0.03048076923076922
0 0.3703622159090909 0.7504230769230769 0.0231676136363636 0.03361538461538462
0 0.6021164772727272 0.4613173076923077 0.02980113636363639 0.0318269230769231
0 0.3920525568181818 0.7690096153846154 0.023508522727272663 0.03048076923076922
0 0.32616477272727273 0.867625 0.030795454545454556 0.03228846153846155
0 0.34305397727272724 0.8512692307692308 0.029460227272727287 0.0363076923076923
0 0.3044886363636364 0.9698942307692308 0.043039772727272704 0.06021153846153846
0 0.09044744318181819 0.9718365384615385 0.030781250000000003 0.055134615384615386
0 0.2813068181818182 0.9725865384615384 0.0390625 0.05482692307692308
0 0.27584517045454543 0.9523365384615384 0.017542613636363627 0.02959615384615384
0 0.26012073863636365 0.9572596153846153 0.020525568181818166 0.016134615384615386
0 0.26508522727272726 0.9718365384615385 0.01588068181818183 0.016596153846153847
0 0.2376065340909091 0.9547980769230769 0.024502840909090908 0.04348076923076924
0 0.3518252840909091 0.43083653846153835 0.030468750000000024 0.05694230769230761
0 0.0969034090909091 0.9294711538461539 0.03244318181818182 0.04482692307692308
0 0.12123579545454545 0.942923076923077 0.02681818181818183 0.045730769230769235
0 0.1465625 0.948076923076923 0.0284659090909091 0.039
0 0.1985369318181818 0.9371057692307693 0.03244318181818182 0.05109615384615385
0 0.192578125 0.8900288461538461 0.02649147727272728 0.036749999999999984
0 0.1727130681818182 0.8178749999999999 0.043039772727272746 0.06901923076923078
0 0.13696022727272725 0.7981538461538461 0.0450284090909091 0.054692307692307714
0 0.08051846590909091 0.8082307692307692 0.03211647727272726 0.05692307692307691
0 0.023125000000000003 0.8440865384615385 0.046250000000000006 0.09009615384615385
0 0.7144815340909091 0.9896730769230769 0.03819602272727279 0.020653846153846155
0 0.5554332386363636 0.3945288461538461 0.029786931818181775 0.0497499999999999
0 0.6497869318181818 0.9801923076923077 0.030767045454545408 0.039615384615384615
0 0.835362215909091 0.9181634615384615 0.04038352272727266 0.04725000000000001
0 0.8169460227272727 0.8817115384615385 0.03159090909090911 0.0516923076923077
0 0.8453835227272727 0.887673076923077 0.03022727272727269 0.03607692307692309
0 0.8537642045454544 0.8577211538461539 0.03488636363636372 0.040173076923076936
0 0.8957954545454547 0.8443365384615384 0.02610795454545454 0.05428846153846155
0 0.8668110795454546 0.3952403846153846 0.02473011363636375 0.042019230769230705
0 0.5938849431818182 0.7297884615384616 0.026093749999999926 0.052076923076923104
0 0.6133877840909091 0.7442884615384615 0.026093750000000006 0.04388461538461537
0 0.7111860795454545 0.7569423076923076 0.019502840909090935 0.028269230769230776
0 0.4355894886363636 0.39856730769230764 0.01589488636363636 0.025557692307692236
0 0.794424715909091 0.764375 0.03927556818181815 0.05578846153846155
0 0.8271164772727272 0.778875 0.03434659090909084 0.060250000000000026
0 0.8670880681818182 0.7811153846153847 0.04011363636363638 0.052076923076923076
0 0.8718892045454545 0.7433557692307693 0.060710227272727124 0.05244230769230771
0 0.7201136363636365 0.7017115384615384 0.02198863636363639 0.04723076923076918
0 0.7403053977272727 0.6819903846153845 0.02390625000000006 0.04201923076923076
0 0.7367329545454546 0.717326923076923 0.03105113636363638 0.038307692307692286
0 0.9868394886363636 0.7186250000000001 0.02632102272727269 0.03571153846153845
0 0.8247798295454545 0.6297403846153846 0.012088068181818169 0.027519230769230775
0 0.8375568181818184 0.6327115384615385 0.015113636363636345 0.021576923076923073
0 0.48955255681818177 0.9225288461538461 0.02515624999999997 0.06321153846153846
0 0.7537571022727273 0.03227884615384624 0.02166193181818182 0.02571153846153847
0 0.8626917613636365 0.5958942307692308 0.05163352272727276 0.04836538461538463
0 0.8687357954545454 0.6407115384615385 0.043409090909090994 0.06061538461538463
0 0.8959303977272728 0.6507499999999999 0.04285511363636374 0.08888461538461538
0 0.9021164772727274 0.6890576923076923 0.04147727272727279 0.042038461538461566
0 0.8773863636363637 0.7123076923076923 0.029943181818181876 0.04092307692307692
0 0.8611789772727273 0.6775384615384615 0.035994318181818225 0.04276923076923079
0 0.8478551136363636 0.6620961538461538 0.02911931818181818 0.0371923076923077
0 0.7853622159090908 0.6327115384615385 0.024446022727272778 0.0371923076923077
0 0.7657102272727272 0.6568942307692307 0.05164772727272729 0.049096153846153845
0 0.4923650568181818 0.8098076923076922 0.02151988636363633 0.04034615384615385
0 0.5928409090909091 0.4915673076923077 0.03178977272727272 0.043019230769230775
0 0.7315127840909091 0.6373653846153846 0.03708806818181812 0.047230769230769236
0 0.9611789772727274 0.5841730769230769 0.025000000000000033 0.03607692307692312
0 0.7001988636363636 0.6457307692307692 0.035994318181818225 0.040153846153846144
0 0.6679190340909091 0.6425673076923077 0.043963068181818166 0.07251923076923078
0 0.6525355113636363 0.6483365384615385 0.033508522727272776 0.0535576923076923
0 0.5969034090909091 0.6474038461538462 0.037642045454545456 0.047230769230769236
0 0.9338423295454544 0.5910576923076923 0.03132102272727282 0.04092307692307692
0 0.9437357954545454 0.42146153846153855 0.090653409090909 0.17926923076923076
0 0.9968678977272728 0.4668269230769231 0.0062642045454545 0.032730769230769195
0 0.9902698863636363 0.49733653846153847 0.019460227272727337 0.036442307692307725
0 0.25499999999999995 0.4862980769230769 0.024914772727272716 0.040057692307692384
0 0.9673579545454545 0.5512596153846154 0.030767045454545408 0.04090384615384612
0 0.6690127840909091 0.5019807692307693 0.030213068181818157 0.043499999999999955
0 0.6757528409090909 0.47315384615384615 0.021704545454545497 0.030500000000000027
0 0.6852201704545454 0.45289423076923074 0.021974431818181775 0.02863461538461536
0 0.7460724431818182 0.4819038461538462 0.058508522727272805 0.07996153846153843
0 0.7210724431818182 0.4552980769230769 0.04808238636363631 0.08182692307692299
0 0.7797230113636363 0.38948076923076913 0.028025568181818207 0.04388461538461537
0 0.8875497159090909 0.5083076923076923 0.025553977272727287 0.04649999999999996
0 0.9117258522727273 0.5189038461538461 0.025553977272727287 0.04761538461538465
0 0.8676420454545454 0.5570288461538462 0.030767045454545408 0.039788461538461536
0 0.101875 0.09162499999999996 0.021107954545454544 0.048288461538461565
0 0.844012784090909 0.5254134615384616 0.04285511363636358 0.06655769230769228
0 0.8297301136363636 0.4625576923076923 0.03735795454545448 0.03311538461538456
0 0.830546875 0.4915673076923077 0.046150568181818195 0.03159615384615386
0 0.8830184659090908 0.4088173076923076 0.03461647727272728 0.03867307692307695
0 0.7440127840909091 0.5512596153846154 0.05220170454545447 0.07809615384615387
0 0.9451065340909092 0.34224038461538464 0.029133522727272713 0.046134615384615295
0 0.8791761363636365 0.34725961538461547 0.03681818181818176 0.04648076923076926
0 0.9124147727272726 0.35135576923076917 0.03187499999999992 0.042019230769230816
0 0.7596732954545454 0.3165769230769231 0.026363636363636447 0.027538461538461526
0 0.953622159090909 0.042846153846153756 0.029659090909090902 0.05280769230769227
0 0.05542613636363636 0.027153846153846195 0.04269886363636363 0.050192307692307626
0 0.976015625 0.052326923076923104 0.0370880681818182 0.0643461538461538
0 0.9758522727272727 0.16055769230769235 0.048295454545454544 0.06507692307692314
0 0.9051136363636364 0.20953846153846145 0.11153409090909089 0.12911538461538458
0 0.9500497159090909 0.1265288461538462 0.06592329545454541 0.07736538461538466
0 0.8412642045454546 0.3208557692307693 0.02252840909090895 0.034596153846153756
0 0.8648863636363636 0.31880769230769224 0.027471590909090793 0.030499999999999916
0 0.8782102272727272 0.29091346153846154 0.034886363636363556 0.0342115384615385
0 0.9363139204545454 0.22024999999999995 0.044502840909090964 0.06769230769230768
0 0.6751420454545455 0.29538461538461547 0.046676136363636385 0.05842307692307691
0 0.6147585227272727 0.29373076923076924 0.04315340909090908 0.05511538461538455
0 0.29366477272727276 0.13386538461538466 0.01937500000000002 0.02726923076923078
0 0.6038991477272727 0.2492692307692308 0.03555397727272731 0.04480769230769222
0 0.14473721590909092 0.01100000000000001 0.032286931818181826 0.021999999999999995
0 0.15898437499999998 0.02097115384615378 0.025838068181818177 0.030865384615384638
0 0.8158735795454546 0.03665384615384604 0.04558238636363625 0.059153846153846244
0 0.7550852272727273 0.06391346153846156 0.04406249999999998 0.047826923076923086
0 0.735518465909091 0.0677692307692308 0.023934659090909124 0.03188461538461535
0 0.5299786931818182 0.2094807692307692 0.02316761363636364 0.03550000000000007
0 0.7807315340909091 0.024625000000000008 0.039900568181818065 0.04925000000000002
0 0.676065340909091 0.19250961538461542 0.04178977272727275 0.058134615384615417
0 0.6323650568181818 0.14467307692307696 0.06762784090909092 0.06634615384615385
0 0.82890625 0.5927307692307693 0.019232954545454654 0.022692307692307713
0 0.6470028409090909 0.12074999999999991 0.043693181818181805 0.05246153846153852
0 0.5900071022727272 0.20691346153846157 0.04217329545454545 0.044750000000000074
0 0.5748082386363635 0.24034615384615388 0.026207386363636346 0.05196153846153843
0 0.5609446022727272 0.2123076923076923 0.020525568181818166 0.03188461538461535
0 0.5506889204545454 0.23853846153846148 0.025838068181818177 0.03599999999999994
0 0.5466974431818182 0.21076923076923082 0.015582386363636402 0.03703846153846152
0 0.19697443181818183 0.026875000000000093 0.046363636363636385 0.052980769230769144
0 0.21882102272727275 0.046432692307692314 0.028494318181818187 0.043711538461538496
0 0.23269176136363637 0.07188461538461532 0.028110795454545482 0.0452692307692307
0 0.2693536931818182 0.09399999999999997 0.03532670454545455 0.04423076923076923
0 0.06176136363636364 0.0611442307692307 0.02815340909090909 0.024134615384615407
0 0.12119318181818181 0.11841346153846166 0.027812499999999997 0.04171153846153846
0 0.17532670454545454 0.06996153846153841 0.0574715909090909 0.0702692307692307
0 0.14992897727272728 0.11337500000000011 0.04375 0.0557115384615384
0 0.16160511363636362 0.1281730769230769 0.029289772727272734 0.050192307692307626
0 0.17810369318181818 0.14725 0.025213068181818163 0.033115384615384665
0 0.15140625 0.15427884615384624 0.022244318181818178 0.03313461538461531
0 0.16420454545454544 0.16255769230769224 0.024090909090909083 0.024576923076923135
0 0.19330255681818184 0.18489423076923073 0.038565340909090896 0.05721153846153846
0 0.21684659090909095 0.2380961538461539 0.03670454545454546 0.051192307692307704
0 0.1470383522727273 0.5488461538461539 0.08098011363636365 0.15107692307692308
0 0.10046164772727272 0.12433653846153836 0.030497159090909078 0.03748076923076914
0 0.09098011363636363 0.5449711538461539 0.0384090909090909 0.05059615384615385
0 0.1337997159090909 0.5635961538461538 0.025440340909090923 0.03303846153846155
0 0.0956534090909091 0.5122980769230769 0.02906249999999999 0.035826923076923124
0 0.09409801136363637 0.4181346153846154 0.03529829545454546 0.056923076923076965
0 0.101875 0.38265384615384623 0.024914772727272716 0.029499999999999953
0 0.0891690340909091 0.3622692307692308 0.03166193181818182 0.05480769230769231
0 0.20854403409090908 0.3833653846153846 0.03580965909090906 0.0702692307692308
0 0.21450994318181815 0.6626826923076923 0.04464488636363633 0.07236538461538461
0 0.16053267045454545 0.6588173076923076 0.03529829545454544 0.07590384615384616
0 0.19245738636363638 0.29025 0.028551136363636355 0.03584615384615382
0 0.7228622159090908 0.8848846153846154 0.021974431818181775 0.030500000000000013
0 0.08500710227272727 0.4947307692307692 0.02958806818181819 0.03442307692307693
0 0.141328125 0.18906730769230773 0.029076704545454544 0.04286538461538455
0 0.5390269886363637 0.9954615384615385 0.017883522727272692 0.009076923076923076
0 0.19063920454545452 0.258625 0.024914772727272716 0.03444230769230774
0 0.16456676136363638 0.18639423076923078 0.026321022727272728 0.03513461538461535
0 0.20331676136363636 0.15853846153846152 0.031150568181818192 0.030615384615384537
0 0.07325284090909091 0.10718269230769228 0.04457386363636364 0.04128846153846159
0 0.35958806818181815 0.19819230769230767 0.028551136363636355 0.03765384615384623
0 0.8070596590909092 0.5698653846153846 0.01894886363636368 0.043884615384615425
0 0.2231534090909091 0.1281826923076923 0.028551136363636355 0.044173076923076864
0 0.15014914772727275 0.3643846153846154 0.03322443181818182 0.03653846153846154
0 0.1973863636363636 0.1281826923076923 0.028920454545454524 0.036134615384615425
0 0.5827485795454546 0.5440096153846153 0.028139204545454547 0.04928846153846153
0 0.12108664772727273 0.45714423076923083 0.04671875 0.06886538461538462
0 0.20983664772727273 0.29938461538461536 0.030099431818181813 0.037230769230769255
0 0.2726491477272727 0.27829807692307695 0.05086647727272728 0.04005769230769228
0 0.25370028409090906 0.3053557692307691 0.06694602272727272 0.04636538461538453
0 0.25836647727272727 0.23006730769230765 0.03076704545454545 0.05921153846153839
0 0.13224431818181817 0.37984615384615383 0.05346590909090909 0.057615384615384575
0 0.24850852272727272 0.2403557692307693 0.03164772727272727 0.03863461538461534
0 0.21970170454545457 0.4634615384615385 0.04670454545454549 0.04357692307692301
0 0.23371448863636363 0.5108942307692308 0.031150568181818192 0.030211538461538477
0 0.22619318181818182 0.4813846153846154 0.04204545454545454 0.03442307692307688
0 0.19241477272727273 0.6423942307692307 0.03542613636363638 0.07394230769230772
0 0.21425426136363637 0.3229326923076923 0.033735795454545456 0.03513461538461535
0 0.46652698863636366 0.2745480769230769 0.03609374999999995 0.053480769230769235
0 0.17568892045454546 0.2877980769230769 0.033735795454545456 0.06525000000000002
0 0.37629971590909095 0.2871442307692308 0.028110795454545444 0.04063461538461537
0 0.38181107954545457 0.23597115384615386 0.02697443181818183 0.03394230769230765
0 0.27561789772727274 0.12177884615384627 0.021264204545454544 0.01955769230769234
0 0.14455255681818183 0.2212884615384615 0.027059659090909106 0.02961538461538457
0 0.23285511363636366 0.2698750000000001 0.034602272727272745 0.03444230769230774
0 0.40859375 0.26837500000000003 0.04710227272727276 0.04524999999999995
0 0.41960937499999995 0.29846153846153844 0.0341903409090909 0.039615384615384656
0 0.33576704545454544 0.416048076923077 0.02681818181818181 0.0354038461538462
0 0.1556747159090909 0.21049038461538472 0.01964488636363636 0.02509615384615387
0 0.17514204545454545 0.2210288461538461 0.03039772727272728 0.07228846153846159
0 0.3449573863636364 0.2444519230769231 0.022414772727272728 0.02828846153846161
0 0.2530113636363636 0.1212692307692308 0.043693181818181805 0.039076923076923176
0 0.3622443181818182 0.2611730769230769 0.027357954545454533 0.03600000000000005
0 0.1451065340909091 0.24889423076923078 0.04671875 0.06274999999999999
0 0.7784517045454545 0.1333557692307693 0.03457386363636368 0.03755769230769236
0 0.8084659090909092 0.12435576923076919 0.030767045454545408 0.045250000000000054
0 0.3295525568181818 0.2114903846153846 0.024105113636363636 0.036134615384615425
0 0.5668323863636363 0.0693173076923076 0.031534090909090894 0.04217307692307694
0 0.45313210227272727 0.41066346153846145 0.022514204545454577 0.034519230769230747
0 0.43765625 0.033048076923076875 0.021647727272727287 0.02828846153846161
0 0.32529119318181815 0.35604807692307694 0.03484375 0.05521153846153842
0 0.5409943181818182 0.08243269230769235 0.02926136363636367 0.03344230769230767
0 0.8086505681818181 0.16448076923076915 0.029630681818181837 0.04423076923076923
0 0.3162073863636364 0.1705865384615386 0.04264204545454547 0.05271153846153851
0 0.8453835227272729 0.3675288461538462 0.035710227272727255 0.047596153846153844
0 0.7831960227272727 0.1698750000000001 0.029630681818181678 0.05401923076923072
0 0.4853338068181818 0.08603846153846151 0.028877840909090888 0.034461538461538495
0 0.13884232954545456 0.036913461538461645 0.028110795454545465 0.030865384615384638
0 0.3141690340909091 0.12089423076923078 0.045980113636363645 0.05671153846153848
0 0.5632883522727273 0.9942307692307693 0.023678977272727216 0.011000000000000001
0 0.17713778409090908 0.40583653846153844 0.03529829545454544 0.08994230769230777
0 0.44183238636363636 0.10146153846153849 0.01937499999999998 0.03138461538461537
0 0.12193892045454545 0.08125000000000004 0.03299715909090908 0.04165384615384609
0 0.5921022727272728 0.08063461538461536 0.03343750000000003 0.0452692307692307
0 0.8401633522727273 0.5575769230769231 0.02526988636363631 0.034961538461538474
0 0.9862926136363637 0.34205769230769234 0.027414772727272663 0.046500000000000014
0 0.6673721590909091 0.5960769230769232 0.040653409090909094 0.06284615384615386
0 0.8218963068181818 0.5705961538461538 0.026093750000000006 0.04611538461538459
0 0.7017045454545454 0.6204423076923077 0.040653409090909094 0.02453846153846152
0 0.42132102272727273 0.10197115384615385 0.036846590909090905 0.03651923076923079
0 0.24339488636363635 0.6603269230769231 0.031448863636363615 0.0371923076923077
0 0.723359375 0.21179807692307695 0.020127840909090932 0.02571153846153847
0 0.5417542613636364 0.006115384615384745 0.02393465909090904 0.012230769230769257
0 0.28803267045454545 0.24386538461538465 0.03151988636363636 0.0386538461538462
0 0.544609375 0.034346153846153915 0.025838068181818177 0.03600000000000005
0 0.6834375 0.5135096153846153 0.02718749999999998 0.04425000000000004
0 0.9518394886363637 0.39338461538461544 0.019502840909090935 0.023423076923076828
0 0.9847798295454546 0.5767403846153847 0.030440340909090837 0.054673076923076935
0 0.7960724431818181 0.3643653846153847 0.025553977272727124 0.051692307692307794
0 0.3093465909090909 0.25968269230769225 0.02670454545454547 0.03713461538461539
0 0.7117755681818182 0.19045192307692305 0.02355113636363634 0.0282884615384615
