0 0.10186789772727273 0.28301923076923075 0.06703125 0.05265384615384615
0 0.7500284090909091 0.6090096153846154 0.030965909090909027 0.03748076923076925
0 0.2955681818181818 0.7563557692307692 0.027414772727272704 0.055288461538461536
0 0.23697443181818179 0.2023076923076923 0.029715909090909074 0.028115384615384625
0 0.05186079545454545 0.1985865384615384 0.027698863636363633 0.03867307692307695
0 0.10589488636363638 0.20723076923076922 0.054971590909090914 0.049923076923076994
0 0.21047585227272728 0.25987499999999997 0.029502840909090923 0.03540384615384609
0 0.12633522727272728 0.24353846153846148 0.04357954545454546 0.040846153846153865
0 0.09214488636363637 0.2403557692307693 0.02883522727272727 0.03994230769230766
0 0.153828125 0.24989423076923079 0.026150568181818178 0.06444230769230767
0 0.34251420454545456 0.8233365384615385 0.0181818181818182 0.033480769230769224
0 0.6400923295454546 0.07923076923076922 0.02884943181818174 0.04442307692307697
0 0.23742897727272727 0.6337307692307692 0.032329545454545444 0.041615384615384644
0 0.3086860795454545 0.7206442307692308 0.020269886363636337 0.02825000000000005
0 0.09583806818181818 0.04566346153846157 0.04693181818181817 0.06263461538461526
0 0.014730113636363635 0.3102499999999999 0.02946022727272727 0.0363076923076923
0 0.3182173295454545 0.7387980769230769 0.02205965909090909 0.031480769230769215
0 0.292890625 0.7291153846153846 0.0214630681818182 0.04438461538461541
0 0.24197443181818185 0.920298076923077 0.02943181818181818 0.04521153846153846
0 0.4119673295454545 0.8420961538461539 0.030099431818181813 0.04519230769230769
0 0.014424715909090908 0.7987403846153847 0.02646306818181818 0.04186538461538464
0 0.42776278409090907 0.8727692307692307 0.02473011363636367 0.03953846153846153
0 0.08108664772727271 0.8600192307692308 0.023735795454545457 0.03115384615384616
0 0.656328125 0.5187788461538461 0.0312926136363636 0.04128846153846159
0 0.40769176136363633 0.7707211538461538 0.021122159090909098 0.03471153846153845
0 0.3888352272727273 0.7152307692307693 0.02664772727272726 0.03403846153846157
0 0.36595170454545456 0.736 0.02514204545454548 0.04153846153846155
0 0.3810369318181818 0.7584615384615385 0.025142045454545518 0.05515384615384614
0 0.6624289772727273 0.1485288461538462 0.024886363636363693 0.03751923076923075
0 0.5367400568181818 0.8900961538461538 0.026747159090909068 0.036730769230769234
0 0.483125 0.8017019230769231 0.02815340909090908 0.040865384615384616
0 0.3252769886363636 0.20952884615384626 0.024531249999999973 0.030865384615384638
0 0.973330965909091 0.2903461538461539 0.05333806818181812 0.05146153846153845
0 0.6833593750000001 0.18680769230769223 0.02600852272727273 0.04057692307692312
0 0.32223721590909093 0.4394999999999999 0.027144886363636343 0.03350000000000003
0 0.7076775568181819 0.2840576923076924 0.02262784090909092 0.04057692307692301
0 0.961747159090909 0.958173076923077 0.022755681818181953 0.03242307692307692
0 0.7376704545454544 0.7963557692307692 0.03352272727272731 0.03078846153846155
0 0.6120667613636364 0.19800961538461537 0.025781250000000047 0.03582692307692307
0 0.6983522727272727 0.2989807692307693 0.024318181818181826 0.04288461538461541
0 0.24620738636363634 0.1751538461538461 0.024517045454545482 0.035538461538461574
0 0.24318181818181817 0.014817307692307824 0.025397727272727266 0.029634615384615433
0 0.7528409090909091 0.4983846153846153 0.024744318181818284 0.03350000000000003
0 0.4144247159090909 0.7947307692307692 0.023139204545454494 0.03188461538461538
0 0.5596875 0.7609711538461539 0.0175568181818182 0.029173076923076927
0 0.6066548295454546 0.6474423076923077 0.019247159090909106 0.033038461538461496
0 0.0741690340909091 0.0918365384615385 0.03188920454545454 0.06155769230769229
0 0.9092826704545455 0.9463461538461538 0.023622159090909086 0.02992307692307692
0 0.9828977272727273 0.9195384615384615 0.023551136363636423 0.03619230769230769
0 0.28429687499999995 0.011105769230769225 0.027997159090909104 0.022211538461538484
0 0.9802627840909092 0.5664711538461538 0.033252840909090864 0.05421153846153846
0 0.7789772727272727 0.8779423076923076 0.025142045454545518 0.03726923076923076
0 0.13846590909090908 0.48731730769230763 0.03312500000000001 0.04051923076923076
0 0.0837713068181818 0.007173076923077004 0.030838068181818182 0.014346153846153916
0 0.09156960227272727 0.5724038461538461 0.0279403409090909 0.04538461538461537
0 0.09276988636363637 0.43382692307692317 0.019147727272727268 0.02430769230769239
0 0.5295525568181817 0.38330769230769235 0.028338068181818166 0.037807692307692244
0 0.4037713068181818 0.8162788461538462 0.022656250000000065 0.033903846153846146
0 0.33061079545454547 0.1864903846153847 0.028863636363636355 0.030865384615384638
0 0.7404829545454544 0.3177403846153847 0.026022727272727343 0.03751923076923075
0 0.9172869318181818 0.9623269230769231 0.01676136363636357 0.02476923076923077
0 0.08378551136363636 0.36089423076923066 0.021150568181818194 0.02971153846153844
0 0.853828125 0.6220288461538461 0.024247159090909163 0.0339038461538462
0 0.34590909090909094 0.20425961538461546 0.021931818181818177 0.03517307692307696
0 0.7753835227272727 0.7860961538461538 0.02911931818181818 0.04376923076923078
0 0.08014204545454545 0.31181730769230764 0.026676136363636364 0.03405769230769227
0 0.936356534090909 0.9469903846153847 0.03419034090909098 0.050826923076923075
0 0.8499928977272727 0.7027211538461539 0.02535511363636367 0.029211538461538455
0 0.7373721590909091 0.28367307692307686 0.01980113636363644 0.032153846153846206
0 0.11172585227272727 0.5810576923076922 0.02595170454545456 0.06807692307692309
0 0.16400568181818184 0.6901923076923077 0.025937500000000006 0.03565384615384614
0 0.40088068181818187 0.2296538461538462 0.029715909090909112 0.0375
0 0.7320809659090909 0.7688076923076923 0.03671874999999995 0.03188461538461535
0 0.48007102272727276 0.7766346153846153 0.028323863636363633 0.03134615384615384
0 0.746143465909091 0.26529807692307705 0.02714488636363638 0.03521153846153847
0 0.9234446022727273 0.9093173076923077 0.04794034090909091 0.055365384615384615
0 0.35411221590909087 0.45663461538461536 0.03223011363636363 0.04900000000000004
0 0.5008167613636364 0.9851826923076923 0.028338068181818166 0.028096153846153844
0 0.6451349431818182 0.6128173076923077 0.027684659090909104 0.042557692307692296
0 0.31834517045454547 0.06478846153846152 0.02279829545454543 0.030461538461538522
0 0.6873863636363636 0.8174326923076923 0.028721590909090867 0.03836538461538462
0 0.3789985795454545 0.45471153846153856 0.03901988636363636 0.05130769230769232
0 0.19348011363636364 0.8713653846153846 0.024147727272727293 0.03107692307692307
0 0.6381036931818183 0.9844903846153846 0.029133522727272713 0.031019230769230768
0 0.3498721590909091 0.3233942307692308 0.06786931818181818 0.08271153846153845
0 0.798330965909091 0.9817884615384616 0.030326704545454577 0.036423076923076926
0 0.7111292613636363 0.9595288461538461 0.03151988636363636 0.038365384615384614
0 0.8322514204545454 0.7228846153846153 0.022343750000000027 0.03296153846153844
0 0.8751491477272727 0.6515673076923076 0.031519886363636444 0.03836538461538459
0 0.6202627840909091 0.6595192307692308 0.02299715909090909 0.033038461538461496
0 0.22345170454545454 0.08518269230769238 0.05153409090909091 0.07209615384615387
0 0.8765482954545454 0.6237403846153846 0.020738636363636397 0.027019230769230792
0 0.03421875 0.1192788461538461 0.06011363636363636 0.08294230769230769
0 0.42727982954545457 0.21382692307692308 0.025980113636363586 0.0464999999999999
0 0.15790482954545454 0.029625000000000012 0.02856534090909091 0.03828846153846148
0 0.7631107954545455 0.2859711538461539 0.030539772727272728 0.038288461538461584
0 0.016725852272727274 0.3669807692307693 0.02950284090909091 0.039038461538461564
0 0.25731534090909086 0.13023076923076926 0.023664772727272722 0.031653846153846116
0 0.37764914772727276 0.050730769230769246 0.025383522727272734 0.0375
0 0.7107315340909092 0.898201923076923 0.02754261363636362 0.03782692307692308
0 0.3028835227272727 0.35494230769230783 0.027528409090909086 0.036192307692307676
0 0.8683025568181819 0.1611634615384615 0.03393465909090907 0.03828846153846148
0 0.8940411931818182 0.14623076923076916 0.02884943181818174 0.04211538461538468
0 0.45073863636363637 0.7204519230769231 0.03193181818181821 0.04213461538461538
0 0.7209659090909091 0.33000000000000007 0.024318181818181826 0.03292307692307693
0 0.3083948863636364 0.23980769230769228 0.02713068181818181 0.03826923076923072
0 0.91609375 0.23811538461538462 0.024318181818181826 0.034461538461538384
0 0.9521732954545453 0.8709134615384615 0.034715909090909006 0.04159615384615384
0 0.7232386363636364 0.2844326923076923 0.017528409090909136 0.038288461538461584
0 0.7277627840909091 0.24002884615384623 0.028849431818181823 0.03521153846153847
0 0.8728338068181817 0.3644519230769231 0.02714488636363638 0.03598076923076919
0 0.05292613636363636 0.5380769230769231 0.029488636363636366 0.0363076923076923
0 0.5390767045454545 0.758 0.030511363636363663 0.04699999999999999
0 0.18991477272727272 0.9070673076923077 0.025227272727272754 0.03751923076923076
0 0.07861505681818182 0.9711923076923077 0.030667613636363642 0.0391923076923077
0 0.08244318181818182 0.8874711538461538 0.02301136363636364 0.032480769230769216
0 0.009872159090909091 0.9347596153846154 0.019744318181818182 0.04240384615384616
0 0.47294744318181814 0.08856730769230758 0.02873579545454548 0.04121153846153847
0 0.8572798295454546 0.25304807692307696 0.02884943181818174 0.038288461538461584
0 0.6689417613636364 0.06775000000000009 0.033366477272727284 0.04288461538461541
0 0.4703835227272727 0.1223653846153846 0.041392045454545515 0.03473076923076923
0 0.38624289772727266 0.026278846153846236 0.021548295454545476 0.03148076923076924
0 0.40384943181818184 0.05128846153846145 0.024630681818181864 0.03519230769230772
0 0.7634019886363635 0.6785769230769231 0.026747159090909148 0.035576923076923075
0 0.22958806818181818 0.25125 0.015426136363636383 0.02903846153846147
0 0.652265625 0.946548076923077 0.02075284090909093 0.02755769230769231
0 0.8872088068181818 0.27175961538461546 0.05586647727272733 0.06959615384615384
0 0.17193181818181819 0.3456538461538462 0.024801136363636376 0.05265384615384615
0 0.18901988636363634 0.35608653846153837 0.02681818181818181 0.06624999999999998
0 0.009772727272727273 0.2466538461538461 0.019545454545454546 0.04961538461538464
0 0.2584161931818182 0.48724999999999996 0.04223011363636362 0.04900000000000004
0 0.9050639204545454 0.4789326923076922 0.022627840909090837 0.038288461538461584
0 0.9189275568181817 0.4754807692307692 0.023196022727272784 0.034461538461538384
0 0.9720880681818183 0.40925 0.03224431818181825 0.0428846153846153
0 0.48206676136363635 0.2455384615384616 0.02754261363636362 0.035653846153846085
0 0.8487926136363636 0.34875 0.01980113636363628 0.033692307692307764
0 0.020738636363636362 0.567576923076923 0.03352272727272727 0.04265384615384611
0 0.8222088068181819 0.21935576923076927 0.023196022727272784 0.03217307692307696
0 0.8091051136363636 0.9552019230769231 0.024744318181818284 0.03621153846153846
0 0.4353693181818182 0.8449807692307693 0.023551136363636423 0.0351153846153846
0 0.4742826704545454 0.940076923076923 0.03350852272727269 0.03619230769230769
0 0.2254332386363636 0.17964423076923086 0.01990056818181821 0.034365384615384624
0 0.7699999999999999 0.46327884615384607 0.024744318181818124 0.030249999999999926
0 0.4280823863636364 0.7710288461538461 0.02065340909090904 0.032403846153846144
0 0.8701633522727273 0.6069807692307692 0.024730113636363592 0.03457692307692311
0 0.4757173295454545 0.5200480769230769 0.029559659090909095 0.03874999999999996
0 0.3036789772727273 0.45571153846153856 0.01636363636363638 0.035653846153846196
0 0.5353196022727272 0.6696826923076924 0.022059659090909053 0.031750000000000035
0 0.8851065340909091 0.48912500000000003 0.025809659090909196 0.032826923076923066
0 0.9648934659090909 0.6982692307692308 0.027372159090909065 0.033884615384615395
0 0.2829261363636364 0.5624134615384615 0.026732954545454535 0.03728846153846157
0 0.281328125 0.43355769230769226 0.03072443181818181 0.038884615384615434
0 0.769794034090909 0.4900192307692308 0.019559659090909228 0.03403846153846163
0 0.6179971590909091 0.5945 0.025028409090909098 0.038115384615384655
0 0.2751491477272727 0.5864615384615384 0.02873579545454544 0.03673076923076922
0 0.5181818181818182 0.4197788461538461 0.03034090909090911 0.036211538461538434
0 0.3468892045454545 0.6950961538461538 0.02252840909090907 0.038115384615384655
0 0.5820170454545455 0.6833461538461538 0.026278409090909092 0.041307692307692344
0 0.7986008522727271 0.6401442307692308 0.029559659090909175 0.034942307692307724
0 0.9695880681818181 0.6723365384615385 0.03363636363636357 0.037057692307692326
0 0.12968039772727272 0.3568365384615385 0.027542613636363636 0.037826923076923
0 0.4724928977272727 0.2990288461538462 0.029928977272727263 0.044288461538461485
0 0.3228338068181818 0.5367500000000001 0.02274147727272726 0.03457692307692306
0 0.9813139204545455 0.7438076923076924 0.024247159090909163 0.0381153846153846
0 0.37930397727272724 0.41275961538461536 0.02713068181818177 0.036211538461538434
0 0.3168465909090909 0.4603076923076923 0.017954545454545435 0.02430769230769228
0 0.9222656250000001 0.7168076923076923 0.028167613636363695 0.03707692307692308
0 0.7580042613636363 0.7623365384615385 0.029730113636363728 0.03917307692307693
0 0.10873579545454547 0.5462115384615385 0.025539772727272734 0.03296153846153844
0 0.2968963068181818 0.4114038461538462 0.02674715909090911 0.03349999999999992
0 0.9375213068181818 0.4616057692307691 0.02268465909090913 0.030711538461538405
0 0.8891193181818182 0.4594903846153846 0.025142045454545358 0.03132692307692301
0 0.7016903409090909 0.6979519230769231 0.027215909090909044 0.03748076923076925
0 0.6387286931818182 0.50025 0.028934659090909098 0.04023076923076921
0 0.7830397727272728 0.8295769230769231 0.023465909090909065 0.031769230769230765
0 0.3863139204545455 0.6782596153846154 0.02063920454545459 0.0336730769230769
0 0.12090198863636364 0.5978076923076923 0.02274147727272728 0.03673076923076922
0 0.4629119318181818 0.3857403846153846 0.031534090909090894 0.03944230769230767
0 0.09455965909090908 0.3357692307692308 0.025937500000000006 0.03242307692307684
0 0.201640625 0.6731826923076923 0.027684659090909062 0.0336730769230769
0 0.2985511363636364 0.6518942307692308 0.02815340909090908 0.04194230769230764
0 0.3852911931818182 0.5005480769230768 0.0199573863636363 0.027019230769230792
0 0.16958806818181818 0.40438461538461534 0.02355113636363638 0.03134615384615387
0 0.7454900568181819 0.47059615384615394 0.028167613636363695 0.03599999999999994
0 0.2027130681818182 0.41464423076923074 0.03551136363636364 0.037826923076923105
0 0.3156534090909091 0.47407692307692306 0.02593749999999999 0.03457692307692311
0 0.9003622159090909 0.5314903846153847 0.029730113636363728 0.04340384615384614
0 0.8361434659090908 0.7573653846153846 0.026747159090908988 0.03684615384615384
0 0.528828125 0.4499519230769231 0.026605113636363663 0.032826923076923066
0 0.8197230113636365 0.6534807692307693 0.027684659090909104 0.034961538461538474
0 0.8332386363636364 0.19752884615384625 0.02488636363636361 0.029865384615384672
0 0.9073295454545455 0.12823076923076915 0.02375000000000004 0.03523076923076922
0 0.9452272727272728 0.046682692307692286 0.02374999999999988 0.04517307692307694
0 0.4086079545454545 0.7357596153846153 0.02863636363636367 0.03686538461538465
0 0.16151278409090908 0.11460576923076926 0.030582386363636364 0.04336538461538464
0 0.8306960227272726 0.27103846153846156 0.03110795454545451 0.03903846153846145
0 0.9223224431818182 0.03327884615384613 0.02771306818181833 0.03828846153846148
0 0.9599289772727272 0.09109615384615388 0.027159090909090914 0.03903846153846145
0 0.9316477272727273 0.23658653846153843 0.02375000000000004 0.03598076923076919
0 0.8298437500000001 0.3579423076923077 0.022613636363636305 0.041346153846153845
0 0.8863281249999999 0.9476346153846154 0.02754261363636362 0.04161538461538461
0 0.9102698863636363 0.835798076923077 0.02434659090909089 0.03294230769230771
0 0.8310582386363637 0.9446634615384616 0.022343749999999864 0.039980769230769236
0 0.061171874999999994 0.8583461538461539 0.026463068181818185 0.033153846153846145
0 0.6392755681818182 0.750375 0.019715909090909086 0.03048076923076922
0 0.06228693181818182 0.8933365384615385 0.035625000000000004 0.04017307692307691
0 0.3228551136363636 0.9179519230769231 0.02894886363636363 0.04921153846153846
0 0.005788352272727273 0.8074423076923077 0.011576704545454546 0.036500000000000005
0 0.07774147727272727 0.7242307692307692 0.028437499999999994 0.03884615384615382
0 0.7897514204545455 0.9117115384615384 0.026747159090908988 0.03457692307692307
0 0.07613636363636364 0.7660961538461538 0.024744318181818183 0.03684615384615387
0 0.04026278409090909 0.9819903846153846 0.03129261363636364 0.03601923076923077
0 0.28811079545454543 0.9795673076923077 0.03457386363636364 0.040865384615384616
0 0.2528409090909091 0.1048365384615384 0.02568181818181816 0.033211538461538424
0 0.9296235795454545 0.846875 0.02953125000000011 0.041057692307692295
0 0.3712926136363636 0.6909711538461538 0.026278409090909092 0.04128846153846154
0 0.9926917613636363 0.5183557692307692 0.01461647727272722 0.039057692307692314
0 0.9887286931818182 0.2518942307692308 0.022542613636363642 0.03598076923076919
0 0.31643465909090907 0.9821923076923077 0.027414772727272704 0.03561538461538461
0 0.8474147727272726 0.8168942307692307 0.031136363636363577 0.04159615384615384
0 0.17216619318181817 0.8887115384615385 0.030411931818181814 0.04238461538461538
0 0.6574573863636364 0.876048076923077 0.028721590909090867 0.039980769230769216
0 0.3294602272727273 0.0475961538461539 0.025397727272727266 0.032807692307692204
0 0.25860795454545454 0.7333461538461539 0.03159090909090911 0.042384615384615396
0 0.6409446022727273 0.010134615384615353 0.028281250000000036 0.02026923076923081
0 0.6734659090909091 0.026394230769230864 0.03562500000000006 0.04748076923076923
