0 0.10135653409090907 0.03958653846153848 0.05302556818181818 0.06921153846153837
0 0.8408451704545453 0.5812596153846155 0.04237215909090915 0.047403846153846164
0 0.9881392045454546 0.5814903846153846 0.02349431818181813 0.11051923076923083
0 0.39697443181818187 0.0049807692307690665 0.01903409090909096 0.009961538461538366
0 0.16522017045454546 0.7249807692307693 0.04098011363636365 0.04765384615384616
0 0.6581321022727272 0.1400769230769231 0.029133522727272713 0.052923076923076996
0 0.12908380681818182 0.3895288461538462 0.03194602272727274 0.06559615384615387
0 0.2848721590909091 0.9873846153846154 0.030170454545454518 0.02523076923076923
0 0.3678053977272727 0.35462499999999997 0.026292613636363624 0.059865384615384716
0 0.8378338068181819 0.6102788461538462 0.023792613636363636 0.03221153846153846
0 0.044495738636363635 0.7659711538461538 0.02214488636363636 0.028288461538461554
0 0.46650568181818175 0.4721153846153846 0.028011363636363595 0.03384615384615389
0 0.5030894886363636 0.736173076923077 0.02183238636363637 0.026961538461538426
0 0.802421875 0.892 0.026548295454545533 0.04746153846153846
0 0.20902698863636363 0.014086538461538511 0.024218750000000015 0.02817307692307688
0 0.706455965909091 0.06791346153846156 0.043735795454545486 0.03748076923076925
0 0.5694957386363636 0.013105769230769337 0.019446022727272725 0.026211538461538453
0 0.9709303977272726 0.3368557692307692 0.036633522727272674 0.05909615384615377
0 0.28879261363636366 0.2780961538461538 0.024034090909090932 0.03476923076923074
0 0.8052272727272727 0.9319615384615385 0.025085227272727387 0.027923076923076922
0 0.9824644886363636 0.9875961538461538 0.03382102272727265 0.02480769230769231
0 0.7422443181818181 0.4331153846153847 0.0329829545454545 0.03523076923076922
0 0.8295454545454546 0.41258653846153837 0.03661931818181814 0.047749999999999966
0 0.792606534090909 0.3163942307692307 0.03958806818181819 0.08698076923076915
0 0.997450284090909 0.3879903846153846 0.005099431818181863 0.018711538461538498
0 0.7586434659090909 0.8402115384615385 0.025980113636363586 0.027923076923076915
0 0.6264985795454545 0.3506634615384616 0.03387784090909094 0.04986538461538463
0 0.8463494318181817 0.5310384615384616 0.03136363636363642 0.051999999999999984
0 0.3795525568181818 0.28283653846153856 0.022372159090909092 0.03375000000000002
0 0.8568536931818183 0.9312307692307692 0.026292613636363624 0.04219230769230769
0 0.37838778409090906 0.1585961538461539 0.027514204545454553 0.048807692307692406
0 0.10734374999999999 0.686701923076923 0.02082386363636365 0.028173076923076933
0 0.6217258522727273 0.45989423076923075 0.029872159090909053 0.04705769230769225
0 0.21018465909090908 0.6197692307692308 0.02750000000000002 0.03350000000000003
0 0.546434659090909 0.5228365384615384 0.02926136363636367 0.04001923076923072
0 0.650390625 0.9117403846153846 0.04595170454545458 0.038980769230769236
0 0.5307954545454545 0.4594134615384615 0.0664488636363636 0.09790384615384615
0 0.15663352272727274 0.760875 0.042897727272727275 0.054673076923076935
0 0.20911931818181817 0.7854711538461538 0.09497159090909091 0.05405769230769231
0 0.059169034090909095 0.3430384615384615 0.11811079545454546 0.11619230769230761
0 0.15864346590909092 0.3954230769230769 0.04870738636363637 0.0613461538461538
0 0.7859019886363636 0.7832884615384615 0.027968750000000077 0.046653846153846136
0 0.11524857954545453 0.8732980769230769 0.024161931818181825 0.03778846153846152
0 0.8065198863636364 0.965076923076923 0.03488636363636372 0.04746153846153846
0 0.016782670454545453 0.07536538461538456 0.022911931818181817 0.036346153846153806
0 0.027599431818181818 0.03745192307692313 0.030909090909090907 0.03717307692307689
0 0.9569247159090909 0.5692211538461538 0.027769886363636462 0.040749999999999995
0 0.6243536931818182 0.4155865384615385 0.04032670454545453 0.05082692307692309
0 0.8609943181818184 0.8927692307692308 0.03034090909090911 0.03965384615384614
0 0.34438210227272725 0.940125 0.018167613636363624 0.04401923076923076
0 0.30292613636363636 0.9096826923076923 0.0793465909090909 0.08948076923076924
0 0.8478125 0.8703557692307693 0.03156250000000004 0.04324999999999999
0 0.23526988636363635 0.5018557692307692 0.03386363636363637 0.05917307692307694
0 0.4518110795454545 0.7562692307692308 0.016690340909090908 0.02565384615384616
0 0.14051136363636363 0.7870865384615384 0.026477272727272728 0.03551923076923077
0 0.8266051136363637 0.9316346153846153 0.023494318181818293 0.03376923076923077
0 0.5870383522727273 0.7204038461538462 0.05353693181818182 0.055653846153846206
0 0.13132102272727272 0.8804326923076923 0.012670454545454547 0.013980769230769238
0 0.20254261363636364 0.7417403846153846 0.05644886363636365 0.09490384615384614
0 0.9199076704545455 0.3689038461538461 0.024758522727272816 0.05196153846153843
0 0.47588068181818177 0.6083076923076922 0.025170454545454503 0.05696153846153847
0 0.5787713068181819 0.033567307692307646 0.027798295454545444 0.030096153846153804
0 0.17598721590909092 0.88775 0.01796875000000001 0.03330769230769231
0 0.6172230113636363 0.31327884615384605 0.02825284090909097 0.05151923076923081
0 0.94515625 0.7234038461538461 0.035880681818181805 0.046038461538461535
0 0.05559659090909091 0.9890769230769231 0.03454545454545454 0.021846153846153845
0 0.9243252840909091 0.5583557692307692 0.024928977272727207 0.0336730769230769
0 0.49519176136363635 0.7031346153846154 0.031803977272727255 0.03830769230769234
0 0.06634943181818181 0.7000673076923077 0.022727272727272728 0.022403846153846163
0 0.38087357954545453 0.4948173076923077 0.026889204545454556 0.057711538461538446
0 0.034872159090909086 0.5514807692307693 0.02758522727272727 0.03880769230769232
0 0.7642613636363635 0.22003846153846152 0.04389204545454542 0.059884615384615356
0 0.1141974431818182 0.7833269230769231 0.030696022727272728 0.04607692307692309
0 0.5510298295454545 0.4127788461538461 0.026860795454545408 0.040865384615384616
0 0.682315340909091 0.1378173076923077 0.026335227272727302 0.042519230769230795
0 0.857997159090909 0.6060288461538461 0.023210227272727316 0.03205769230769229
0 0.9438636363636363 0.3655384615384616 0.02428977272727276 0.04915384615384616
0 0.3495809659090909 0.00719230769230772 0.023252840909090914 0.01438461538461542
0 0.9151704545454545 0.45161538461538453 0.016676136363636376 0.021153846153846155
0 0.5883522727272728 0.9865192307692308 0.029545454545454562 0.02696153846153846
0 0.7287215909090908 0.4651442307692307 0.026732954545454456 0.036750000000000026
0 0.35674715909090904 0.6990673076923077 0.017414772727272675 0.028903846153846155
0 0.09527698863636364 0.10067307692307692 0.0683096590909091 0.06642307692307696
0 0.7054261363636364 0.24090384615384608 0.058352272727272704 0.07719230769230767
0 0.9860369318181817 0.789 0.02767045454545457 0.03680769230769231
0 0.5734517045454546 0.9204903846153846 0.0438920454545455 0.06625
0 0.9514772727272728 0.3278461538461539 0.033437499999999946 0.043576923076923124
0 0.5587002840909091 0.2264615384615385 0.03467329545454541 0.05369230769230772
0 0.4803125 0.4099423076923078 0.027755681818181846 0.03576923076923081
0 0.8021448863636365 0.18273076923076914 0.032386363636363734 0.04330769230769227
0 0.825390625 0.6284326923076923 0.02274147727272726 0.025365384615384613
0 0.5108238636363637 0.6732115384615385 0.019517045454545467 0.03042307692307691
0 0.5494602272727273 0.7097115384615384 0.037528409090909036 0.05161538461538462
0 0.8234019886363636 0.23898076923076916 0.03876420454545466 0.052923076923076885
0 0.8158167613636365 0.910298076923077 0.027514204545454553 0.03132692307692308
0 0.3397940340909091 0.71425 0.02964488636363637 0.04011538461538464
0 0.774865056818182 0.031567307692307756 0.01723011363636363 0.033519230769230676
0 0.13056107954545454 0.31407692307692303 0.10973011363636363 0.12238461538461536
0 0.8252485795454544 0.32674038461538457 0.04816761363636359 0.06640384615384622
0 0.5497159090909091 0.7488942307692308 0.04144886363636357 0.03686538461538462
0 0.6306107954545456 0.8280384615384615 0.025653409090909095 0.03292307692307693
0 0.09796875 0.7674807692307692 0.032556818181818194 0.028807692307692315
0 0.5677698863636365 0.5492403846153846 0.017073863636363693 0.02682692307692311
0 0.8041193181818183 0.565076923076923 0.03446022727272726 0.04869230769230768
0 0.0303125 0.26720192307692303 0.013125000000000003 0.021865384615384623
0 0.04296164772727273 0.9709711538461538 0.03916193181818182 0.039134615384615386
0 0.5380823863636364 0.24412500000000004 0.023721590909090973 0.0312884615384615
0 0.732990056818182 0.6902403846153846 0.03171875000000006 0.04294230769230772
0 0.3974005681818182 0.27449038461538466 0.027954545454545465 0.04282692307692304
0 0.4786363636363636 0.4870769230769231 0.027698863636363636 0.04007692307692303
0 0.6463068181818182 0.5778076923076922 0.01818181818181812 0.022538461538461535
0 0.5064914772727273 0.6951923076923077 0.024545454545454506 0.04392307692307688
0 0.8084090909090907 0.9924038461538461 0.03178977272727272 0.014653846153846154
0 0.19825994318181817 0.5607211538461538 0.06575284090909089 0.055288461538461536
0 0.05223011363636363 0.5802403846153846 0.036562500000000005 0.05201923076923079
0 0.09330965909090909 0.25486538461538455 0.024460227272727272 0.03311538461538456
0 0.5786008522727273 0.42381730769230763 0.027201704545454595 0.037250000000000005
0 0.9386576704545455 0.44000000000000006 0.011548295454545448 0.01688461538461533
0 0.8701136363636363 0.6759519230769231 0.022954545454545408 0.03263461538461538
0 0.5406676136363636 0.20254807692307686 0.027585227272727216 0.03817307692307697
0 0.4776633522727272 0.7294326923076924 0.025639204545454562 0.03471153846153848
0 0.5941264204545454 0.015105769230769228 0.030156250000000027 0.03021153846153842
0 0.8302485795454545 0.2880673076923077 0.02745738636363626 0.03313461538461542
0 0.8341548295454545 0.8998461538461539 0.02862215909090922 0.050923076923076904
0 0.40579545454545446 0.39667307692307685 0.03312499999999999 0.04638461538461539
0 0.8661079545454545 0.6279615384615385 0.02573863636363637 0.03273076923076925
0 0.9386860795454546 0.562125 0.023991477272727255 0.03351923076923078
0 0.45988636363636365 0.6068942307692307 0.023778409090909104 0.041134615384615415
0 0.5379616477272727 0.22017307692307697 0.023565340909090873 0.023307692307692317
0 0.5943536931818182 0.950548076923077 0.03538352272727268 0.056288461538461544
0 0.7760156250000001 0.7090288461538461 0.017997159090909032 0.02436538461538459
0 0.45974431818181816 0.7596826923076923 0.015284090909090976 0.02524999999999999
0 0.19595170454545452 0.6255865384615384 0.008693181818181824 0.018326923076923077
0 0.4723792613636364 0.7521057692307692 0.02311079545454543 0.026596153846153842
0 0.11033380681818183 0.8368942307692308 0.022883522727272728 0.03990384615384615
0 0.27916193181818183 0.2558076923076923 0.02488636363636361 0.03207692307692309
0 0.4657599431818182 0.44808653846153845 0.02845170454545459 0.03571153846153845
0 0.07287642045454545 0.13728846153846153 0.035127840909090914 0.04234615384615381
0 0.9157102272727274 0.4213173076923078 0.037159090909090864 0.05009615384615387
0 0.7618963068181818 0.864048076923077 0.030781250000000104 0.03098076923076923
0 0.46037642045454547 0.7338365384615384 0.0263778409090909 0.02971153846153844
0 0.4927556818181818 0.7905673076923077 0.028068181818181805 0.048480769230769244
0 0.38776988636363635 0.8537307692307692 0.03159090909090911 0.035307692307692304
0 0.750284090909091 0.7222211538461538 0.026988636363636364 0.03790384615384617
0 0.0669034090909091 0.2665288461538462 0.023210227272727278 0.03690384615384615
0 0.9934446022727272 0.3622884615384615 0.01311079545454548 0.03369230769230766
0 0.516044034090909 0.008586538461538562 0.02177556818181816 0.016711538461538458
0 0.034978693181818184 0.0892019230769231 0.028309659090909097 0.03705769230769227
0 0.5438920454545454 0.010903846153846097 0.03076704545454549 0.02180769230769226
0 0.9753196022727273 0.5805192307692308 0.025411931818181962 0.0380769230769231
0 0.7017116477272727 0.047317307692307686 0.026406250000000044 0.03351923076923078
0 0.05661931818181818 0.5180961538461538 0.026221590909090917 0.037346153846153876
0 0.8168394886363637 0.6555096153846154 0.031633522727272864 0.03174999999999998
0 0.9286292613636363 0.3075769230769231 0.033423295454545414 0.04384615384615376
0 0.4067116477272727 0.7989423076923077 0.03671875000000003 0.04934615384615384
0 0.7971732954545455 0.22022115384615382 0.03767045454545452 0.0550961538461538
0 0.13283380681818183 0.8592596153846154 0.021207386363636373 0.02936538461538461
0 0.0896377840909091 0.03463461538461532 0.038139204545454546 0.028730769230769226
0 0.4847017045454546 0.7410192307692307 0.0201136363636364 0.03323076923076923
0 0.8353409090909092 0.11373076923076919 0.029460227272727287 0.045961538461538415
0 0.346328125 0.6754038461538462 0.030781250000000024 0.04338461538461539
0 0.8109872159090908 0.37004807692307684 0.02248579545454551 0.029211538461538455
0 0.19328835227272725 0.6005576923076923 0.0438494318181818 0.048000000000000015
0 0.4928764204545455 0.4755576923076923 0.024474431818181843 0.033923076923076896
0 0.7140553977272727 0.6491442307692308 0.03598011363636369 0.04871153846153849
0 0.10313210227272727 0.4419423076923077 0.0895028409090909 0.08896153846153844
0 0.1607528409090909 0.2504423076923077 0.052471590909090884 0.05746153846153845
0 0.23056107954545454 0.9936538461538461 0.021292613636363648 0.012692307692307692
0 0.1193536931818182 0.88425 0.025355113636363648 0.029230769230769237
0 0.8130610795454545 0.6246826923076922 0.031803977272727255 0.04048076923076925
0 0.14134232954545453 0.8388846153846155 0.018281250000000006 0.030269230769230788
0 0.09886363636363636 0.6598076923076923 0.03980113636363636 0.046653846153846136
0 0.3417471590909091 0.993625 0.010227272727272712 0.01275
0 0.5158025568181818 0.7396153846153846 0.0269176136363637 0.04188461538461536
0 0.5617826704545454 0.5309903846153846 0.02964488636363637 0.03867307692307689
0 0.15458806818181817 0.8422403846153846 0.0244034090909091 0.04271153846153845
0 0.5152414772727273 0.7947500000000001 0.024488636363636376 0.05569230769230768
0 0.39843039772727273 0.15968269230769228 0.02171874999999995 0.03032692307692315
0 0.8174005681818183 0.3947788461538462 0.023551136363636423 0.03532692307692309
0 0.8985866477272727 0.6537211538461538 0.028025568181818207 0.03863461538461539
0 0.25923295454545453 0.4880865384615385 0.03826704545454545 0.051634615384615376
0 0.21673295454545452 0.6351153846153845 0.024517045454545482 0.03126923076923075
0 0.5416548295454546 0.7789134615384615 0.04089488636363639 0.04067307692307694
0 0.1826278409090909 0.44552884615384614 0.07477272727272725 0.09405769230769224
0 0.3005255681818182 0.9689807692307693 0.032670454545454544 0.042423076923076924
0 0.3718465909090909 0.9836442307692308 0.02241477272727277 0.032711538461538466
0 0.7150852272727272 0.8949423076923076 0.05926136363636359 0.06365384615384617
0 0.371171875 0.1264423076923077 0.02353693181818177 0.029538461538461565
0 0.1243252840909091 0.8349134615384616 0.01700284090909091 0.03090384615384614
0 0.41639204545454545 0.90525 0.11556818181818179 0.111
0 0.7510582386363637 0.08954807692307687 0.028053977272727272 0.043788461538461505
0 0.2568821022727273 0.9053461538461538 0.013622159090909055 0.019846153846153847
0 0.7550213068181819 0.2408076923076924 0.024758522727272657 0.032615384615384574
0 0.13193892045454544 0.8971442307692308 0.033991477272727263 0.045134615384615384
0 0.15664772727272727 0.08999038461538456 0.02664772727272726 0.04286538461538465
0 0.7248650568181817 0.10025961538461536 0.030838068181818154 0.04559615384615392
0 0.12122869318181818 0.803048076923077 0.032457386363636355 0.03336538461538463
0 0.6697301136363637 0.14582692307692302 0.020454545454545423 0.03030769230769229
0 0.6361860795454546 0.6305000000000001 0.022940340909090876 0.03057692307692309
0 0.20907670454545454 0.5307499999999999 0.05815340909090909 0.08903846153846157
0 0.49453125 0.7572788461538461 0.018551136363636367 0.021019230769230783
0 0.5042045454545455 0.9665673076923077 0.025710227272727225 0.03305769230769231
0 0.10125710227272727 0.16080769230769232 0.03242897727272728 0.03711538461538453
0 0.39635653409090915 0.13368269230769225 0.03569602272727272 0.0544807692307692
0 0.15013494318181816 0.8067403846153847 0.024644886363636376 0.035096153846153846
0 0.5314914772727273 0.6833653846153847 0.028380681818181843 0.06153846153846154
0 0.4028053977272728 0.6082596153846154 0.027997159090909062 0.044480769230769275
0 0.9833238636363636 0.9664423076923077 0.03335227272727275 0.03319230769230769
0 0.7307173295454544 0.03269230769230769 0.03191761363636359 0.0398846153846154
0 0.9261860795454545 0.5300096153846154 0.025866477272727326 0.033711538461538466
0 0.4197798295454545 0.011355769230769197 0.03296874999999997 0.022711538461538467
0 0.10170454545454545 0.7149134615384616 0.03124999999999999 0.058365384615384604
0 0.6606960227272727 0.8721442307692308 0.02017045454545461 0.028980769230769216
0 0.5027840909090909 0.9908557692307692 0.02622159090909088 0.01775
0 0.4027485795454545 0.8711634615384616 0.0263778409090909 0.03659615384615386
0 0.8997585227272729 0.6852499999999999 0.021221590909090825 0.027461538461538464
0 0.070703125 0.05797115384615381 0.027514204545454543 0.03875000000000006
0 0.12411221590909091 0.6760288461538462 0.022940340909090917 0.0342115384615385
0 0.9502059659090908 0.41427884615384614 0.020071022727272722 0.019749999999999965
0 0.71359375 0.08775961538461541 0.025085227272727228 0.03575000000000006
0 0.6183522727272727 0.9790865384615385 0.040142045454545444 0.04178846153846153
0 0.9568039772727271 0.0758461538461539 0.03676136363636363 0.057038461538461475
0 0.5590909090909091 0.4458461538461539 0.029545454545454562 0.04149999999999997
0 0.6732883522727273 0.8912115384615384 0.025866477272727326 0.04603846153846155
0 0.9174076704545455 0.49978846153846146 0.031633522727272705 0.04265384615384611
0 0.33970880681818183 0.20224038461538452 0.025639204545454562 0.032173076923076846
0 0.32340198863636366 0.6862692307692309 0.02589488636363635 0.04192307692307689
0 0.7669957386363635 0.7304807692307692 0.026036931818181876 0.03761538461538462
0 0.7665980113636363 0.46733653846153844 0.050639204545454515 0.05540384615384616
0 0.9042400568181819 0.296701923076923 0.02504261363636363 0.05086538461538459
0 0.6630610795454546 0.941548076923077 0.05774147727272724 0.04078846153846154
0 0.6896235795454545 0.15209615384615394 0.03549715909090911 0.045961538461538526
0 0.08176136363636365 0.7806826923076924 0.03562499999999999 0.055173076923076894
0 0.08625710227272727 0.6185384615384615 0.03308238636363637 0.04769230769230766
0 0.06438210227272728 0.789048076923077 0.024474431818181815 0.034326923076923095
0 0.5851988636363636 0.7565288461538462 0.03099431818181817 0.03982692307692309
0 0.24632812500000004 0.7311730769230769 0.055099431818181804 0.06623076923076923
0 0.65546875 0.844 0.024801136363636334 0.030615384615384617
0 0.8344886363636363 0.4308942307692307 0.02900568181818192 0.03832692307692298
0 0.067265625 0.7294038461538461 0.03637784090909091 0.044846153846153834
0 0.8865198863636364 0.6661538461538461 0.017670454545454625 0.03315384615384617
0 0.1580184659090909 0.8900673076923077 0.019446022727272725 0.02759615384615385
0 0.18874289772727273 0.2678076923076923 0.03143465909090908 0.055346153846153795
0 0.9434375 0.7647980769230769 0.0405681818181819 0.03844230769230771
0 0.05849431818181818 0.8148846153846154 0.026960227272727275 0.03488461538461539
0 0.9464346590909091 0.12152884615384629 0.03352272727272731 0.05398076923076922
0 0.0028977272727272727 0.8793173076923078 0.0057954545454545455 0.0393653846153846
0 0.9326775568181819 0.6330865384615385 0.030894886363636364 0.03886538461538463
0 0.023004261363636366 0.7836634615384616 0.028508522727272726 0.03625000000000002
0 0.8413210227272727 0.3618365384615384 0.038039772727272686 0.06001923076923073
0 0.8919318181818181 0.973173076923077 0.021278409090909115 0.02769230769230769
0 0.35950994318181817 0.9410480769230769 0.019758522727272763 0.04398076923076924
0 0.02674715909090909 0.061605769230769214 0.016107954545454547 0.021057692307692284
0 0.8134730113636363 0.10250000000000004 0.02742897727272736 0.045423076923076934
0 0.5899147727272728 0.48839423076923083 0.059318181818181805 0.08578846153846151
0 0.7477982954545456 0.27419230769230774 0.03178977272727272 0.03142307692307687
0 0.2364275568181818 0.15553846153846151 0.031065340909090914 0.04338461538461539
0 0.3302769886363636 0.22006730769230765 0.025866477272727284 0.03501923076923084
0 0.20657670454545454 0.15173076923076922 0.03448863636363637 0.04638461538461539
0 0.5698153409090909 0.06274038461538467 0.03948863636363638 0.04624999999999991
0 0.38321022727272724 0.7712692307692308 0.019545454545454612 0.028038461538461536
0 0.8411363636363638 0.6882115384615385 0.025767045454545435 0.03465384615384612
0 0.06563920454545455 0.8403173076923077 0.03306818181818182 0.056826923076923073
