0 0.517997159090909 0.25931730769230776 0.03093750000000004 0.03386538461538453
0 0.48088068181818183 0.18651923076923083 0.03034090909090911 0.040192307692307645
0 0.3932883522727273 0.17901923076923087 0.03205965909090916 0.04223076923076919
0 0.9798224431818181 0.4874423076923078 0.02092329545454548 0.03188461538461535
0 0.8021732954545455 0.9804423076923077 0.05164772727272729 0.039115384615384614
0 0.4708664772727273 0.007346153846153669 0.019232954545454494 0.014692307692307666
0 0.8812215909090909 0.8402019230769231 0.0382102272727274 0.05055769230769229
0 0.3006676136363637 0.33479807692307695 0.04840909090909093 0.06263461538461537
0 0.6162642045454546 0.03003846153846157 0.02107954545454542 0.0285384615384616
0 0.9717826704545455 0.25423076923076937 0.038735795454545426 0.047692307692307714
0 0.8828409090909091 0.010634615384615298 0.06303977272727272 0.021269230769230773
0 0.9253338068181818 0.7537692307692307 0.03291193181818176 0.03611538461538462
0 0.0090625 0.07087500000000002 0.018125 0.03132692307692311
0 0.02262784090909091 0.9132884615384615 0.026988636363636364 0.03896153846153846
0 0.9442471590909091 0.40467307692307686 0.035965909090909 0.04961538461538464
0 0.9919176136363635 0.866125 0.016107954545454592 0.03225000000000001
0 0.24885653409090908 0.3519230769230769 0.03700284090909092 0.048346153846153817
0 0.48783380681818184 0.6300576923076924 0.03916193181818189 0.0401923076923077
0 0.13920454545454544 0.18907692307692303 0.06247159090909089 0.05942307692307688
0 0.05622159090909091 0.9802692307692308 0.036079545454545454 0.03946153846153846
0 0.007223011363636364 0.9438269230769231 0.014446022727272727 0.04369230769230769
0 0.42631392045454547 0.9221730769230769 0.05356534090909096 0.04119230769230769
0 0.5665340909090909 0.36089423076923066 0.020482954545454568 0.02913461538461545
0 0.8612926136363637 0.17384615384615376 0.021676136363636352 0.03007692307692316
0 0.5841051136363636 0.5007307692307692 0.04454545454545456 0.035538461538461574
0 0.9634303977272727 0.7251153846153846 0.028394886363636376 0.04053846153846151
0 0.47004971590909095 0.3085673076923078 0.026633522727272728 0.03348076923076928
0 0.5925 0.6042788461538462 0.04238636363636368 0.06028846153846153
0 0.6157883522727272 0.3358749999999999 0.025809659090909112 0.031673076923076866
0 0.6380894886363637 0.1535096153846155 0.02546875000000001 0.03932692307692306
0 0.8307528409090907 0.6459519230769231 0.044971590909090864 0.06321153846153847
0 0.960653409090909 0.4901634615384616 0.03744318181818184 0.07940384615384614
0 0.4716335227272727 0.4338076923076922 0.03215909090909097 0.04042307692307689
0 0.2716832386363636 0.18651923076923083 0.0631960227272727 0.06626923076923084
0 0.9899573863636365 0.5723653846153847 0.01980113636363628 0.05173076923076924
0 0.07358664772727273 0.4802115384615385 0.034559659090909085 0.04007692307692303
0 0.9298792613636363 0.47552884615384616 0.027116477272727157 0.050673076923076855
0 0.17392045454545454 0.5759615384615384 0.047982954545454565 0.05765384615384619
0 0.5118678977272727 0.4031538461538461 0.03427556818181818 0.04119230769230772
0 0.917421875 0.7831057692307692 0.031803977272727255 0.04324999999999999
0 0.8776775568181818 0.7728173076923077 0.04007102272727278 0.06663461538461539
0 0.6298792613636364 0.4054134615384616 0.04134943181818184 0.06690384615384608
0 0.40519886363636365 0.43906730769230773 0.03551136363636364 0.038019230769230736
0 0.5692471590909091 0.5370576923076923 0.021335227272727245 0.03892307692307689
0 0.7609943181818182 0.5251346153846154 0.03034090909090911 0.055923076923077
0 0.9227840909090909 0.9083653846153846 0.02082386363636375 0.030307692307692303
0 0.3928977272727273 0.012288461538461526 0.02889204545454542 0.024576923076923024
0 0.993984375 0.1997692307692308 0.012031250000000038 0.034961538461538474
0 0.12337357954545453 0.8657884615384616 0.028735795454545462 0.0445
0 0.6491832386363636 0.3751538461538463 0.04606534090909092 0.03596153846153844
0 0.15677556818181818 0.011865384615384555 0.03269886363636363 0.023730769230769184
0 0.42677556818181817 0.3098557692307692 0.026846590909090876 0.03424999999999989
0 0.6213210227272726 0.1825192307692307 0.03420454545454543 0.05796153846153854
0 0.14967329545454547 0.44618269230769225 0.042159090909090896 0.05940384615384613
0 0.08439630681818182 0.7228365384615385 0.01893465909090909 0.02748076923076927
0 0.15654829545454546 0.5084230769230769 0.02744318181818183 0.03953846153846149
0 0.5239346590909091 0.2206634615384615 0.035284090909090876 0.0461346153846154
0 0.4788423295454546 0.9461634615384615 0.025127840909090905 0.033096153846153845
0 0.10735795454545455 0.5773173076923077 0.023409090909090893 0.04775000000000002
0 0.7992684659090908 0.9364903846153846 0.023451704545454696 0.04021153846153846
0 0.27605823863636364 0.2687211538461539 0.05512784090909091 0.06371153846153846
0 0.7492755681818182 0.3954615384615384 0.05093749999999994 0.04030769230769227
0 0.9945454545454546 0.8337788461538461 0.010909090909090839 0.039519230769230765
0 0.863565340909091 0.5980384615384615 0.026250000000000027 0.03961538461538461
0 0.6416832386363637 0.31381730769230765 0.03666193181818182 0.03332692307692316
0 0.8333238636363638 0.3544519230769231 0.034005681818181734 0.03821153846153847
0 0.47977272727272724 0.05100961538461535 0.03937500000000004 0.07513461538461537
0 0.5851207386363636 0.43202884615384607 0.03916193181818181 0.03436538461538451
0 0.27952414772727274 0.7220288461538461 0.03001420454545454 0.03578846153846151
0 0.7233451704545455 0.4815480769230769 0.03012784090909096 0.036134615384615425
0 0.2732173295454545 0.7069038461538462 0.02754261363636362 0.040769230769230745
0 0.6396448863636364 0.28073076923076923 0.025284090909090843 0.0488076923076923
0 0.22428977272727274 0.009586538461538452 0.02306818181818183 0.01840384615384603
0 0.3520241477272727 0.7108846153846154 0.025127840909090947 0.036346153846153854
0 0.46963068181818185 0.9799903846153846 0.03196022727272727 0.040019230769230765
0 0.4763352272727273 0.2760096153846153 0.03980113636363642 0.04805769230769232
0 0.7440198863636364 0.7597211538461538 0.0293181818181818 0.04259615384615386
0 0.03154119318181818 0.09992307692307689 0.019531249999999997 0.03149999999999999
0 0.9731392045454546 0.4306730769230769 0.04147727272727279 0.060346153846153834
0 0.1938991477272727 0.19717307692307684 0.04248579545454547 0.04442307692307686
0 0.13097301136363637 0.41172115384615393 0.02387784090909091 0.032634615384615324
0 0.906434659090909 0.9041730769230769 0.019460227272727337 0.02796153846153846
0 0.5273153409090909 0.904625 0.03792613636363635 0.042596153846153846
0 0.37348011363636363 0.9782019230769231 0.027528409090909086 0.03028846153846154
0 0.8047869318181817 0.022625000000000006 0.0441761363636364 0.041942307692307695
0 0.2271377840909091 0.19587500000000002 0.028053977272727272 0.041942307692307695
0 0.9858025568181819 0.7203365384615384 0.0191051136363637 0.030519230769230778
0 0.24122869318181817 0.04543269230769231 0.035497159090909065 0.05563461538461529
0 0.7756463068181819 0.08254807692307686 0.02632102272727285 0.03594230769230769
0 0.5289275568181818 0.757798076923077 0.03441761363636366 0.04601923076923076
0 0.3024289772727273 0.48324999999999996 0.023267045454545447 0.030576923076923144
0 0.4463707386363636 0.616125 0.024105113636363674 0.033557692307692344
0 0.34492897727272726 0.9332307692307692 0.025170454545454544 0.02330769230769231
0 0.19723011363636364 0.7480769230769231 0.040795454545454565 0.04053846153846154
0 0.6116903409090909 0.42127884615384614 0.03894886363636358 0.06344230769230771
0 0.02606534090909091 0.6968942307692307 0.03838068181818182 0.03717307692307695
0 0.5319389204545455 0.701298076923077 0.04561079545454547 0.06232692307692307
0 0.4571306818181818 0.9426057692307692 0.020823863636363592 0.04171153846153846
0 0.8865056818181819 0.11629807692307692 0.029772727272727326 0.033788461538461524
0 0.2936789772727273 0.4564038461538462 0.021477272727272734 0.03430769230769226
0 0.890575284090909 0.029423076923076996 0.04629261363636368 0.04684615384615387
0 0.08751420454545454 0.32719230769230767 0.04673295454545456 0.08238461538461533
0 0.5507528409090909 0.02054807692307692 0.05443181818181817 0.04109615384615385
0 0.19947443181818184 0.07334615384615384 0.04840909090909091 0.07053846153846155
0 0.7317258522727272 0.01404807692307708 0.03492897727272724 0.02809615384615387
0 0.7449644886363636 0.2536057692307693 0.02856534090909093 0.045442307692307685
0 0.7717542613636365 0.24166346153846152 0.03907670454545469 0.0830576923076923
0 0.7812855113636363 0.12239423076923073 0.02703124999999996 0.04682692307692301
0 0.02936789772727273 0.18584615384615377 0.03916193181818182 0.051846153846153806
0 0.4877769886363636 0.08327884615384606 0.026463068181818174 0.04340384615384614
0 0.35912642045454546 0.26313461538461547 0.04853693181818184 0.05638461538461537
0 0.07290482954545455 0.9738269230769231 0.026889204545454546 0.03642307692307692
0 0.9923366477272727 0.14964423076923072 0.015326704545454494 0.0324038461538462
0 0.5975497159090909 0.3499038461538463 0.02850852272727272 0.04988461538461538
0 0.8975213068181819 0.07306730769230774 0.051803977272727314 0.07363461538461531
0 0.8617400568181818 0.04031730769230768 0.037173295454545396 0.06128846153846155
0 0.7719460227272728 0.9838269230769231 0.028607954545454527 0.032346153846153844
0 0.24938210227272728 0.7949134615384615 0.024957386363636355 0.040557692307692315
0 0.4795170454545455 0.5146346153846154 0.03076704545454549 0.056499999999999995
0 0.45605823863636363 0.8782307692307693 0.021008522727272674 0.028423076923076912
0 0.6831178977272727 0.5727115384615384 0.047116477272727296 0.026807692307692303
0 0.5485937500000001 0.560125 0.032357954545454586 0.07667307692307687
0 0.6450497159090909 0.4600000000000001 0.04356534090909093 0.047692307692307714
0 0.9890838068181819 0.22622115384615382 0.02183238636363637 0.033788461538461524
0 0.5051491477272727 0.8745673076923077 0.026463068181818174 0.05098076923076924
0 0.45858664772727276 0.3987884615384616 0.04819602272727274 0.05765384615384619
0 0.016981534090909092 0.11018269230769218 0.033963068181818185 0.043134615384615396
0 0.2773650568181818 0.4673076923076923 0.019133522727272725 0.028153846153846127
0 0.29984374999999996 0.6190769230769231 0.01718749999999999 0.02892307692307691
0 0.06889914772727272 0.4552211538461539 0.03615056818181817 0.03786538461538461
0 0.43742187500000007 0.12011538461538462 0.02387784090909091 0.029115384615384588
0 0.09365767045454546 0.43318269230769235 0.03345170454545454 0.03748076923076925
0 0.4385653409090909 0.05685576923076918 0.021278409090909115 0.022326923076923102
0 0.6324005681818181 0.10401923076923081 0.05894886363636364 0.044269230769230845
0 0.2616690340909091 0.5851249999999999 0.04160511363636366 0.07625000000000001
0 0.5547869318181818 0.6150769230769231 0.05076704545454547 0.05038461538461536
0 0.45373579545454545 0.5349519230769231 0.024318181818181826 0.03698076923076921
0 0.6202556818181818 0.14157692307692304 0.03139204545454541 0.04119230769230761
0 0.6040340909090909 0.3758846153846154 0.019630681818181808 0.036769230769230776
0 0.0754190340909091 0.5027307692307692 0.03765624999999999 0.03350000000000003
0 0.30628551136363635 0.606625 0.02413352272727274 0.03324999999999999
0 0.09248579545454545 0.23780769230769228 0.05136363636363636 0.08192307692307686
0 0.676768465909091 0.5534807692307693 0.03916193181818181 0.03203846153846153
0 0.7831036931818183 0.04790384615384613 0.03166193181818193 0.048923076923076916
0 0.5189275568181819 0.13928846153846153 0.0247869318181818 0.06292307692307697
0 0.16211647727272727 0.7711730769230769 0.03852272727272728 0.046884615384615407
0 0.9559801136363636 0.8268846153846154 0.035937499999999935 0.045846153846153856
0 0.20921164772727271 0.24434615384615388 0.037116477272727266 0.08046153846153853
0 0.8232244318181817 0.5384711538461538 0.023011363636363538 0.05621153846153849
0 0.24629971590909092 0.22534615384615386 0.044928977272727266 0.05103846153846147
0 0.48431107954545455 0.5758557692307692 0.028394886363636376 0.03263461538461538
0 0.896747159090909 0.22475961538461542 0.027528409090909086 0.036365384615384556
0 0.7328125000000001 0.6093076923076923 0.028181818181818228 0.038461538461538464
0 0.48045454545454547 0.5929423076923077 0.04366477272727274 0.03642307692307692
0 0.05053267045454546 0.6210865384615385 0.04330965909090909 0.06690384615384619
0 0.6960724431818182 0.6029038461538461 0.023480113636363677 0.0401923076923077
0 0.44206676136363643 0.978701923076923 0.031321022727272746 0.042596153846153846
0 0.42131392045454547 0.4073173076923077 0.04194602272727277 0.07063461538461542
0 0.23916193181818182 0.16828846153846155 0.023409090909090935 0.03149999999999999
0 0.8574076704545455 0.5399903846153846 0.05143465909090914 0.08236538461538465
0 0.1335440340909091 0.006336538461538588 0.015923295454545464 0.012673076923076985
0 0.6574502840909091 0.2601923076923077 0.02717329545454553 0.06661538461538459
0 0.8690269886363637 0.4505673076923077 0.04845170454545456 0.07736538461538466
0 0.8550071022727272 0.2936923076923077 0.02203124999999999 0.036153846153846175
0 0.5613707386363637 0.2851538461538461 0.07126420454545457 0.1260769230769231
0 0.6735369318181817 0.7058269230769231 0.038068181818181834 0.045423076923076934
0 0.08696732954545455 0.14411538461538465 0.04001420454545455 0.039653846153846165
0 0.727421875 0.05104807692307689 0.041832386363636426 0.051019230769230824
0 0.6160511363636364 0.8302980769230769 0.02926136363636367 0.04398076923076924
0 0.5915411931818183 0.25732692307692306 0.027968749999999997 0.0422307692307693
0 0.6610653409090909 0.945875 0.02312499999999996 0.04436538461538462
0 0.7934588068181818 0.24884615384615383 0.02268465909090913 0.03430769230769226
0 0.43996448863636367 0.7966634615384616 0.022599431818181855 0.033788461538461524
0 0.3396377840909091 0.16293269230769236 0.029247159090909094 0.04021153846153851
0 0.3419744318181818 0.9755769230769231 0.0419602272727273 0.044423076923076926
0 0.7162428977272728 0.6034423076923077 0.029247159090909056 0.06846153846153845
0 0.4968181818181818 0.17285576923076917 0.04323863636363636 0.06175000000000003
0 0.13683948863636364 0.5408653846153846 0.042599431818181814 0.08853846153846152
0 0.1313778409090909 0.8169711538461538 0.02477272727272727 0.04613461538461538
0 0.9482883522727273 0.5200480769230769 0.02856534090909093 0.05644230769230768
0 0.8322869318181819 0.22615384615384615 0.02633522727272738 0.039153846153846074
0 0.9052343750000001 0.92875 0.02151988636363633 0.02865384615384615
0 0.09090198863636363 0.5864230769230769 0.02643465909090909 0.044384615384615356
0 0.3486079545454545 0.3018653846153847 0.042556818181818154 0.04149999999999997
0 0.8897727272727273 0.14320192307692314 0.038039772727272686 0.034942307692307724
0 0.17977982954545454 0.28892307692307695 0.024474431818181822 0.05315384615384613
0 0.8140127840909092 0.3909134615384615 0.03941761363636364 0.08994230769230777
0 0.7234303977272728 0.9463942307692308 0.033565340909090906 0.04544230769230769
0 0.17891335227272728 0.5062692307692307 0.01910511363636364 0.027730769230769208
0 0.2513352272727273 0.10398076923076927 0.058295454545454574 0.05215384615384616
0 0.8889204545454544 0.19807692307692304 0.03494318181818185 0.05057692307692299
0 0.11335937500000001 0.341548076923077 0.03313920454545454 0.04340384615384614
0 0.8132102272727273 0.14524038461538458 0.0320170454545454 0.033788461538461524
0 0.212109375 0.027403846153846168 0.06078124999999999 0.05480769230769231
0 0.2834232954545455 0.48642307692307696 0.020511363636363633 0.03019230769230778
0 0.6104545454545455 0.2977115384615384 0.02926136363636367 0.06057692307692308
0 0.5819389204545454 0.38314423076923076 0.033735795454545456 0.03401923076923077
0 0.4305539772727273 0.5756826923076923 0.035454545454545426 0.031096153846153822
0 0.8437642045454545 0.1667884615384616 0.021164772727272855 0.04053846153846151
0 0.49685369318181816 0.4331153846153847 0.02850852272727272 0.03188461538461535
0 0.012556818181818181 0.706923076923077 0.02258522727272727 0.029269230769230766
0 0.6090553977272727 0.7815192307692308 0.05163352272727268 0.07426923076923075
0 0.8873934659090907 0.1627019230769231 0.037173295454545396 0.03425
0 0.17911931818181817 0.8301826923076923 0.055937499999999994 0.07863461538461539
0 0.42337357954545457 0.9878269230769231 0.03475852272727276 0.024
0 0.9454758522727272 0.8092692307692307 0.045099431818181816 0.05350000000000001
0 0.16858664772727272 0.048942307692307674 0.03549715909090911 0.04573076923076918
0 0.5311931818181818 0.6395480769230769 0.04403409090909091 0.06190384615384615
0 0.158515625 0.22122115384615382 0.03845170454545454 0.057519230769230816
0 0.30187499999999995 0.19007692307692314 0.04275568181818181 0.07173076923076925
0 0.010490056818181819 0.6518557692307692 0.020980113636363637 0.04440384615384616
0 0.4050071022727273 0.3437692307692307 0.016690340909090908 0.028692307692307722
0 0.6653551136363636 0.7760192307692307 0.027755681818181846 0.04311538461538462
0 0.28569602272727274 0.6939807692307692 0.03803977272727273 0.05173076923076924
0 0.5259446022727272 0.9359038461538461 0.021349431818181778 0.027038461538461536
0 0.5805823863636363 0.3535384615384616 0.02107954545454542 0.026807692307692303
0 0.3623508522727273 0.6786057692307692 0.02134943181818182 0.03286538461538457
0 0.6218607954545454 0.9291826923076923 0.02883522727272729 0.04486538461538462
0 0.1471661931818182 0.11275000000000002 0.05464488636363636 0.12196153846153839
0 0.6711292613636364 0.8278269230769231 0.04345170454545451 0.044846153846153834
0 0.5782457386363636 0.46518269230769227 0.03549715909090911 0.04259615384615391
0 0.3710724431818182 0.9503557692307693 0.021690340909090923 0.034249999999999996
0 0.3879616477272727 0.347298076923077 0.025980113636363586 0.04005769230769228
0 0.037315340909090916 0.5738653846153847 0.03392045454545455 0.04657692307692307
0 0.04971590909090909 0.8703653846153846 0.0719034090909091 0.06546153846153847
0 0.5191335227272728 0.41829807692307686 0.03420454545454543 0.033211538461538424
0 0.02530539772727273 0.3317403846153846 0.022372159090909092 0.03467307692307687
0 0.008117897727272727 0.05093269230769237 0.016235795454545454 0.02251923076923073
0 0.029687500000000002 0.2992115384615385 0.034630681818181824 0.04096153846153849
0 0.5506534090909091 0.4611153846153846 0.03184659090909093 0.043692307692307635
0 0.748330965909091 0.9845673076923077 0.028394886363636376 0.030865384615384617
0 0.054055397727272726 0.44182692307692306 0.026690340909090914 0.039615384615384656
0 0.8267755681818181 0.49113461538461534 0.027102272727272784 0.0401923076923077
0 0.15243607954545454 0.8724326923076924 0.031491477272727275 0.05732692307692307
0 0.9886292613636364 0.46208653846153835 0.02268465909090913 0.029980769230769182
0 0.9247940340909092 0.7182403846153846 0.055071022727272864 0.05475
0 0.7508806818181818 0.4565 0.028409090909090908 0.0798076923076923
0 0.24324573863636365 0.28582692307692303 0.034701704545454556 0.06153846153846154
0 0.07519886363636363 0.5391538461538461 0.055937499999999994 0.06476923076923079
0 0.48110085227272736 0.884875 0.03700284090909092 0.07248076923076921
0 0.20876420454545458 0.7925865384615385 0.03803977272727273 0.05032692307692308
0 0.5146946022727273 0.3139711538461538 0.031264204545454616 0.04959615384615389
0 0.11310369318181818 0.2668076923076923 0.034957386363636385 0.055346153846153795
0 0.569765625 0.5647115384615384 0.021690340909090885 0.021038461538461534
0 0.624375 0.2711826923076923 0.029289772727272734 0.043673076923076884
0 0.8691264204545455 0.23885576923076923 0.028053977272727272 0.03798076923076923
0 0.8963494318181818 0.4809134615384615 0.04167613636363641 0.05917307692307694
0 0.16551846590909092 0.08786538461538462 0.03115056818181817 0.0398461538461539
0 0.12959517045454547 0.8870576923076923 0.026889204545454556 0.028038461538461536
0 0.05537642045454545 0.8268846153846153 0.027968749999999997 0.0326153846153846
0 0.41657670454545453 0.979326923076923 0.02374999999999996 0.03192307692307693
0 0.06597301136363637 0.1094711538461538 0.05728693181818181 0.07390384615384617
0 0.9666974431818183 0.7775480769230769 0.0363210227272728 0.04428846153846154
0 0.11 0.4492884615384616 0.04258522727272728 0.047153846153846116
0 0.1091619318181818 0.5361923076923076 0.02392045454545453 0.04473076923076921
0 0.4963565340909091 0.9800288461538461 0.0402698863636364 0.039942307692307694
0 0.4525071022727273 0.012173076923077009 0.024957386363636435 0.024346153846153896
0 0.6094318181818181 0.46989423076923087 0.02926136363636359 0.043673076923076884
0 0.5859232954545455 0.5474038461538462 0.019062500000000024 0.05623076923076925
0 0.027975852272727274 0.6615288461538462 0.02387784090909091 0.034365384615384624
0 0.13623579545454545 0.5965480769230769 0.03752840909090909 0.05078846153846153
0 0.4032315340909091 0.5732788461538462 0.033565340909090906 0.06313461538461541
0 0.8383522727272728 0.3316442307692309 0.02616477272727267 0.026557692307692313
0 0.98203125 0.509798076923077 0.035937499999999935 0.08551923076923076
0 0.3562002840909091 0.4041442307692307 0.028394886363636337 0.03355769230769229
0 0.9920809659090909 0.7853557692307692 0.01583806818181815 0.038442307692307685
0 0.5009232954545454 0.8381634615384616 0.02093750000000001 0.0324423076923077
0 0.16324573863636366 0.2844423076923076 0.02129261363636363 0.040769230769230745
0 0.1175497159090909 0.35930769230769233 0.044531250000000015 0.06088461538461543
0 0.5181676136363635 0.8032115384615385 0.05465909090909085 0.08126923076923075
0 0.18683948863636363 0.4811057692307692 0.03424715909090909 0.04590384615384616
0 0.4641335227272727 0.9171634615384615 0.03676136363636363 0.048288461538461544
0 0.07818181818181819 0.9471057692307692 0.04088068181818183 0.0524423076923077
0 0.43243607954545454 0.7276538461538462 0.07765624999999994 0.10696153846153847
0 0.9790198863636363 0.8134326923076923 0.023664772727272684 0.028826923076923094
0 0.4634161931818182 0.6072596153846153 0.022173295454545473 0.02721153846153847
0 0.035042613636363636 0.897375 0.03463068181818182 0.03436538461538461
0 0.05725852272727273 0.7933269230769231 0.035625000000000004 0.038461538461538464
0 0.3112997159090909 0.9147884615384615 0.034218749999999964 0.032346153846153844
0 0.7362926136363637 0.10704807692307694 0.02767045454545457 0.03990384615384615
0 0.5531321022727272 0.7557211538461539 0.02231534090909088 0.02440384615384615
0 0.14154119318181818 0.3957211538461538 0.03484375 0.0521346153846153
0 0.7950426136363636 0.4518269230769232 0.0402272727272728 0.051846153846153806
0 0.6081747159090909 0.545625 0.0349573863636363 0.05278846153846151
0 0.9444105113636364 0.43554807692307695 0.02754261363636362 0.04409615384615386
0 0.6823579545454546 0.7801057692307692 0.03119318181818187 0.05475000000000003
0 0.8284303977272726 0.2682403846153847 0.025127840909090825 0.051249999999999955
0 0.6643252840909091 0.8934711538461538 0.0578267045454546 0.051326923076923076
0 0.8016122159090909 0.19389423076923074 0.037002840909091006 0.04786538461538459
0 0.21841619318181815 0.07791346153846146 0.015696022727272704 0.02040384615384618
0 0.49934659090909084 0.45918269230769226 0.0638068181818182 0.05071153846153847
0 0.030504261363636365 0.5029326923076922 0.05504261363636364 0.08590384615384618
0 0.008892045454545455 0.7683846153846154 0.01778409090909091 0.0655384615384615
0 0.9115625 0.827173076923077 0.03204545454545447 0.04776923076923078
0 0.7235582386363636 0.5192692307692308 0.02322443181818177 0.028269230769230748
0 0.5057386363636364 0.5948461538461538 0.03647727272727274 0.04449999999999998
0 0.4386860795454546 0.6857115384615384 0.035980113636363616 0.0354230769230769
0 0.7467897727272728 0.03369230769230769 0.04406249999999998 0.032153846153846095
0 0.010213068181818183 0.9644519230769231 0.020426136363636365 0.033557692307692316
0 0.7979758522727273 0.10422115384615382 0.0160085227272727 0.02821153846153838
0 0.7883167613636363 0.6037307692307692 0.021093750000000033 0.029423076923076944
0 0.10482244318181819 0.16675961538461548 0.04370738636363638 0.06917307692307686
0 0.43682528409090904 0.1518750000000001 0.022173295454545393 0.03636538461538466
0 0.9761150568181818 0.05346153846153834 0.024957386363636435 0.029423076923076944
0 0.862784090909091 0.16340384615384618 0.03855113636363634 0.060346153846153945
0 0.2811221590909091 0.59475 0.03792613636363635 0.0993846153846154
0 0.6769531249999999 0.06520192307692307 0.03262784090909095 0.04044230769230775
0 0.3683735795454545 0.6329326923076923 0.02754261363636362 0.052442307692307656
0 0.18569602272727276 0.7162692307692307 0.038380681818181835 0.05196153846153848
0 0.6789630681818182 0.743798076923077 0.025340909090909136 0.035403846153846175
0 0.14149857954545456 0.23339423076923083 0.04578125 0.06013461538461535
0 0.6665553977272727 0.42021153846153847 0.060383522727272716 0.07326923076923081
0 0.3115340909090909 0.4351442307692307 0.027528409090909086 0.03867307692307684
0 0.9591051136363636 0.31845192307692316 0.02369318181818175 0.026211538461538564
0 0.5771164772727273 0.6687884615384615 0.035710227272727255 0.05476923076923075
0 0.9099644886363637 0.4413076923076923 0.04203124999999988 0.0464230769230769
0 0.06658380681818182 0.5892980769230769 0.024105113636363636 0.04398076923076924
0 0.7762784090909091 0.7295 0.12338068181818175 0.20800000000000002
0 0.8083948863636364 0.29829807692307697 0.027102272727272624 0.03348076923076917
0 0.36166903409090906 0.005134615384615571 0.029048295454545438 0.010192307692307823
0 0.4851349431818182 0.4123461538461538 0.022542613636363642 0.02842307692307698
0 0.30662642045454547 0.5764711538461538 0.022542613636363642 0.0333269230769231
0 0.43696022727272726 0.0291634615384615 0.034204545454545515 0.04951923076923088
0 0.47177556818181815 0.8458269230769231 0.04088068181818178 0.05461538461538463
0 0.5347727272727273 0.9572980769230769 0.019715909090909086 0.03221153846153846
0 0.21568892045454546 0.16859615384615378 0.025127840909090905 0.032153846153846095
0 0.5384730113636365 0.38605769230769227 0.024957386363636355 0.031923076923076964
0 0.3575994318181818 0.11588461538461536 0.034204545454545474 0.04923076923076927
0 0.8183948863636363 0.933875 0.020312499999999935 0.03798076923076922
0 0.15613636363636363 0.3731153846153846 0.047329545454545444 0.06773076923076918
0 0.2940696022727272 0.8850576923076923 0.025980113636363624 0.03823076923076922
0 0.10840198863636363 0.9946730769230769 0.03205965909090908 0.010653846153846154
0 0.9775071022727272 0.8569807692307692 0.03055397727272726 0.030307692307692317
0 0.5622656250000001 0.9315192307692308 0.02279829545454547 0.06057692307692308
0 0.7133380681818182 0.5086346153846154 0.04323863636363628 0.03611538461538456
0 0.13505681818181817 0.9576634615384616 0.028778409090909077 0.05824999999999999
0 0.0153125 0.9850961538461539 0.030625 0.02980769230769231
0 0.9841264204545456 0.9121730769230769 0.031747159090909124 0.07892307692307692
0 0.010930397727272728 0.32751923076923073 0.021860795454545456 0.058269230769230684
0 0.3910866477272727 0.6235865384615384 0.022571022727272707 0.0309423076923077
0 0.3538778409090909 0.3405673076923077 0.04454545454545456 0.056980769230769335
0 0.8691761363636364 0.9655673076923077 0.04130681818181824 0.05475
0 0.2884019886363636 0.03409615384615383 0.026718750000000003 0.02819230769230774
0 0.3595951704545455 0.3979807692307693 0.05012784090909094 0.06642307692307696
0 0.6496164772727272 0.5247596153846155 0.04045454545454548 0.05098076923076921
0 0.8558309659090909 0.37249999999999994 0.030468750000000065 0.046615384615384635
0 0.5120170454545455 0.017019230769230842 0.039517045454545444 0.03403846153846152
0 0.7145951704545455 0.0745865384615384 0.03992897727272729 0.05382692307692299
0 0.7335440340909091 0.13883653846153843 0.02740056818181813 0.030750000000000017
0 0.6899431818181818 0.6861442307692308 0.0158238636363637 0.02517307692307693
0 0.9104048295454544 0.6660961538461538 0.07180397727272737 0.08484615384615385
0 0.48141335227272725 0.7529903846153846 0.07072443181818185 0.07755769230769233
0 0.5350568181818182 0.35116346153846156 0.048835227272727266 0.06436538461538456
0 0.16449573863636366 0.9812307692307692 0.0301278409090909 0.037538461538461534
0 0.6406107954545455 0.9377692307692308 0.025767045454545435 0.038769230769230764
0 0.49463778409090914 0.3912788461538461 0.027315340909090855 0.033403846153846166
0 0.8538494318181818 0.26088461538461527 0.029602272727272613 0.048923076923076916
0 0.038451704545454546 0.7612403846153846 0.05315340909090909 0.06928846153846151
0 0.04946732954545455 0.6780769230769231 0.03563920454545454 0.05523076923076923
0 0.020234375 0.6164711538461538 0.03734375 0.0568269230769231
0 0.03996448863636364 0.34424999999999994 0.02473011363636364 0.044846153846153834
0 0.6817471590909091 0.9346153846153846 0.028181818181818228 0.0335
0 0.3373011363636364 0.9515384615384616 0.047329545454545444 0.02738461538461539
0 0.040113636363636365 0.06705769230769232 0.04732954545454546 0.043692307692307746
0 0.5677556818181818 0.3993653846153845 0.019573863636363598 0.029692307692307688
0 0.25101562499999996 0.009105769230769223 0.027116477272727278 0.018211538461538515
0 0.7651917613636363 0.4493942307692308 0.02194602272727263 0.03844230769230771
0 0.2784090909090909 0.8965961538461539 0.04389204545454542 0.06315384615384614
0 0.8444602272727273 0.3923461538461538 0.02599431818181812 0.0440384615384616
0 0.06985795454545454 0.4134326923076923 0.03428977272727273 0.050057692307692254
0 0.7032315340909091 0.4237692307692308 0.03734375000000003 0.07130769230769228
0 0.7262428977272727 0.7004711538461539 0.027968749999999997 0.05009615384615387
0 0.8123863636363637 0.11503846153846153 0.034147727272727385 0.033923076923076896
0 0.724893465909091 0.4524134615384615 0.040866477272727325 0.05498076923076929
0 0.14088068181818184 0.4837596153846153 0.02713068181818183 0.03375000000000002
0 0.9864985795454545 0.9772788461538462 0.027002840909090896 0.04544230769230769
0 0.8080539772727273 0.5930865384615385 0.030539772727272728 0.03786538461538461
0 0.3176491477272727 0.8925192307692308 0.02873579545454548 0.031692307692307686
0 0.7649431818181818 0.0187115384615385 0.03630681818181811 0.037423076923076885
0 0.9810014204545454 0.19289423076923073 0.0222017045454547 0.030519230769230778
0 0.2880397727272727 0.011403846153846264 0.026676136363636364 0.022807692307692334
0 0.8072656250000001 0.7695961538461539 0.03098011363636372 0.04007692307692306
0 0.27902698863636366 0.3424711538461539 0.027315340909090935 0.031173076923076883
0 0.38976562499999995 0.23924999999999996 0.028906249999999953 0.03938461538461531
0 0.47647727272727275 0.5473653846153845 0.035710227272727255 0.056499999999999995
0 0.46864346590909084 0.45687500000000014 0.02225852272727275 0.02609615384615383
0 0.5710582386363636 0.589951923076923 0.02529829545454546 0.03471153846153848
0 0.7856818181818181 0.28318269230769233 0.03028409090909082 0.03821153846153847
0 0.4792258522727273 0.7046153846153846 0.03615056818181825 0.048346153846153817
0 0.4251633522727273 0.4489423076923077 0.02643465909090911 0.03876923076923071
0 0.9866548295454546 0.8031538461538461 0.026690340909090858 0.028192307692307687
0 0.513515625 0.5629807692307692 0.030752840909090876 0.039615384615384656
0 0.7479758522727273 0.6266057692307693 0.04796875000000005 0.057096153846153845
0 0.08475852272727273 0.01541346153846146 0.024318181818181826 0.030826923076923026
0 0.5569744318181818 0.3780192307692307 0.02065340909090912 0.027961538461538392
0 0.47582386363636364 0.33387500000000003 0.047869318181818166 0.0848269230769231
0 0.7645383522727273 0.600125 0.027968750000000077 0.03582692307692307
0 0.8924147727272728 0.8131923076923077 0.027329545454545467 0.03726923076923076
0 0.7438849431818181 0.5137403846153846 0.02044034090909089 0.03232692307692308
0 0.13909801136363636 0.048615384615384616 0.025127840909090905 0.03588461538461543
0 0.010610795454545454 0.023355769230769208 0.02122159090909091 0.0467115384615385
0 0.12215198863636365 0.4955673076923077 0.023451704545454553 0.050673076923076966
0 0.9266619318181818 0.8913557692307692 0.02375000000000004 0.02236538461538462
0 0.4462428977272727 0.47017307692307697 0.043252840909090894 0.049500000000000016
0 0.5580681818181819 0.7778461538461539 0.024744318181818124 0.03811538461538463
0 0.49553267045454547 0.13922115384615386 0.02873579545454548 0.050557692307692345
0 0.10375710227272728 0.4933846153846154 0.021519886363636373 0.04573076923076918
0 0.7825 0.4933461538461539 0.0382954545454546 0.08649999999999998
0 0.32674715909090907 0.3084038461538462 0.047869318181818166 0.04988461538461538
0 0.02629971590909091 0.41109615384615383 0.048196022727272726 0.09234615384615381
0 0.5958309659090909 0.14682692307692313 0.03313920454545452 0.055923076923076895
0 0.8507741477272727 0.11071153846153847 0.04495738636363633 0.056499999999999995
0 0.08095170454545454 0.747423076923077 0.02616477272727273 0.03892307692307694
0 0.9351775568181818 0.008346153846153892 0.035298295454545325 0.016692307692307704
0 0.5387286931818182 0.140625 0.024957386363636355 0.03890384615384619
0 0.33649857954545453 0.09685576923076922 0.03532670454545455 0.03428846153846151
0 0.9831036931818182 0.03787499999999999 0.02990056818181812 0.036711538461538525
0 0.2663778409090909 0.24167307692307682 0.08605113636363634 0.051846153846153806
0 0.7099715909090909 0.5379711538461538 0.026079545454545473 0.05717307692307696
0 0.9398792613636363 0.3129711538461538 0.027230113636363577 0.03913461538461543
0 0.30455255681818183 0.13091346153846162 0.024957386363636355 0.03355769230769229
0 0.13155539772727273 0.14887499999999998 0.019275568181818192 0.03236538461538459
0 0.7601420454545454 0.11550961538461535 0.03173295454545443 0.04624999999999991
0 0.09592329545454546 0.8040192307692308 0.039801136363636365 0.034961538461538474
0 0.8106392045454546 0.486625 0.023664772727272684 0.03232692307692308
0 0.5124644886363636 0.9519038461538462 0.02947443181818182 0.06
0 0.9337571022727272 0.04738461538461536 0.02473011363636375 0.05126923076923082
0 0.5039985795454546 0.36524038461538455 0.03992897727272729 0.04121153846153847
0 0.4104190340909091 0.23504807692307694 0.02720170454545451 0.04124999999999998
0 0.46151278409090907 0.6348942307692307 0.047116477272727296 0.056211538461538445
0 0.8808806818181818 0.5750288461538462 0.03161931818181817 0.04367307692307694
0 0.4166335227272727 0.07198076923076924 0.04303977272727266 0.07107692307692315
0 0.7884801136363635 0.5709519230769231 0.03312500000000007 0.03844230769230766
0 0.14092329545454546 0.13182692307692312 0.020369318181818166 0.028153846153846127
0 0.8051633522727273 0.05585576923076918 0.0378551136363636 0.057596153846153825
0 0.4320738636363636 0.2856923076923077 0.031534090909090894 0.038038461538461486
0 0.33941051136363637 0.13309615384615392 0.03887784090909092 0.04461538461538459
0 0.994424715909091 0.43844230769230774 0.011150568181818215 0.034000000000000016
0 0.8893963068181818 0.9767884615384615 0.041122159090909154 0.04642307692307692
0 0.023934659090909086 0.13131730769230765 0.030937499999999996 0.034596153846153756
0 0.11733664772727272 0.30789423076923084 0.02171875000000001 0.033788461538461524
0 0.6191122159090909 0.4554711538461539 0.018934659090909068 0.03582692307692318
0 0.3872230113636364 0.6504038461538462 0.025639204545454562 0.028192307692307687
0 0.13953835227272726 0.2963076923076924 0.02546875000000001 0.032153846153846095
0 0.24528409090909092 0.3964230769230769 0.03738636363636363 0.04588461538461541
0 0.5804474431818182 0.8403461538461539 0.05228693181818182 0.05592307692307692
0 0.05625710227272728 0.20580769230769225 0.039588068181818176 0.04515384615384619
0 0.83328125 0.19587500000000002 0.026676136363636326 0.036826923076923146
0 0.4989630681818182 0.10891346153846149 0.06605113636363637 0.06086538461538457
0 0.039318181818181815 0.936548076923077 0.03576704545454546 0.037134615384615384
0 0.6809446022727272 0.1090961538461539 0.029048295454545438 0.03915384615384618
0 0.4226988636363637 0.13994230769230764 0.026392045454545432 0.04038461538461539
0 0.7859943181818182 0.3956923076923077 0.025255681818181778 0.04449999999999998
0 0.5512144886363637 0.41438461538461546 0.04319602272727268 0.05430769230769233
0 0.09196732954545456 0.7999711538461538 0.06024147727272728 0.07409615384615385
0 0.41570312499999995 0.3494423076923078 0.030582386363636405 0.06480769230769229
0 0.19801846590909092 0.5136153846153846 0.028394886363636376 0.04334615384615383
0 0.8010085227272729 0.6308173076923077 0.04775568181818182 0.04805769230769232
0 0.11321022727272728 0.013682692307692368 0.027755681818181808 0.027096153846153798
0 0.9118607954545456 0.9912307692307692 0.03821022727272724 0.017538461538461537
0 0.19426846590909094 0.1270096153846153 0.030468750000000003 0.051019230769230824
0 0.504375 0.831 0.04613636363636366 0.05103846153846155
0 0.7446519886363636 0.7133653846153846 0.035269886363636344 0.05215384615384616
0 0.8122017045454545 0.2662500000000001 0.024090909090909142 0.034961538461538474
0 0.33079545454545456 0.1903173076923077 0.03326704545454548 0.03975000000000003
0 0.02729403409090909 0.7262884615384615 0.030639204545454546 0.030538461538461584
0 0.45563920454545453 0.5670865384615384 0.02670454545454547 0.030019230769230743
0 0.3812428977272727 0.09018269230769227 0.04109375000000001 0.04048076923076925
0 0.8388210227272727 0.3063365384615384 0.03528409090909095 0.0556346153846154
0 0.04653409090909091 0.5611442307692308 0.030113636363636363 0.041134615384615415
0 0.859659090909091 0.20564423076923077 0.02701704545454543 0.03774999999999999
0 0.0931747159090909 0.46869230769230774 0.03194602272727273 0.036153846153846175
0 0.8007457386363637 0.5497403846153847 0.031150568181818272 0.04659615384615383
0 0.6654048295454545 0.19745192307692305 0.03126420454545453 0.04921153846153852
0 0.37112926136363633 0.05699038461538464 0.03205965909090908 0.03990384615384615
0 0.1546803977272727 0.31599999999999995 0.05438920454545453 0.05430769230769233
0 0.028693181818181823 0.8171153846153847 0.03173295454545455 0.0546153846153846
0 0.4288423295454545 0.8954807692307692 0.02771306818181825 0.03611538461538462
0 0.8731676136363636 0.2757019230769231 0.021676136363636352 0.03698076923076927
0 0.30616477272727277 0.9637692307692307 0.019147727272727257 0.02357692307692307
0 0.9953693181818182 0.31662499999999993 0.008607954545454467 0.022134615384615367
0 0.05323153409090908 0.03454807692307682 0.026292613636363635 0.04436538461538471
0 0.3989630681818182 0.3243942307692308 0.02471590909090906 0.02994230769230779
0 0.3888565340909091 0.5622596153846153 0.014218749999999987 0.02324999999999995
0 0.3919318181818181 0.7914711538461539 0.09937499999999998 0.11982692307692308
0 0.5828622159090909 0.41528846153846155 0.02171875000000003 0.04165384615384609
0 0.9442968750000001 0.48477884615384625 0.022542613636363642 0.033788461538461524
0 0.019147727272727275 0.24541346153846155 0.028181818181818183 0.03932692307692306
0 0.31316761363636364 0.4635769230769231 0.02355113636363634 0.03299999999999994
0 0.9262286931818182 0.9358653846153846 0.028394886363636216 0.03915384615384615
0 0.8201207386363637 0.321125 0.027201704545454675 0.03517307692307696
0 0.17134232954545456 0.5334230769230769 0.0301278409090909 0.03215384615384615
0 0.09482954545454544 0.39775961538461535 0.0418465909090909 0.06132692307692305
0 0.5616477272727273 0.09759615384615383 0.05267045454545452 0.08342307692307692
0 0.6759517045454545 0.5132211538461539 0.032272727272727314 0.05278846153846157
0 0.6359659090909091 0.3456634615384615 0.020482954545454568 0.03425
0 0.4296448863636364 0.6037403846153846 0.022585227272727323 0.037096153846153834
0 0.5650923295454545 0.7253173076923077 0.05163352272727276 0.05751923076923076
0 0.4500213068181818 0.5902211538461538 0.02038352272727276 0.02571153846153847
0 0.49105113636363645 0.2408173076923077 0.026335227272727302 0.03890384615384608
0 0.5603409090909092 0.7985 0.04357954545454546 0.051346153846153826
0 0.8669105113636365 0.13265384615384623 0.018593750000000044 0.03238461538461534
0 0.31391335227272726 0.8570096153846154 0.0488494318181818 0.04951923076923078
0 0.8443678977272726 0.4256634615384616 0.013082386363636254 0.021673076923076996
0 0.5329048295454546 0.5292692307692307 0.04669034090909092 0.07165384615384619
0 0.6320028409090909 0.24043269230769226 0.026335227272727222 0.03517307692307696
0 0.6573011363636364 0.34075 0.02531249999999999 0.04334615384615378
0 0.17652698863636365 0.03567307692307686 0.018423295454545432 0.02726923076923078
0 0.0870596590909091 0.8360865384615385 0.03045454545454546 0.041019230769230794
0 0.4315482954545455 0.9500865384615385 0.03528409090909095 0.04032692307692307
0 0.6528480113636363 0.7513653846153846 0.03055397727272726 0.05623076923076922
0 0.3549928977272727 0.9119807692307692 0.04223011363636358 0.044423076923076926
0 0.9927698863636365 0.7286057692307693 0.014460227272727201 0.03028846153846154
0 0.45100142045454544 0.8943461538461539 0.02387784090909091 0.03815384615384615
0 0.3933806818181818 0.2702403846153846 0.037869318181818136 0.03425
0 0.3914772727272728 0.37842307692307686 0.014744318181818176 0.02249999999999998
0 0.5299644886363637 0.9857307692307692 0.014730113636363562 0.022000000000000002
0 0.8034090909090907 0.5089615384615385 0.02857954545454546 0.03961538461538461
0 0.16282670454545453 0.49194230769230773 0.02167613636363637 0.029346153846153827
0 0.5010369318181819 0.9625096153846153 0.03252840909090914 0.04682692307692308
0 0.37896306818181813 0.49250000000000005 0.09531249999999995 0.12496153846153844
0 0.9827769886363636 0.8383365384615384 0.023025568181818234 0.02448076923076924
0 0.659296875 0.9841538461538462 0.05029829545454549 0.0313076923076923
0 0.6764488636363637 0.605173076923077 0.027301136363636323 0.03696153846153846
0 0.39447443181818187 0.39668269230769226 0.04329545454545449 0.05898076923076926
0 0.09761363636363636 0.11213461538461544 0.028409090909090908 0.06088461538461532
0 0.7053124999999999 0.9899711538461539 0.043039772727272746 0.020057692307692308
0 0.060553977272727266 0.019346153846153902 0.027954545454545454 0.0386923076923077
0 0.5090269886363636 0.2790576923076923 0.029048295454545438 0.036730769230769275
0 0.8712215909090909 0.4001442307692308 0.025142045454545518 0.02936538461538458
0 0.5177982954545454 0.05400961538461546 0.047329545454545444 0.0693269230769231
0 0.5506463068181818 0.9173846153846154 0.04001420454545457 0.061461538461538456
0 0.9663210227272727 0.3413173076923077 0.022443181818181914 0.044173076923076975
0 0.7324147727272727 0.9825288461538462 0.028409090909090908 0.03436538461538462
0 0.28488636363636366 0.3740769230769231 0.03184659090909093 0.03700000000000002
0 0.19004261363636363 0.00846153846153841 0.027528409090909086 0.016923076923076943
0 0.9926136363636363 0.29157692307692307 0.014772727272727241 0.03542307692307684
0 0.3531676136363636 0.043144230769230796 0.014630681818181834 0.026211538461538453
0 0.6249857954545455 0.04474038461538454 0.028181818181818228 0.03290384615384618
0 0.748622159090909 0.08905769230769234 0.031392045454545485 0.04903846153846154
0 0.9059446022727272 0.32079807692307694 0.09617897727272733 0.18509615384615385
0 0.6183664772727273 0.3618557692307691 0.02065340909090912 0.03286538461538457
0 0.9211363636363636 0.40782692307692303 0.035767045454545544 0.05096153846153846
0 0.3846022727272727 0.31474038461538456 0.026505681818181772 0.03471153846153848
