0 0.19654829545454547 0.695125 0.04437500000000001 0.061096153846153814
0 0.6237642045454546 0.3220192307692309 0.026022727272727263 0.036653846153846155
0 0.7231747159090909 0.06945192307692305 0.018338068181818216 0.03078846153846152
0 0.8750426136363636 0.0714903846153846 0.045085227272727284 0.05959615384615386
0 0.849140625 0.06574999999999998 0.022372159090909092 0.039769230769230675
0 0.8870596590909091 0.010894230769230684 0.01877840909090913 0.021788461538461507
0 0.8951775568181817 0.13338461538461543 0.020468749999999956 0.026576923076923064
0 0.8355965909090909 0.13494230769230764 0.03028409090909082 0.044846153846153834
0 0.8167755681818182 0.11597115384615386 0.03150568181818191 0.050634615384615465
0 0.8745383522727272 0.2586442307692308 0.042940340909090935 0.03324999999999993
0 0.8624005681818182 0.23686538461538453 0.03414772727272722 0.032615384615384574
0 0.9875 0.25604807692307685 0.025000000000000033 0.04609615384615379
0 0.6278764204545454 0.2905865384615385 0.028281250000000036 0.04290384615384616
0 0.9563423295454547 0.22699999999999998 0.04811079545454546 0.04219230769230769
0 0.9742897727272727 0.1992211538461539 0.025852272727272793 0.03267307692307683
0 0.9780326704545456 0.1779615384615384 0.04393465909090902 0.0732692307692307
0 0.9755965909090908 0.1270769230769232 0.03673295454545456 0.050538461538461595
0 0.9585369318181818 0.027980769230769198 0.04960227272727267 0.055846153846153886
0 0.986590909090909 0.05552884615384612 0.02681818181818181 0.05921153846153839
0 0.9904545454545454 0.015259615384615288 0.01909090909090917 0.030480769230769273
0 0.9251278409090908 0.038307692307692265 0.040539772727272674 0.05873076923076927
0 0.9150071022727272 0.01849999999999996 0.04035511363636359 0.03700000000000002
0 0.9622585227272729 0.3400096153846154 0.024431818181818086 0.032634615384615435
0 0.7096803977272728 0.2266634615384615 0.046946022727272746 0.050749999999999976
0 0.9756818181818182 0.3067980769230768 0.02093750000000001 0.03348076923076928
0 0.9531107954545455 0.3066538461538463 0.02610795454545454 0.04680769230769226
0 0.9348650568181818 0.3228461538461538 0.0238210227272727 0.057499999999999954
0 0.9226704545454545 0.34132692307692314 0.031079545454545447 0.05946153846153849
0 0.9189417613636363 0.29875000000000007 0.03430397727272724 0.04857692307692306
0 0.9573508522727273 0.37269230769230766 0.0593607954545454 0.04988461538461538
0 0.8636221590909091 0.4406730769230769 0.03937500000000004 0.07046153846153855
0 0.9137144886363636 0.5031442307692308 0.04157670454545452 0.06725000000000005
0 0.9133877840909093 0.5329711538461538 0.026832386363636343 0.03551923076923077
0 0.9253977272727273 0.508673076923077 0.016505681818181826 0.0217307692307692
0 0.6929616477272728 0.2056538461538463 0.025894886363636307 0.032807692307692315
0 0.9415553977272727 0.5286057692307693 0.023252840909090914 0.04021153846153851
0 0.99140625 0.5305480769230769 0.017187500000000033 0.04321153846153846
0 0.96078125 0.5627403846153847 0.024488636363636376 0.029173076923076954
0 0.9668181818181818 0.5235673076923077 0.04661931818181809 0.058942307692307704
0 0.9771448863636365 0.5450384615384616 0.026079545454545473 0.047115384615384615
0 0.9722514204545455 0.5872403846153846 0.0355823863636363 0.03736538461538463
0 0.9455397727272729 0.6210769230769231 0.051619318181818225 0.05946153846153844
0 0.9943678977272729 0.7202500000000001 0.011264204545454475 0.05226923076923078
0 0.9910085227272728 0.6806634615384615 0.0179829545454545 0.03598076923076925
0 0.9846448863636365 0.6670961538461538 0.019517045454545304 0.03246153846153851
0 0.6270028409090909 0.1802403846153846 0.05937500000000002 0.08640384615384616
0 0.9674502840909092 0.6670384615384616 0.015298295454545429 0.026999999999999986
0 0.9430397727272727 0.6703173076923077 0.03946022727272724 0.05617307692307688
0 0.9187855113636364 0.5755576923076923 0.03177556818181819 0.05046153846153848
0 0.8416193181818182 0.491625 0.036988636363636314 0.06398076923076924
0 0.8165056818181817 0.47686538461538464 0.023863636363636462 0.04865384615384617
0 0.7975852272727273 0.4837403846153845 0.021647727272727287 0.04578846153846154
0 0.7552059659090908 0.47679807692307696 0.04600852272727271 0.047019230769230855
0 0.591377840909091 0.5326346153846153 0.08602272727272728 0.08130769230769236
0 0.47611505681818184 0.5448461538461538 0.056747159090909154 0.03550000000000002
0 0.46027698863636357 0.5083942307692308 0.04615056818181811 0.04609615384615384
0 0.6623153409090908 0.11986538461538465 0.033238636363636415 0.06692307692307695
0 0.49859375 0.48551923076923087 0.022840909090909068 0.02946153846153845
0 0.5155752840909091 0.46081730769230766 0.04089488636363639 0.05563461538461529
0 0.49095170454545456 0.5237499999999999 0.02991477272727273 0.030269230769230788
0 0.49229403409090905 0.48695192307692314 0.07919034090909091 0.050442307692307675
0 0.5153835227272727 0.5351057692307692 0.02664772727272726 0.04928846153846153
0 0.4478693181818182 0.46916346153846156 0.032499999999999994 0.033673076923077014
0 0.39004261363636367 0.47026923076923066 0.019062500000000024 0.02215384615384623
0 0.40561789772727275 0.47803846153846163 0.02728693181818187 0.03276923076923081
0 0.41704545454545455 0.45299999999999996 0.027471590909090873 0.04519230769230769
0 0.4825639204545455 0.3882692307692307 0.028764204545454544 0.03592307692307694
0 0.7984161931818182 0.0732211538461538 0.03907670454545453 0.043096153846153784
0 0.4074147727272728 0.3973653846153846 0.039517045454545444 0.05199999999999993
0 0.43818181818181823 0.3156057692307692 0.03613636363636363 0.0539038461538461
0 0.4208877840909091 0.2777884615384616 0.03231534090909091 0.049384615384615395
0 0.39150568181818185 0.28112499999999996 0.027329545454545467 0.05055769230769224
0 0.4102485795454545 0.24465384615384622 0.06268465909090909 0.04846153846153844
0 0.06589488636363637 0.08925961538461535 0.027215909090909086 0.036634615384615404
0 0.05257102272727272 0.11458653846153843 0.024715909090909094 0.03317307692307692
0 0.10146306818181819 0.06748076923076929 0.02681818181818182 0.03549999999999996
0 0.019417613636363632 0.16431730769230768 0.03667613636363636 0.05459615384615382
0 0.04453835227272727 0.19933653846153843 0.02276988636363636 0.03275000000000006
0 0.707890625 0.3022596153846153 0.06052556818181812 0.0681730769230769
0 0.003380681818181818 0.2331923076923077 0.006761363636363636 0.03284615384615382
0 0.02453125 0.2884134615384616 0.023693181818181818 0.028403846153846227
0 0.037890625 0.2537211538461539 0.07572443181818181 0.1407884615384616
0 0.007769886363636363 0.29990384615384624 0.015539772727272727 0.022192307692307733
0 0.008529829545454545 0.2779038461538461 0.01705965909090909 0.021999999999999995
0 0.9065838068181818 0.674625 0.027968750000000077 0.035673076923076946
0 0.9075213068181818 0.7085096153846154 0.03404829545454549 0.045634615384615364
0 0.9017542613636365 0.7502307692307693 0.025184659090909115 0.03834615384615384
0 0.9179261363636364 0.7693365384615385 0.026988636363636364 0.02313461538461536
0 0.9275355113636364 0.7402307692307692 0.029559659090909015 0.035884615384615376
0 0.5569744318181818 0.6891923076923077 0.04269886363636364 0.061076923076923056
0 0.9192897727272729 0.7935192307692307 0.027471590909090956 0.029192307692307677
0 0.9423153409090911 0.7627307692307692 0.022187500000000006 0.04046153846153847
0 0.993565340909091 0.8300192307692308 0.012869318181818105 0.05203846153846154
0 0.9474147727272727 0.8704807692307692 0.060823863636363544 0.06603846153846153
0 0.9476633522727272 0.8748942307692308 0.023792613636363636 0.0355576923076923
0 0.9237286931818183 0.8794134615384616 0.02944602272727259 0.040942307692307674
0 0.9494318181818183 0.9204230769230769 0.009801136363636331 0.021730769230769238
0 0.9317755681818182 0.9215096153846154 0.03093749999999996 0.045903846153846156
0 0.959034090909091 0.9150576923076923 0.0288920454545455 0.028461538461538455
0 0.9444247159090909 0.8992307692307693 0.022514204545454417 0.018192307692307695
0 0.5176207386363636 0.7283076923076923 0.028139204545454547 0.04153846153846158
0 0.9906676136363637 0.9670961538461539 0.01857954545454551 0.039615384615384615
0 0.9644744318181818 0.9789711538461539 0.034602272727272745 0.04205769230769231
0 0.8605539772727272 0.7869134615384615 0.0531818181818181 0.0781346153846154
0 0.8385795454545455 0.8456538461538461 0.05386363636363647 0.0836153846153846
0 0.7849786931818182 0.8502115384615385 0.01649147727272713 0.02465384615384614
0 0.2616690340909091 0.8435192307692307 0.048650568181818184 0.05842307692307691
0 0.2841122159090909 0.8073942307692308 0.02563920454545452 0.058596153846153846
0 0.23234375 0.7567019230769231 0.10636363636363635 0.10471153846153847
0 0.2613210227272727 0.6008557692307692 0.023267045454545447 0.040942307692307674
0 0.27265625 0.5662211538461539 0.04823863636363637 0.027019230769230792
0 0.21718749999999998 0.6482403846153846 0.045937500000000006 0.05994230769230767
0 0.5285298295454545 0.6568173076923077 0.030383522727272707 0.041134615384615415
0 0.2543039772727273 0.5477019230769231 0.0279261363636364 0.04363461538461538
0 0.22719460227272725 0.5631153846153847 0.026321022727272728 0.03203846153846153
0 0.16882102272727273 0.6209711538461539 0.03775568181818179 0.058788461538461526
0 0.17219460227272726 0.5555961538461538 0.036406249999999994 0.06776923076923079
0 0.161484375 0.5127884615384615 0.03007102272727273 0.0437692307692308
0 0.14409090909090908 0.49498076923076917 0.030369318181818174 0.04530769230769226
0 0.18875710227272727 0.37177884615384627 0.04063920454545455 0.04967307692307689
0 0.26194602272727274 0.34788461538461535 0.050454545454545426 0.05011538461538462
0 0.30049005681818186 0.38940384615384616 0.01884943181818183 0.029384615384615332
0 0.37838778409090906 0.12351923076923077 0.036718749999999994 0.07469230769230764
0 0.5847230113636364 0.599576923076923 0.044218749999999994 0.044884615384615335
0 0.3491690340909091 0.13147115384615382 0.03231534090909091 0.05059615384615385
0 0.2861008522727273 0.2944423076923077 0.031491477272727254 0.04561538461538467
0 0.2612144886363636 0.28736538461538463 0.019588068181818172 0.03246153846153845
0 0.25953125 0.3154903846153846 0.038551136363636385 0.031057692307692265
0 0.23764914772727275 0.2746249999999999 0.021803977272727263 0.034980769230769225
0 0.3223579545454545 0.14693269230769224 0.04835227272727276 0.05155769230769231
0 0.2937997159090909 0.09998076923076926 0.04370738636363638 0.04046153846153839
0 0.4134446022727273 0.12686538461538466 0.034900568181818255 0.06657692307692298
0 0.44203125 0.027269230769230823 0.02755681818181815 0.040153846153846144
0 0.4176065340909091 0.0336057692307693 0.022940340909090876 0.03601923076923069
0 0.5796235795454545 0.5882211538461539 0.044389204545454544 0.03148076923076924
0 0.45526988636363636 0.05626923076923074 0.058039772727272745 0.03019230769230767
0 0.32912642045454543 0.19100961538461547 0.024644886363636355 0.033288461538461545
0 0.44438920454545455 0.09113461538461531 0.020085227272727334 0.04630769230769228
0 0.46151988636363633 0.07463461538461535 0.02877840909090916 0.013999999999999948
0 0.45842329545454547 0.09546153846153849 0.024005681818181867 0.0291538461538462
0 0.47000710227272724 0.10558653846153843 0.045099431818181816 0.06955769230769233
0 0.4170383522727273 0.18593269230769216 0.03867897727272722 0.030173076923076917
0 0.42832386363636366 0.16474038461538454 0.046875 0.049442307692307653
0 0.2899147727272728 0.2232115384615384 0.04247159090909092 0.07892307692307686
0 0.2859588068181818 0.13588461538461538 0.038991477272727254 0.034384615384615375
0 0.6797372159090909 0.4759326923076923 0.041860795454545414 0.07325000000000001
0 0.29107954545454545 0.18237500000000006 0.059630681818181805 0.06386538461538457
0 0.24905539772727273 0.04880769230769233 0.026463068181818174 0.0476923076923076
0 0.2412215909090909 0.06200961538461536 0.026448863636363642 0.047711538461538465
0 0.13020596590909092 0.3176923076923077 0.033025568181818184 0.06876923076923075
0 0.10163352272727272 0.26750000000000007 0.03744318181818183 0.03892307692307694
0 0.10406960227272727 0.29574038461538465 0.06291193181818182 0.04278846153846154
0 0.09141335227272726 0.3196538461538462 0.045838068181818174 0.04492307692307684
0 0.07290482954545455 0.3331346153846154 0.04004261363636364 0.057538461538461566
0 0.6581534090909091 0.4024615384615384 0.029715909090909112 0.03888461538461533
0 0.45102272727272724 0.336326923076923 0.05147727272727274 0.07769230769230764
0 0.8114772727272727 0.4205 0.0682954545454546 0.051730769230769295
0 0.4152272727272727 0.3381346153846154 0.024488636363636376 0.061230769230769186
0 0.3613991477272727 0.38623076923076927 0.03169034090909087 0.057038461538461586
0 0.3874857954545454 0.3781538461538462 0.02809659090909095 0.045384615384615426
0 0.3776420454545455 0.33899038461538455 0.059090909090909124 0.06851923076923076
0 0.4807883522727273 0.7290384615384615 0.046946022727272746 0.06134615384615383
0 0.45449573863636367 0.7592884615384615 0.03362215909090911 0.052692307692307705
0 0.46563920454545454 0.8006730769230769 0.040142045454545444 0.03669230769230769
0 0.46622159090909093 0.8362980769230769 0.04835227272727276 0.03698076923076921
0 0.4625639204545454 0.8671538461538462 0.0306676136363636 0.035576923076923075
0 0.5900781249999999 0.8769423076923077 0.042514204545454556 0.06588461538461539
0 0.8458948863636363 0.4017019230769231 0.040198863636363574 0.06732692307692306
0 0.6275355113636363 0.9096442307692307 0.05240056818181824 0.11432692307692305
0 0.7003409090909091 0.9409326923076923 0.027954545454545465 0.03501923076923077
0 0.6860369318181818 0.9677211538461539 0.028721590909090867 0.03513461538461539
0 0.6705184659090908 0.9537884615384615 0.023366477272727258 0.027307692307692307
0 0.6638565340909092 0.9816442307692308 0.02092329545454548 0.03190384615384615
0 0.67453125 0.9289903846153846 0.07494318181818181 0.08859615384615385
0 0.6782244318181818 0.9919807692307693 0.027102272727272704 0.015846153846153843
0 0.671015625 0.8745288461538462 0.03563920454545451 0.04575
0 0.640625 0.7028269230769231 0.026306818181818157 0.05342307692307693
0 0.661015625 0.7222403846153846 0.029928977272727263 0.04440384615384616
0 0.8279119318181819 0.3482788461538462 0.051505681818181805 0.07786538461538463
0 0.6851704545454546 0.7543269230769231 0.026732954545454535 0.033923076923076896
0 0.7195454545454546 0.7271634615384616 0.04744318181818179 0.05517307692307692
0 0.6944957386363636 0.7227788461538461 0.028764204545454544 0.03578846153846157
0 0.6736860795454546 0.6845865384615385 0.026463068181818174 0.04394230769230768
0 0.6925568181818181 0.6958461538461538 0.03386363636363641 0.040230769230769264
0 0.5183664772727273 0.9625288461538462 0.10133522727272731 0.0749423076923077
0 0.5244957386363637 0.9088942307692308 0.02157670454545454 0.03690384615384615
0 0.5242116477272728 0.8518942307692308 0.02311079545454543 0.03675
0 0.13058948863636363 0.5806826923076922 0.02504261363636363 0.048019230769230765
0 0.11710227272727272 0.576875 0.07170454545454547 0.07901923076923077
0 0.9066193181818182 0.4441538461538461 0.04116477272727275 0.04588461538461541
0 0.09338068181818181 0.5319134615384615 0.047812499999999994 0.027634615384615393
0 0.08097301136363637 0.5539903846153846 0.036008522727272736 0.04855769230769231
0 0.09220170454545454 0.47952884615384617 0.022897727272727268 0.025442307692307726
0 0.10458806818181818 0.44661538461538464 0.030198863636363645 0.04230769230769231
0 0.1079971590909091 0.4682788461538462 0.026278409090909092 0.032826923076923066
0 0.10949573863636365 0.4938365384615385 0.025809659090909095 0.03309615384615386
0 0.06674005681818182 0.415798076923077 0.03947443181818182 0.04386538461538462
0 0.15159801136363635 0.8318461538461539 0.024957386363636373 0.04426923076923076
0 0.13198153409090907 0.8240865384615385 0.027002840909090917 0.04782692307692306
0 0.09357954545454544 0.9442596153846153 0.03798295454545455 0.05309615384615385
0 0.887862215909091 0.38993269230769223 0.04910511363636371 0.09286538461538466
0 0.09872869318181818 0.8832307692307693 0.020298295454545465 0.03184615384615385
0 0.10421164772727275 0.9096634615384616 0.028877840909090905 0.03394230769230769
0 0.17769176136363637 0.8708750000000001 0.07248579545454548 0.08574999999999999
0 0.11853693181818183 0.8787596153846153 0.02034090909090908 0.02909615384615385
0 0.13681107954545454 0.8801826923076923 0.0185653409090909 0.022519230769230757
0 0.13181818181818183 0.8565384615384616 0.034914772727272725 0.026423076923076914
0 0.19240056818181817 0.8751634615384616 0.02883522727272727 0.031673076923076936
0 0.22574573863636366 0.8515576923076923 0.03234375000000001 0.03715384615384614
0 0.31110085227272727 0.7404423076923077 0.03981534090909091 0.03234615384615383
0 0.2882315340909091 0.7242403846153846 0.026036931818181838 0.03763461538461537
0 0.9280539772727273 0.4078653846153847 0.04874999999999991 0.051230769230769316
0 0.2909588068181818 0.3516730769230769 0.040923295454545455 0.062576923076923
0 0.31542613636363637 0.4064326923076924 0.07275568181818182 0.047711538461538465
0 0.03129261363636364 0.5354423076923077 0.023892045454545454 0.02988461538461537
0 0.014971590909090908 0.5509326923076923 0.029943181818181817 0.06509615384615383
0 0.021910511363636365 0.5762596153846153 0.036264204545454544 0.05236538461538465
0 0.32388494318181815 0.3646634615384615 0.05964488636363634 0.059942307692307614
0 0.3523295454545454 0.19300961538461536 0.022017045454545456 0.04875000000000004
0 0.4185653409090909 0.21035576923076926 0.036051136363636355 0.04282692307692304
0 0.23933948863636365 0.2243846153846154 0.07734374999999999 0.12573076923076923
0 0.2193465909090909 0.06685576923076919 0.03258522727272727 0.039711538461538416
0 0.3219815340909091 0.6372596153846154 0.0491619318181818 0.05617307692307688
0 0.8745738636363637 0.507048076923077 0.029460227272727287 0.06894230769230768
0 0.1976775568181818 0.06947115384615388 0.035440340909090894 0.05051923076923073
0 0.12659801136363635 0.1540673076923077 0.06850852272727272 0.05621153846153849
0 0.1492755681818182 0.07278846153846164 0.04741477272727272 0.06353846153846157
0 0.15081676136363636 0.1178173076923077 0.05086647727272728 0.054673076923076935
0 0.1896946022727273 0.10911538461538461 0.03396306818181818 0.0368846153846154
0 0.1733096590909091 0.1333653846153846 0.036193181818181826 0.03526923076923072
0 0.12816761363636364 0.09446153846153849 0.02713068181818181 0.05842307692307691
0 0.10530539772727271 0.10115384615384615 0.025724431818181816 0.044884615384615335
0 0.018948863636363635 0.34816346153846156 0.03789772727272727 0.06775000000000003
0 0.12492187499999999 0.6525000000000001 0.04151988636363637 0.05226923076923073
0 0.020880681818181816 0.016490384615384546 0.03818181818181818 0.03298076923076919
0 0.46813920454545455 0.6865096153846154 0.042471590909090876 0.04786538461538464
0 0.44882102272727276 0.6947884615384616 0.018636363636363562 0.022423076923076917
0 0.43024857954545453 0.7002211538461538 0.02063920454545459 0.03598076923076925
0 0.43155539772727275 0.6445 0.022713068181818195 0.03853846153846152
0 0.4459019886363636 0.6715 0.03987215909090908 0.02426923076923078
0 0.4516335227272727 0.6402019230769231 0.027215909090909044 0.04163461538461534
0 0.1680184659090909 0.16458653846153848 0.017315340909090905 0.0294807692307692
0 0.09298295454545454 0.6096442307692307 0.030085227272727274 0.03794230769230767
0 0.10106534090909092 0.632826923076923 0.0325 0.0625
0 0.09100142045454546 0.6251153846153846 0.02012784090909092 0.02665384615384618
0 0.049090909090909095 0.029326923076923084 0.03704545454545455 0.058653846153846154
0 0.07056107954545454 0.6129615384615386 0.02183238636363636 0.026923076923076925
0 0.04737215909090909 0.62425 0.03133522727272728 0.03961538461538461
0 0.07071022727272727 0.6408653846153847 0.02173295454545454 0.03076923076923077
0 0.09624289772727272 0.7837980769230769 0.027144886363636364 0.03109615384615385
0 0.1530752840909091 0.7041057692307693 0.033735795454545456 0.0580576923076923
0 0.13788352272727272 0.6970384615384615 0.05338068181818181 0.06380769230769232
0 0.5017400568181819 0.9230865384615384 0.023252840909090914 0.03482692307692307
0 0.4901207386363637 0.9001826923076923 0.022002840909090923 0.03578846153846154
0 0.4798295454545455 0.8833653846153846 0.03088068181818183 0.025230769230769213
0 0.47148437499999996 0.9097980769230769 0.022826704545454535 0.03578846153846154
0 0.11311079545454544 0.016788461538461585 0.0593465909090909 0.03357692307692304
0 0.48790482954545455 0.8581538461538462 0.021349431818181778 0.028423076923076926
0 0.5077414772727272 0.9055769230769231 0.013522727272727247 0.0215
0 0.5145596590909091 0.8873653846153846 0.02755681818181815 0.021307692307692305
0 0.5489559659090909 0.898375 0.07083806818181819 0.06551923076923076
0 0.5046377840909091 0.8671057692307692 0.019247159090909106 0.03301923076923076
0 0.24188920454545457 0.9821442307692307 0.02053977272727274 0.03571153846153846
0 0.27791903409090907 0.9687307692307693 0.019360795454545447 0.02669230769230769
0 0.2573295454545455 0.9781442307692307 0.02187500000000001 0.04371153846153846
0 0.04795454545454545 0.8132692307692307 0.02269886363636364 0.03215384615384615
0 0.01323153409090909 0.7557019230769231 0.020014204545454547 0.040288461538461516
0 0.16845880681818182 0.009932692307692226 0.03083806818181817 0.019865384615384583
0 0.03206676136363636 0.7769711538461539 0.024303977272727272 0.0361346153846154
0 0.08254261363636363 0.7438461538461538 0.03142045454545455 0.05719230769230768
0 0.058203124999999994 0.7189326923076923 0.020582386363636365 0.046519230769230764
0 0.0705255681818182 0.7091057692307692 0.022897727272727268 0.03517307692307691
0 0.03856534090909091 0.7176153846153845 0.020056818181818183 0.03476923076923074
0 0.005284090909090909 0.39649999999999985 0.010568181818181819 0.03019230769230767
0 0.023579545454545457 0.41818269230769234 0.047159090909090914 0.04705769230769225
0 0.02431818181818182 0.3803461538461538 0.02815340909090909 0.03284615384615382
0 0.06561079545454546 0.5214711538461538 0.11446022727272727 0.16882692307692312
0 0.020049715909090906 0.47425000000000006 0.03174715909090909 0.022961538461538457
0 0.15542613636363634 0.01910576923076923 0.02514204545454546 0.032019230769230723
0 0.023948863636363636 0.44798076923076935 0.036789772727272727 0.03980769230769229
0 0.006384943181818182 0.48425961538461537 0.012769886363636363 0.040249999999999904
0 0.22151278409090908 0.29865384615384605 0.022940340909090917 0.027307692307692286
0 0.20409801136363637 0.3095192307692307 0.020468749999999994 0.03242307692307695
0 0.22917613636363637 0.32933653846153843 0.04534090909090911 0.054865384615384566
0 0.12658380681818182 0.23312500000000003 0.046633522727272725 0.04448076923076922
0 0.12183948863636364 0.20001923076923078 0.026207386363636367 0.029923076923076927
0 0.09411931818181819 0.2109423076923077 0.029829545454545466 0.04911538461538455
0 0.11651988636363636 0.1733173076923077 0.023039772727272725 0.02855769230769235
0 0.08396306818181819 0.19107692307692314 0.017613636363636373 0.02180769230769226
0 0.166640625 0.03795192307692308 0.026661931818181814 0.036750000000000026
0 0.08490767045454545 0.19143269230769233 0.042599431818181814 0.07717307692307691
0 0.45088068181818186 0.4018076923076924 0.02767045454545457 0.027769230769230765
0 0.44139914772727273 0.43953846153846154 0.026235795454545494 0.04757692307692309
0 0.4567258522727272 0.42492307692307696 0.01825284090909086 0.023653846153846175
0 0.7075142045454546 0.15632692307692309 0.03602272727272721 0.037999999999999985
0 0.7114417613636363 0.12865384615384612 0.03720170454545462 0.04538461538461532
0 0.6969105113636364 0.10832692307692304 0.03532670454545455 0.040192307692307645
0 0.7275071022727272 0.10787500000000005 0.038451704545454615 0.05421153846153846
0 0.6893536931818182 0.07074038461538457 0.02691761363636362 0.036942307692307656
0 0.6803338068181818 0.2654711538461537 0.03819602272727271 0.03455769230769225
0 0.1978409090909091 0.022432692307692292 0.029573863636363627 0.03425
0 0.5354261363636363 0.0687692307692308 0.02363636363636362 0.03257692307692307
0 0.5092471590909091 0.05418269230769235 0.030852272727272766 0.030096153846153804
0 0.5207457386363636 0.02776923076923077 0.06436079545454546 0.05553846153846153
0 0.387549715909091 0.19845192307692305 0.02836647727272723 0.05794230769230768
0 0.33135653409090904 0.2328365384615384 0.0416903409090909 0.055826923076923024
0 0.31208806818181817 0.24123076923076925 0.03664772727272729 0.0339615384615384
0 0.3660582386363637 0.2084999999999999 0.019616477272727275 0.03888461538461533
0 0.3649147727272727 0.2376346153846155 0.04130681818181816 0.04557692307692306
0 0.34857954545454545 0.29966346153846146 0.07906250000000004 0.08536538461538459
0 0.24402698863636366 0.1370961538461538 0.03348011363636367 0.032038461538461585
0 0.19921875 0.009615384615384581 0.024431818181818166 0.019230769230769232
0 0.26158380681818183 0.0809326923076924 0.02166193181818182 0.06882692307692312
0 0.24121448863636363 0.11688461538461536 0.046321022727272745 0.03123076923076914
0 0.24196022727272729 0.09773076923076918 0.02235795454545456 0.028153846153846127
0 0.14737926136363635 0.1945865384615385 0.028366477272727272 0.039557692307692405
0 0.17979403409090908 0.2111346153846153 0.023792613636363615 0.03088461538461539
0 0.1735653409090909 0.18729807692307687 0.024431818181818166 0.02878846153846148
0 0.210859375 0.1865 0.051860795454545444 0.05265384615384615
0 0.19887073863636362 0.21817307692307686 0.026349431818181834 0.03657692307692304
0 0.20377130681818179 0.25048076923076923 0.029928977272727305 0.030500000000000027
0 0.19839488636363634 0.15695192307692307 0.04428977272727272 0.04628846153846153
0 0.26043323863636364 0.010038461538461552 0.034957386363636385 0.020076923076923072
0 0.21540482954545456 0.13804807692307686 0.026633522727272728 0.03194230769230761
0 0.6065980113636363 0.01559615384615387 0.029928977272727263 0.031192307692307745
0 0.5937713068181818 0.047875 0.034701704545454556 0.03763461538461537
0 0.6149644886363637 0.032471153846153844 0.02225852272727267 0.04444230769230761
0 0.6368607954545454 0.03419230769230763 0.022244318181818216 0.03184615384615385
0 0.6455823863636364 0.02879807692307701 0.05090909090909095 0.057596153846153825
0 0.6333380681818181 0.059009615384615355 0.029403409090909157 0.02863461538461536
0 0.8338068181818182 0.018413461538461462 0.03136363636363626 0.03632692307692305
0 0.8033664772727271 0.02245192307692312 0.03298295454545442 0.0449038461538462
0 0.6476136363636363 0.3934519230769231 0.11051136363636366 0.10544230769230767
0 0.33436079545454545 0.6201442307692309 0.0484943181818182 0.04201923076923076
0 0.26495738636363636 0.031413461538461473 0.030795454545454556 0.030557692307692282
0 0.07918323863636365 0.7747692307692308 0.019701704545454543 0.01269230769230771
0 0.02442471590909091 0.7949711538461538 0.04884943181818182 0.05948076923076922
0 0.06825284090909091 0.818701923076923 0.02161931818181818 0.038019230769230764
0 0.059161931818181815 0.7690961538461538 0.021420454545454545 0.028576923076923076
0 0.07443892045454546 0.7906538461538462 0.017684659090909095 0.022961538461538457
0 0.05764204545454545 0.7934038461538462 0.017471590909090905 0.02330769230769229
0 0.03220170454545455 0.7413846153846153 0.028011363636363636 0.0365769230769231
0 0.053636363636363635 0.7505576923076923 0.026392045454545453 0.03153846153846152
0 0.5117897727272727 0.4130865384615384 0.01997159090909091 0.04455769230769223
0 0.49473721590909087 0.42774999999999996 0.023366477272727258 0.06207692307692302
0 0.2302272727272727 0.019759615384615348 0.039403409090909065 0.03951923076923079
0 0.46809659090909084 0.4163365384615385 0.042386363636363604 0.06417307692307693
0 0.6071732954545456 0.14318269230769243 0.021732954545454562 0.05151923076923081
0 0.5884801136363637 0.1377211538461539 0.02252840909090911 0.05021153846153849
0 0.7980042613636363 0.8200288461538461 0.047599431818181805 0.0608269230769231
0 0.8059730113636363 0.7472403846153846 0.05762784090909098 0.047711538461538465
0 0.8377840909090909 0.9747788461538461 0.03034090909090911 0.050442307692307696
0 0.8146874999999999 0.9344423076923076 0.049630681818181734 0.05957692307692307
0 0.743828125 0.8825 0.034644886363636426 0.05634615384615384
0 0.7753338068181819 0.9792019230769231 0.02612215909090907 0.03182692307692308
0 0.7754190340909091 0.952076923076923 0.03538352272727268 0.04061538461538461
0 0.2928693181818182 0.01638461538461533 0.030795454545454556 0.03276923076923081
0 0.7652982954545454 0.9266826923076923 0.05014204545454539 0.07721153846153847
0 0.7655255681818183 0.9764903846153846 0.0764488636363637 0.047019230769230765
0 0.7235582386363636 0.9115480769230769 0.03359375000000005 0.10301923076923077
0 0.7389843749999998 0.9294615384615385 0.022542613636363642 0.04192307692307692
0 0.84640625 0.5394615384615384 0.03076704545454557 0.05042307692307692
0 0.823515625 0.5475 0.028565340909090766 0.0603846153846154
0 0.7853480113636363 0.5214615384615384 0.03964488636363648 0.05538461538461541
0 0.7541193181818181 0.5176826923076923 0.04187500000000002 0.048250000000000064
0 0.7586079545454545 0.5813173076923077 0.018238636363636408 0.02371153846153843
0 0.7485227272727273 0.5572211538461538 0.019943181818181766 0.03144230769230768
0 0.30558948863636365 0.0067884615384614655 0.02279829545454543 0.013576923076922973
0 0.723046875 0.5454326923076923 0.025980113636363586 0.033288461538461545
0 0.7185440340909092 0.5075769230769231 0.030269886363636367 0.042423076923076876
0 0.7149360795454545 0.47369230769230763 0.02944602272727267 0.04092307692307687
0 0.7549147727272728 0.42845192307692304 0.052954545454545414 0.062096153846153884
0 0.7391335227272727 0.4189423076923078 0.02926136363636359 0.04553846153846155
0 0.7985298295454545 0.3706153846153847 0.021264204545454583 0.04746153846153847
0 0.7767258522727274 0.37694230769230763 0.027627840909090814 0.05730769230769233
0 0.7434161931818182 0.36904807692307684 0.03884943181818177 0.0329807692307693
0 0.7417116477272727 0.34863461538461527 0.0761505681818182 0.07657692307692307
0 0.6743394886363636 0.5577307692307691 0.025724431818181837 0.03923076923076924
0 0.33868607954545454 0.04020192307692305 0.02413352272727274 0.03140384615384612
0 0.693515625 0.6054711538461539 0.026718750000000003 0.038288461538461584
0 0.7313565340909091 0.606875 0.0240198863636364 0.048788461538461544
0 0.7386434659090909 0.6430961538461538 0.025980113636363586 0.026807692307692303
0 0.05009232954545455 0.9557211538461539 0.06495738636363636 0.08417307692307692
0 0.15561079545454548 0.9862115384615384 0.04130681818181818 0.027576923076923075
0 0.11684659090909091 0.976625 0.03622159090909091 0.04675
0 0.13140625 0.9258942307692308 0.04340909090909091 0.05713461538461539
0 0.17295454545454544 0.9716826923076923 0.025397727272727266 0.03348076923076923
0 0.1548153409090909 0.9535 0.04423295454545455 0.05042307692307692
0 0.20040482954545452 0.9697788461538461 0.036633522727272716 0.048096153846153844
0 0.37865767045454546 0.02511538461538465 0.0565482954545455 0.05023076923076924
0 0.21948153409090906 0.9841634615384616 0.024843749999999973 0.03167307692307692
0 0.217890625 0.9400384615384615 0.02140624999999999 0.035307692307692304
0 0.2313849431818182 0.9163653846153846 0.027798295454545444 0.061884615384615385
0 0.2669744318181818 0.9174134615384615 0.04534090909090907 0.05282692307692308
0 0.3207102272727273 0.8786153846153846 0.03454545454545454 0.04934615384615385
0 0.30672585227272725 0.891375 0.04816761363636363 0.04975000000000001
0 0.36786221590909096 0.8472980769230769 0.03484375 0.05282692307692308
0 0.38298295454545456 0.8722211538461538 0.05613636363636361 0.055826923076923066
0 0.4221946022727273 0.9083076923076923 0.04055397727272729 0.06153846153846154
0 0.3881036931818182 0.9314423076923077 0.03938920454545449 0.06961538461538462
0 0.3531463068181818 0.05231730769230769 0.03876420454545453 0.0949807692307692
0 0.3847443181818182 0.9937596153846154 0.05485795454545455 0.012480769230769231
0 0.35137073863636364 0.9650288461538461 0.08603693181818177 0.04536538461538461
0 0.3451988636363636 0.9508461538461539 0.026079545454545435 0.029538461538461545
0 0.33453125 0.9297307692307692 0.024261363636363654 0.034076923076923074
0 0.30341619318181823 0.82175 0.038196022727272745 0.06088461538461538
0 0.30562500000000004 0.7721923076923076 0.04105113636363637 0.05334615384615386
0 0.2585795454545455 0.8060865384615384 0.038380681818181835 0.03548076923076924
0 0.3283309659090909 0.03400000000000003 0.03779829545454543 0.06800000000000003
0 0.3135369318181818 0.02607692307692311 0.031534090909090935 0.05215384615384616
0 0.4767045454545455 0.03409615384615383 0.030596590909090938 0.03353846153846153
0 0.34640625 0.5857596153846154 0.024431818181818166 0.03751923076923075
0 0.47606534090909086 0.010711538461538606 0.03244318181818178 0.021153846153846044
0 0.5686363636363636 0.008115384615384635 0.03590909090909087 0.016230769230769226
0 0.5580042613636365 0.03599038461538473 0.05669034090909095 0.06301923076923073
0 0.6911079545454545 0.015163461538461487 0.027272727272727258 0.030326923076923043
0 0.6979261363636364 0.03390384615384612 0.021647727272727204 0.033230769230769175
0 0.6769318181818181 0.04421153846153847 0.021704545454545417 0.03138461538461537
0 0.656690340909091 0.01160576923076917 0.027357954545454533 0.02321153846153845
0 0.5907386363636363 0.09692307692307689 0.05403409090909086 0.06119230769230768
0 0.5555184659090909 0.1395480769230769 0.05373579545454543 0.07790384615384614
0 0.5988494318181818 0.19888461538461533 0.050142045454545474 0.08161538461538462
0 0.321953125 0.5874230769230768 0.02714488636363638 0.041538461538461524
0 0.533515625 0.24024999999999996 0.035610795454545444 0.054076923076923085
0 0.5633238636363637 0.27491346153846163 0.021761363636363627 0.028480769230769237
0 0.5572869318181819 0.25429807692307693 0.021903409090909112 0.0312884615384615
0 0.521875 0.2569807692307692 0.029346590909090944 0.040730769230769244
0 0.4920454545454545 0.2591634615384615 0.03309659090909092 0.06394230769230769
0 0.5156818181818181 0.28725 0.027642045454545426 0.033923076923076896
0 0.5418465909090909 0.28348076923076915 0.025454545454545476 0.03384615384615378
0 0.5759232954545456 0.3250480769230769 0.035397727272727296 0.06540384615384613
0 0.5512073863636364 0.32751923076923073 0.022755681818181793 0.03334615384615391
0 0.5507244318181819 0.3566730769230769 0.027954545454545465 0.03365384615384615
0 0.5673153409090909 0.5110288461538461 0.032017045454545486 0.04763461538461535
0 0.5710085227272728 0.3790769230769231 0.02542613636363633 0.04676923076923076
0 0.5286931818181819 0.3341442307692307 0.023522727272727275 0.03744230769230775
0 0.5185156249999999 0.31625000000000014 0.043309659090909024 0.03284615384615382
0 0.5067542613636363 0.356375 0.032031249999999935 0.048865384615384554
0 0.5360795454545454 0.38502884615384625 0.024857954545454544 0.03159615384615386
0 0.5313636363636364 0.4126346153846153 0.02318181818181817 0.03292307692307693
0 0.5913849431818181 0.4177115384615385 0.02771306818181817 0.04788461538461545
0 0.6159161931818182 0.4258942307692307 0.022542613636363642 0.04109615384615385
0 0.6300426136363636 0.40155769230769234 0.027414772727272742 0.033923076923076896
0 0.7051420454545455 0.3405096153846153 0.035653409090909124 0.04694230769230763
0 0.5428551136363636 0.5136442307692308 0.02991477272727273 0.04694230769230774
0 0.7727556818181818 0.3014134615384616 0.03463068181818181 0.032711538461538445
0 0.8073650568181818 0.2883173076923077 0.027798295454545364 0.03936538461538467
0 0.7881747159090909 0.23923076923076914 0.0312926136363636 0.03896153846153844
0 0.7700994318181817 0.26221153846153855 0.03874999999999996 0.0393076923076923
0 0.7583451704545454 0.20469230769230773 0.03615056818181825 0.03784615384615375
0 0.75921875 0.17083653846153857 0.024857954545454544 0.02440384615384615
0 0.7775994318181819 0.17180769230769233 0.04892045454545446 0.041884615384615444
0 0.7574076704545454 0.11524038461538466 0.026406250000000044 0.043019230769230775
0 0.7610582386363636 0.14940384615384616 0.04623579545454539 0.029384615384615332
0 0.7851207386363636 0.0943076923076922 0.0406107954545455 0.04553846153846155
0 0.6518821022727272 0.28909615384615384 0.025582386363636352 0.03819230769230772
0 0.7788352272727272 0.12056730769230772 0.028011363636363515 0.0526730769230769
0 0.7562784090909092 0.08873076923076917 0.028607954545454527 0.04099999999999999
0 0.8318394886363637 0.0461442307692308 0.024701704545454527 0.031442307692307735
0 0.7661505681818181 0.010951923076922943 0.027329545454545467 0.021826923076923122
0 0.7422585227272727 0.009624999999999995 0.02144886363636367 0.019249999999999982
0 0.7355610795454546 0.03293269230769236 0.022627840909090837 0.0312884615384615
0 0.7412144886363637 0.054836538461538464 0.02049715909090902 0.030750000000000017
0 0.7844602272727272 0.045471153846153856 0.08036931818181808 0.09094230769230773
0 0.7641051136363636 0.05665384615384628 0.028068181818181805 0.03738461538461538
0 0.7351420454545454 0.08057692307692299 0.0167897727272728 0.021384615384615394
