0 0.9548082386363635 0.9707692307692307 0.08475852272727268 0.05846153846153846
0 0.9506818181818182 0.4532884615384616 0.028409090909090908 0.06019230769230771
0 0.27191761363636363 0.4890961538461539 0.0413068181818182 0.10907692307692302
0 0.3404474431818182 0.38714423076923077 0.03941761363636364 0.06651923076923083
0 0.34918323863636364 0.37460576923076916 0.017343750000000012 0.04648076923076926
0 0.3635369318181818 0.3560288461538461 0.034119318181818195 0.07194230769230762
0 0.39203835227272726 0.3619134615384615 0.040923295454545455 0.05648076923076924
0 0.41021306818181813 0.32280769230769235 0.03803977272727277 0.053615384615384606
0 0.35964488636363634 0.32835576923076926 0.02423295454545459 0.0324423076923077
0 0.3392755681818182 0.3469038461538462 0.023125000000000003 0.0416538461538462
0 0.3470028409090909 0.3130480769230769 0.03301136363636365 0.033788461538461524
0 0.3084517045454545 0.42825 0.05934659090909091 0.093423076923077
0 0.9794744318181817 0.4597692307692307 0.04105113636363633 0.12476923076923081
0 0.2937926136363636 0.37349038461538464 0.03164772727272727 0.05578846153846163
0 0.3118252840909091 0.3574903846153846 0.0361221590909091 0.06894230769230762
0 0.3256463068181818 0.3249423076923077 0.034161931818181834 0.07276923076923072
0 0.3839559659090909 0.30181730769230775 0.04242897727272728 0.06717307692307693
0 0.2594460227272727 0.4109615384615385 0.05897727272727274 0.17842307692307688
0 0.2478622159090909 0.3973173076923078 0.02617897727272728 0.10471153846153844
0 0.2991264204545454 0.32264423076923077 0.04387784090909093 0.0842884615384615
0 0.35883522727272726 0.2876923076923077 0.014971590909090898 0.026153846153846087
0 0.34609375000000003 0.2698846153846155 0.05116477272727278 0.0583846153846153
0 0.3086647727272727 0.27520192307692315 0.03335227272727271 0.04140384615384621
0 0.17262784090909092 0.9552115384615385 0.10278409090909092 0.08957692307692307
0 0.27384943181818183 0.2952307692307692 0.04011363636363638 0.05653846153846161
0 0.5799928977272727 0.38649038461538465 0.07299715909090908 0.0592115384615385
0 0.5546803977272727 0.3495480769230769 0.05853693181818187 0.07255769230769234
0 0.4816761363636364 0.3228365384615385 0.11585227272727273 0.11136538461538456
0 0.5554261363636364 0.3064903846153846 0.07934659090909092 0.1026730769230769
0 0.5843323863636364 0.28790384615384623 0.04838068181818182 0.08569230769230769
0 0.4792400568181818 0.23899038461538458 0.10708806818181817 0.12794230769230774
0 0.54140625 0.24531730769230764 0.051022727272727296 0.10459615384615382
0 0.49523437499999995 0.18425961538461533 0.021917613636363645 0.05351923076923085
0 0.30475142045454545 0.2345576923076924 0.07166193181818184 0.09476923076923083
0 0.2337997159090909 0.9013557692307692 0.14021306818181817 0.09075
0 0.3882102272727273 0.2048461538461538 0.1062215909090909 0.19688461538461538
0 0.34626420454545453 0.1761442307692308 0.030795454545454556 0.039557692307692294
0 0.367265625 0.14484615384615396 0.05240056818181816 0.09315384615384614
0 0.3534588068181818 0.11959615384615385 0.04848011363636359 0.09153846153846158
0 0.38725852272727274 0.08125961538461535 0.03494318181818185 0.07425000000000002
0 0.3555610795454545 0.05617307692307705 0.08467329545454548 0.06619230769230772
0 0.3808806818181818 0.017846153846153845 0.03855113636363634 0.0356923076923077
0 0.34857954545454545 0.022442307692307595 0.037585227272727284 0.044884615384615335
0 0.2934090909090909 0.03692307692307695 0.08170454545454543 0.0738461538461538
0 0.23321022727272728 0.021240384615384578 0.05926136363636363 0.04248076923076918
0 0.2550213068181818 0.9661826923076923 0.09776988636363634 0.06763461538461539
0 0.39862926136363636 0.024375000000000147 0.026235795454545494 0.04032692307692302
0 0.42136363636363633 0.06590384615384615 0.04488636363636367 0.1172307692307693
0 0.42181818181818187 0.011923076923077036 0.0439772727272727 0.0238461538461538
0 0.5794957386363637 0.23598076923076927 0.050326704545454556 0.04861538461538467
0 0.4600923295454545 0.11797115384615386 0.10663352272727272 0.23555769230769222
0 0.5272230113636364 0.12042307692307697 0.06311079545454547 0.16453846153846155
0 0.6204616477272727 0.3531346153846153 0.02526988636363631 0.04003846153846152
0 0.6421235795454545 0.4028942307692308 0.10015624999999999 0.09151923076923082
0 0.6992755681818182 0.5126057692307693 0.1521590909090909 0.14228846153846156
0 0.7654474431818182 0.5444615384615386 0.029730113636363728 0.046000000000000034
0 0.09210227272727273 0.9673653846153846 0.05911931818181819 0.06403846153846153
0 0.7323011363636364 0.44909615384615376 0.09613636363636364 0.08992307692307701
0 0.8050142045454546 0.5217403846153846 0.12619318181818187 0.0913269230769231
0 0.6982386363636364 0.40848076923076915 0.03022727272727269 0.04953846153846163
0 0.6109375 0.3250288461538461 0.05463068181818179 0.07894230769230771
0 0.6506178977272726 0.35025961538461536 0.0439346590909091 0.07274999999999997
0 0.6803338068181818 0.36259615384615385 0.0402698863636364 0.11999999999999995
0 0.7201775568181819 0.3805673076923076 0.04223011363636366 0.07494230769230764
0 0.7526136363636362 0.3649326923076923 0.08471590909090908 0.10275000000000001
0 0.6201420454545454 0.25249038461538453 0.061420454545454556 0.08905769230769231
0 0.6650781250000001 0.2822692307692307 0.06893465909090914 0.09003846153846153
0 0.08389204545454546 0.9845673076923077 0.041392045454545445 0.030865384615384617
0 0.6404190340909092 0.2016634615384616 0.05373579545454543 0.09571153846153843
0 0.6288636363636364 0.12096153846153845 0.05164772727272721 0.08542307692307695
0 0.7038707386363636 0.27611538461538465 0.056917613636363544 0.16457692307692304
0 0.6926207386363636 0.19000961538461536 0.060014204545454544 0.12259615384615384
0 0.7825284090909093 0.24424999999999997 0.1439488636363637 0.2262307692307692
0 0.8828480113636364 0.18052884615384612 0.06759943181818186 0.08698076923076926
0 0.9165056818181818 0.22608653846153848 0.13062500000000005 0.15159615384615394
0 0.984012784090909 0.2625480769230769 0.03143465909090908 0.06259615384615387
0 0.9838636363636364 0.13560576923076917 0.032272727272727314 0.21055769230769233
0 0.9432173295454547 0.30784615384615377 0.11245738636363631 0.12303846153846157
0 0.05742897727272727 0.9762403846153846 0.033465909090909095 0.04751923076923077
0 0.9691335227272727 0.3670096153846154 0.0617329545454546 0.1301346153846154
0 0.7928409090909091 0.12986538461538455 0.08738636363636361 0.11773076923076918
0 0.8534019886363636 0.1639711538461538 0.08024147727272729 0.0740961538461538
0 0.8517329545454545 0.10097115384615385 0.035965909090909 0.0663653846153846
0 0.8238778409090909 0.19298076923076923 0.051562499999999935 0.06334615384615384
0 0.8287286931818181 0.25431730769230765 0.05811079545454541 0.08224999999999996
0 0.8824360795454544 0.33545192307692306 0.06762784090909092 0.0836730769230769
0 0.8118678977272729 0.4130673076923076 0.10140624999999998 0.09625000000000002
0 0.8342400568181819 0.33806730769230764 0.08407670454545446 0.06448076923076929
0 0.8318821022727273 0.4486057692307692 0.10958806818181815 0.16878846153846155
0 0.1414275568181818 0.856701923076923 0.13464488636363636 0.15167307692307694
0 0.9033877840909089 0.9434807692307692 0.052372159090909094 0.11303846153846155
0 0.9786008522727272 0.8714230769230769 0.04279829545454545 0.05342307692307693
0 0.9272443181818182 0.852 0.0742613636363636 0.07673076923076923
0 0.8782812499999999 0.9264807692307693 0.07102272727272728 0.14703846153846153
0 0.8244744318181819 0.9497980769230769 0.06457386363636353 0.10040384615384615
0 0.755419034090909 0.9836057692307693 0.09865056818181817 0.0320576923076923
0 0.853565340909091 0.8052019230769231 0.07335227272727271 0.1588269230769231
0 0.8095383522727272 0.7926923076923077 0.047656250000000094 0.1456923076923077
0 0.8186789772727271 0.8927403846153846 0.05835227272727279 0.0655576923076923
0 0.9740980113636364 0.8222115384615385 0.05100852272727285 0.05092307692307693
0 0.12696732954545453 0.9576634615384616 0.09089488636363635 0.08417307692307692
0 0.6238707386363637 0.9149326923076924 0.11177556818181818 0.12332692307692307
0 0.9402485795454545 0.9226634615384616 0.03688920454545442 0.06982692307692308
0 0.9746377840909091 0.8957980769230769 0.0500142045454546 0.06178846153846154
0 0.9688565340909091 0.9340961538461539 0.026576704545454435 0.031730769230769236
0 0.9793607954545455 0.7857115384615385 0.03917613636363642 0.03519230769230769
0 0.7615411931818182 0.9439038461538461 0.07944602272727273 0.061038461538461534
0 0.778046875 0.8371346153846154 0.030696022727272586 0.1591923076923077
0 0.784893465909091 0.8873365384615385 0.03683238636363629 0.08748076923076922
0 0.6999857954545454 0.8813846153846154 0.0596022727272727 0.10723076923076924
0 0.012052556818181818 0.9611346153846154 0.024105113636363636 0.07746153846153847
0 0.988330965909091 0.9590288461538462 0.02333806818181811 0.08159615384615385
0 0.32671875 0.9737403846153846 0.07633522727272729 0.05251923076923077
0 0.024687500000000005 0.843173076923077 0.03803977272727273 0.0566923076923077
0 0.05871448863636364 0.8703365384615385 0.03629261363636364 0.06471153846153846
0 0.03523437499999999 0.031567307692307645 0.06938920454545454 0.06313461538461536
0 0.080234375 0.036403846153846176 0.07526988636363638 0.07280769230769234
0 0.029495738636363636 0.08135576923076926 0.05899147727272727 0.11274999999999999
0 0.15052556818181817 0.026182692307692323 0.09656250000000001 0.05186538461538467
0 0.1629190340909091 0.0665961538461538 0.09919034090909093 0.09276923076923078
0 0.1270809659090909 0.07842307692307682 0.06154829545454545 0.07596153846153846
0 0.0627840909090909 0.09580769230769226 0.08099431818181818 0.09215384615384607
0 0.08769886363636363 0.12837500000000002 0.07292613636363636 0.06201923076923077
0 0.35016335227272727 0.8953653846153846 0.10501420454545456 0.12915384615384615
0 0.16869318181818183 0.1256442307692307 0.04360795454545457 0.07044230769230768
0 0.15073153409090911 0.14945192307692312 0.0714630681818182 0.09128846153846149
0 0.025710227272727273 0.16046153846153843 0.05142045454545455 0.0726538461538461
0 0.22367897727272726 0.08016346153846143 0.10042613636363634 0.16017307692307697
0 0.22502840909090907 0.18530769230769228 0.07323863636363637 0.15915384615384615
0 0.1938778409090909 0.2184807692307693 0.05386363636363634 0.1237692307692308
0 0.07588068181818182 0.17152884615384612 0.0797159090909091 0.05024999999999999
0 0.0822443181818182 0.21860576923076913 0.050482954545454546 0.06409615384615382
0 0.249375 0.20980769230769236 0.021051136363636355 0.09138461538461545
0 0.14627130681818182 0.2388365384615384 0.0639346590909091 0.09775000000000007
0 0.3850923295454546 0.95875 0.05112215909090911 0.05096153846153847
0 0.11320312499999999 0.20535576923076915 0.04339488636363636 0.08217307692307685
0 0.26808948863636367 0.2090384615384615 0.03970170454545457 0.10630769230769226
0 0.10030539772727275 0.2551923076923077 0.03348011363636365 0.02665384615384618
0 0.07591619318181818 0.3134807692307692 0.04521306818181818 0.06830769230769228
0 0.1207315340909091 0.29708653846153854 0.12029829545454546 0.09344230769230764
0 0.12617897727272728 0.3511923076923077 0.06499999999999999 0.0661153846153846
0 0.038366477272727274 0.23163461538461538 0.07673295454545455 0.10042307692307698
0 0.02985085227272728 0.3400961538461539 0.059673295454545465 0.11646153846153846
0 0.01831676136363636 0.2833557692307693 0.03660511363636364 0.0782884615384615
0 0.04171164772727273 0.43806730769230773 0.08294034090909091 0.10724999999999997
0 0.3961008522727273 0.9769423076923077 0.08836647727272724 0.046115384615384614
0 0.04690340909090909 0.4978076923076923 0.09380681818181819 0.09426923076923073
0 0.06941051136363638 0.37557692307692314 0.0861221590909091 0.10238461538461541
0 0.08149147727272728 0.5337692307692308 0.10397727272727274 0.1201538461538462
0 0.119296875 0.4950096153846153 0.06302556818181819 0.06682692307692313
0 0.04404829545454546 0.5808942307692307 0.08809659090909092 0.08174999999999999
0 0.07889914772727273 0.6049326923076923 0.0913778409090909 0.10798076923076919
0 0.11710937499999999 0.4686634615384616 0.08245738636363636 0.0871730769230769
0 0.12199573863636362 0.4064134615384616 0.05933238636363636 0.08251923076923082
0 0.20975852272727274 0.3583557692307693 0.13622159090909092 0.21932692307692309
0 0.2811363636363637 0.09280769230769226 0.07065340909090906 0.11050000000000007
0 0.4314772727272727 0.9446057692307692 0.05843749999999998 0.0465576923076923
0 0.16776278409090908 0.4589423076923076 0.054133522727272725 0.15053846153846154
0 0.17588778409090908 0.5107692307692309 0.09365056818181818 0.07257692307692304
0 0.14166193181818182 0.5702211538461538 0.08008522727272727 0.08305769230769236
0 0.14426136363636363 0.6218076923076923 0.05650568181818182 0.0728846153846154
0 0.2265625 0.49812499999999993 0.07494318181818181 0.12644230769230774
0 0.19389204545454544 0.5845192307692307 0.05201704545454546 0.07865384615384617
0 0.03504971590909091 0.6533653846153846 0.06998579545454546 0.09180769230769233
0 0.008622159090909092 0.6469615384615385 0.017244318181818184 0.04361538461538458
0 0.018451704545454545 0.686548076923077 0.03690340909090909 0.04571153846153843
0 0.011967329545454547 0.715798076923077 0.023934659090909093 0.04855769230769231
0 0.43678267045454544 0.9867788461538461 0.03606534090909089 0.026442307692307692
0 0.05561789772727273 0.7190769230769232 0.07856534090909091 0.04546153846153849
0 0.03135653409090909 0.7611730769230769 0.06271306818181818 0.07530769230769233
0 0.018742897727272726 0.8204326923076923 0.03717329545454546 0.0571346153846154
0 0.010866477272727272 0.8979711538461539 0.021732954545454545 0.09775
0 0.10967329545454546 0.6976538461538462 0.11576704545454546 0.09692307692307688
0 0.07848011363636363 0.7715961538461538 0.08661931818181817 0.07080769230769232
0 0.0678125 0.8105673076923077 0.0652840909090909 0.057134615384615374
0 0.032947443181818185 0.9178461538461539 0.045099431818181816 0.16388461538461538
0 0.19225852272727273 0.6586634615384614 0.10556818181818181 0.11978846153846152
0 0.2224147727272727 0.584375 0.013551136363636352 0.04332692307692303
0 0.4767684659090909 0.9873557692307693 0.06291193181818185 0.025288461538461537
0 0.07143465909090908 0.8914038461538462 0.035880681818181825 0.060961538461538456
0 0.07033380681818181 0.93625 0.05490056818181819 0.06442307692307692
0 0.2517684659090909 0.27483653846153844 0.033508522727272734 0.043134615384615396
0 0.3079048295454545 0.14431730769230766 0.07174715909090912 0.11617307692307698
0 0.9517613636363635 0.7272307692307692 0.09647727272727268 0.13565384615384618
0 0.9597372159090909 0.6445480769230769 0.08052556818181826 0.16063461538461538
0 0.9156747159090909 0.6683365384615385 0.07015624999999998 0.08267307692307695
0 0.8428551136363637 0.6833942307692308 0.0871306818181817 0.14782692307692305
0 0.9080113636363637 0.7862884615384615 0.11267045454545445 0.11607692307692308
0 0.8917755681818181 0.7052884615384616 0.0483806818181819 0.05257692307692303
0 0.46684659090909086 0.9625961538461538 0.055369318181818124 0.043153846153846154
0 0.8927343749999999 0.617173076923077 0.05595170454545453 0.058192307692307675
0 0.8212144886363636 0.5808653846153846 0.09819602272727272 0.09469230769230766
0 0.8551491477272727 0.584875 0.0437357954545454 0.040942307692307674
0 0.8522372159090907 0.024913461538461634 0.08399147727272727 0.048942307692307674
0 0.9723082386363636 0.03359615384615389 0.05538352272727274 0.06484615384615379
0 0.9195170454545454 0.0163557692307692 0.04343750000000006 0.032711538461538445
0 0.8755042613636363 0.04264423076923074 0.10839488636363628 0.08528846153846158
0 0.9568821022727273 0.017124999999999946 0.0359232954545454 0.03425
0 0.6762073863636363 0.03375000000000006 0.05957386363636363 0.06750000000000005
0 0.7466264204545454 0.04665384615384616 0.0796164772727272 0.07192307692307699
0 0.5566903409090909 0.983375 0.050539772727272704 0.03325
0 0.622578125 0.018548076923076917 0.05407670454545454 0.03709615384615388
0 0.5763423295454545 0.019548076923076807 0.06146306818181815 0.039096153846153815
0 0.6589133522727273 0.05625000000000002 0.05595170454545453 0.07919230769230759
0 0.5478409090909091 0.037307692307692264 0.057642045454545515 0.07461538461538464
0 0.7328764204545454 0.1035576923076924 0.04245738636363634 0.09069230769230774
0 0.7114701704545454 0.07803846153846161 0.03697443181818178 0.0743461538461539
0 0.6963210227272727 0.09905769230769224 0.03213068181818182 0.07280769230769234
0 0.8088494318181817 0.08296153846153842 0.05573863636363638 0.06869230769230775
0 0.6749147727272727 0.14214423076923077 0.05559659090909089 0.10021153846153849
0 0.5035795454545454 0.028423076923076884 0.04096590909090905 0.05684615384615385
0 0.5178764204545454 0.9654326923076924 0.055241477272727255 0.0684423076923077
0 0.47697443181818183 0.02302884615384604 0.046875 0.0449038461538462
0 0.9039275568181818 0.45681730769230766 0.08205965909090907 0.19528846153846155
0 0.7400000000000001 0.8557307692307692 0.05326704545454553 0.1345769230769231
0 0.6496519886363636 0.81075 0.09992897727272722 0.1810769230769231
0 0.7784446022727273 0.7100384615384616 0.06461647727272729 0.15765384615384617
0 0.7611576704545455 0.6305000000000001 0.09262784090909096 0.12423076923076921
0 0.7225568181818182 0.646625 0.04454545454545456 0.0991346153846154
0 0.95359375 0.12522115384615384 0.07559659090909095 0.13213461538461546
0 0.910859375 0.0893750000000001 0.10876420454545445 0.12436538461538464
0 0.7289133522727272 0.01538461538461533 0.0921164772727273 0.03076923076923077
0 0.12105113636363636 0.7746346153846154 0.0646875 0.0775
0 0.3336434659090909 0.857173076923077 0.07237215909090912 0.09723076923076922
0 0.6135369318181818 0.07174038461538468 0.056221590909090964 0.0800192307692308
0 0.49630681818181815 0.06966346153846159 0.052528409090909035 0.08101923076923076
0 0.5884161931818181 0.12390384615384609 0.09078124999999995 0.18596153846153843
0 0.931349431818182 0.3802596153846154 0.028551136363636397 0.044403846153846106
0 0.9171803977272727 0.5568269230769232 0.14325284090909093 0.07007692307692308
0 0.8996590909090909 0.5464326923076923 0.024204545454545402 0.030442307692307716
0 0.6270099431818181 0.6902211538461539 0.13913352272727272 0.1523653846153846
0 0.5957386363636363 0.5997884615384614 0.04573863636363635 0.02434615384615384
0 0.7957386363636364 0.030413461538461584 0.058039772727272745 0.06082692307692307
0 0.42041193181818187 0.8691057692307692 0.05593750000000008 0.10344230769230768
0 0.40240767045454545 0.8133269230769231 0.04174715909090907 0.07388461538461538
0 0.4341974431818182 0.8820384615384615 0.09495738636363639 0.13076923076923078
0 0.4830397727272727 0.908625 0.04965909090909096 0.09678846153846155
0 0.5487428977272727 0.954 0.05515625000000006 0.04634615384615385
0 0.5539417613636364 0.9212884615384616 0.04259943181818183 0.03503846153846154
0 0.526640625 0.9118846153846154 0.05302556818181824 0.03988461538461537
0 0.5240625 0.8809807692307692 0.047130681818181745 0.06380769230769232
0 0.5537073863636364 0.8812211538461538 0.032784090909090964 0.08425
0 0.1831676136363636 0.7781153846153847 0.08014204545454545 0.1030769230769231
0 0.5293181818181818 0.8371346153846154 0.037471590909090906 0.053153846153846156
0 0.5073508522727272 0.8296634615384616 0.05103693181818183 0.0739423076923077
0 0.4288352272727272 0.8089903846153846 0.04059659090909089 0.046211538461538464
0 0.47806818181818184 0.8286923076923077 0.0542613636363637 0.08465384615384618
0 0.6243110795454545 0.9835288461538462 0.11407670454545454 0.03294230769230769
0 0.6819815340909091 0.9492980769230769 0.08529829545454547 0.06928846153846153
0 0.6751349431818182 0.9779423076923077 0.017428977272727245 0.02626923076923077
0 0.6885298295454546 0.9875096153846153 0.021178977272727308 0.02498076923076923
0 0.7331747159090909 0.9155192307692308 0.03333806818181814 0.045807692307692306
0 0.7142329545454545 0.9644423076923077 0.068465909090909 0.06834615384615385
0 0.20120028409090907 0.7509903846153846 0.07728693181818182 0.09221153846153847
0 0.265625 0.8541346153846154 0.07269886363636364 0.08792307692307691
0 0.37356534090909094 0.7949134615384615 0.06005681818181818 0.07901923076923077
0 0.4428977272727273 0.7615673076923077 0.08130681818181819 0.10732692307692306
0 0.5864630681818181 0.8942596153846154 0.03514204545454547 0.06821153846153846
0 0.5877982954545454 0.8468846153846153 0.04647727272727276 0.04396153846153846
0 0.5665767045454545 0.8002884615384616 0.0682954545454546 0.09246153846153846
0 0.5171164772727272 0.7765961538461539 0.07068181818181817 0.08884615384615388
0 0.5753053977272727 0.7706442307692307 0.051406249999999994 0.07863461538461541
0 0.5400284090909091 0.6790769230769231 0.0628409090909091 0.1068076923076923
0 0.589765625 0.6433076923076924 0.057230113636363586 0.08557692307692308
0 0.9853622159090908 0.5365096153846154 0.0292755681818182 0.048673076923076875
0 0.6532457386363636 0.5915192307692309 0.14393465909090908 0.16919230769230767
0 0.6874715909090909 0.7112403846153846 0.05499999999999996 0.06674999999999996
0 0.7051633522727273 0.7536538461538462 0.03132102272727266 0.04738461538461536
0 0.6820738636363637 0.7688461538461538 0.05784090909090913 0.12623076923076926
0 0.7468323863636364 0.7955096153846154 0.052357954545454645 0.06067307692307692
0 0.7275426136363637 0.7529615384615385 0.04735795454545459 0.15926923076923077
0 0.288984375 0.8248461538461538 0.11484375 0.11323076923076922
0 0.3148011363636364 0.7620096153846154 0.037159090909090906 0.07848076923076923
0 0.3564346590909091 0.7637115384615385 0.06573863636363636 0.08161538461538462
0 0.3343465909090909 0.7255865384615385 0.02295454545454545 0.02278846153846153
0 0.9394105113636364 0.49276923076923074 0.03595170454545447 0.08584615384615382
0 0.3205681818181818 0.6999807692307692 0.07264204545454543 0.06811538461538459
0 0.2080397727272727 0.8314038461538462 0.06380681818181816 0.07807692307692307
0 0.5087997159090909 0.7085 0.06711647727272728 0.07246153846153842
0 0.46272017045454544 0.6846346153846153 0.06419034090909091 0.08215384615384615
0 0.258984375 0.7439038461538461 0.08867897727272724 0.12515384615384617
0 0.4812002840909091 0.6494615384615385 0.08296875000000004 0.06273076923076924
0 0.4057812499999999 0.6910865384615386 0.06738636363636363 0.16051923076923078
0 0.2711434659090909 0.6806346153846154 0.07302556818181817 0.04549999999999999
0 0.36845880681818177 0.6806346153846154 0.08799715909090912 0.10838461538461541
0 0.5565767045454545 0.5884711538461538 0.05306818181818184 0.0851730769230769
0 0.9676917613636363 0.5433557692307693 0.06421875000000005 0.05578846153846158
0 0.49924005681818184 0.5929038461538462 0.09151988636363638 0.1148846153846154
0 0.4379403409090909 0.6026826923076923 0.04676136363636358 0.07175000000000001
0 0.4632528409090909 0.5551730769230769 0.052642045454545455 0.08430769230769232
0 0.4144886363636363 0.5142211538461539 0.09261363636363634 0.11759615384615385
0 0.374609375 0.5693653846153846 0.09194602272727267 0.15557692307692308
0 0.31375710227272724 0.5945865384615385 0.08245738636363634 0.14725
0 0.49024857954545453 0.5271346153846155 0.08688920454545457 0.07561538461538465
0 0.25334517045454547 0.5970961538461539 0.06828124999999999 0.09399999999999999
0 0.29504261363636364 0.5005384615384615 0.0875284090909091 0.11788461538461541
0 0.5712926136363636 0.5387500000000001 0.0961647727272728 0.07584615384615384
0 0.959375 0.4968365384615385 0.041136363636363686 0.054173076923076956
0 0.36235085227272723 0.4673942307692307 0.06674715909090906 0.06748076923076918
0 0.7019105113636364 0.5679807692307692 0.052258522727272674 0.08296153846153843
0 0.5376775568181817 0.47961538461538455 0.10990056818181819 0.08800000000000004
0 0.6036221590909091 0.47144230769230766 0.1307386363636364 0.1265
0 0.4149076704545455 0.4471057692307693 0.04117897727272721 0.04336538461538453
0 0.4828835227272728 0.4528557692307693 0.11372159090909091 0.07698076923076917
0 0.3675071022727273 0.41738461538461535 0.05879261363636366 0.08542307692307695
0 0.4130965909090909 0.40057692307692305 0.043636363636363674 0.07661538461538468
0 0.4890482954545455 0.3832788461538462 0.15269886363636365 0.09671153846153839
0 0.24671875 0.6252307692307693 0.058039772727272745 0.07538461538461537
