0 0.8900426136363637 0.931625 0.11571022727272733 0.10936538461538463
0 0.9249857954545455 0.8962788461538461 0.1500284090909091 0.13782692307692304
0 0.7991903409090909 0.8882788461538461 0.12085227272727263 0.06548076923076925
0 0.77328125 0.8210384615384615 0.06846590909090916 0.11484615384615385
0 0.6525994318181818 0.4894711538461538 0.08272727272727275 0.09751923076923073
0 0.664765625 0.9431442307692308 0.10848011363636365 0.11371153846153846
0 0.5830894886363637 0.9618557692307692 0.09595170454545449 0.0761346153846154
0 0.6641122159090909 0.9265865384615385 0.024048295454545465 0.02782692307692307
0 0.8639204545454546 0.11935576923076918 0.06903409090909095 0.07724999999999992
0 0.6565980113636364 0.8113076923076923 0.04419034090909093 0.1294615384615385
0 0.6101349431818182 0.7981346153846154 0.08288352272727267 0.04338461538461539
0 0.9171732954545455 0.05249999999999988 0.08298295454545448 0.08365384615384626
0 0.4610511363636363 0.7313076923076923 0.1658522727272727 0.1856153846153846
0 0.4255823863636364 0.5974999999999999 0.15360795454545456 0.12699999999999997
0 0.48889204545454545 0.5365 0.05968749999999998 0.11073076923076926
0 0.46579545454545457 0.011288461538461525 0.01937499999999998 0.022576923076923095
0 0.6668963068181818 0.1349134615384615 0.1268323863636363 0.12790384615384626
0 0.21772017045454548 0.375173076923077 0.11376420454545454 0.20342307692307698
0 0.7658451704545454 0.17379807692307692 0.09342329545454543 0.10874999999999992
0 0.803828125 0.9632019230769231 0.06282670454545457 0.07359615384615385
0 0.6267826704545455 0.9005576923076923 0.05643465909090912 0.11815384615384618
0 0.5669460227272727 0.8579423076923076 0.052670454545454604 0.14261538461538462
0 0.7404687499999999 0.07538461538461538 0.03991477272727276 0.05269230769230765
0 0.7331534090909091 0.8421923076923077 0.10772727272727262 0.17888461538461536
0 0.4240553977272727 0.526125 0.1197869318181818 0.12205769230769226
0 0.5414985795454546 0.6962596153846154 0.10166193181818181 0.057403846153846146
0 0.522762784090909 0.7505096153846154 0.0715767045454546 0.09782692307692306
0 0.5035866477272727 0.8057307692307693 0.07785511363636365 0.12138461538461542
0 0.7416477272727273 0.7298365384615384 0.02011363636363648 0.029019230769230776
0 0.6220951704545455 0.7076346153846154 0.10234375000000001 0.11999999999999998
0 0.5654332386363636 0.6531826923076923 0.07674715909090905 0.07082692307692305
0 0.3964133522727273 0.5255 0.1375142045454546 0.1600769230769231
0 0.34675426136363635 0.5366442307692307 0.08109375000000005 0.08951923076923085
0 0.7138068181818181 0.09428846153846149 0.04911931818181808 0.0666153846153847
0 0.6221661931818182 0.6361153846153846 0.16078125 0.1611153846153846
0 0.3769744318181818 0.41657692307692307 0.12869318181818182 0.22234615384615386
0 0.4355681818181818 0.36986538461538454 0.12213068181818185 0.22453846153846152
0 0.9284730113636364 0.7288173076923077 0.1430539772727273 0.19255769230769232
0 0.9694673295454546 0.7441826923076924 0.06106534090909092 0.09790384615384615
0 0.8595809659090908 0.5690961538461539 0.28083806818181817 0.26603846153846156
0 0.9774360795454545 0.5033269230769231 0.044758522727272716 0.07380769230769224
0 0.9019957386363636 0.27005769230769217 0.15083806818181825 0.07750000000000003
0 0.40166193181818177 0.2818942307692308 0.10039772727272728 0.11955769230769234
0 0.6458522727272727 0.2520961538461539 0.1187784090909091 0.11330769230769233
0 0.6838778409090909 0.04793269230769237 0.08451704545454546 0.09586538461538466
0 0.5279545454545455 0.4483365384615384 0.08875000000000002 0.07801923076923076
0 0.8451775568181819 0.08050961538461543 0.018963068181818053 0.020788461538461544
0 0.5184659090909091 0.07918269230769237 0.08440340909090903 0.15836538461538466
0 0.5348792613636364 0.13251923076923067 0.08379261363636364 0.09646153846153852
0 0.22914772727272725 0.5163269230769231 0.09954545454545456 0.1628846153846154
0 0.22180397727272727 0.6351923076923077 0.1715909090909091 0.18219230769230765
0 0.35529829545454544 0.7702403846153847 0.07409090909090904 0.2253269230769231
0 0.4632528409090909 0.9768461538461538 0.06176136363636366 0.04630769230769231
0 0.3358664772727273 0.949076923076923 0.04517045454545452 0.10184615384615385
0 0.29781960227272725 0.761125 0.07822443181818181 0.12186538461538463
0 0.7061150568181819 0.10593269230769231 0.026150568181818216 0.04155769230769234
0 0.24220170454545453 0.7259519230769231 0.05457386363636362 0.05428846153846157
0 0.15909801136363638 0.802125 0.07691761363636364 0.08182692307692307
0 0.06725852272727273 0.81525 0.11036931818181818 0.08823076923076925
0 0.046654829545454544 0.8934326923076923 0.09330965909090909 0.1438269230769231
0 0.10731534090909091 0.7187788461538461 0.07886363636363637 0.09924999999999998
0 0.03919034090909091 0.7342403846153847 0.07838068181818182 0.10759615384615383
0 0.05397727272727273 0.27640384615384617 0.10769886363636362 0.11823076923076926
0 0.06365767045454546 0.06894230769230769 0.12004261363636362 0.13788461538461536
0 0.18825994318181818 0.05977884615384621 0.1304971590909091 0.11955769230769234
0 0.6241477272727273 0.04276923076923078 0.06002840909090908 0.08553846153846158
0 0.9377698863636365 0.11267307692307682 0.02664772727272742 0.10600000000000001
0 0.966221590909091 0.03737500000000005 0.04903409090909088 0.07475000000000001
