0 0.6481605113636364 0.2815961538461539 0.09052556818181821 0.12888461538461535
0 0.4453125 0.10368269230769223 0.08715909090909092 0.10617307692307688
0 0.633465909090909 0.04275961538461537 0.08309659090909091 0.08551923076923082
0 0.723622159090909 0.17557692307692307 0.13519886363636366 0.1637307692307692
0 0.8681960227272728 0.14325 0.08889204545454552 0.07819230769230763
0 0.8329616477272727 0.17901923076923087 0.08725852272727265 0.10980769230769225
0 0.8521946022727274 0.24969230769230777 0.08132102272727272 0.06961538461538459
0 0.9132386363636363 0.31298076923076923 0.05573863636363638 0.09903846153846153
0 0.962215909090909 0.4111538461538462 0.07556818181818188 0.13265384615384618
0 0.9743110795454545 0.45906730769230775 0.05137784090909085 0.07775000000000001
0 0.9747159090909091 0.6850096153846154 0.05056818181818185 0.11448076923076923
0 0.23805397727272723 0.8885865384615385 0.05002840909090909 0.11778846153846154
0 0.7876491477272727 0.5226153846153846 0.08725852272727282 0.09338461538461533
0 0.9246519886363636 0.6813750000000001 0.10140624999999998 0.18098076923076925
0 0.9738494318181817 0.5594615384615385 0.05230113636363643 0.14103846153846156
0 0.5097301136363637 0.3003461538461538 0.11542613636363636 0.11834615384615378
0 0.5862571022727273 0.4047980769230769 0.09674715909090903 0.21690384615384609
0 0.593565340909091 0.5500961538461538 0.0933238636363637 0.1731153846153846
0 0.7871448863636363 0.709701923076923 0.12752840909090904 0.08878846153846151
0 0.5850994318181818 0.9527788461538461 0.09636363636363633 0.09425000000000001
0 0.6863778409090909 0.7658557692307693 0.1810795454545455 0.3379423076923077
0 0.5235511363636364 0.948923076923077 0.08897727272727271 0.10215384615384615
0 0.03265625 0.9283365384615385 0.0653125 0.08374999999999999
0 0.6613068181818181 0.9606153846153846 0.11278409090909088 0.07876923076923077
0 0.7629119318181818 0.962076923076923 0.10056818181818183 0.07584615384615384
0 0.9066548295454545 0.9057211538461538 0.0700142045454545 0.10121153846153846
0 0.9775994318181819 0.9504711538461539 0.044801136363636314 0.08755769230769231
0 0.9880113636363635 0.8438846153846153 0.023977272727272722 0.08896153846153847
0 0.49433238636363636 0.5176634615384615 0.12380681818181814 0.20848076923076916
0 0.4437002840909091 0.5401634615384615 0.06276988636363635 0.14571153846153848
0 0.8256107954545455 0.9833942307692307 0.032840909090909094 0.03321153846153846
0 0.38868607954545453 0.6124038461538461 0.1835653409090909 0.21734615384615386
0 0.9318821022727274 0.5738269230769231 0.05808238636363634 0.05242307692307696
0 0.059623579545454546 0.9744423076923077 0.03407670454545454 0.03523076923076923
0 0.04455965909090909 0.9928653846153846 0.019659090909090907 0.014269230769230768
0 0.06383522727272727 0.9907115384615385 0.023778409090909093 0.018576923076923078
0 0.2430255681818182 0.6271538461538462 0.14508522727272727 0.13134615384615386
0 0.1712784090909091 0.23922115384615383 0.0766193181818182 0.15901923076923077
0 0.2935369318181818 0.2313942307692307 0.055 0.14440384615384622
