0 0.06741477272727271 0.692875 0.12477272727272726 0.08886538461538462
0 0.9843607954545455 0.2943942307692309 0.031278409090909065 0.051019230769230824
0 0.5293110795454545 0.37712500000000004 0.08120738636363639 0.11051923076923072
0 0.5448153409090909 0.3027596153846154 0.11093750000000004 0.11036538461538459
0 0.6015767045454545 0.2223942307692307 0.08735795454545454 0.13132692307692312
0 0.530674715909091 0.23314423076923074 0.0987073863636363 0.1359423076923077
0 0.48500710227272736 0.2861442307692307 0.06524147727272728 0.10828846153846154
0 0.44821732954545457 0.20755769230769228 0.08862215909090908 0.08192307692307697
0 0.4672656250000001 0.12258653846153844 0.06919034090909087 0.112173076923077
0 0.44928977272727266 0.0936538461538462 0.08105113636363637 0.18557692307692297
0 0.3796519886363636 0.025942307692307764 0.10322443181818185 0.05188461538461542
0 0.3367684659090909 0.06278846153846152 0.12103693181818183 0.12438461538461551
0 0.8367826704545455 0.74775 0.09254261363636361 0.1383076923076923
0 0.26732954545454546 0.06321153846153849 0.0763636363636364 0.1232692307692307
0 0.3497514204545455 0.1414423076923076 0.08237215909090914 0.10492307692307692
0 0.36626420454545455 0.18782692307692295 0.12036931818181823 0.12492307692307689
0 0.2572088068181818 0.283798076923077 0.07799715909090908 0.12555769230769234
0 0.1845383522727273 0.2725096153846155 0.021775568181818198 0.025326923076923108
0 0.04504261363636364 0.04003846153846158 0.09008522727272728 0.08007692307692305
0 0.0184375 0.37233653846153847 0.036875 0.043134615384615396
0 0.10997869318181817 0.3843365384615385 0.11808238636363635 0.1876730769230769
0 0.32207386363636364 0.7888653846153846 0.10082386363636366 0.14611538461538462
0 0.21840909090909089 0.6016250000000001 0.08838068181818182 0.06894230769230773
0 0.8786931818181817 0.8115769230769231 0.07508522727272729 0.09338461538461539
0 0.15084517045454546 0.6064038461538461 0.12768465909090906 0.15142307692307688
0 0.057009943181818186 0.49724999999999997 0.06717329545454546 0.07703846153846149
0 0.009879261363636364 0.48479807692307697 0.01975852272727273 0.05767307692307688
0 0.008274147727272727 0.5052980769230769 0.016548295454545454 0.05844230769230767
0 0.3468963068181818 0.864423076923077 0.1581960227272727 0.21480769230769228
0 0.7143394886363637 0.6132019230769231 0.03785511363636369 0.06701923076923076
0 0.20589488636363634 0.8437307692307693 0.09681818181818182 0.13326923076923075
0 0.2596448863636364 0.8448942307692308 0.04542613636363635 0.16421153846153844
0 0.24816051136363634 0.9505192307692307 0.1032244318181818 0.09765384615384615
0 0.19466619318181816 0.935701923076923 0.08032670454545454 0.12859615384615386
0 0.42454545454545456 0.8195576923076923 0.09386363636363643 0.15842307692307694
0 0.05049005681818182 0.7963942307692308 0.07546874999999999 0.07717307692307691
0 0.5824573863636363 0.8565576923076923 0.09102272727272726 0.10992307692307693
0 0.70984375 0.8454423076923077 0.12758522727272725 0.1344230769230769
0 0.7175071022727273 0.9737211538461539 0.03987215909090908 0.052557692307692305
0 0.6309801136363636 0.9452403846153846 0.10542613636363632 0.10951923076923077
0 0.682606534090909 0.9810480769230769 0.03791193181818182 0.037903846153846156
0 0.23026278409090908 0.7318461538461538 0.06197443181818181 0.10938461538461537
0 0.1564346590909091 0.6970288461538461 0.1144034090909091 0.1773653846153846
0 0.5859659090909091 0.6076153846153846 0.04775568181818182 0.12253846153846154
0 0.5692329545454545 0.6454230769230769 0.06428977272727271 0.11446153846153842
0 0.9513991477272729 0.8145288461538461 0.09720170454545447 0.16786538461538464
0 0.9689133522727272 0.7207788461538462 0.062173295454545426 0.11344230769230768
0 0.6512357954545455 0.34191346153846147 0.11056818181818179 0.16305769230769235
0 0.9699289772727272 0.6515480769230769 0.05951704545454542 0.0690576923076923
0 0.9714417613636364 0.6030384615384615 0.056946022727272776 0.07061538461538461
0 0.9343039772727273 0.5026923076923077 0.07974431818181832 0.15780769230769232
0 0.015326704545454544 0.7289711538461539 0.03065340909090909 0.051788461538461554
0 0.986065340909091 0.5421442307692308 0.02786931818181819 0.08444230769230775
0 0.37974431818181825 0.9823461538461539 0.013948863636363627 0.035307692307692304
0 0.4229332386363636 0.9741442307692307 0.0500142045454546 0.051173076923076925
0 0.7371519886363637 0.3123942307692308 0.025667613636363627 0.024365384615384535
0 0.10407670454545453 0.7688557692307693 0.1259375 0.13363461538461538
0 0.12575284090909092 0.9039711538461539 0.1025 0.19205769230769232
0 0.16522017045454546 0.5043461538461538 0.10203124999999998 0.11465384615384616
0 0.2248721590909091 0.4905384615384616 0.07988636363636364 0.1345384615384615
0 0.2550710227272727 0.3926153846153846 0.08491477272727273 0.1345384615384615
0 0.9675426136363636 0.2702884615384614 0.01781249999999995 0.040269230769230765
0 0.1951846590909091 0.8968076923076923 0.03318181818181818 0.04146153846153845
0 0.33764204545454546 0.31370192307692313 0.0933806818181818 0.13017307692307703
0 0.1772159090909091 0.35369230769230764 0.11110795454545454 0.13757692307692312
0 0.4074573863636364 0.5276826923076923 0.03204545454545455 0.03825000000000003
0 0.176171875 0.4496538461538462 0.07646306818181818 0.11269230769230773
0 0.6703267045454545 0.5888269230769231 0.08019886363636361 0.1303076923076923
0 0.017720170454545454 0.7559807692307692 0.03544034090909091 0.03907692307692309
0 0.6525994318181818 0.4985288461538462 0.10721590909090911 0.09371153846153844
0 0.437421875 0.8233942307692308 0.013735795454545396 0.016673076923076926
0 0.6492187500000001 0.41566346153846145 0.0835795454545455 0.09028846153846151
0 0.5816761363636364 0.48595192307692303 0.07514204545454542 0.07544230769230773
0 0.7826491477272728 0.9790192307692308 0.08464488636363625 0.04188461538461539
0 0.5094957386363637 0.5065288461538462 0.1249573863636364 0.0868653846153846
0 0.11969460227272727 0.24175000000000002 0.041974431818181834 0.061230769230769186
0 0.9875852272727272 0.26974999999999993 0.02482954545454548 0.06280769230769236
0 0.126640625 0.18975000000000009 0.06862215909090909 0.0661153846153846
0 0.02146306818181818 0.3164903846153846 0.04292613636363636 0.06894230769230773
0 0.050525568181818185 0.35662499999999997 0.04028409090909091 0.0473269230769231
0 0.11550426136363635 0.2783461538461539 0.11490056818181821 0.19965384615384615
0 0.07718749999999999 0.19735576923076925 0.062301136363636364 0.13644230769230778
0 0.031860795454545454 0.2754615384615384 0.06372159090909091 0.04896153846153853
0 0.08949573863636363 0.28900961538461534 0.056150568181818176 0.07082692307692305
0 0.8041974431818182 0.5120576923076923 0.06609374999999997 0.08334615384615379
0 0.7410014204545454 0.37568269230769236 0.10967329545454542 0.12125000000000002
0 0.6255823863636364 0.15518269230769233 0.23161931818181827 0.09213461538461533
0 0.22635653409090908 0.16700961538461545 0.038167613636363645 0.11694230769230769
0 0.43843039772727277 0.5784230769230769 0.16072443181818183 0.24546153846153848
0 0.5255184659090909 0.5687788461538461 0.051463068181818124 0.07825000000000006
0 0.5605397727272727 0.6081730769230769 0.09775568181818181 0.17719230769230768
0 0.02220880681818182 0.9186634615384616 0.04441761363636364 0.14913461538461537
0 0.050042613636363635 0.8877596153846153 0.10008522727272727 0.22448076923076923
0 0.3898366477272727 0.5344615384615385 0.021974431818181858 0.027615384615384587
0 0.3534588068181818 0.5481634615384616 0.10339488636363639 0.10455769230769227
0 0.8640411931818182 0.5770384615384616 0.07109374999999994 0.09780769230769233
0 0.3946946022727273 0.3337403846153847 0.05595170454545453 0.1461730769230769
0 0.13622159090909092 0.11913461538461534 0.13142045454545453 0.1613076923076923
0 0.15666903409090913 0.05065384615384616 0.15893465909090912 0.10130769230769232
0 0.6194886363636364 0.812875 0.14386363636363633 0.12490384615384616
0 0.37553267045454547 0.9404807692307693 0.10080965909090912 0.11903846153846154
0 0.34171164772727275 0.9811057692307692 0.06370738636363639 0.037788461538461535
0 0.39325284090909096 0.5462019230769231 0.03156249999999996 0.023057692307692324
0 0.9878551136363637 0.42482692307692305 0.02428977272727276 0.12111538461538454
0 0.9731605113636363 0.44836538461538455 0.042940340909090935 0.11834615384615388
0 0.5459232954545454 0.9845769230769231 0.054886363636363615 0.030846153846153846
0 0.7782954545454547 0.5162211538461539 0.03210227272727276 0.11794230769230772
0 0.8920596590909091 0.5000384615384614 0.10400568181818186 0.10092307692307696
0 0.8586434659090909 0.45732692307692313 0.1050426136363637 0.14769230769230765
0 0.784559659090909 0.33378846153846164 0.06414772727272723 0.11576923076923075
0 0.8687642045454546 0.36532692307692316 0.10755681818181823 0.11442307692307692
0 0.9100284090909092 0.6783461538461539 0.07761363636363634 0.21634615384615383
0 0.9483877840909091 0.36769230769230765 0.10197443181818176 0.1380384615384615
0 0.919609375 0.2587019230769231 0.11876420454545457 0.10075000000000009
0 0.80609375 0.2040384615384616 0.049886363636363645 0.05092307692307685
0 0.794737215909091 0.2476538461538461 0.03475852272727276 0.040730769230769244
0 0.7723650568181818 0.24776923076923085 0.02166193181818182 0.026576923076923064
0 0.8356107954545454 0.5385673076923077 0.10269886363636357 0.1824807692307692
0 0.8908664772727274 0.27456730769230764 0.11278409090909088 0.11624999999999998
0 0.83390625 0.26603846153846156 0.07443181818181815 0.09146153846153847
0 0.9166122159090908 0.2070480769230768 0.08944602272727277 0.0794423076923077
0 0.9623011363636365 0.21388461538461545 0.07502840909090916 0.07746153846153851
0 0.9454758522727272 0.15741346153846159 0.10904829545454543 0.11636538461538459
0 0.21431107954545456 0.24071153846153837 0.049048295454545414 0.1559230769230769
0 0.9519105113636364 0.09401923076923069 0.09501420454545452 0.1243461538461539
0 0.7626136363636363 0.7105192307692307 0.14650568181818188 0.1815769230769231
0 0.7344460227272727 0.6860673076923076 0.13673295454545445 0.17736538461538465
0 0.5219460227272728 0.0472403846153846 0.11230113636363637 0.09448076923076922
0 0.8197088068181819 0.4200769230769231 0.08734375000000001 0.06657692307692309
0 0.5828338068181819 0.08774038461538458 0.10794034090909092 0.17548076923076922
0 0.5103338068181817 0.7368942307692308 0.1443892045454546 0.10428846153846155
0 0.745703125 0.07273076923076927 0.22896306818181825 0.14546153846153845
0 0.7813352272727272 0.18817307692307694 0.12349431818181818 0.09430769230769234
0 0.5932741477272727 0.4068653846153846 0.08197443181818179 0.10211538461538466
0 0.43632812499999996 0.30592307692307696 0.040923295454545455 0.11746153846153844
0 0.4072727272727273 0.3850192307692307 0.050909090909090876 0.08292307692307693
0 0.3371022727272727 0.42039423076923077 0.07019886363636357 0.11578846153846149
0 0.44041193181818183 0.45046153846153847 0.02323863636363638 0.028692307692307722
0 0.4565056818181818 0.38211538461538463 0.08491477272727269 0.13050000000000003
