0 0.4923650568181818 0.8655096153846153 0.09737215909090903 0.15636538461538463
0 0.016960227272727273 0.8022692307692307 0.033835227272727274 0.1049230769230769
0 0.031761363636363636 0.2451826923076923 0.06352272727272727 0.11255769230769226
0 0.6279403409090909 0.5789903846153845 0.09113636363636358 0.11228846153846157
0 0.37852982954545455 0.08413461538461542 0.15981534090909094 0.16765384615384615
0 0.37367897727272725 0.8299711538461538 0.068125 0.1541346153846154
0 0.9201988636363635 0.24865384615384623 0.10772727272727277 0.09323076923076927
0 0.3963707386363637 0.8821826923076923 0.11100852272727274 0.2356346153846154
0 0.0980752840909091 0.3506730769230769 0.11887784090909091 0.1690769230769231
0 0.6498011363636365 0.8621057692307692 0.23502840909090914 0.2755192307692308
0 0.7275568181818183 0.42481730769230763 0.08113636363636365 0.22917307692307695
0 0.1512784090909091 0.3147884615384615 0.030255681818181834 0.0624615384615385
0 0.9130752840909092 0.9559423076923077 0.10563920454545456 0.08796153846153847
0 0.40958096590909093 0.40749038461538456 0.06558238636363639 0.10674999999999998
0 0.8699573863636364 0.545451923076923 0.13284090909090907 0.13128846153846155
0 0.19241477272727273 0.37614423076923087 0.05991477272727274 0.10459615384615394
0 0.0723153409090909 0.7246442307692308 0.06622159090909091 0.1323653846153846
0 0.18074573863636365 0.2366442307692308 0.07348011363636366 0.0824038461538462
0 0.34726562499999997 0.9271538461538462 0.03436079545454545 0.1345
0 0.04172585227272727 0.5338846153846154 0.08345170454545454 0.19253846153846155
0 0.9002982954545454 0.07591346153846157 0.07474431818181819 0.1507115384615386
0 0.21632102272727272 0.7923461538461538 0.11826704545454544 0.19946153846153847
0 0.09704545454545453 0.09205769230769234 0.12235795454545455 0.18400000000000002
0 0.9912855113636364 0.1109230769230769 0.01703125000000001 0.06619230769230762
0 0.1002840909090909 0.9853076923076923 0.07735795454545455 0.027692307692307693
0 0.17631392045454544 0.13733653846153837 0.13600852272727273 0.240826923076923
0 0.8306321022727272 0.28674038461538465 0.08350852272727267 0.15232692307692303
0 0.507890625 0.4731923076923077 0.17345170454545455 0.2737692307692308
0 0.21410511363636367 0.6775288461538462 0.10150568181818183 0.11521153846153845
0 0.0467684659090909 0.6870865384615384 0.0935369318181818 0.13590384615384618
0 0.149296875 0.6491538461538462 0.07291193181818184 0.09665384615384613
0 0.7123011363636365 0.6336442307692307 0.09019886363636372 0.12167307692307688
0 0.15936079545454546 0.057499999999999996 0.09011363636363635 0.11500000000000002
0 0.4133948863636363 0.5728846153846154 0.04957386363636369 0.16438461538461532
0 0.6600568181818182 0.45771153846153845 0.09775568181818181 0.13396153846153847
0 0.08029119318181818 0.5411442307692308 0.09839488636363636 0.1383269230769231
0 0.5437642045454546 0.4857307692307693 0.09619318181818186 0.16865384615384613
0 0.24386363636363637 0.32945192307692306 0.12417613636363635 0.13075
0 0.34906960227272726 0.21577884615384613 0.06779829545454548 0.18198076923076922
0 0.5031605113636364 0.6205384615384615 0.05771306818181818 0.07300000000000001
0 0.4050852272727273 0.42472115384615383 0.1099715909090909 0.1617115384615384
0 0.26855113636363637 0.9124326923076923 0.1084090909090909 0.11140384615384616
0 0.13842329545454546 0.3089615384615384 0.029772727272727284 0.03961538461538455
0 0.5118323863636364 0.3237596153846154 0.11667613636363634 0.15955769230769226
0 0.8126278409090909 0.9538076923076924 0.10974431818181817 0.09223076923076923
0 0.13329545454545455 0.8840769230769231 0.1059375 0.19480769230769232
0 0.46012073863636355 0.6798846153846154 0.06433238636363639 0.10973076923076923
0 0.19321022727272724 0.26595192307692306 0.054403409090909065 0.0800576923076923
0 0.5231676136363637 0.7424807692307692 0.06122159090909094 0.1346923076923077
0 0.9660582386363636 0.044317307692307684 0.06748579545454544 0.08836538461538448
0 0.040390625 0.7550576923076923 0.06859375 0.11261538461538462
0 0.29139204545454545 0.6178076923076923 0.09056818181818184 0.17703846153846153
0 0.6461576704545454 0.6624615384615384 0.06259943181818181 0.0883846153846154
0 0.3798224431818182 0.6098846153846154 0.07768465909090909 0.14534615384615387
0 0.31181818181818177 0.1573365384615385 0.04769886363636366 0.0960576923076924
0 0.42850852272727274 0.9307596153846154 0.09659090909090909 0.13848076923076924
0 0.013025568181818182 0.3272403846153845 0.026051136363636363 0.11867307692307688
0 0.142578125 0.523423076923077 0.0841903409090909 0.1959615384615384
0 0.9716193181818181 0.8957596153846153 0.056761363636363686 0.07513461538461537
0 0.45814630681818175 0.43417307692307694 0.0807244318181818 0.08623076923076918
0 0.2170028409090909 0.1418942307692307 0.20301136363636363 0.28378846153846154
0 0.41474431818181823 0.2048365384615385 0.09619318181818177 0.11794230769230767
0 0.20534801136363637 0.4528461538461539 0.14416193181818182 0.1440769230769231
0 0.11025568181818182 0.8000192307692308 0.13894886363636363 0.18811538461538463
0 0.5830823863636364 0.7131538461538461 0.07789772727272731 0.14303846153846153
0 0.5340696022727273 0.6631153846153846 0.06370738636363639 0.08496153846153848
0 0.08192471590909091 0.22778846153846166 0.10754261363636365 0.08453846153846149
0 0.47257102272727275 0.7385865384615384 0.08167613636363637 0.18571153846153846
0 0.23486505681818182 0.02075961538461546 0.055582386363636355 0.04124999999999987
0 0.39712357954545463 0.3229615384615384 0.10376420454545456 0.12338461538461533
0 0.15303267045454547 0.33153846153846145 0.06117897727272728 0.14088461538461536
0 0.24243607954545457 0.25367307692307683 0.055582386363636355 0.07419230769230767
0 0.6988991477272727 0.5488846153846154 0.12646306818181816 0.12338461538461543
0 0.0928125 0.6529134615384615 0.07852272727272727 0.10844230769230773
0 0.089765625 0.20772115384615386 0.07845170454545455 0.09124999999999998
0 0.22568892045454544 0.18002884615384618 0.09223011363636363 0.10459615384615382
0 0.29491477272727273 0.7859423076923077 0.09224431818181818 0.16223076923076926
0 0.20166903409090908 0.9567115384615384 0.06356534090909091 0.08657692307692308
0 0.7311860795454546 0.05328846153846156 0.1463210227272727 0.10630769230769226
0 0.3197443181818182 0.5045000000000001 0.15531249999999996 0.09819230769230769
0 0.058004261363636365 0.3150192307692308 0.07725852272727272 0.09873076923076929
0 0.5107031249999999 0.9514326923076923 0.09697443181818187 0.09713461538461537
0 0.5439914772727273 0.014740384615384516 0.04974431818181824 0.0294807692307692
0 0.03512784090909091 0.07476923076923081 0.07025568181818181 0.1495384615384615
0 0.2915625 0.39428846153846153 0.14545454545454542 0.16703846153846147
0 0.9686292613636364 0.7850192307692307 0.06274147727272722 0.16061538461538463
