0 0.45909090909090905 0.035586538461538475 0.051676136363636355 0.07117307692307691
0 0.4262215909090909 0.445298076923077 0.08818181818181824 0.11198076923076927
0 0.22504261363636366 0.9604903846153846 0.10164772727272728 0.07771153846153846
0 0.7661789772727272 0.9664134615384615 0.03170454545454537 0.06605769230769232
0 0.37144886363636365 0.447125 0.06826704545454541 0.040250000000000015
0 0.45261363636363633 0.5032884615384615 0.10147727272727272 0.10792307692307698
0 0.6871590909090909 0.7980192307692308 0.07892045454545454 0.0738076923076923
0 0.6510298295454546 0.21558653846153852 0.08035511363636362 0.12075000000000004
0 0.7218394886363636 0.31283653846153836 0.08407670454545454 0.11959615384615384
0 0.9829758522727272 0.8493461538461539 0.03404829545454549 0.14973076923076922
0 0.27497869318181817 0.7603846153846154 0.07194602272727274 0.11796153846153846
0 0.33932528409090906 0.9685576923076923 0.08251420454545455 0.06288461538461539
0 0.3104900568181818 0.31734615384615383 0.09563920454545456 0.10519230769230767
0 0.5105752840909091 0.5800288461538461 0.10609375 0.13105769230769232
0 0.7721875 0.5922115384615385 0.11860795454545454 0.07973076923076924
0 0.2913352272727273 0.3701923076923077 0.03269886363636365 0.044269230769230734
0 0.9778267045454547 0.5592307692307692 0.0441761363636364 0.1303461538461538
0 0.2547088068181818 0.259 0.11461647727272727 0.19984615384615376
0 0.6665625 0.14673076923076922 0.08252840909090912 0.07180769230769236
0 0.030866477272727275 0.10215384615384615 0.06173295454545455 0.07111538461538465
0 0.6022514204545455 0.09464423076923079 0.18211647727272726 0.18928846153846154
0 0.01815340909090909 0.0506923076923077 0.024204545454545454 0.09996153846153849
0 0.9520454545454545 0.6550769230769231 0.09426136363636366 0.07330769230769227
0 0.03759943181818182 0.7482884615384615 0.07519886363636363 0.13726923076923078
0 0.7765553977272727 0.7731153846153846 0.1521164772727273 0.1361153846153846
0 0.7579261363636364 0.8107980769230769 0.1325284090909091 0.10448076923076922
0 0.19455255681818182 0.13779807692307688 0.046207386363636346 0.19355769230769237
0 0.6870028409090909 0.4389711538461538 0.1169318181818181 0.3570576923076923
0 0.9485866477272729 0.7884038461538462 0.10220170454545445 0.16026923076923075
0 0.12286221590909091 0.22760576923076925 0.10828124999999998 0.25586538461538466
0 0.8692542613636363 0.7758365384615384 0.09333806818181807 0.1418653846153846
0 0.6919957386363635 0.9099423076923077 0.11171875000000005 0.12161538461538463
0 0.01661931818181818 0.22288461538461535 0.03323863636363636 0.06580769230769225
0 0.4818536931818182 0.8558365384615385 0.16197443181818186 0.23028846153846153
0 0.7948295454545454 0.8347884615384615 0.10224431818181805 0.1398846153846154
0 0.47549005681818185 0.991951923076923 0.08470170454545455 0.016096153846153843
0 0.9093252840909091 0.5893173076923077 0.10018465909090905 0.08313461538461536
0 0.8694105113636365 0.8364903846153846 0.04470170454545442 0.06255769230769231
0 0.02783380681818182 0.6339711538461539 0.05512784090909091 0.15248076923076923
0 0.09330255681818182 0.4192692307692307 0.10754261363636365 0.08050000000000003
0 0.5196164772727273 0.954875 0.2146590909090909 0.08990384615384615
0 0.6347301136363637 0.9729519230769231 0.05284090909090908 0.05409615384615384
0 0.13920454545454544 0.7241442307692307 0.056818181818181816 0.05667307692307692
0 0.29206676136363635 0.9064615384615384 0.07509943181818182 0.18465384615384617
0 0.6162926136363637 0.6369903846153846 0.12275568181818176 0.1321346153846154
0 0.7283025568181817 0.9645288461538462 0.061661931818181775 0.07078846153846154
0 0.8488139204545455 0.9515288461538461 0.09268465909090909 0.09694230769230769
0 0.7449076704545454 0.6094230769230768 0.01572443181818189 0.016653846153846148
0 0.08674005681818181 0.5641826923076922 0.13811079545454547 0.15448076923076925
0 0.6589488636363636 0.5974230769230768 0.03017045454545456 0.017038461538461565
0 0.11647727272727272 0.8682692307692308 0.14772727272727273 0.04038461538461539
0 0.1775710227272727 0.7522980769230769 0.03389204545454545 0.08736538461538462
0 0.6938920454545454 0.725 0.024147727272727272 0.046153846153846156
0 0.5002627840909091 0.11526923076923079 0.07336647727272724 0.08588461538461532
0 0.8075284090909091 0.7201923076923077 0.015625 0.04038461538461539
0 0.9777556818181817 0.6277788461538462 0.04448863636363643 0.05125000000000001
0 0.8752201704545454 0.03137500000000004 0.10382102272727277 0.062288461538461515
0 0.8147798295454546 0.9042692307692308 0.10830965909090909 0.12023076923076925
0 0.6953977272727272 0.049634615384615444 0.1221022727272727 0.09926923076923078
0 0.7006676136363637 0.0940288461538461 0.029573863636363627 0.04001923076923077
0 0.5989133522727272 0.15523076923076928 0.05953124999999995 0.03603846153846145
0 0.6203693181818182 0.8568846153846154 0.08639204545454544 0.14261538461538462
0 0.9181036931818182 0.8688365384615384 0.10765624999999995 0.10475
0 0.5057670454545454 0.021451923076923007 0.05193181818181818 0.04290384615384616
0 0.7987784090909091 0.5204711538461538 0.18178977272727276 0.1740192307692308
0 0.23170454545454547 0.5076634615384616 0.11551136363636365 0.16390384615384612
0 0.12707386363636364 0.9878557692307692 0.04931818181818182 0.02428846153846154
0 0.3802201704545455 0.5228846153846154 0.0560085227272727 0.1219615384615385
