0 0.6670241477272728 0.24647115384615392 0.07697443181818181 0.08440384615384612
0 0.22607954545454545 0.09177884615384624 0.10142045454545458 0.128326923076923
0 0.24298295454545454 0.021721153846153807 0.03159090909090911 0.04344230769230764
0 0.13366477272727273 0.1332692307692307 0.05687500000000001 0.10780769230769231
0 0.09833806818181819 0.21325961538461535 0.11588068181818181 0.09701923076923075
0 0.2405397727272727 0.26865384615384624 0.08625 0.14073076923076924
0 0.2958309659090909 0.2584615384615384 0.04467329545454548 0.11676923076923071
0 0.06295454545454546 0.3485865384615384 0.09730113636363637 0.1413269230769231
0 0.32193181818181815 0.4405096153846154 0.06678977272727274 0.15390384615384617
0 0.09656960227272728 0.45308653846153846 0.05308238636363637 0.12875000000000003
0 0.9687357954545455 0.4810192307692308 0.06252840909090907 0.19661538461538464
0 0.6396803977272727 0.9102596153846154 0.1958948863636363 0.17948076923076922
0 0.8753551136363636 0.25987499999999997 0.0807954545454547 0.08959615384615391
0 0.9098508522727272 0.35075 0.09302556818181819 0.12046153846153844
0 0.8317968750000001 0.2805288461538461 0.08123579545454537 0.10082692307692298
0 0.5712002840909091 0.44699999999999995 0.07018465909090904 0.08819230769230772
0 0.5600426136363637 0.5537115384615385 0.09394886363636362 0.14569230769230768
0 0.5271093750000001 0.4457788461538462 0.06333806818181814 0.07698076923076917
0 0.4652059659090909 0.4479711538461538 0.05038352272727276 0.16128846153846155
0 0.4553053977272727 0.5369038461538462 0.04714488636363636 0.0496923076923077
0 0.5067755681818181 0.4903653846153846 0.05937500000000002 0.0803846153846154
0 0.043061079545454545 0.6593653846153846 0.08612215909090909 0.1068076923076923
0 0.6202130681818182 0.42754807692307695 0.05306818181818184 0.09667307692307689
0 0.059169034090909095 0.7010288461538461 0.11833806818181819 0.07717307692307691
0 0.21843039772727274 0.7336346153846154 0.0370880681818182 0.0496923076923077
0 0.21726562500000002 0.6697115384615384 0.07475852272727274 0.14092307692307687
0 0.2825284090909091 0.7021538461538461 0.1119318181818182 0.07492307692307694
0 0.11276278409090908 0.6431538461538462 0.054928977272727275 0.10234615384615385
0 0.18029829545454545 0.6775480769230768 0.046250000000000006 0.1107115384615385
0 0.10863636363636363 0.7303846153846154 0.11028409090909091 0.13923076923076924
0 0.6101491477272728 0.8718557692307692 0.03427556818181818 0.04501923076923078
0 0.5044176136363636 0.9802019230769231 0.04832386363636361 0.03898076923076923
0 0.7884019886363638 0.704 0.047485795454545385 0.1005
0 0.4753551136363636 0.3028653846153846 0.06602272727272722 0.12446153846153851
0 0.8366051136363637 0.7417307692307692 0.08076704545454548 0.07815384615384616
0 0.8519673295454545 0.6448942307692307 0.09725852272727277 0.17248076923076922
0 0.48567471590909084 0.5752980769230769 0.06839488636363641 0.10825000000000004
0 0.5058309659090909 0.6399230769230769 0.06441761363636359 0.07915384615384614
0 0.4986434659090909 0.7497211538461539 0.07245738636363636 0.08836538461538462
0 0.31933948863636363 0.867375 0.06609375 0.07986538461538462
0 0.3314275568181818 0.7879423076923077 0.029673295454545476 0.10430769230769227
0 0.2811292613636364 0.7576057692307692 0.08188920454545455 0.0785576923076923
0 0.2790411931818182 0.772673076923077 0.0783380681818182 0.058923076923076925
0 0.5646519886363636 0.345576923076923 0.07617897727272727 0.12046153846153844
0 0.4330113636363636 0.2848942307692307 0.08877840909090909 0.09367307692307689
0 0.21923295454545455 0.7999423076923077 0.06576704545454547 0.1065
0 0.17587357954545454 0.7995096153846154 0.07382102272727274 0.13878846153846155
0 0.1439559659090909 0.7711346153846154 0.08478693181818181 0.10038461538461542
0 0.13638494318181818 0.98225 0.04512784090909092 0.035500000000000004
0 0.17410511363636363 0.9868269230769231 0.032244318181818166 0.026346153846153846
0 0.04046875 0.9703461538461539 0.0809375 0.058653846153846154
0 0.14502130681818182 0.897625 0.05507102272727274 0.08798076923076924
0 0.2984872159090909 0.37224038461538456 0.08447443181818182 0.12036538461538468
0 0.43443181818181825 0.5154615384615384 0.033465909090909095 0.057500000000000065
0 0.045951704545454546 0.5864423076923077 0.09190340909090909 0.10615384615384618
0 0.49241477272727274 0.20170192307692303 0.07298295454545455 0.09751923076923084
0 0.4958664772727273 0.8294711538461539 0.08778409090909092 0.10736538461538463
0 0.8318678977272728 0.0888365384615385 0.07538352272727264 0.13917307692307693
0 0.8592826704545454 0.06342307692307692 0.02055397727272715 0.07157692307692302
0 0.8421448863636364 0.0454134615384616 0.03525568181818173 0.09082692307692311
0 0.8233806818181818 0.01448076923076913 0.03230113636363638 0.028961538461538466
0 0.917372159090909 0.07248076923076918 0.057755681818181775 0.08792307692307698
0 0.9667613636363637 0.06850961538461542 0.06647727272727266 0.07378846153846155
0 0.60484375 0.9773653846153846 0.1039204545454545 0.04526923076923077
0 0.5107741477272727 0.13431730769230776 0.06691761363636366 0.05032692307692311
0 0.5506178977272728 0.11412500000000003 0.0644744318181818 0.14778846153846148
0 0.41469460227272725 0.14375000000000004 0.09004261363636362 0.1125
0 0.5824431818181819 0.15681730769230773 0.09710227272727275 0.15963461538461537
0 0.572080965909091 0.30292307692307685 0.029872159090909053 0.06030769230769233
0 0.045951704545454546 0.8890673076923077 0.09071022727272728 0.10509615384615385
0 0.9864204545454546 0.6893461538461538 0.027159090909090914 0.018615384615384627
0 0.9213565340909091 0.8361346153846154 0.06140625000000002 0.08703846153846155
0 0.9681960227272728 0.8900384615384616 0.06360795454545451 0.20176923076923078
0 0.8797727272727273 0.9837692307692307 0.035823863636363674 0.03246153846153846
0 0.8594602272727272 0.881375 0.05213068181818172 0.16021153846153846
0 0.6432954545454546 0.6048173076923077 0.028664772727272737 0.04398076923076924
0 0.8025426136363637 0.935923076923077 0.05085227272727266 0.12815384615384615
0 0.39683948863636365 0.15273076923076911 0.03285511363636363 0.05088461538461535
0 0.7432031250000001 0.4423173076923077 0.07356534090909093 0.1134423076923077
0 0.9088778409090907 0.24768269230769235 0.05244318181818176 0.07663461538461543
0 0.8892116477272727 0.042326923076923095 0.05916193181818195 0.08465384615384612
0 0.8167684659090909 0.22732692307692304 0.054360795454545426 0.07665384615384618
0 0.7486363636363635 0.12450000000000006 0.06539772727272722 0.08684615384615378
0 0.6862428977272728 0.1706923076923077 0.07899147727272729 0.1826538461538462
0 0.622421875 0.23614423076923075 0.030326704545454577 0.0509038461538461
0 0.636328125 0.2008557692307693 0.0872017045454546 0.06501923076923077
0 0.6307954545454546 0.29174038461538465 0.04517045454545456 0.07313461538461544
0 0.6390056818181818 0.3283173076923077 0.047073863636363615 0.07186538461538462
0 0.3598721590909091 0.037548076923076934 0.04928977272727271 0.07509615384615387
0 0.6052059659090909 0.32618269230769237 0.03884943181818185 0.12148076923076927
0 0.5953338068181818 0.23315384615384616 0.03819602272727271 0.0725769230769231
0 0.5952556818181818 0.4018846153846154 0.03980113636363634 0.04961538461538464
0 0.5685298295454545 0.24276923076923074 0.06975852272727275 0.07523076923076924
