0 0.3488210227272727 0.8015 0.014772727272727281 0.05673076923076923
0 0.2489133522727273 0.8914903846153847 0.07089488636363636 0.05251923076923076
0 0.5683451704545455 0.41801923076923075 0.01637784090909087 0.05365384615384611
0 0.45144176136363634 0.5817788461538462 0.05609375000000001 0.054557692307692314
0 0.6658948863636364 0.2310096153846154 0.04906250000000003 0.058211538461538426
0 0.9363778409090909 0.03185576923076916 0.050170454545454615 0.053865384615384704
0 0.0882528409090909 0.3689134615384616 0.04607954545454545 0.04967307692307689
0 0.05714488636363637 0.013865384615384668 0.06803977272727274 0.02773076923076926
0 0.5770454545454545 0.42253846153846164 0.028125000000000015 0.04634615384615378
0 0.5511079545454546 0.5318653846153847 0.04548295454545452 0.07065384615384618
0 0.5035866477272727 0.03308653846153853 0.053167613636363645 0.06617307692307697
0 0.3308025568181818 0.6146346153846154 0.02481534090909091 0.04030769230769232
0 0.9446235795454545 0.45299038461538466 0.11075284090909095 0.07621153846153846
0 0.6026704545454545 0.445326923076923 0.032471590909090846 0.06988461538461545
0 0.308828125 0.6074326923076923 0.02552556818181818 0.03167307692307692
0 0.02643465909090909 0.4865480769230769 0.05286931818181818 0.07194230769230768
0 0.5271377840909092 0.4608653846153846 0.035980113636363616 0.0440384615384616
0 0.5335440340909091 0.487576923076923 0.052258522727272674 0.037461538461538386
0 0.06135653409090909 0.5251057692307692 0.01995738636363636 0.019980769230769205
0 0.6174502840909091 0.5628653846153846 0.054360795454545426 0.09338461538461539
0 0.1671022727272727 0.1860384615384616 0.04730113636363636 0.08580769230769232
0 0.25296874999999996 0.29880769230769233 0.03448863636363637 0.03700000000000002
0 0.595127840909091 0.4091346153846154 0.013664772727272652 0.05376923076923084
0 0.6430539772727273 0.08596153846153853 0.046420454545454556 0.17065384615384607
0 0.921328125 0.972125 0.017002840909090947 0.034249999999999996
0 0.054431818181818185 0.3416826923076923 0.06017045454545455 0.03490384615384611
0 0.09600142045454545 0.5860961538461539 0.05623579545454545 0.06238461538461538
0 0.5672372159090909 0.4852980769230769 0.028877840909090888 0.041826923076923074
0 0.009311079545454544 0.5340384615384615 0.01862215909090909 0.02399999999999998
0 0.3604119318181818 0.6632115384615385 0.055795454545454544 0.06507692307692309
0 0.6682244318181818 0.5419038461538461 0.019659090909090956 0.023576923076923058
0 0.9824573863636364 0.9772115384615384 0.015738636363636423 0.04557692307692308
0 0.9551349431818181 0.5215576923076923 0.08612215909090909 0.14030769230769227
0 0.6742329545454545 0.2209134615384616 0.04957386363636369 0.048288461538461565
0 0.7225497159090909 0.36050961538461546 0.023565340909090956 0.08986538461538454
0 0.017890625 0.5117403846153846 0.03578125 0.0458269230769231
0 0.6926065340909091 0.5626634615384615 0.03992897727272721 0.05136538461538463
0 0.2288778409090909 0.33116346153846166 0.048124999999999994 0.029403846153846194
0 0.5789559659090909 0.4998173076923076 0.013565340909090924 0.04344230769230764
0 0.548203125 0.5461153846153847 0.036633522727272674 0.04546153846153849
0 0.953934659090909 0.9658269230769231 0.049289772727272634 0.03026923076923077
0 0.6095525568181818 0.4996346153846154 0.05799715909090915 0.07480769230769227
0 0.15789772727272727 0.044894230769230825 0.052954545454545476 0.039480769230769285
0 0.9374928977272727 0.9273461538461538 0.05083806818181813 0.06484615384615385
0 0.6289914772727273 0.7514903846153846 0.05806818181818181 0.03798076923076923
0 0.502237215909091 0.24279807692307687 0.04714488636363636 0.03463461538461537
0 0.03208806818181818 0.8811826923076923 0.06417613636363637 0.08432692307692306
0 0.17555397727272729 0.8208942307692308 0.140625 0.1380576923076923
0 0.6792542613636363 0.7163846153846154 0.03177556818181819 0.16303846153846155
0 0.6661860795454545 0.8077403846153847 0.033366477272727284 0.03321153846153845
0 0.5852272727272727 0.7941634615384615 0.15980113636363635 0.028249999999999997
0 0.2205397727272727 0.9452019230769231 0.06940340909090907 0.0711346153846154
0 0.9434943181818182 0.8868173076923077 0.0897443181818181 0.08378846153846153
0 0.3902556818181818 0.41893269230769237 0.11187499999999999 0.1044423076923077
0 0.46982244318181815 0.7277307692307693 0.054019886363636326 0.14226923076923076
0 0.10693892045454545 0.8764038461538461 0.06740056818181818 0.06134615384615384
0 0.5312286931818182 0.053240384615384495 0.014247159090909052 0.09759615384615396
0 0.7766477272727272 0.4634711538461538 0.06650568181818173 0.048365384615384574
0 0.6469034090909092 0.7035769230769231 0.03269886363636361 0.04119230769230767
0 0.48947443181818184 0.9115 0.14448863636363632 0.04715384615384616
0 0.6776207386363636 0.8982692307692308 0.08623579545454542 0.11349999999999999
0 0.36063210227272724 0.3770673076923077 0.052968749999999946 0.08274999999999995
0 0.2621946022727273 0.36715384615384605 0.044758522727272716 0.09415384615384612
0 0.039765625 0.18008653846153844 0.07745738636363636 0.04736538461538461
0 0.3311221590909091 0.564326923076923 0.03616477272727274 0.059076923076923075
0 0.9221306818181819 0.7075480769230769 0.04639204545454541 0.20790384615384616
0 0.30300426136363634 0.37523076923076926 0.04495738636363633 0.09730769230769235
0 0.7865269886363635 0.3827211538461538 0.09362215909090904 0.06074999999999995
0 0.031470170454545456 0.2750576923076923 0.06231534090909092 0.08288461538461532
0 0.021988636363636363 0.21880769230769226 0.043977272727272726 0.0744615384615384
0 0.8762357954545454 0.8462884615384615 0.026420454545454417 0.15976923076923077
0 0.7858025568181817 0.7565961538461539 0.05049715909090919 0.03553846153846155
0 0.24105113636363634 0.5610384615384616 0.06295454545454549 0.050615384615384604
0 0.8676207386363637 0.6631538461538462 0.08140625000000008 0.09961538461538463
0 0.2332244318181818 0.543048076923077 0.01599431818181817 0.07659615384615381
0 0.30454545454545456 0.9355384615384615 0.05079545454545453 0.05592307692307693
0 0.27282670454545455 0.9259423076923077 0.019460227272727258 0.027730769230769226
0 0.43859374999999995 0.7311442307692307 0.03156249999999996 0.11074999999999997
0 0.9314346590909092 0.015394230769230743 0.05443181818181809 0.03078846153846152
0 0.37084517045454546 0.6382884615384616 0.016349431818181805 0.07253846153846154
0 0.8487144886363637 0.7283461538461539 0.04822443181818188 0.05365384615384616
0 0.13901278409090911 0.8942692307692308 0.06646306818181819 0.04207692307692308
0 0.5722443181818182 0.6895288461538462 0.08602272727272728 0.031096153846153822
0 0.33244318181818183 0.9001442307692308 0.038607954545454556 0.06267307692307691
0 0.9640482954545455 0.7803846153846155 0.07116477272727276 0.17788461538461536
0 0.8195809659090909 0.8288846153846154 0.05183238636363638 0.07376923076923077
0 0.27875 0.5744326923076923 0.03903409090909089 0.06209615384615383
0 0.8965696022727272 0.8893461538461538 0.02606534090909094 0.06692307692307692
0 0.44971590909090914 0.465125 0.062215909090909106 0.07667307692307693
0 0.8939985795454546 0.5902980769230769 0.04825284090909095 0.0785192307692308
0 0.8886150568181819 0.9498173076923077 0.027315340909090935 0.033596153846153845
0 0.9794886363636363 0.9480096153846154 0.04039772727272719 0.057942307692307696
0 0.09072443181818182 0.8957115384615384 0.03335227272727272 0.036384615384615376
0 0.2785298295454545 0.5192980769230768 0.038110795454545474 0.05636538461538462
0 0.29739346590909094 0.5933076923076923 0.038650568181818196 0.02426923076923078
0 0.3290553977272727 0.5160961538461539 0.06359374999999998 0.09603846153846159
0 0.12932528409090907 0.9510673076923077 0.09154829545454544 0.05144230769230769
0 0.6192400568181818 0.8287596153846154 0.061548295454545515 0.12278846153846154
0 0.9113778409090909 0.9307596153846154 0.032613636363636414 0.0279423076923077
0 0.8331321022727273 0.5285576923076922 0.025525568181818222 0.06376923076923081
0 0.5511434659090909 0.30707692307692314 0.020298295454545402 0.06826923076923076
0 0.5264275568181819 0.5388269230769231 0.04924715909090911 0.0765384615384615
0 0.31088068181818185 0.5442884615384616 0.02954545454545452 0.052307692307692284
0 0.8923011363636365 0.8059519230769231 0.03502840909090905 0.12263461538461538
0 0.077421875 0.7913269230769231 0.08634943181818183 0.14161538461538464
0 0.4970809659090909 0.48478846153846156 0.038110795454545515 0.05399999999999997
0 0.39163352272727275 0.5615961538461538 0.05355113636363635 0.08549999999999996
0 0.13750710227272728 0.9818846153846154 0.04137784090909092 0.03623076923076923
0 0.18138494318181816 0.26084615384615384 0.03186079545454545 0.04234615384615381
0 0.4268465909090909 0.4839134615384615 0.09000000000000002 0.08990384615384615
0 0.49652698863636363 0.5455480769230769 0.027571022727272684 0.07194230769230768
0 0.3008948863636363 0.7403653846153846 0.06934659090909094 0.15903846153846157
0 0.9098792613636365 0.9493269230769231 0.058565340909090775 0.03965384615384615
0 0.8188210227272728 0.7564519230769231 0.09485795454545466 0.12790384615384617
0 0.23689630681818183 0.9662403846153846 0.02461647727272725 0.04236538461538462
0 0.37394886363636365 0.6712019230769231 0.022130681818181838 0.033596153846153845
0 0.8698508522727273 0.5299807692307692 0.052627840909090846 0.05665384615384612
0 0.9080113636363637 0.48276923076923073 0.04105113636363649 0.05130769230769232
0 0.8172514204545455 0.4814711538461539 0.05595170454545453 0.028480769230769237
0 0.30607954545454547 0.6459711538461539 0.03147727272727272 0.05786538461538457
0 0.7027769886363636 0.5141057692307691 0.025440340909090864 0.0315576923076923
0 0.723203125 0.4906634615384615 0.05018465909090899 0.023903846153846168
0 0.1838778409090909 0.9867019230769231 0.05553977272727272 0.026596153846153846
0 0.9798579545454544 0.9845288461538462 0.039374999999999875 0.030942307692307693
0 0.7694318181818182 0.4875673076923076 0.05539772727272727 0.07059615384615381
0 0.30563920454545457 0.6441442307692307 0.014744318181818216 0.019442307692307665
0 0.22173295454545458 0.964375 0.023749999999999997 0.06563461538461539
0 0.5683806818181818 0.92725 0.053096590909090906 0.1455
0 0.3902414772727273 0.5192692307692308 0.024119318181818207 0.10080769230769228
0 0.8749786931818181 0.9265192307692307 0.06265625000000002 0.01976923076923077
0 0.6104971590909091 0.8936153846153846 0.08196022727272725 0.11938461538461538
0 0.29389204545454545 0.47905769230769235 0.02499999999999999 0.03303846153846155
0 0.08498579545454545 0.3108557692307692 0.0453125 0.06390384615384619
0 0.48023437500000005 0.5154807692307692 0.028025568181818127 0.042192307692307744
0 0.8578906249999999 0.4285865384615385 0.09180397727272727 0.048250000000000064
0 0.33024857954545456 0.43029807692307687 0.06669034090909089 0.07951923076923081
0 0.6122088068181818 0.7199519230769231 0.12370738636363642 0.06236538461538463
0 0.17956676136363636 0.932548076923077 0.03771306818181818 0.09940384615384615
0 0.08666903409090909 0.21904807692307682 0.03916193181818182 0.08471153846153848
0 0.15268465909090911 0.30399999999999994 0.02798295454545455 0.0798076923076923
0 0.14499289772727272 0.23668269230769223 0.04805397727272727 0.05021153846153849
0 0.12967329545454545 0.20086538461538472 0.032500000000000015 0.03880769230769232
0 0.11509943181818182 0.16490384615384612 0.0653125 0.08742307692307699
0 0.7627840909090909 0.9475192307692307 0.040909090909090846 0.09334615384615384
0 0.7183380681818181 0.8425480769230769 0.0535227272727272 0.11675
0 0.6156178977272727 0.021201923076923035 0.04504261363636361 0.042403846153846174
0 0.6834801136363636 0.7372115384615385 0.060454545454545455 0.08588461538461538
0 0.6773721590909091 0.8658076923076923 0.026420454545454577 0.02638461538461538
0 0.6528196022727273 0.8716346153846154 0.06867897727272722 0.06765384615384616
0 0.6566761363636363 0.840625 0.0400284090909091 0.06563461538461537
0 0.75765625 0.8018557692307693 0.06230113636363646 0.05094230769230768
0 0.7377911931818182 0.8196923076923077 0.047656249999999935 0.05265384615384617
0 0.7294318181818181 0.7710096153846154 0.06355113636363638 0.04359615384615385
0 0.6888494318181818 0.8392307692307692 0.028011363636363674 0.0905769230769231
0 0.4434588068181819 0.9650384615384615 0.08796875000000001 0.06992307692307692
0 0.32312500000000005 0.8456346153846154 0.04258522727272726 0.12603846153846154
0 0.6012642045454545 0.7434326923076923 0.04835227272727276 0.06313461538461541
0 0.797166193181818 0.9332307692307692 0.053536931818181734 0.10192307692307692
0 0.25405539772727276 0.9668076923076923 0.03634943181818182 0.06638461538461539
0 0.08017755681818182 0.9396634615384616 0.06038352272727274 0.11771153846153845
0 0.043210227272727275 0.9530865384615385 0.06522727272727273 0.09378846153846154
0 0.8274857954545454 0.9676538461538462 0.06494318181818169 0.06469230769230769
0 0.23228693181818183 0.5965 0.05181818181818185 0.05065384615384616
0 0.27090909090909093 0.6389903846153846 0.04502840909090908 0.07290384615384615
0 0.25696022727272727 0.7701730769230769 0.053096590909090906 0.10807692307692311
0 0.31453125 0.6795673076923077 0.01289772727272729 0.0740576923076923
0 0.21281960227272725 0.8742788461538462 0.06967329545454545 0.1348653846153846
0 0.6267329545454546 0.18507692307692314 0.032670454545454544 0.0755769230769231
0 0.2594034090909091 0.5211826923076923 0.059062499999999976 0.054403846153846136
0 0.6224786931818183 0.6966346153846155 0.08964488636363631 0.11738461538461539
0 0.7601136363636364 0.606125 0.042130681818181935 0.08286538461538462
0 0.7287428977272726 0.5628557692307692 0.08975852272727272 0.06190384615384615
0 0.853203125 0.8795288461538462 0.036889204545454586 0.10017307692307692
0 0.8602059659090909 0.8313269230769231 0.031065340909090914 0.11711538461538461
0 0.7996306818181819 0.24949038461538464 0.05176136363636355 0.06475000000000003
0 0.8825639204545456 0.32199999999999995 0.0249857954545455 0.0910000000000001
0 0.7482599431818181 0.19726923076923086 0.05700284090909098 0.07465384615384614
0 0.799012784090909 0.23658653846153843 0.054076704545454456 0.1807115384615384
0 0.812215909090909 0.5298076923076923 0.030653409090909148 0.08634615384615381
0 0.7737073863636365 0.28137500000000004 0.0839204545454546 0.0949807692307692
0 0.9610724431818182 0.6158269230769231 0.03805397727272722 0.06869230769230769
0 0.8458167613636363 0.31318269230769236 0.04774147727272729 0.1289038461538462
0 0.9471590909090909 0.3955288461538462 0.0995454545454546 0.026134615384615447
0 0.9809730113636363 0.42964423076923075 0.03805397727272722 0.029519230769230704
0 0.6965482954545454 0.03657692307692306 0.045340909090909036 0.0731538461538462
0 0.6925213068181818 0.11450000000000005 0.021207386363636373 0.1137307692307692
0 0.7368323863636363 0.43438461538461537 0.05420454545454541 0.06742307692307693
0 0.9471235795454547 0.4264134615384616 0.06123579545454547 0.024942307692307746
0 0.845205965909091 0.024346153846153906 0.07507102272727276 0.04457692307692298
0 0.5544673295454546 0.025942307692307764 0.0271448863636363 0.05188461538461542
0 0.8864843750000001 0.05938461538461537 0.02390625000000006 0.11876923076923075
0 0.8959375 0.040211538461538354 0.040142045454545444 0.08042307692307692
0 0.7285369318181818 0.22702884615384622 0.043494318181818266 0.07386538461538456
0 0.6952982954545455 0.20599038461538466 0.03494318181818185 0.07748076923076916
0 0.6240980113636364 0.13448076923076924 0.05853693181818187 0.10388461538461535
0 0.6611150568181818 0.18711538461538468 0.03421875000000005 0.03292307692307693
0 0.8721377840909091 0.3840192307692307 0.06558238636363646 0.05134615384615393
0 0.8786363636363635 0.42708653846153855 0.040198863636363734 0.062211538461538395
0 0.8314275568181819 0.4114423076923077 0.02166193181818182 0.11315384615384622
0 0.8150923295454546 0.38059615384615375 0.044446022727272834 0.04834615384615393
0 0.53640625 0.2589807692307692 0.030767045454545408 0.039076923076923065
0 0.8502343750000001 0.4049807692307693 0.019502840909090772 0.021192307692307767
0 0.543125 0.2148461538461539 0.0507386363636364 0.06396153846153856
0 0.5671306818181818 0.2794134615384616 0.04377840909090908 0.18917307692307694
0 0.5838423295454546 0.281326923076923 0.02984374999999999 0.08623076923076918
0 0.6144957386363636 0.2822692307692307 0.031150568181818192 0.04257692307692316
0 0.6018821022727273 0.13700961538461542 0.0263778409090909 0.06286538461538461
0 0.5993039772727272 0.19464423076923087 0.04071022727272731 0.05705769230769234
0 0.23120738636363633 0.09191346153846147 0.04355113636363636 0.16071153846153846
0 0.2733877840909091 0.20572115384615386 0.06973011363636364 0.06098076923076919
0 0.4833380681818182 0.29819230769230765 0.06747159090909091 0.07865384615384612
0 0.8725852272727272 0.970326923076923 0.05366477272727285 0.05934615384615385
0 0.4655326704545455 0.28191346153846164 0.05248579545454544 0.05201923076923079
0 0.4412713068181818 0.381375 0.03640625000000008 0.1924423076923078
0 0.5106676136363636 0.4197980769230768 0.11218750000000002 0.07417307692307691
0 0.5539701704545454 0.36051923076923087 0.041548295454545456 0.06996153846153856
0 0.18459517045454546 0.10170192307692305 0.022485795454545453 0.10421153846153845
0 0.20764914772727272 0.059461538461538344 0.07404829545454544 0.023615384615384673
0 0.20394176136363634 0.09940384615384612 0.02365056818181819 0.0737307692307693
0 0.70828125 0.29382692307692304 0.05829545454545449 0.08738461538461538
0 0.7051775568181818 0.2998557692307692 0.041974431818181834 0.06478846153846153
0 0.39100142045454545 0.3709326923076923 0.031377840909090876 0.07317307692307695
0 0.3440980113636364 0.7700384615384616 0.013139204545454546 0.03096153846153845
0 0.9057599431818182 0.9789230769230769 0.03225852272727278 0.04215384615384616
0 0.3847869318181818 0.34477884615384613 0.03505681818181819 0.07490384615384613
0 0.6759943181818181 0.2855096153846155 0.032017045454545486 0.06925000000000009
0 0.6096448863636363 0.39274038461538463 0.02465909090909093 0.057519230769230816
0 0.5439488636363636 0.41484615384615386 0.022187500000000006 0.06961538461538459
0 0.5351704545454545 0.11987499999999995 0.026022727272727263 0.05551923076923078
0 0.5543039772727273 0.141625 0.06059659090909095 0.09240384615384617
0 0.48675426136363636 0.14683653846153855 0.04987215909090911 0.051173076923076946
0 0.6486647727272726 0.27619230769230774 0.02809659090909095 0.0797692307692308
0 0.45500000000000007 0.20219230769230767 0.09295454545454546 0.08976923076923078
0 0.500390625 0.18855769230769237 0.05484374999999994 0.08430769230769238
0 0.7158522727272727 0.12210576923076921 0.030426136363636305 0.13382692307692315
0 0.082890625 0.07907692307692304 0.03305397727272727 0.06588461538461536
0 0.075546875 0.0517788461538462 0.08882102272727273 0.10355769230769235
0 0.3030965909090909 0.21215384615384614 0.06906250000000001 0.09780769230769233
0 0.3352485795454545 0.2675096153846154 0.021434659090909094 0.025788461538461586
0 0.4607102272727273 0.5937692307692308 0.037073863636363585 0.05761538461538463
0 0.13730823863636363 0.36923076923076925 0.041803977272727263 0.051615384615384674
0 0.05529829545454546 0.14667307692307685 0.06681818181818183 0.054115384615384586
0 0.03613636363636364 0.13722115384615385 0.0690340909090909 0.045942307692307664
0 0.6198934659090909 0.2344807692307691 0.05586647727272725 0.10542307692307691
0 0.01896306818181818 0.1159230769230769 0.03792613636363636 0.05399999999999997
0 0.9288210227272727 0.6542788461538461 0.0628409090909091 0.20090384615384613
0 0.133203125 0.28174999999999994 0.039786931818181825 0.07457692307692303
0 0.11640625 0.3250576923076922 0.025880681818181817 0.019730769230769322
0 0.07617897727272728 0.572673076923077 0.06406250000000001 0.10534615384615385
0 0.2391477272727273 0.2844903846153847 0.04196022727272726 0.06828846153846152
0 0.16907670454545454 0.014336538461538595 0.026250000000000006 0.028365384615384508
0 0.506434659090909 0.05745192307692304 0.017414772727272796 0.06371153846153846
0 0.5244886363636364 0.048942307692307674 0.032244318181818166 0.051923076923076926
0 0.024772727272727276 0.5505865384615385 0.03713068181818182 0.060942307692307685
0 0.10470880681818183 0.5585 0.09367897727272725 0.047884615384615394
0 0.5488494318181818 0.6095192307692308 0.07369318181818181 0.18096153846153845
0 0.5748082386363635 0.3435 0.02188920454545458 0.041923076923076834
0 0.5850355113636364 0.5510096153846153 0.018764204545454598 0.05032692307692311
0 0.6076420454545454 0.5929615384615385 0.0619602272727272 0.053499999999999985
0 0.5552201704545454 0.6129134615384615 0.05492897727272721 0.08163461538461536
0 0.9119389204545456 0.5245192307692308 0.033565340909090906 0.058499999999999976
0 0.1839559659090909 0.20163461538461547 0.03677556818181816 0.07853846153846149
0 0.2032883522727273 0.24022115384615372 0.027116477272727278 0.2120576923076924
0 0.6039488636363636 0.366971153846154 0.06985795454545456 0.05136538461538458
0 0.5949147727272727 0.39049038461538466 0.03545454545454551 0.04463461538461545
0 0.5493181818181818 0.4419615384615384 0.026335227272727302 0.08023076923076929
0 0.5534943181818182 0.582701923076923 0.013977272727272692 0.022403846153846163
0 0.5831392045454545 0.34361538461538466 0.019602272727272742 0.035653846153846085
0 0.3283806818181818 0.6470096153846154 0.027215909090909086 0.048288461538461565
0 0.3479332386363636 0.6063557692307693 0.03504261363636358 0.07367307692307692
0 0.3509019886363636 0.6724230769230769 0.02157670454545454 0.08723076923076925
0 0.42230113636363636 0.5738173076923077 0.02659090909090913 0.10375000000000004
0 0.6579900568181819 0.6396346153846154 0.09933238636363638 0.0693461538461538
0 0.6641832386363636 0.5717980769230768 0.03901988636363632 0.04825000000000001
0 0.7080752840909091 0.4227980769230769 0.034076704545454556 0.058134615384615417
0 0.6642826704545454 0.4057211538461539 0.046690340909090834 0.04982692307692312
0 0.185546875 0.016211538461538444 0.014048295454545435 0.03211538461538448
0 0.9676420454545455 0.06715384615384612 0.03213068181818182 0.025653846153846107
0 0.31686079545454543 0.33005769230769233 0.025880681818181817 0.028807692307692343
0 0.308828125 0.3174711538461539 0.0204971590909091 0.020480769230769295
0 0.02359375 0.41812499999999986 0.04553977272727273 0.06401923076923081
0 0.031448863636363636 0.45146153846153847 0.019659090909090907 0.03065384615384615
0 0.04266335227272728 0.5952692307692308 0.04126420454545455 0.06080769230769232
0 0.42059659090909096 0.6874711538461539 0.018465909090909092 0.03748076923076919
0 0.4237357954545455 0.7527596153846154 0.0382954545454546 0.10598076923076923
0 0.3996377840909091 0.7467403846153846 0.01606534090909091 0.09394230769230771
0 0.4690269886363637 0.6333557692307692 0.025639204545454562 0.025442307692307726
0 0.37335937500000005 0.7416153846153846 0.034048295454545414 0.05711538461538462
0 0.4866335227272728 0.5986538461538462 0.03417613636363637 0.043961538461538434
0 0.3283309659090909 0.28165384615384625 0.029133522727272754 0.024576923076923135
0 0.1837997159090909 0.3721826923076923 0.02794034090909089 0.02936538461538469
0 0.49620028409090916 0.6164711538461538 0.02938920454545454 0.0324038461538462
0 0.16110795454545454 0.380201923076923 0.023835227272727275 0.019019230769230743
0 0.4970525568181818 0.6643653846153846 0.05708806818181818 0.06338461538461534
0 0.39409801136363637 0.6880865384615384 0.019502840909090935 0.042249999999999996
0 0.17048295454545456 0.49624038461538467 0.03718750000000001 0.07686538461538461
0 0.06889204545454546 0.5044615384615385 0.02102272727272727 0.026076923076923025
0 0.13693181818181818 0.45852884615384615 0.016676136363636355 0.026519230769230698
0 0.1342258522727273 0.42148076923076927 0.024019886363636358 0.020923076923076916
0 0.4072372159090909 0.6837788461538461 0.01674715909090904 0.03563461538461539
0 0.6743465909090909 0.13329807692307705 0.026732954545454535 0.11574999999999999
0 0.336953125 0.7755 0.051406249999999994 0.10096153846153849
0 0.22098011363636363 0.3655288461538462 0.05571022727272727 0.017596153846153803
0 0.05038352272727273 0.3792596153846155 0.029176136363636366 0.0556346153846154
0 0.21498579545454544 0.37920192307692313 0.017954545454545435 0.07967307692307683
0 0.9182883522727271 0.11035576923076917 0.06734374999999995 0.10178846153846155
0 0.39640625 0.6594423076923077 0.04272727272727279 0.04565384615384617
0 0.30763494318181817 0.2870384615384616 0.030156249999999985 0.04619230769230766
0 0.3768892045454546 0.7875192307692308 0.026363636363636367 0.1015
0 0.16706676136363638 0.35005769230769224 0.029417613636363627 0.043576923076923124
0 0.09685369318181819 0.3596346153846154 0.020184659090909104 0.024192307692307662
0 0.18477982954545455 0.3953269230769231 0.017968749999999988 0.028692307692307614
0 0.30902698863636363 0.8086923076923077 0.01311079545454544 0.10992307692307692
0 0.3439630681818182 0.725 0.02221590909090907 0.05600000000000001
0 0.9095667613636365 0.07797115384615372 0.0710937500000001 0.059250000000000004
0 0.1865838068181818 0.35217307692307687 0.04296874999999998 0.026230769230769203
0 0.3139914772727273 0.778201923076923 0.04431818181818184 0.11521153846153845
0 0.12869318181818182 0.34750000000000003 0.04943181818181818 0.03123076923076925
0 0.12846590909090908 0.36540384615384613 0.04426136363636363 0.022461538461538474
0 0.4283167613636364 0.6563076923076923 0.04848011363636363 0.02876923076923073
0 0.4982528409090909 0.6433076923076922 0.021875000000000047 0.02684615384615386
0 0.31239346590909095 0.7710096153846153 0.051065340909090935 0.03744230769230769
0 0.08640625 0.3463846153846154 0.029630681818181827 0.02946153846153845
0 0.03811079545454546 0.38631730769230765 0.058835227272727275 0.09686538461538463
0 0.14630681818181818 0.4927307692307693 0.045085227272727284 0.0497307692307692
0 0.037954545454545456 0.4804807692307693 0.01829545454545454 0.03815384615384611
0 0.10953835227272726 0.4985480769230769 0.04319602272727272 0.05932692307692307
0 0.4309161931818182 0.6384038461538462 0.028053977272727272 0.026576923076923064
0 0.5285582386363636 0.5928653846153846 0.041718750000000006 0.04446153846153847
0 0.11098011363636363 0.4102403846153846 0.023892045454545464 0.04851923076923081
0 0.15392045454545455 0.3988173076923077 0.049403409090909095 0.025596153846153852
0 0.44596590909090916 0.629951923076923 0.03704545454545452 0.02374999999999999
0 0.6769034090909091 0.4215769230769232 0.035880681818181805 0.04330769230769238
0 0.3565340909090909 0.7622980769230769 0.015482954545454513 0.02421153846153847
0 0.018295454545454545 0.6099615384615384 0.03659090909090909 0.05130769230769232
0 0.4561789772727272 0.6755769230769231 0.027528409090909086 0.06899999999999999
0 0.3792116477272728 0.7089615384615385 0.018792613636363583 0.03503846153846154
0 0.38627130681818184 0.2024807692307693 0.0719744318181818 0.10146153846153845
0 0.8578267045454545 0.44055769230769226 0.0394886363636363 0.05842307692307691
0 0.5165624999999999 0.11008653846153849 0.017272727272727308 0.07624999999999996
0 0.05406960227272727 0.37495192307692315 0.01305397727272727 0.02394230769230767
0 0.7992400568181818 0.33918269230769227 0.08245738636363646 0.033865384615384644
0 0.9586647727272727 0.4984423076923077 0.08267045454545462 0.10907692307692313
0 0.01036221590909091 0.4317692307692307 0.02072443181818182 0.016961538461538448
0 0.025802556818181818 0.6461057692307692 0.02606534090909091 0.07282692307692308
0 0.27857954545454544 0.2770673076923077 0.02755681818181819 0.0889807692307692
0 0.3197443181818182 0.7317884615384616 0.03482954545454547 0.05530769230769229
0 0.25606534090909094 0.3131153846153847 0.0400284090909091 0.02511538461538462
0 0.23556107954545455 0.3810961538461538 0.04481534090909092 0.06715384615384619
0 0.10946732954545454 0.020442307692307704 0.03569602272727272 0.040884615384615366
0 0.23774857954545456 0.4462884615384617 0.042514204545454556 0.09411538461538461
0 0.6308522727272727 0.33172115384615386 0.022073863636363586 0.04463461538461545
0 0.3296803977272727 0.30525 0.0214630681818182 0.030153846153846166
0 0.6397230113636364 0.5103173076923078 0.04529829545454544 0.0535576923076923
0 0.4667542613636364 0.23534615384615387 0.026406249999999964 0.038423076923076956
0 0.08308238636363637 0.41029807692307696 0.038465909090909085 0.027788461538461515
0 0.7594176136363636 0.3334903846153845 0.0627556818181819 0.13855769230769233
0 0.27775568181818183 0.824701923076923 0.051903409090909076 0.0660576923076923
0 0.04386363636363637 0.6289134615384615 0.030880681818181818 0.048288461538461565
0 0.6131889204545454 0.3080673076923077 0.021946022727272793 0.020442307692307683
0 0.20878551136363638 0.5027211538461538 0.04927556818181822 0.1127884615384616
0 0.6301917613636363 0.2996153846153846 0.015980113636363636 0.018923076923076983
0 0.646924715909091 0.3139326923076923 0.024474431818181843 0.03178846153846149
0 0.7202272727272727 0.2786153846153846 0.03610795454545457 0.08546153846153846
0 0.012286931818181818 0.3792403846153847 0.02443181818181818 0.1056346153846154
0 0.2708664772727273 0.27775961538461535 0.060284090909090905 0.10936538461538463
0 0.049815340909090906 0.5586730769230769 0.02284090909090909 0.0758846153846154
0 0.6122443181818181 0.3253173076923077 0.029488636363636352 0.020442307692307683
0 0.36892755681818185 0.701173076923077 0.026321022727272728 0.0425769230769231
0 0.6626349431818181 0.3341442307692307 0.0703551136363636 0.03655769230769229
0 0.21312500000000004 0.2662692307692307 0.017528409090909094 0.11346153846153846
0 0.3351917613636364 0.22298076923076926 0.04021306818181818 0.057384615384615444
0 0.22548295454545456 0.04221153846153847 0.060454545454545455 0.020961538461538417
0 0.41083806818181823 0.2742307692307693 0.08954545454545458 0.06030769230769222
0 0.4119744318181818 0.3012499999999999 0.03099431818181817 0.03530769230769223
0 0.33789772727272727 0.3287596153846155 0.02082386363636363 0.09340384615384614
0 0.4548792613636364 0.07733653846153854 0.12265625000000004 0.096826923076923
0 0.24696732954545456 0.19233653846153842 0.07680397727272727 0.047211538461538485
0 0.40440340909090905 0.24003846153846164 0.028011363636363674 0.06526923076923076
0 0.3065838068181818 0.2613557692307692 0.03461647727272728 0.04686538461538452
0 0.2654190340909091 0.4528653846153846 0.06475852272727273 0.09923076923076928
0 0.35786931818181816 0.28073076923076923 0.024573863636363612 0.07346153846153844
0 0.3104758522727273 0.3836057692307693 0.03188920454545457 0.08332692307692305
0 0.5751846590909091 0.4592788461538462 0.029289772727272734 0.04571153846153843
0 0.12799715909090909 0.05615384615384611 0.0612215909090909 0.11230769230769226
0 0.6995951704545454 0.36870192307692307 0.025383522727272734 0.06144230769230767
0 0.38487215909090905 0.5943846153846153 0.05982954545454546 0.06884615384615381
0 0.6864346590909091 0.35797115384615386 0.02215909090909094 0.06875
0 0.9924431818181819 0.07734615384615395 0.015113636363636345 0.05603846153846162
0 0.7086363636363636 0.6142211538461538 0.08721590909090914 0.05982692307692305
0 0.2658025568181818 0.851125 0.05629261363636363 0.07451923076923078
0 0.688203125 0.5239615384615385 0.05427556818181823 0.05376923076923073
0 0.0798721590909091 0.5305384615384615 0.020255681818181815 0.03873076923076921
0 0.20293323863636364 0.03402884615384627 0.13336647727272727 0.06624999999999998
0 0.9406676136363636 0.9875384615384616 0.03857954545454541 0.024923076923076926
0 0.9706036931818183 0.02635576923076932 0.03183238636363632 0.05271153846153851
0 0.5947230113636364 0.3247788461538461 0.0206960227272728 0.043711538461538496
0 0.9833309659090909 0.036826923076923035 0.03333806818181822 0.06407692307692306
0 0.031164772727272725 0.31708653846153845 0.06119318181818181 0.05024999999999999
0 0.41306107954545457 0.6159423076923076 0.025724431818181837 0.04434615384615385
0 0.6444957386363637 0.620326923076923 0.04927556818181818 0.0773846153846154
