0 0.4839133522727273 0.1478076923076923 0.07742897727272725 0.09084615384615387
0 0.5160085227272727 0.03904807692307699 0.037102272727272734 0.06901923076923075
0 0.11710937499999999 0.9152596153846154 0.062258522727272725 0.08286538461538462
0 0.11080965909090908 0.9716153846153847 0.1021306818181818 0.056346153846153844
0 0.03704545454545454 0.890875 0.07409090909090908 0.10228846153846155
0 0.016725852272727274 0.8110865384615384 0.032173295454545454 0.08474999999999999
0 0.022492897727272726 0.7267980769230769 0.04441761363636364 0.06582692307692309
0 0.08230113636363635 0.8319134615384616 0.03463068181818181 0.06582692307692306
0 0.05257102272727274 0.7935673076923077 0.05142045454545455 0.11790384615384616
0 0.11763494318181818 0.8423365384615384 0.05910511363636364 0.07432692307692308
0 0.09769176136363637 0.7616057692307692 0.09617897727272727 0.08901923076923081
0 0.12865056818181816 0.656 0.061562499999999985 0.08619230769230768
0 0.4777840909090909 0.07093269230769228 0.09227272727272724 0.054173076923076956
0 0.1982528409090909 0.6571826923076923 0.08045454545454543 0.05255769230769233
0 0.17744318181818183 0.69625 0.06750000000000002 0.04357692307692307
0 0.18811079545454545 0.7402980769230769 0.07204545454545454 0.056826923076923073
0 0.17709517045454545 0.8115576923076924 0.11296875 0.11884615384615381
0 0.2321803977272727 0.7135288461538462 0.08464488636363637 0.07055769230769231
0 0.29597301136363635 0.8942307692307693 0.058877840909090935 0.11815384615384615
0 0.3279048295454545 0.8292596153846155 0.05805397727272728 0.09709615384615385
0 0.30105113636363634 0.8204230769230769 0.053693181818181834 0.04519230769230769
0 0.2633309659090909 0.8320576923076923 0.052031249999999994 0.08026923076923079
0 0.26537642045454546 0.7572115384615384 0.03714488636363637 0.07584615384615384
0 0.49810369318181813 0.12027884615384621 0.09291193181818186 0.052403846153846155
0 0.31051136363636367 0.7613365384615385 0.06414772727272727 0.09117307692307691
0 0.32386363636363635 0.6845192307692307 0.13727272727272724 0.07819230769230769
0 0.24955965909090908 0.6393365384615384 0.08096590909090909 0.08290384615384612
0 0.100234375 0.6823557692307691 0.07313920454545454 0.09351923076923076
0 0.057251420454545454 0.6789423076923078 0.06785511363636364 0.11826923076923077
0 0.025923295454545456 0.6426153846153846 0.05176136363636363 0.13496153846153847
0 0.026803977272727268 0.5893461538461537 0.031136363636363632 0.0681923076923077
0 0.074375 0.5791538461538461 0.04161931818181819 0.09707692307692312
0 0.11232244318181818 0.6099423076923077 0.04336647727272727 0.05634615384615382
0 0.04725852272727272 0.5495673076923078 0.030085227272727274 0.11174999999999997
0 0.9364772727272727 0.23812500000000003 0.12704545454545463 0.11159615384615379
0 0.22371448863636365 0.594548076923077 0.19342329545454548 0.10321153846153844
0 0.081015625 0.47296153846153843 0.057173295454545456 0.10688461538461541
0 0.10574573863636362 0.2962403846153846 0.08032670454545454 0.05190384615384617
0 0.07269176136363636 0.33070192307692314 0.029417613636363638 0.050134615384615375
0 0.06161221590909091 0.39493269230769235 0.046946022727272725 0.09713461538461536
0 0.04078125 0.26356730769230763 0.058181818181818175 0.0895192307692308
0 0.16988636363636364 0.2561826923076924 0.07107954545454546 0.12844230769230774
0 0.21365056818181818 0.048798076923076916 0.08502840909090909 0.09759615384615385
0 0.24492897727272728 0.15459615384615377 0.11247159090909092 0.20092307692307695
0 0.257265625 0.2637884615384616 0.07407670454545455 0.12888461538461535
0 0.8431463068181819 0.2758653846153847 0.03211647727272729 0.04119230769230772
0 0.22105823863636365 0.30947115384615387 0.05211647727272727 0.13851923076923073
0 0.2677769886363636 0.37813461538461535 0.05569602272727274 0.078
0 0.2948508522727273 0.4595096153846153 0.15592329545454542 0.1211346153846154
0 0.4598792613636364 0.3812403846153847 0.07063920454545457 0.1026346153846154
0 0.4284232954545455 0.3041634615384615 0.09937499999999998 0.05851923076923078
0 0.542784090909091 0.12814423076923076 0.026136363636363603 0.06201923076923077
0 0.5673011363636363 0.13666346153846154 0.037102272727272734 0.052865384615384634
0 0.0708309659090909 0.25805769230769227 0.03816761363636363 0.05099999999999996
0 0.6242400568181818 0.017240384615384685 0.05109374999999996 0.034480769230769245
0 0.9347159090909091 0.6208653846153847 0.12985795454545448 0.046923076923076935
0 0.8772727272727273 0.025403846153846277 0.07488636363636368 0.05080769230769234
0 0.9689914772727274 0.40546153846153854 0.06201704545454541 0.05892307692307701
0 0.8351917613636363 0.012105769230769114 0.03714488636363633 0.023980769230769285
0 0.8109517045454545 0.04766346153846146 0.09025568181818176 0.06444230769230778
0 0.9293678977272727 0.06849038461538459 0.0902698863636363 0.09351923076923076
0 0.8691477272727273 0.09069230769230763 0.065596590909091 0.0994230769230769
0 0.5484588068181818 0.17347115384615386 0.05538352272727274 0.07232692307692311
0 0.4274573863636363 0.1807788461538461 0.05548295454545455 0.07905769230769233
0 0.4825355113636364 0.2484423076923078 0.04160511363636366 0.04338461538461539
0 0.4913991477272727 0.3002115384615385 0.022769886363636326 0.05099999999999996
0 0.48359375000000004 0.28428846153846166 0.06451704545454548 0.03711538461538464
0 0.4391903409090909 0.22625961538461536 0.0706534090909091 0.058096153846153804
0 0.5338423295454546 0.23417307692307687 0.047514204545454526 0.07192307692307699
0 0.6105894886363636 0.1742307692307693 0.07336647727272733 0.08907692307692307
0 0.6617542613636364 0.18222115384615378 0.08856534090909095 0.06775000000000003
0 0.6890198863636363 0.26785576923076915 0.06943181818181818 0.1271346153846153
0 0.631534090909091 0.2731826923076922 0.060710227272727284 0.11721153846153844
0 0.706171875 0.1561538461538461 0.049758522727272686 0.11150000000000003
0 0.41745738636363633 0.14321153846153856 0.06517045454545455 0.07030769230769231
0 0.6810085227272727 0.017846153846153845 0.07758522727272728 0.0356923076923077
0 0.7538210227272728 0.060615384615384627 0.08321022727272732 0.09476923076923083
0 0.8180610795454545 0.14340384615384616 0.07899147727272729 0.11800000000000002
0 0.7858664772727273 0.1506346153846153 0.05960227272727278 0.04492307692307695
0 0.7382173295454545 0.1139134615384616 0.04356534090909085 0.08563461538461534
0 0.7595880681818182 0.2004903846153846 0.07224431818181812 0.06698076923076932
0 0.7368181818181818 0.24559615384615385 0.07281250000000007 0.08030769230769229
0 0.7961292613636364 0.24540384615384614 0.06382102272727282 0.07765384615384614
0 0.8057173295454544 0.3337788461538461 0.06768465909090905 0.06821153846153852
0 0.7909232954545454 0.3026057692307693 0.10497159090909088 0.05105769230769233
0 0.5890838068181818 0.10281730769230768 0.05419034090909096 0.07163461538461538
0 0.7250213068181819 0.3233942307692307 0.07115056818181822 0.06736538461538467
0 0.687890625 0.38576923076923086 0.05521306818181819 0.13315384615384618
0 0.7537926136363636 0.3818173076923076 0.08514204545454546 0.1115961538461539
0 0.8937571022727272 0.384451923076923 0.08436079545454543 0.10632692307692311
0 0.8678977272727273 0.28866346153846156 0.06531250000000002 0.1663269230769231
0 0.9776846590909091 0.3207692307692308 0.04463068181818176 0.08842307692307695
0 0.9349218749999999 0.3968173076923077 0.13015625 0.10578846153846164
0 0.9757457386363636 0.44472115384615385 0.04850852272727269 0.06263461538461537
0 0.9516761363636363 0.49288461538461537 0.07269886363636373 0.08738461538461544
0 0.9306889204545453 0.4968269230769231 0.029928977272727343 0.03630769230769224
0 0.43197443181818185 0.09844230769230777 0.04323863636363636 0.048923076923076916
0 0.9509019886363635 0.4968269230769231 0.025269886363636473 0.035269230769230775
0 0.8488494318181818 0.5257692307692308 0.15085227272727278 0.24580769230769228
0 0.955575284090909 0.57525 0.0882528409090909 0.07211538461538461
0 0.6381605113636364 0.8737211538461539 0.07484375 0.13363461538461538
0 0.5747372159090909 0.8909903846153846 0.0989630681818182 0.21701923076923077
0 0.5457386363636364 0.8527596153846154 0.04741477272727272 0.1729423076923077
0 0.6537144886363637 0.35525961538461537 0.037372159090909095 0.05663461538461536
0 0.6132528409090909 0.3262307692307692 0.04835227272727276 0.09238461538461543
0 0.5721022727272728 0.2976826923076922 0.07167613636363641 0.09098076923076924
0 0.5120951704545454 0.28374999999999995 0.06961647727272725 0.1522692307692308
0 0.38325994318181816 0.09036538461538468 0.07549715909090905 0.11223076923076926
0 0.5467613636363636 0.3315673076923076 0.0748863636363636 0.0794807692307692
0 0.5766619318181818 0.3696442307692308 0.05732954545454539 0.057557692307692324
0 0.4784517045454546 0.38766346153846165 0.03593750000000002 0.053480769230769235
0 0.5022159090909091 0.3689807692307693 0.048778409090909136 0.07226923076923085
0 0.5033664772727273 0.39913461538461525 0.05031249999999994 0.07123076923076926
0 0.4691832386363636 0.4487884615384615 0.03649147727272727 0.0613461538461538
0 0.44959517045454545 0.46698076923076925 0.06259943181818181 0.10607692307692307
0 0.5805113636363637 0.21228846153846148 0.04974431818181815 0.06088461538461543
0 0.5993963068181819 0.23205769230769235 0.05774147727272732 0.04138461538461535
0 0.5539275568181817 0.25032692307692295 0.03532670454545455 0.04550000000000005
0 0.3211576704545455 0.06110576923076916 0.060326704545454544 0.08255769230769232
0 0.8371590909090909 0.655326923076923 0.07110795454545447 0.11788461538461535
0 0.7850568181818183 0.7519903846153846 0.05340909090909094 0.13125
0 0.7394886363636364 0.7885288461538461 0.059204545454545544 0.12417307692307691
0 0.7313707386363636 0.9296346153846153 0.14686079545454553 0.14073076923076924
0 0.8583451704545454 0.9584711538461539 0.09549715909090911 0.08290384615384615
0 0.8921519886363637 0.9645961538461538 0.056889204545454646 0.07080769230769231
0 0.8698082386363637 0.8011057692307693 0.05455965909090905 0.15325000000000003
0 0.9072514204545453 0.8394230769230769 0.05805397727272728 0.16149999999999998
0 0.9741477272727272 0.9502211538461538 0.03221590909090902 0.053057692307692306
0 0.9462855113636363 0.9245192307692308 0.07691761363636361 0.15096153846153845
0 0.5452059659090909 0.09058653846153852 0.03742897727272731 0.06551923076923076
0 0.9913565340909091 0.9402115384615385 0.01728693181818176 0.09823076923076925
0 0.6559375 0.41155769230769224 0.03610795454545457 0.05684615384615385
0 0.6227769886363637 0.3950961538461538 0.03481534090909089 0.056499999999999995
0 0.7429829545454546 0.43547115384615387 0.05863636363636368 0.06586538461538462
0 0.6251278409090909 0.47150000000000003 0.059488636363636355 0.08773076923076924
0 0.6017542613636363 0.4350673076923077 0.07294034090909095 0.08867307692307695
0 0.5438707386363636 0.42165384615384616 0.06478693181818183 0.07334615384615382
0 0.45039062500000004 0.4350673076923077 0.04143465909090911 0.06471153846153842
0 0.5180255681818182 0.4458557692307693 0.07116477272727276 0.06136538461538466
0 0.5730823863636364 0.5014615384615384 0.05806818181818181 0.08246153846153845
0 0.3540625 0.03554807692307693 0.0796875 0.07074999999999992
0 0.49801136363636367 0.4808461538461538 0.05806818181818181 0.03738461538461538
0 0.5132386363636363 0.5175192307692307 0.04815340909090906 0.046500000000000014
0 0.4769460227272727 0.5328653846153846 0.06974431818181813 0.09634615384615378
0 0.7318821022727273 0.5836730769230769 0.10799715909090905 0.2325
0 0.5950355113636363 0.5529999999999999 0.05169034090909097 0.16153846153846155
0 0.5780397727272727 0.573375 0.06656250000000002 0.13805769230769235
0 0.5865340909090908 0.6893653846153847 0.03258522727272727 0.17065384615384618
0 0.5311221590909091 0.7262788461538461 0.10232954545454548 0.12655769230769232
0 0.4781889204545454 0.7967500000000001 0.09134943181818182 0.10642307692307695
0 0.47712357954545453 0.9496634615384616 0.06515625000000001 0.10067307692307692
