0 0.7918110795454545 0.45379807692307694 0.03836647727272742 0.039557692307692294
0 0.9892897727272728 0.6972211538461539 0.021420454545454604 0.026711538461538436
0 0.3449502840909091 0.0981153846153846 0.06376420454545456 0.19623076923076926
0 0.3673508522727273 0.1950288461538462 0.10367897727272729 0.051211538461538454
0 0.3138494318181818 0.18764423076923087 0.03335227272727271 0.04390384615384613
0 0.29093039772727275 0.2527019230769231 0.02098011363636361 0.09732692307692299
0 0.26232954545454545 0.26501923076923073 0.04355113636363636 0.09653846153846163
0 0.24887784090909093 0.2537307692307692 0.012500000000000016 0.024923076923076992
0 0.2765198863636364 0.2092019230769231 0.03673295454545453 0.027173076923076914
0 0.815596590909091 0.4687307692307693 0.030113636363636266 0.028576923076923104
0 0.9163494318181818 0.49342307692307696 0.09443181818181821 0.04915384615384616
0 0.4045596590909091 0.8258076923076922 0.07130681818181825 0.10115384615384615
0 0.9848153409090908 0.7399134615384615 0.030369318181818174 0.0644423076923077
0 0.32573863636363637 0.1833173076923078 0.015227272727272726 0.01744230769230768
0 0.9376917613636363 0.5557403846153846 0.0661505681818181 0.1573269230769231
0 0.5876917613636364 0.006711538461538491 0.015553977272727256 0.013423076923076958
0 0.9797017045454546 0.5872692307692308 0.040596590909090964 0.058961538461538454
0 0.9600923295454545 0.59075 0.050809659090909065 0.09711538461538462
0 0.9435511363636363 0.6501826923076923 0.04355113636363648 0.06417307692307693
0 0.7866832386363637 0.6104615384615384 0.017315340909090825 0.03530769230769233
0 0.7802201704545456 0.5702884615384616 0.023252840909090914 0.07165384615384619
0 0.9210724431818181 0.7532211538461538 0.11058238636363639 0.06994230769230768
0 0.8296661931818182 0.5030096153846153 0.08521306818181819 0.07501923076923075
0 0.8779758522727273 0.5970769230769231 0.08393465909090914 0.13042307692307692
0 0.7990553977272726 0.41785576923076917 0.03268465909090908 0.08282692307692306
0 0.8328551136363636 0.4095288461538461 0.042130681818181775 0.049557692307692275
0 0.803153409090909 0.38977884615384617 0.017443181818181778 0.04090384615384612
0 0.8170667613636362 0.42820192307692295 0.030639204545454615 0.03975000000000003
0 0.9902556818181818 0.6279423076923076 0.019488636363636402 0.028576923076923104
0 0.7340198863636364 0.532201923076923 0.03446022727272726 0.1167115384615385
0 0.6982386363636364 0.4413269230769231 0.06659090909090909 0.12869230769230772
0 0.45828835227272724 0.8173942307692308 0.037542613636363645 0.052596153846153834
0 0.07503551136363637 0.3092403846153846 0.061491477272727274 0.03990384615384615
0 0.1073721590909091 0.20359615384615382 0.04056818181818182 0.08515384615384611
0 0.45251420454545455 0.7418173076923077 0.044971590909090864 0.07498076923076923
0 0.09161221590909091 0.2142019230769231 0.011321022727272735 0.01828846153846152
0 0.08681818181818182 0.20144230769230764 0.03676136363636364 0.06869230769230775
0 0.10044744318181818 0.1436153846153846 0.044985795454545445 0.05500000000000004
0 0.1318252840909091 0.1263653846153847 0.03884943181818183 0.07607692307692308
0 0.04283380681818182 0.16754807692307694 0.08566761363636365 0.08809615384615374
0 0.04965909090909091 0.14818269230769232 0.04778409090909091 0.0842115384615384
0 0.05375710227272727 0.5102211538461539 0.10751420454545454 0.0804038461538461
0 0.11992897727272728 0.5831634615384615 0.04059659090909091 0.10478846153846155
0 0.11743607954545454 0.07927884615384617 0.08379261363636364 0.08136538461538462
0 0.11490056818181818 0.05984615384615388 0.05125000000000001 0.06042307692307684
0 0.783487215909091 0.6600576923076924 0.05654829545454554 0.08669230769230772
0 0.09569602272727273 0.019826923076923242 0.049999999999999996 0.03938461538461531
0 0.14383522727272727 0.5276538461538461 0.019034090909090896 0.018615384615384627
0 0.18 0.4895673076923077 0.06920454545454548 0.07171153846153845
0 0.12218039772727272 0.5288653846153846 0.04859375000000001 0.05576923076923077
0 0.16154829545454544 0.6048076923076924 0.03625 0.054653846153846185
0 0.11609375000000001 0.6322115384615384 0.045312500000000006 0.04126923076923073
0 0.07920454545454546 0.6882692307692307 0.08352272727272726 0.09549999999999999
0 0.04571022727272727 0.7720288461538461 0.06096590909090909 0.07751923076923074
0 0.05940340909090908 0.7582403846153847 0.10749999999999998 0.07782692307692304
0 0.08249289772727274 0.7248461538461539 0.05149147727272727 0.11376923076923076
0 0.4177627840909091 0.8843365384615385 0.03455965909090907 0.10567307692307693
0 0.0925497159090909 0.8068557692307692 0.04654829545454546 0.12101923076923078
0 0.046612215909090905 0.8050192307692308 0.02595170454545455 0.04684615384615384
0 0.05008522727272727 0.8319230769230769 0.04323863636363636 0.04907692307692307
0 0.024879261363636364 0.8176730769230769 0.021832386363636363 0.07361538461538462
0 0.008849431818181819 0.8425288461538462 0.017698863636363638 0.05505769230769233
0 0.03286931818181818 0.8974807692307692 0.06573863636363636 0.07638461538461538
0 0.4001136363636364 0.7236923076923076 0.0339488636363636 0.05507692307692305
0 0.3728835227272727 0.7331634615384616 0.12426136363636363 0.1439423076923077
0 0.6662215909090908 0.5073269230769231 0.13048295454545464 0.07157692307692308
0 0.4417542613636364 0.8204230769230769 0.01958806818181813 0.0323076923076923
0 0.4377272727272727 0.7390769230769231 0.05977272727272725 0.038153846153846135
0 0.4427911931818182 0.875875 0.040525568181818225 0.11617307692307692
0 0.45043323863636364 0.9584807692307692 0.0204971590909091 0.08303846153846153
0 0.014232954545454545 0.8772884615384615 0.02846590909090909 0.04796153846153846
0 0.42823153409090914 0.9591634615384615 0.03160511363636364 0.05201923076923076
0 0.3987784090909091 0.9837884615384616 0.056903409090909095 0.03242307692307692
0 0.3532741477272727 0.9876346153846154 0.03830965909090909 0.02473076923076923
0 0.3313565340909091 0.96125 0.04626420454545454 0.0775
0 0.3097230113636364 0.9586442307692308 0.07828124999999998 0.08271153846153846
0 0.2785653409090909 0.9886826923076923 0.04443181818181818 0.022634615384615385
0 0.2861789772727273 0.11589423076923078 0.06374999999999999 0.09521153846153844
0 0.7451491477272728 0.8045288461538461 0.0719460227272727 0.05459615384615385
0 0.3041193181818182 0.24743269230769238 0.023835227272727275 0.0848653846153846
0 0.2832386363636364 0.012961538461538469 0.08923295454545453 0.02592307692307696
0 0.36566051136363636 0.8436057692307692 0.013508522727272754 0.02005769230769232
0 0.6365767045454546 0.9041730769230769 0.04315340909090908 0.07330769230769231
0 0.7210866477272727 0.8396442307692308 0.05617897727272721 0.04155769230769231
0 0.691221590909091 0.85025 0.029517045454545417 0.014846153846153844
0 0.6718465909090909 0.8696634615384615 0.034573863636363604 0.03540384615384616
0 0.6936931818181818 0.8671442307692308 0.028664772727272737 0.02567307692307694
0 0.6796590909090909 0.9119807692307692 0.02318181818181817 0.07192307692307692
0 0.6438494318181818 0.9403076923076923 0.09815340909090904 0.11903846153846154
0 0.48744318181818175 0.688923076923077 0.047812500000000036 0.05673076923076923
0 0.7909375 0.9431826923076922 0.030312500000000044 0.11363461538461539
0 0.7860866477272727 0.8947884615384616 0.04473011363636365 0.0695
0 0.8234446022727272 0.8865480769230769 0.028963068181818163 0.044519230769230755
0 0.8118607954545454 0.8691442307692308 0.01653409090909089 0.060057692307692305
0 0.9457457386363637 0.9786923076923076 0.035241477272727355 0.04253846153846154
0 0.9560085227272727 0.9514903846153846 0.03928977272727268 0.034673076923076925
0 0.9341761363636363 0.7252019230769231 0.03872159090909089 0.07432692307692308
0 0.963181818181818 0.6940384615384616 0.024261363636363695 0.029961538461538432
0 0.9362997159090909 0.6625480769230769 0.03742897727272731 0.09167307692307695
0 0.7537642045454546 0.5611057692307693 0.03374999999999999 0.07686538461538461
0 0.7005610795454545 0.8146634615384616 0.042940340909090935 0.06128846153846155
0 0.7724573863636363 0.5004423076923077 0.03039772727272724 0.09923076923076922
0 0.7432670454545455 0.5013653846153847 0.050056818181818195 0.06534615384615378
0 0.7706960227272727 0.4515961538461538 0.028181818181818228 0.03700000000000002
0 0.7890838068181819 0.5023269230769231 0.01938920454545451 0.06615384615384616
0 0.7495667613636363 0.4562980769230769 0.017855113636363707 0.05590384615384614
0 0.7354332386363637 0.4582211538461538 0.024474431818181843 0.04055769230769226
0 0.975887784090909 0.716 0.04822443181818188 0.033423076923076916
0 0.7471590909090909 0.42764423076923075 0.03130681818181813 0.02698076923076918
0 0.738877840909091 0.4030576923076924 0.0405681818181819 0.053000000000000005
0 0.7914843749999999 0.37613461538461546 0.009872159090908994 0.029192307692307705
0 0.6775426136363637 0.07717307692307696 0.05710227272727271 0.05569230769230776
0 0.27119318181818186 0.7617403846153846 0.01622159090909089 0.020288461538461505
0 0.9037855113636364 0.18293269230769227 0.015497159090909207 0.07340384615384607
0 0.4999076704545455 0.7144807692307693 0.08103693181818175 0.09438461538461536
0 0.8917897727272728 0.2026634615384615 0.018465909090909092 0.08874999999999995
0 0.9652201704545454 0.06981730769230765 0.04225852272727273 0.08028846153846154
0 0.9764701704545454 0.019000000000000017 0.0456676136363636 0.037999999999999985
0 0.4699502840909091 0.8291538461538461 0.034588068181818137 0.054346153846153857
0 0.7685866477272728 0.5032596153846154 0.016690340909090908 0.04355769230769232
0 0.9064275568181818 0.13670192307692308 0.017883522727272613 0.028826923076923094
0 0.94671875 0.02024999999999999 0.025539772727272755 0.0405
0 0.2017755681818182 0.9759615384615384 0.07576704545454546 0.04807692307692308
0 0.8021448863636365 0.3565769230769231 0.024943181818181902 0.08365384615384615
0 0.8930610795454544 0.11925961538461538 0.015752840909090956 0.04148076923076922
0 0.22278409090909088 0.96825 0.017528409090909094 0.026192307692307695
0 0.3960227272727272 0.8741057692307692 0.035397727272727296 0.04032692307692309
0 0.7682670454545453 0.3693942307692307 0.05556818181818182 0.11321153846153847
0 0.48654119318181815 0.7877307692307692 0.03933238636363636 0.03226923076923077
0 0.8926491477272727 0.14520192307692303 0.015326704545454655 0.019596153846153843
0 0.5969247159090909 0.8518846153846154 0.0299005681818182 0.07746153846153846
0 0.5560298295454545 0.8120288461538462 0.05592329545454546 0.05086538461538462
0 0.8865553977272728 0.08732692307692314 0.05998579545454548 0.08846153846153847
0 0.6022514204545455 0.06180769230769223 0.08913352272727272 0.06742307692307693
0 0.5213991477272727 0.8178076923076922 0.05987215909090906 0.07496153846153847
0 0.51453125 0.87875 0.06232954545454545 0.08323076923076923
0 0.6356889204545454 0.08706730769230764 0.059758522727272716 0.1443653846153846
0 0.78375 0.4079711538461538 0.019232954545454494 0.03817307692307686
0 0.6656605113636364 0.7801634615384616 0.09546875000000005 0.08559615384615382
0 0.8292613636363636 0.35824999999999996 0.048124999999999994 0.12626923076923083
0 0.6161363636363636 0.9137788461538462 0.055880681818181864 0.09617307692307693
0 0.6907173295454545 0.4625 0.0733096590909092 0.08123076923076925
0 0.9188423295454545 0.6575576923076923 0.036178977272727314 0.07030769230769231
0 0.01815340909090909 0.9825769230769231 0.03630681818181818 0.034846153846153846
0 0.35936789772727273 0.8892980769230769 0.01995738636363634 0.07609615384615383
0 0.573544034090909 0.7755673076923078 0.05779829545454545 0.03040384615384616
0 0.6012784090909091 0.42045192307692303 0.12732954545454545 0.08386538461538465
0 0.28122159090909093 0.4174230769230769 0.06761363636363636 0.03726923076923076
0 0.15737926136363636 0.17646153846153845 0.029076704545454544 0.13642307692307692
0 0.6880397727272727 0.7180961538461539 0.025909090909090923 0.03465384615384612
0 0.5568465909090908 0.03324038461538459 0.06360795454545459 0.05382692307692309
0 0.13605113636363636 0.19917307692307695 0.021903409090909095 0.08638461538461531
0 0.5981818181818181 0.011798076923076883 0.022840909090909148 0.023596153846153812
0 0.2723721590909091 0.9360865384615384 0.019659090909090873 0.07940384615384617
0 0.12550426136363638 0.6168942307692308 0.020071022727272722 0.05051923076923073
0 0.17911931818181817 0.029355769230769213 0.04599431818181818 0.05871153846153841
0 0.4398721590909091 0.6842307692307692 0.05170454545454542 0.1056153846153846
0 0.8170525568181817 0.6183653846153847 0.05339488636363641 0.08092307692307694
0 0.173125 0.4631057692307692 0.08622159090909089 0.08951923076923074
0 0.6080113636363635 0.8002692307692307 0.03437499999999998 0.04423076923076923
0 0.6204119318181818 0.7637307692307692 0.07579545454545457 0.09780769230769228
0 0.24584517045454543 0.9545288461538461 0.046264204545454574 0.06509615384615385
0 0.8674005681818183 0.13396153846153835 0.04133522727272731 0.08334615384615379
0 0.4951278409090909 0.7430000000000001 0.058920454545454574 0.07919230769230767
0 0.7921448863636364 0.8367403846153847 0.028607954545454527 0.05144230769230769
0 0.38371448863636365 0.9094615384615384 0.03151988636363636 0.07011538461538462
0 0.6182741477272727 0.7280192307692308 0.05240056818181816 0.07038461538461538
0 0.6687571022727273 0.7564615384615384 0.044559659090909094 0.061076923076923084
0 0.5534801136363636 0.5480576923076923 0.02681818181818181 0.08592307692307699
0 0.27696732954545455 0.48740384615384624 0.061377840909090924 0.10569230769230765
0 0.5783238636363636 0.5282692307692307 0.03656250000000001 0.05892307692307695
0 0.6785085227272728 0.03602884615384616 0.047017045454545485 0.04490384615384631
0 0.5103977272727273 0.5140192307692307 0.06764204545454545 0.06696153846153845
0 0.5403835227272727 0.48495192307692314 0.06403409090909097 0.06151923076923073
0 0.2966548295454545 0.4522211538461538 0.031178977272727258 0.07398076923076917
0 0.590078125 0.48023076923076913 0.05115056818181817 0.1385
0 0.7336647727272727 0.7149903846153847 0.10034090909090915 0.06936538461538466
0 0.7754758522727272 0.6784903846153847 0.06475852272727277 0.17228846153846153
0 0.18001420454545453 0.09723076923076923 0.047386363636363636 0.15261538461538465
0 0.3208167613636364 0.8621538461538462 0.06688920454545455 0.07442307692307693
0 0.24632812500000004 0.9888461538461538 0.03495738636363634 0.022307692307692306
0 0.26883522727272724 0.31670192307692313 0.04889204545454544 0.048403846153846075
0 0.7158522727272727 0.05168269230769229 0.03568181818181819 0.10336538461538461
0 0.3104332386363637 0.31265384615384617 0.05899147727272727 0.1065
0 0.404453125 0.3471057692307692 0.050809659090909065 0.10348076923076924
0 0.41956676136363635 0.3124807692307693 0.08240056818181817 0.1225384615384616
0 0.38571732954545457 0.2767019230769231 0.04740056818181819 0.04163461538461534
0 0.35854403409090907 0.3266538461538462 0.04910511363636363 0.1
0 0.327578125 0.37548076923076923 0.09308238636363636 0.05346153846153837
0 0.33610795454545456 0.3422980769230769 0.04517045454545456 0.07398076923076928
0 0.32058238636363634 0.42592307692307696 0.015909090909090894 0.02734615384615379
0 0.30389204545454546 0.7653461538461538 0.07642045454545456 0.03930769230769233
0 0.2159943181818182 0.8212980769230769 0.04738636363636366 0.08728846153846154
0 0.7922514204545454 0.7503942307692308 0.05032670454545463 0.07655769230769228
0 0.24582386363636363 0.7688269230769231 0.04767045454545455 0.13230769230769232
0 0.2654616477272727 0.7967403846153847 0.03515625 0.08875000000000001
0 0.2696875 0.7094038461538461 0.031164772727272763 0.09596153846153847
0 0.1795028409090909 0.7259519230769231 0.04355113636363634 0.1664807692307692
0 0.667784090909091 0.006057692307692264 0.019431818181818192 0.012115384615384528
0 0.6013423295454546 0.018576923076923046 0.027968749999999997 0.02688461538461542
0 0.5541193181818183 0.006413461538461562 0.012045454545454491 0.01274999999999999
0 0.5636150568181818 0.010211538461538328 0.0107528409090909 0.020423076923076933
0 0.5521519886363637 0.013749999999999929 0.017088068181818225 0.019384615384615354
0 0.33312499999999995 0.3998942307692308 0.0452556818181818 0.03582692307692307
0 0.7296661931818182 0.026451923076923123 0.026292613636363704 0.052903846153846135
0 0.4852840909090909 0.030894230769230924 0.14721590909090906 0.0509038461538461
0 0.55484375 0.06977884615384611 0.07156249999999999 0.0997115384615384
0 0.6186221590909091 0.08717307692307685 0.0703125 0.044192307692307725
0 0.3602485795454546 0.8000865384615384 0.09535511363636363 0.08794230769230767
0 0.40166903409090904 0.7597499999999999 0.06532670454545456 0.043923076923076905
0 0.5479048295454546 0.7457596153846154 0.04004261363636363 0.05190384615384614
0 0.5448153409090909 0.7659903846153846 0.02875000000000001 0.03478846153846152
0 0.55625 0.724 0.07150568181818179 0.08873076923076924
0 0.511044034090909 0.7860096153846153 0.05336647727272726 0.09594230769230769
0 0.15008522727272727 0.24965384615384612 0.10997159090909091 0.026192307692307702
0 0.22988636363636364 0.43493269230769227 0.054232954545454556 0.1460192307692308
0 0.10907670454545454 0.2859711538461538 0.10011363636363636 0.08794230769230772
0 0.042876420454545455 0.26003846153846155 0.05779829545454545 0.041961538461538446
0 0.05990767045454545 0.20589423076923075 0.048252840909090905 0.07282692307692308
0 0.10297585227272728 0.4375 0.049957386363636364 0.15780769230769226
0 0.022123579545454543 0.2940480769230769 0.04424715909090909 0.023288461538461456
0 0.028863636363636366 0.307076923076923 0.05772727272727273 0.06934615384615385
0 0.023892045454545454 0.23166346153846162 0.03863636363636364 0.10286538461538453
0 0.9773224431818183 0.40983653846153845 0.04535511363636357 0.09025000000000001
0 0.38955255681818185 0.8023173076923077 0.06759943181818186 0.06286538461538461
0 0.970390625 0.49386538461538465 0.05921875000000008 0.186
0 0.47446022727272724 0.8400384615384615 0.03971590909090906 0.032384615384615366
0 0.9752698863636362 0.19869230769230772 0.04946022727272734 0.06153846153846154
0 0.9298011363636364 0.18482692307692306 0.032329545454545444 0.0696538461538462
0 0.9505397727272729 0.11758653846153844 0.02639204545454551 0.07490384615384613
0 0.9320312500000001 0.11583653846153852 0.011590909090909046 0.05325
0 0.878231534090909 0.18402884615384618 0.036178977272727314 0.059942307692307614
0 0.05949573863636364 0.363375 0.04867897727272728 0.11155769230769229
0 0.8524005681818181 0.3811923076923077 0.04946022727272734 0.19592307692307703
0 0.8711789772727272 0.3110673076923077 0.09386363636363643 0.14959615384615377
0 0.6190980113636364 0.01124038461538468 0.019985795454545444 0.022480769230769228
0 0.8490411931818183 0.3975096153846154 0.03660511363636361 0.12159615384615388
0 0.7784232954545455 0.09415384615384625 0.09514204545454548 0.08657692307692315
0 0.8869318181818181 0.48216346153846157 0.07247159090909089 0.12224999999999998
0 0.8942897727272726 0.447125 0.04644886363636354 0.10021153846153849
0 0.8524502840909091 0.32851923076923084 0.05404829545454539 0.13542307692307695
0 0.9648792613636363 0.16345192307692313 0.06921875000000002 0.04748076923076923
0 0.930546875 0.4602788461538462 0.05703124999999997 0.0521346153846153
0 0.82703125 0.7807115384615384 0.03931818181818191 0.07803846153846153
0 0.77578125 0.7659230769230769 0.07568181818181814 0.10326923076923075
0 0.8083877840909092 0.8259615384615384 0.024332386363636358 0.035269230769230775
0 0.7860227272727273 0.8388173076923077 0.014090909090909194 0.09190384615384614
0 0.3922798295454545 0.23290384615384618 0.06276988636363635 0.0786153846153846
