0 0.4878622159090909 0.9490192307692308 0.050582386363636385 0.04526923076923077
0 0.20931107954545458 0.28028846153846154 0.019843749999999997 0.06388461538461544
0 0.0766903409090909 0.8116538461538462 0.06400568181818181 0.09665384615384613
0 0.17248579545454545 0.8702403846153847 0.08255681818181819 0.0674423076923077
0 0.17444602272727272 0.8115384615384615 0.07985795454545452 0.05253846153846153
0 0.10864346590909091 0.8442596153846154 0.037002840909090916 0.036326923076923076
0 0.13741477272727273 0.8330865384615385 0.022727272727272728 0.026480769230769252
0 0.19811789772727273 0.9700384615384615 0.08430397727272729 0.059923076923076926
0 0.09563210227272728 0.949451923076923 0.08336647727272728 0.10025
0 0.048671875 0.9235769230769231 0.059843749999999994 0.14638461538461536
0 0.2283309659090909 0.25904807692307696 0.03745738636363637 0.0318269230769231
0 0.20977982954545454 0.30272115384615383 0.037542613636363645 0.06848076923076926
0 0.4660653409090909 0.5329807692307692 0.0970738636363636 0.05653846153846155
0 0.18095170454545453 0.335125 0.023380681818181828 0.08909615384615381
0 0.159765625 0.36169230769230765 0.029360795454545455 0.028576923076923104
0 0.08043323863636363 0.38493269230769234 0.07711647727272726 0.1509423076923077
0 0.17832386363636363 0.49003846153846153 0.05014204545454545 0.039961538461538465
0 0.0870596590909091 0.3340384615384615 0.09088068181818182 0.21057692307692308
0 0.09974431818181818 0.446951923076923 0.06761363636363636 0.04578846153846154
0 0.0723153409090909 0.5198750000000001 0.0269034090909091 0.019365384615384604
0 0.14838068181818184 0.45790384615384616 0.04201704545454545 0.03519230769230772
0 0.1538494318181818 0.40803846153846157 0.057869318181818195 0.07015384615384619
0 0.18158380681818181 0.437326923076923 0.015241477272727259 0.02430769230769239
0 0.4742897727272727 0.5680576923076923 0.07471590909090904 0.07007692307692313
0 0.186484375 0.414875 0.015355113636363639 0.02405769230769229
0 0.8340056818181818 0.2990288461538462 0.07735795454545459 0.15194230769230768
0 0.8782244318181818 0.34688461538461535 0.01568181818181813 0.051269230769230706
0 0.8749786931818181 0.4314807692307693 0.03927556818181815 0.1160769230769231
0 0.8881463068181819 0.416048076923077 0.12032670454545459 0.12678846153846154
0 0.9546875 0.41636538461538464 0.03980113636363634 0.06561538461538463
0 0.9541122159090908 0.3568173076923076 0.05350852272727267 0.08648076923076918
0 0.6404971590909091 0.6740384615384616 0.03150568181818183 0.08050000000000003
0 0.6229332386363636 0.6222115384615385 0.035269886363636344 0.06288461538461541
0 0.6078196022727272 0.6655192307692308 0.02487215909090916 0.051038461538461526
0 0.0895028409090909 0.4871923076923077 0.0330965909090909 0.044807692307692326
0 0.6666122159090908 0.5203557692307692 0.09299715909090905 0.10909615384615377
0 0.6081321022727273 0.5076538461538462 0.03061079545454539 0.0464230769230769
0 0.4786150568181818 0.13597115384615388 0.06109374999999999 0.09217307692307694
0 0.7403977272727272 0.5340865384615385 0.04619318181818179 0.09059615384615381
0 0.020348011363636363 0.20097115384615383 0.040696022727272727 0.05913461538461538
0 0.04681818181818182 0.22177884615384624 0.09363636363636364 0.06721153846153843
0 0.027762784090909095 0.26129807692307694 0.05552556818181819 0.05163461538461543
0 0.23638494318181816 0.36295192307692314 0.02546875000000001 0.0443269230769231
0 0.2361647727272727 0.4574711538461538 0.07917613636363638 0.029442307692307698
0 0.23087357954545454 0.4527596153846154 0.10063920454545455 0.03805769230769224
0 0.6898295454545454 0.041567307692307764 0.0667897727272727 0.08224999999999996
0 0.4199857954545454 0.4281442307692308 0.08352272727272729 0.08324999999999994
0 0.04450284090909091 0.03226923076923072 0.05619318181818182 0.06057692307692308
0 0.09634943181818181 0.5629807692307692 0.027102272727272735 0.08046153846153842
0 0.06161931818181818 0.5754903846153846 0.054090909090909085 0.03944230769230767
0 0.13634232954545455 0.5644134615384615 0.048394886363636355 0.06959615384615384
0 0.47234374999999995 0.45572115384615386 0.019517045454545388 0.017749999999999926
0 0.23681818181818184 0.21959615384615383 0.018068181818181817 0.02603846153846147
0 0.4137784090909091 0.41055769230769235 0.2024715909090909 0.08123076923076925
0 0.9222230113636364 0.9678557692307692 0.15106534090909077 0.06417307692307692
0 0.7323011363636364 0.8093076923076923 0.10568181818181822 0.1382307692307692
0 0.03160511363636364 0.5928365384615385 0.06286931818181819 0.025634615384615353
0 0.7043963068181818 0.7802307692307693 0.029247159090909056 0.04203846153846154
0 0.6891477272727273 0.7245384615384616 0.037812500000000006 0.09657692307692307
0 0.20712357954545454 0.34942307692307695 0.05157670454545455 0.06757692307692305
0 0.6946946022727273 0.7544711538461538 0.02396306818181819 0.0309807692307692
0 0.359921875 0.7587788461538462 0.026008522727272772 0.1436730769230769
0 0.7442400568181818 0.8374134615384615 0.051946022727272716 0.09175000000000001
0 0.17662642045454546 0.5942115384615385 0.14961647727272726 0.09357692307692307
0 0.5024360795454546 0.9631153846153846 0.06515625000000001 0.06203846153846155
0 0.5746022727272727 0.5006153846153847 0.04076704545454544 0.06834615384615383
0 0.5265838068181818 0.9587596153846154 0.0634232954545455 0.07948076923076923
0 0.015092329545454546 0.5468846153846154 0.030184659090909092 0.06361538461538459
0 0.5696803977272727 0.7204134615384615 0.044048295454545444 0.03755769230769231
0 0.09873579545454544 0.642451923076923 0.01755681818181818 0.07809615384615382
0 0.36993607954545454 0.9378653846153846 0.051860795454545444 0.04576923076923077
0 0.5951349431818183 0.46262500000000006 0.04796875000000005 0.040749999999999995
0 0.6628409090909091 0.7478557692307692 0.029232954545454524 0.046288461538461556
0 0.6427698863636363 0.762951923076923 0.05548295454545455 0.09659615384615383
0 0.7473863636363636 0.025096153846153824 0.06065340909090908 0.04734615384615386
0 0.6044105113636363 0.7306538461538461 0.06649147727272728 0.06838461538461539
0 0.43541903409090915 0.9884711538461538 0.016519886363636358 0.022365384615384617
0 0.07975852272727273 0.6316923076923078 0.025909090909090902 0.03169230769230767
0 0.07040482954545454 0.5473557692307692 0.03725852272727272 0.03798076923076923
0 0.6639985795454546 0.7109711538461538 0.02262784090909092 0.03382692307692308
0 0.8796235795454546 0.28119230769230774 0.06583806818181805 0.09149999999999997
0 0.23506392045454547 0.1949519230769231 0.032627840909090905 0.036673076923077016
0 0.4138423295454546 0.8998173076923077 0.038650568181818154 0.07478846153846155
0 0.41407670454545453 0.8638942307692308 0.04599431818181818 0.11325
0 0.27209517045454545 0.8576057692307693 0.11015625000000001 0.15582692307692309
0 0.043600852272727274 0.6161346153846153 0.06896306818181817 0.03226923076923077
0 0.420625 0.962326923076923 0.02005681818181819 0.04811538461538462
0 0.5674573863636364 0.5223557692307692 0.09866477272727278 0.06675000000000002
0 0.405 0.9505096153846154 0.018806818181818195 0.03701923076923077
0 0.17443892045454545 0.4257115384615384 0.01129261363636364 0.030807692307692272
0 0.5763991477272727 0.7336634615384615 0.04526988636363637 0.11374999999999999
0 0.6357102272727272 0.13146153846153852 0.047556818181818124 0.12415384615384616
0 0.15625710227272727 0.018153846153846187 0.029019886363636352 0.0363076923076923
0 0.5944460227272728 0.6428942307692308 0.055142045454545444 0.07044230769230768
0 0.5032741477272726 0.5330865384615384 0.07927556818181819 0.03386538461538459
0 0.422578125 0.9901346153846153 0.01615056818181819 0.01973076923076923
0 0.6637073863636364 0.15263461538461542 0.021164772727272695 0.07938461538461533
0 0.2673224431818182 0.1997596153846154 0.019872159090909104 0.036673076923077016
0 0.4676633522727273 0.47361538461538455 0.05822443181818183 0.017153846153846186
0 0.14303267045454546 0.337673076923077 0.03532670454545453 0.08946153846153854
0 0.12302556818181819 0.686625 0.026761363636363642 0.07986538461538462
0 0.3862144886363636 0.8247596153846154 0.01171875 0.06690384615384613
0 0.8327485795454546 0.03604807692307688 0.0839062499999999 0.07209615384615387
0 0.27796875 0.3122307692307693 0.05928977272727274 0.09000000000000002
0 0.10711647727272727 0.0137211538461538 0.03454545454545454 0.027442307692307658
0 0.5649573863636363 0.4344807692307693 0.039630681818181863 0.0434615384615385
0 0.3721519886363636 0.8494999999999999 0.04086647727272725 0.061846153846153856
0 0.6173295454545454 0.5830673076923076 0.038380681818181876 0.04805769230769232
0 0.8039488636363636 0.01813461538461536 0.0546875 0.0362692307692308
0 0.14235085227272729 0.40266346153846155 0.024588068181818187 0.06213461538461539
0 0.3419602272727273 0.8061730769230769 0.016193181818181825 0.06819230769230768
0 0.40676846590909094 0.4859038461538462 0.07524147727272731 0.04365384615384619
0 0.5908309659090909 0.931125 0.0641335227272727 0.13774999999999998
0 0.1929971590909091 0.39957692307692305 0.042414772727272745 0.03653846153846154
0 0.5567613636363636 0.5597307692307693 0.08244318181818185 0.1005769230769231
0 0.04477272727272727 0.655201923076923 0.059517045454545454 0.056634615384615415
0 0.5758096590909091 0.44573076923076915 0.04278409090909092 0.0405
0 0.02442471590909091 0.4324038461538462 0.04884943181818182 0.09611538461538455
0 0.023813920454545456 0.08670192307692315 0.04578125 0.09044230769230775
0 0.5078764204545455 0.4872788461538461 0.025184659090909115 0.042480769230769294
0 0.5396732954545455 0.4797403846153847 0.043352272727272705 0.04751923076923073
0 0.7176775568181818 0.7594903846153847 0.03765624999999999 0.07325000000000004
0 0.6485795454545454 0.5699038461538461 0.04071022727272731 0.07453846153846153
0 0.6549786931818182 0.375173076923077 0.07899147727272729 0.13376923076923078
0 0.22393465909090907 0.16175961538461536 0.04630681818181817 0.021903846153846128
0 0.4580752840909091 0.45818269230769226 0.025525568181818222 0.024980769230769247
0 0.1706534090909091 0.46096153846153853 0.022301136363636346 0.029692307692307688
0 0.4965198863636363 0.4942788461538461 0.022301136363636346 0.0318653846153846
0 0.45936079545454545 0.4909230769230769 0.06193181818181821 0.025153846153846124
0 0.1432599431818182 0.0620480769230769 0.06688920454545455 0.1240961538461538
0 0.054389204545454546 0.5181538461538462 0.047698863636363636 0.08111538461538458
0 0.7105326704545455 0.5306826923076923 0.0693039772727273 0.08009615384615386
0 0.33536221590909093 0.7524326923076923 0.04399147727272727 0.14317307692307693
0 0.24452414772727274 0.2970769230769231 0.03444602272727273 0.0655384615384615
0 0.21818181818181823 0.23313461538461544 0.0397159090909091 0.030230769230769172
0 0.21480113636363637 0.3834423076923077 0.04215909090909092 0.03953846153846154
0 0.07703125000000001 0.016990384615384713 0.03607954545454546 0.03398076923076926
0 0.25721590909090913 0.12613461538461535 0.03977272727272727 0.1088846153846154
0 0.6547798295454546 0.640576923076923 0.05382102272727279 0.11080769230769232
0 0.754453125 0.6072403846153847 0.06305397727272734 0.060211538461538414
0 0.6362073863636364 0.5487211538461538 0.03409090909090909 0.0523653846153846
0 0.2265625 0.13287500000000008 0.029488636363636352 0.04178846153846146
0 0.7630610795454547 0.025951923076923067 0.07356534090909093 0.05190384615384617
0 0.6351917613636364 0.5054711538461538 0.04353693181818179 0.051634615384615376
0 0.6246519886363636 0.42499038461538463 0.11992897727272728 0.1359807692307693
0 0.288515625 0.9381730769230769 0.07501420454545454 0.05134615384615385
0 0.3893963068181818 0.7015 0.05197443181818182 0.06803846153846153
0 0.39888494318181816 0.7336153846153847 0.05450284090909092 0.09934615384615383
0 0.38384232954545455 0.7720384615384616 0.01703125000000001 0.03853846153846155
0 0.3750426136363636 0.8103942307692308 0.018977272727272666 0.06690384615384613
0 0.29727982954545457 0.9673557692307693 0.09026988636363638 0.0635576923076923
0 0.5183451704545454 0.9849326923076923 0.017684659090909074 0.030134615384615385
0 0.2727130681818182 0.35351923076923086 0.07818181818181817 0.054192307692307706
0 0.8698934659090909 0.06656730769230768 0.040781250000000054 0.053019230769230756
0 0.3055539772727273 0.13441346153846145 0.0967613636363636 0.10963461538461537
0 0.31725142045454546 0.04316346153846151 0.06904829545454548 0.05459615384615382
0 0.3080042613636364 0.014259615384615287 0.053167613636363645 0.028519230769230738
0 0.4844176136363636 0.04282692307692304 0.08088068181818181 0.08565384615384619
0 0.5511150568181818 0.08952884615384615 0.13967329545454543 0.11944230769230772
0 0.662784090909091 0.05323076923076908 0.048977272727272675 0.10623076923076935
0 0.8899573863636363 0.14930769230769225 0.08119318181818178 0.1183846153846154
0 0.7816193181818182 0.1187307692307692 0.09048295454545462 0.07696153846153843
0 0.133203125 0.4997115384615385 0.04029829545454544 0.05611538461538463
0 0.824794034090909 0.24207692307692308 0.0879119318181818 0.16873076923076924
0 0.7948579545454545 0.28094230769230777 0.06514204545454548 0.11411538461538456
0 0.7677414772727272 0.34778846153846155 0.04718750000000004 0.0673076923076923
0 0.7688778409090908 0.3530865384615385 0.048948863636363686 0.024596153846153886
0 0.7961363636363636 0.3380480769230768 0.012613636363636356 0.050557692307692345
0 0.805234375 0.4000576923076923 0.02509943181818192 0.10050000000000009
0 0.8159375000000001 0.3554038461538461 0.020681818181818266 0.03434615384615387
0 0.7182954545454545 0.4145384615384615 0.049943181818181775 0.08061538461538453
0 0.7024573863636363 0.37875961538461544 0.1323863636363636 0.13359615384615378
0 0.5974857954545455 0.26296153846153847 0.05113636363636364 0.04388461538461537
0 0.5823579545454546 0.34922115384615393 0.053920454545454514 0.10371153846153848
0 0.5983451704545455 0.2733365384615385 0.12663352272727268 0.08644230769230767
0 0.5931960227272728 0.29309615384615384 0.09869318181818185 0.06569230769230774
0 0.5137357954545454 0.27475961538461535 0.11051136363636366 0.055942307692307756
0 0.5190127840909091 0.30700961538461535 0.021349431818181778 0.027442307692307658
0 0.3804758522727273 0.27085576923076926 0.1134517045454546 0.10736538461538458
0 0.4228125 0.4168846153846153 0.05002840909090905 0.05326923076923075
0 0.028622159090909094 0.494 0.057215909090909095 0.0422692307692308
0 0.2976420454545455 0.9028173076923077 0.04124999999999999 0.0539423076923077
0 0.3150213068181818 0.8706346153846154 0.025553977272727287 0.021192307692307698
0 0.4782173295454545 0.9685769230769231 0.028650568181818204 0.036730769230769234
0 0.6632528409090909 0.40091346153846164 0.10951704545454549 0.14451923076923084
0 0.5467045454545455 0.9699711538461538 0.044687500000000054 0.05944230769230769
0 0.5489417613636364 0.9782980769230769 0.039616477272727255 0.043403846153846154
0 0.6560724431818182 0.9156538461538462 0.047372159090909124 0.1686923076923077
0 0.7735866477272727 0.6991730769230768 0.0985653409090908 0.08480769230769229
0 0.32906960227272725 0.9067788461538462 0.02776988636363638 0.03567307692307692
0 0.34446732954545456 0.9357211538461538 0.03049715909090909 0.059134615384615376
0 0.35355823863636365 0.9537788461538461 0.05629261363636367 0.09048076923076924
0 0.44433948863636363 0.9251634615384615 0.04169034090909094 0.06586538461538462
0 0.5345738636363637 0.9050384615384616 0.07846590909090902 0.08476923076923076
0 0.523252840909091 0.878048076923077 0.02076704545454546 0.06167307692307692
0 0.18706676136363634 0.17616346153846152 0.07018465909090911 0.08801923076923074
0 0.5189417613636365 0.8540673076923078 0.05356534090909088 0.13978846153846153
0 0.48468750000000005 0.8530576923076924 0.07022727272727272 0.08188461538461539
0 0.550078125 0.6532692307692307 0.06828124999999999 0.17934615384615388
0 0.45772727272727276 0.6769615384615384 0.06616477272727271 0.13588461538461538
0 0.49313210227272725 0.9079807692307692 0.03521306818181821 0.07550000000000001
0 0.3098934659090909 0.6026346153846154 0.04606534090909092 0.07796153846153844
0 0.5496022727272727 0.792673076923077 0.13090909090909095 0.12011538461538461
0 0.5185156249999999 0.6090769230769231 0.08759943181818185 0.08765384615384612
0 0.2488849431818182 0.48604807692307694 0.0804403409090909 0.1452884615384615
0 0.023011363636363635 0.718576923076923 0.04602272727272727 0.07192307692307691
0 0.31134232954545454 0.20625000000000004 0.08697443181818185 0.09630769230769239
0 0.2883522727272727 0.8532596153846154 0.03292613636363637 0.06471153846153846
0 0.07457386363636363 0.5960192307692308 0.02076704545454546 0.01873076923076925
0 0.30063920454545456 0.8029615384615385 0.03568181818181819 0.04857692307692309
0 0.408046875 0.5856634615384615 0.08160511363636362 0.11882692307692307
0 0.021164772727272727 0.6578173076923077 0.04232954545454545 0.062211538461538506
0 0.30141335227272725 0.7757403846153846 0.01541193181818181 0.04928846153846156
0 0.40968039772727277 0.8061442307692308 0.04174715909090907 0.06363461538461536
0 0.33286221590909093 0.7166057692307692 0.06680397727272731 0.08798076923076925
0 0.3720241477272727 0.6660576923076923 0.06563920454545452 0.07642307692307694
0 0.32382102272727276 0.5846634615384616 0.08096590909090913 0.11144230769230767
0 0.19859375 0.24802884615384624 0.038920454545454536 0.1258269230769231
0 0.1281747159090909 0.5339711538461538 0.08419034090909092 0.04471153846153846
0 0.14149147727272726 0.5575384615384615 0.025880681818181817 0.07088461538461535
0 0.21451704545454542 0.6278365384615385 0.08173295454545454 0.14348076923076925
0 0.18436789772727272 0.6665480769230769 0.06896306818181817 0.10301923076923075
0 0.11038352272727274 0.6242211538461538 0.02284090909090909 0.05490384615384618
0 0.13490056818181817 0.6582596153846154 0.046051136363636364 0.10090384615384615
0 0.11288352272727273 0.6911153846153846 0.025624999999999988 0.07776923076923077
0 0.13525568181818182 0.7328846153846154 0.08815340909090909 0.05446153846153848
0 0.10852272727272728 0.7714903846153847 0.054318181818181814 0.049365384615384617
0 0.12716619318181818 0.8362788461538462 0.034644886363636364 0.10728846153846154
