0 0.8843394886363637 0.4544230769230768 0.0660085227272726 0.029923076923076927
0 0.7181178977272726 0.5342596153846153 0.04328124999999996 0.08463461538461536
0 0.5088210227272728 0.09467307692307692 0.02767045454545449 0.039692307692307666
0 0.5373153409090908 0.11650000000000005 0.042329545454545474 0.05688461538461535
0 0.3801917613636363 0.02617307692307691 0.04265625000000004 0.052346153846153896
0 0.41894176136363637 0.05328846153846156 0.02376420454545457 0.10657692307692311
0 0.4187784090909092 0.04198076923076932 0.028664772727272737 0.03042307692307691
0 0.4580184659090909 0.031413461538461585 0.05893465909090911 0.022480769230769228
0 0.44776278409090914 0.010307692307692351 0.04038352272727274 0.020615384615384667
0 0.4581818181818182 0.006778846153846163 0.026051136363636408 0.01355769230769222
0 0.4801633522727272 0.021048076923076864 0.03484375000000004 0.034403846153846125
0 0.9021875 0.27775961538461535 0.06582386363636351 0.028903846153846103
0 0.7444176136363635 0.5306153846153846 0.03818181818181818 0.05130769230769232
0 0.9575710227272727 0.27556730769230775 0.04892045454545462 0.027903846153846137
0 0.9232954545454546 0.3703846153846154 0.033039772727272716 0.09580769230769229
0 0.9164701704545454 0.3322307692307692 0.042713068181818255 0.08607692307692306
0 0.9265269886363637 0.3223076923076924 0.03103693181818185 0.02523076923076924
0 0.9492471590909091 0.2996057692307692 0.02980113636363639 0.03832692307692309
0 0.9706036931818183 0.3624807692307692 0.0183664772727272 0.18492307692307686
0 0.9611718749999999 0.3515576923076923 0.013906249999999948 0.07765384615384614
0 0.9467684659090909 0.3414711538461539 0.018877840909090858 0.054134615384615344
0 0.9340980113636363 0.3819807692307692 0.03924715909090908 0.06926923076923074
0 0.9303693181818182 0.4606538461538462 0.05363636363636362 0.0363076923076923
0 0.3222159090909091 0.686048076923077 0.052556818181818184 0.07340384615384618
0 0.792919034090909 0.5099134615384616 0.06978693181818181 0.08505769230769229
0 0.8363778409090908 0.4976442307692307 0.04991477272727271 0.06521153846153846
0 0.8326491477272726 0.4470384615384616 0.06978693181818181 0.0440384615384616
0 0.7859872159090909 0.4299711538461539 0.06424715909090911 0.12494230769230763
0 0.7294744318181817 0.45744230769230765 0.13639204545454534 0.10400000000000002
0 0.6396732954545455 0.4623846153846154 0.07534090909090913 0.04746153846153837
0 0.6957457386363636 0.46317307692307697 0.07592329545454544 0.09173076923076921
0 0.7277272727272728 0.4277884615384615 0.02306818181818191 0.0660384615384616
0 0.7196875 0.35513461538461544 0.07829545454545456 0.09596153846153842
0 0.6743110795454546 0.48134615384615387 0.051349431818181863 0.10780769230769237
0 0.34700284090909095 0.6365000000000001 0.02161931818181818 0.06799999999999998
0 0.6832528409090909 0.40440384615384606 0.021931818181818177 0.10546153846153841
0 0.7001278409090909 0.3801826923076923 0.021051136363636355 0.09921153846153852
0 0.6812357954545454 0.36613461538461534 0.02076704545454546 0.14373076923076925
0 0.6496448863636364 0.41455769230769235 0.04991477272727279 0.16796153846153852
0 0.6388210227272727 0.418076923076923 0.02943181818181814 0.06326923076923084
0 0.5849360795454546 0.31310576923076927 0.07899147727272729 0.06578846153846162
0 0.5618394886363636 0.37095192307692304 0.08211647727272728 0.06740384615384618
0 0.5262855113636363 0.3772692307692307 0.07899147727272729 0.10469230769230768
0 0.6145028409090909 0.4516538461538462 0.02034090909090908 0.09657692307692313
0 0.6103124999999999 0.43399038461538464 0.07181818181818182 0.10144230769230769
0 0.8213210227272728 0.8772403846153847 0.019715909090909086 0.04163461538461538
0 0.569737215909091 0.4163269230769231 0.02944602272727267 0.051192307692307704
0 0.5593181818181818 0.4372307692307693 0.09431818181818179 0.08134615384615387
0 0.5971519886363637 0.5002692307692307 0.05026988636363634 0.055730769230769264
0 0.512997159090909 0.4672115384615384 0.08928977272727266 0.08684615384615384
0 0.5745241477272728 0.5268461538461537 0.03663352272727276 0.04473076923076927
0 0.5565767045454546 0.5278173076923077 0.047159090909090894 0.04990384615384613
0 0.5552556818181817 0.5470961538461538 0.07230113636363641 0.0729230769230769
0 0.5466406250000001 0.5391634615384615 0.021548295454545476 0.02982692307692306
0 0.5121661931818182 0.5070769230769231 0.04069602272727269 0.02723076923076917
0 0.5089275568181818 0.5503365384615384 0.03950284090909091 0.07875000000000003
0 0.8272301136363637 0.8513461538461539 0.015767045454545325 0.05338461538461539
0 0.47254971590909095 0.4942692307692307 0.04524147727272731 0.045692307692307726
0 0.484765625 0.3569423076923077 0.027201704545454595 0.17192307692307687
0 0.5273153409090909 0.23378846153846156 0.10792613636363639 0.19900000000000004
0 0.4722869318181818 0.2695961538461539 0.023352272727272725 0.028615384615384605
0 0.44600852272727276 0.24625961538461538 0.07758522727272728 0.06324999999999997
0 0.4600497159090909 0.2803365384615384 0.021690340909090885 0.01771153846153842
0 0.4720099431818181 0.2876826923076924 0.02836647727272723 0.03463461538461548
0 0.46574573863636365 0.3176057692307692 0.016406250000000015 0.03425
0 0.4365553977272727 0.2756346153846154 0.044218749999999994 0.09261538461538467
0 0.4324928977272728 0.43519230769230777 0.035610795454545444 0.08107692307692302
0 0.9678124999999999 0.8525961538461538 0.06437500000000007 0.08961538461538462
0 0.4453764204545454 0.4150769230769231 0.038764204545454574 0.04330769230769238
0 0.4822443181818182 0.3535865384615384 0.06622159090909091 0.024980769230769247
0 0.4566051136363637 0.34568269230769233 0.027414772727272742 0.01875
0 0.44534090909090907 0.3339230769230769 0.03093750000000004 0.018000000000000026
0 0.4180681818181818 0.26522115384615375 0.07082386363636366 0.12748076923076926
0 0.36745738636363634 0.3307403846153847 0.025085227272727228 0.030865384615384638
0 0.36813920454545457 0.31408653846153844 0.0364772727272727 0.059865384615384605
0 0.3365625 0.2978846153846153 0.0471875 0.037346153846153876
0 0.3517258522727273 0.23739423076923072 0.044218749999999994 0.08055769230769227
0 0.37167613636363633 0.258375 0.03670454545454542 0.12313461538461544
0 0.9962144886363636 0.7960096153846155 0.0075710227272727856 0.032249999999999994
0 0.394815340909091 0.28893269230769236 0.029176136363636394 0.04351923076923076
0 0.40044034090909086 0.3305961538461538 0.033238636363636415 0.043192307692307655
0 0.4209446022727273 0.31100000000000005 0.02600852272727273 0.07657692307692307
0 0.4744318181818182 0.4264134615384616 0.05522727272727272 0.06351923076923072
0 0.42325284090909093 0.4412211538461539 0.042670454545454574 0.05144230769230769
0 0.41749289772727266 0.4564038461538462 0.08532670454545453 0.07842307692307698
0 0.30522727272727274 0.37839423076923073 0.06571022727272725 0.02698076923076918
0 0.349453125 0.3887307692307692 0.027088068181818213 0.022346153846153856
0 0.3276491477272727 0.39568269230769226 0.014644886363636367 0.01686538461538458
0 0.3651704545454546 0.4098076923076923 0.0653977272727273 0.056923076923076854
0 0.2351988636363636 0.28800961538461534 0.030596590909090896 0.0318653846153846
0 0.3103622159090909 0.4077019230769231 0.028025568181818207 0.034980769230769225
0 0.3531889204545454 0.4353173076923077 0.08004261363636363 0.03878846153846157
0 0.3078693181818182 0.43511538461538457 0.04920454545454547 0.02403846153846154
0 0.3333096590909091 0.4113557692307692 0.02301136363636362 0.02478846153846162
0 0.34089488636363635 0.4570480769230768 0.03872159090909089 0.031173076923076883
0 0.3730681818181818 0.46978846153846143 0.04133522727272727 0.08711538461538464
0 0.4008025568181818 0.4967115384615385 0.04447443181818182 0.09065384615384613
0 0.38484375 0.48360576923076926 0.020397727272727293 0.033288461538461545
0 0.36012784090909095 0.5234423076923077 0.03375000000000003 0.047807692307692336
0 0.3509659090909091 0.5372596153846154 0.018579545454545474 0.041442307692307716
0 0.2676349431818182 0.3104903846153846 0.04262784090909089 0.1009423076923077
0 0.3329190340909091 0.5011346153846153 0.03794034090909088 0.09811538461538463
0 0.29263494318181815 0.456326923076923 0.055724431818181805 0.042499999999999934
0 0.28399857954545454 0.41684615384615387 0.025383522727272734 0.026576923076923064
0 0.26895596590909093 0.41649038461538457 0.05808238636363634 0.04640384615384614
0 0.2574502840909091 0.4409326923076923 0.03924715909090908 0.04001923076923077
0 0.2587571022727273 0.4118846153846154 0.054928977272727254 0.06269230769230774
0 0.23390625 0.46553846153846157 0.050227272727272704 0.049576923076923136
0 0.10912642045454546 0.35699038461538457 0.014644886363636367 0.05913461538461538
0 0.12141335227272726 0.37523076923076926 0.01569602272727272 0.06657692307692309
0 0.13737926136363637 0.37133653846153847 0.019360795454545447 0.06232692307692313
0 0.9217613636363636 0.43326923076923074 0.022727272727272728 0.037192307692307754
0 0.196484375 0.31527884615384616 0.05938920454545453 0.06728846153846156
0 0.18394176136363638 0.39311538461538464 0.03191761363636361 0.032230769230769216
0 0.16209517045454547 0.4012596153846153 0.015440340909090895 0.04001923076923077
0 0.14247159090909092 0.40268269230769227 0.02380681818181819 0.07544230769230773
0 0.153203125 0.3840769230769231 0.022769886363636364 0.11049999999999996
0 0.09931107954545455 0.38886538461538467 0.07350852272727273 0.06834615384615389
0 0.107421875 0.40320192307692315 0.06933238636363637 0.06728846153846156
0 0.11029829545454546 0.4430576923076923 0.05258522727272727 0.05276923076923076
0 0.15031960227272728 0.45987500000000003 0.05100852272727272 0.05667307692307698
0 0.16981534090909092 0.4506634615384616 0.020937499999999994 0.04675000000000001
0 0.17570312500000002 0.4269423076923077 0.022230113636363645 0.04038461538461539
0 0.18666903409090907 0.33687500000000004 0.06330965909090908 0.05667307692307698
0 0.19623579545454548 0.4400480769230769 0.029829545454545456 0.08924999999999994
0 0.1767471590909091 0.48449038461538463 0.019090909090909106 0.059865384615384605
0 0.19243607954545452 0.4984711538461539 0.02328124999999998 0.04675000000000001
0 0.20840198863636364 0.5027307692307692 0.02589488636363639 0.03753846153846151
0 0.20002840909090908 0.5330096153846153 0.04943181818181818 0.0336346153846154
0 0.24593749999999998 0.47758653846153853 0.05232954545454546 0.07436538461538465
0 0.24044744318181818 0.5108750000000001 0.04813920454545453 0.02905769230769228
0 0.31016335227272723 0.500423076923077 0.09339488636363637 0.0768461538461538
0 0.23953125 0.5521346153846154 0.05886363636363636 0.05773076923076925
0 0.2745809659090909 0.5781634615384614 0.025383522727272734 0.0821730769230769
0 0.1797372159090909 0.3717596153846153 0.05467329545454545 0.035057692307692345
0 0.2659517045454546 0.5629423076923077 0.018579545454545474 0.02196153846153844
0 0.31172585227272726 0.56825 0.07455965909090906 0.1175769230769231
0 0.3412926136363636 0.5650576923076922 0.08448863636363635 0.10765384615384613
0 0.3721519886363636 0.5555000000000001 0.04578125000000002 0.027615384615384587
0 0.39073153409090916 0.5882596153846154 0.050497159090909106 0.05559615384615384
0 0.40302556818181823 0.5425769230769231 0.044744318181818184 0.05276923076923082
0 0.4229119318181818 0.5045 0.026420454545454497 0.04957692307692308
0 0.4425284090909091 0.50025 0.015965909090909104 0.02480769230769232
0 0.4569105113636363 0.5137115384615385 0.020667613636363654 0.0410769230769231
0 0.4284019886363637 0.5528461538461539 0.05257102272727279 0.08323076923076923
0 0.21478693181818184 0.36840384615384614 0.048920454545454545 0.05665384615384622
0 0.4514204545454545 0.5524903846153846 0.02119318181818184 0.05913461538461538
0 0.46908380681818185 0.5797596153846154 0.014644886363636367 0.04428846153846154
0 0.4741832386363637 0.5485961538461538 0.018053977272727242 0.08534615384615389
0 0.49026988636363633 0.5625865384615385 0.03034090909090903 0.08782692307692305
0 0.49026988636363633 0.5524807692307692 0.04394886363636363 0.09526923076923081
0 0.5538352272727273 0.6141057692307692 0.08423295454545456 0.10305769230769231
0 0.5182599431818182 0.6102115384615385 0.08058238636363639 0.051346153846153826
0 0.5156463068181818 0.6459903846153847 0.036093750000000036 0.05701923076923078
0 0.45600142045454545 0.6169423076923077 0.06382102272727273 0.10023076923076923
0 0.4429190340909091 0.6378365384615385 0.034019886363636426 0.036480769230769226
0 0.25599431818181817 0.3407788461538461 0.0800568181818182 0.10694230769230773
0 0.3953125 0.6679423076923077 0.0894602272727273 0.09669230769230769
0 0.2581605113636364 0.5893365384615384 0.06515625000000001 0.04248076923076924
0 0.2506036931818182 0.5689038461538461 0.03654829545454544 0.038192307692307664
0 0.21803267045454547 0.5447019230769231 0.034161931818181834 0.04355769230769232
0 0.20730113636363637 0.5659423076923078 0.03178977272727272 0.026884615384615364
0 0.21068181818181816 0.5861153846153846 0.02980113636363635 0.033884615384615395
0 0.18247159090909087 0.5906826923076923 0.029005681818181802 0.039788461538461536
0 0.19399857954545452 0.6078942307692308 0.034559659090909106 0.02367307692307693
0 0.36112215909090906 0.6099711538461539 0.02943181818181814 0.056326923076923115
0 0.3263920454545455 0.6878173076923078 0.06357954545454544 0.035596153846153826
0 0.09354403409090907 0.3478557692307692 0.019872159090909083 0.040365384615384636
0 0.3803551136363636 0.6312211538461538 0.049829545454545474 0.09563461538461536
0 0.39291193181818185 0.650625 0.04906250000000003 0.052596153846153834
0 0.41116477272727275 0.6899423076923077 0.06985795454545456 0.04303846153846153
0 0.3672088068181818 0.6957788461538461 0.019616477272727275 0.04090384615384617
0 0.3609303977272727 0.7255384615384615 0.0368892045454545 0.03134615384615387
0 0.3489630681818182 0.7050865384615383 0.025511363636363648 0.04994230769230769
0 0.32678267045454545 0.7449326923076923 0.03061079545454547 0.09990384615384619
0 0.33934659090909086 0.7534326923076923 0.032187499999999994 0.05313461538461538
0 0.3465980113636364 0.78 0.03492897727272728 0.03188461538461538
0 0.28618607954545455 0.6102115384615385 0.02044034090909089 0.0874615384615385
0 0.05770596590909091 0.39921153846153856 0.026690340909090914 0.07296153846153845
0 0.27646306818181815 0.6579711538461538 0.023409090909090935 0.0321346153846154
0 0.30069602272727275 0.6470288461538461 0.03559659090909091 0.07898076923076927
0 0.3239346590909091 0.6240384615384615 0.033295454545454545 0.05980769230769235
0 0.26212357954545457 0.6943365384615385 0.13120738636363638 0.09594230769230766
0 0.2642613636363636 0.7157596153846153 0.033295454545454545 0.09148076923076924
0 0.25866477272727273 0.662875 0.04517045454545456 0.09371153846153844
0 0.2458522727272727 0.6656346153846153 0.059801136363636355 0.14434615384615385
0 0.22757812499999996 0.6245769230769231 0.04541193181818182 0.09223076923076919
0 0.12331676136363635 0.6788942307692307 0.05705965909090909 0.06428846153846156
0 0.13365767045454546 0.627576923076923 0.05629261363636363 0.10576923076923077
0 0.05090198863636363 0.3590192307692308 0.05336647727272726 0.0761538461538462
0 0.10627130681818181 0.6317211538461538 0.028338068181818186 0.09332692307692309
0 0.08827414772727273 0.6529711538461539 0.018394886363636367 0.034211538461538446
0 0.024126420454545452 0.6934134615384615 0.017230113636363637 0.0580576923076923
0 0.07774147727272727 0.6265288461538462 0.04326704545454545 0.06221153846153845
0 0.011874999999999998 0.6553076923076924 0.023352272727272725 0.028499999999999987
0 0.036001420454545456 0.7136346153846154 0.021832386363636366 0.06119230769230768
0 0.045 0.7190865384615385 0.053607954545454535 0.08140384615384617
0 0.05936079545454545 0.6903076923076923 0.023352272727272725 0.021769230769230756
0 0.0706534090909091 0.6161634615384615 0.07889204545454546 0.03940384615384617
0 0.0894247159090909 0.544875 0.08194602272727272 0.12182692307692301
0 0.036512784090909085 0.2777307692307692 0.016747159090909094 0.029038461538461582
0 0.02585227272727273 0.5749423076923077 0.02605113636363637 0.038884615384615386
0 0.049403409090909095 0.5798749999999999 0.02105113636363636 0.03628846153846155
0 0.04365767045454545 0.5241346153846154 0.050156250000000006 0.08865384615384614
0 0.019055397727272726 0.5085865384615385 0.03811079545454545 0.08244230769230776
0 0.04949573863636363 0.4468846153846153 0.09899147727272727 0.08657692307692304
0 0.10703835227272726 0.4665865384615384 0.034474431818181814 0.04925000000000002
0 0.1393963068181818 0.48576923076923084 0.054758522727272725 0.0679230769230769
0 0.1336505681818182 0.5135 0.027954545454545465 0.020730769230769233
0 0.10474431818181819 0.5046923076923077 0.06127840909090909 0.032153846153846206
0 0.1675497159090909 0.5295769230769231 0.04211647727272728 0.03215384615384615
0 0.05286931818181818 0.31863461538461535 0.0353125 0.05630769230769225
0 0.18267755681818185 0.5645769230769231 0.024900568181818183 0.03265384615384614
0 0.11431107954545454 0.6019038461538462 0.06816761363636364 0.04303846153846153
0 0.1392116477272727 0.5741634615384615 0.06970170454545456 0.03628846153846155
0 0.13959517045454548 0.5417692307692308 0.02680397727272726 0.038884615384615386
0 0.10205965909090908 0.7128653846153846 0.03446022727272728 0.03992307692307691
0 0.1568252840909091 0.6065673076923077 0.02987215909090909 0.058596153846153846
0 0.1574005681818182 0.6280865384615385 0.04173295454545454 0.04355769230769232
0 0.20354403409090913 0.6195384615384616 0.043650568181818165 0.03473076923076923
0 0.20890625 0.6366442307692308 0.0390625 0.026442307692307692
0 0.1928196022727273 0.6776057692307693 0.030639204545454556 0.06998076923076926
0 0.05644886363636364 0.8445480769230769 0.03275568181818182 0.03548076923076924
0 0.04828835227272728 0.3179326923076923 0.07430397727272728 0.07686538461538467
0 0.19454545454545452 0.6975673076923077 0.02411931818181817 0.06325000000000003
0 0.17597301136363638 0.659201923076923 0.016093750000000018 0.03628846153846155
0 0.15988636363636363 0.6535 0.025284090909090905 0.07673076923076924
0 0.1489772727272727 0.6897884615384615 0.06855113636363636 0.08400000000000002
0 0.07372159090909092 0.6719038461538461 0.03139204545454546 0.06065384615384614
0 0.060887784090909086 0.7475961538461539 0.055525568181818176 0.09592307692307692
0 0.08099431818181818 0.7857019230769231 0.04136363636363636 0.12236538461538461
0 0.09 0.7963365384615384 0.05017045454545454 0.022288461538461545
0 0.017904829545454547 0.787 0.03580965909090909 0.056500000000000015
0 0.04901988636363636 0.8160384615384615 0.03255681818181818 0.04719230769230771
0 0.12245028409090909 0.3349326923076923 0.029559659090909095 0.04213461538461543
0 0.16754971590909087 0.7836346153846154 0.06816761363636363 0.16592307692307692
0 0.21330965909090913 0.7774038461538462 0.032556818181818166 0.1296153846153846
0 0.1780752840909091 0.8051538461538461 0.016463068181818186 0.037846153846153835
0 0.17558948863636364 0.8305576923076923 0.08424715909090912 0.06480769230769229
0 0.20105823863636366 0.8372884615384615 0.05629261363636365 0.06480769230769229
0 0.13327414772727272 0.7545961538461539 0.06166193181818181 0.059115384615384604
0 0.15261363636363637 0.7532980769230769 0.04596590909090909 0.057557692307692324
0 0.1171875 0.808 0.04326704545454547 0.1088846153846154
0 0.12925426136363638 0.8175865384615384 0.03140625 0.05028846153846155
0 0.10592329545454544 0.86325 0.07431818181818182 0.05634615384615385
0 0.06620738636363636 0.2993461538461538 0.05153409090909091 0.0595
0 0.1451065340909091 0.8846442307692308 0.05322443181818182 0.033288461538461545
0 0.029602272727272727 0.8208942307692308 0.02465909090909091 0.028326923076923083
0 0.5314488636363636 0.02837500000000004 0.025397727272727266 0.05674999999999998
0 0.4998579545454545 0.04485576923076928 0.034517045454545474 0.028211538461538493
0 0.5254332386363636 0.04881730769230763 0.02703125000000004 0.030865384615384638
0 0.5332457386363636 0.10745192307692308 0.058934659090909024 0.08994230769230765
0 0.5552272727272727 0.07152884615384614 0.035823863636363674 0.03394230769230765
0 0.5736221590909092 0.09334615384615386 0.0380965909090909 0.03703846153846152
0 0.5802982954545454 0.11296153846153845 0.03190340909090906 0.04188461538461533
0 0.5871377840909091 0.07263461538461535 0.053394886363636325 0.06084615384615382
0 0.09498579545454545 0.28075000000000006 0.03269886363636363 0.10730769230769233
0 0.5939772727272726 0.09158653846153841 0.02997159090909086 0.1402115384615384
0 0.6004900568181818 0.06844230769230775 0.022144886363636408 0.017192307692307687
0 0.6338707386363637 0.06116346153846153 0.05112215909090911 0.06348076923076922
0 0.599190340909091 0.0486057692307692 0.024090909090909062 0.02513461538461537
0 0.5571519886363636 0.02925961538461541 0.05197443181818178 0.052211538461538524
0 0.5555113636363637 0.011384615384615326 0.027357954545454533 0.022769230769230722
0 0.5602982954545455 0.02472115384615392 0.02488636363636361 0.049442307692307653
0 0.5412855113636363 0.016673076923076957 0.031178977272727337 0.03296153846153844
0 0.6521022727272728 0.0617788461538461 0.11281250000000002 0.12355769230769231
0 0.6627485795454545 0.05278846153846162 0.04384943181818182 0.10369230769230772
0 0.11813210227272726 0.31066346153846147 0.03035511363636362 0.029749999999999943
0 0.7147017045454546 0.03321153846153846 0.06704545454545453 0.06453846153846154
0 0.7202627840909092 0.0644038461538462 0.033053977272727325 0.05980769230769235
0 0.7126349431818182 0.11023076923076935 0.09850852272727276 0.07657692307692307
0 0.7973295454545454 0.12033653846153847 0.12360795454545469 0.04517307692307694
0 0.7620596590909091 0.03962500000000002 0.05306818181818184 0.07924999999999996
0 0.7870028409090909 0.07323076923076921 0.03622159090909091 0.05765384615384619
0 0.7968536931818182 0.02332692307692308 0.03686079545454552 0.04646153846153851
0 0.8480184659090909 0.03665384615384604 0.07944602272727282 0.04903846153846165
0 0.8413423295454546 0.00933653846153848 0.02606534090909094 0.018480769230769366
0 0.8807457386363637 0.019451923076923117 0.036860795454545354 0.03871153846153856
0 0.1377556818181818 0.2959807692307693 0.06278409090909091 0.10023076923076923
0 0.9083948863636363 0.026980769230769197 0.04767045454545447 0.05376923076923084
0 0.9006036931818183 0.010846153846153839 0.028906250000000033 0.021500000000000123
0 0.942549715909091 0.014499999999999957 0.044815340909091006 0.028807692307692343
0 0.93953125 0.03299999999999992 0.08261363636363632 0.06580769230769236
0 0.8260866477272728 0.06225961538461533 0.061008522727272634 0.021942307692307633
0 0.8337144886363635 0.10140384615384623 0.0457528409090908 0.0279615384615385
0 0.8241761363636364 0.08269230769230773 0.030511363636363663 0.02580769230769223
0 0.849921875 0.08161538461538465 0.03876420454545449 0.020230769230769195
0 0.8591406250000001 0.12850961538461547 0.06228693181818185 0.06067307692307695
0 0.8367329545454545 0.1035576923076924 0.08738636363636378 0.07873076923076923
0 0.13238636363636364 0.25949999999999995 0.03164772727272727 0.05134615384615393
0 0.8712073863636363 0.034288461538461656 0.029232954545454604 0.05376923076923073
0 0.8857315340909092 0.06816346153846153 0.06032670454545442 0.026019230769230718
0 0.8985369318181817 0.0914807692307692 0.04559659090909094 0.02580769230769223
0 0.8884446022727271 0.11980769230769228 0.05157670454545463 0.043000000000000024
0 0.8834019886363635 0.14384615384615373 0.025781249999999967 0.03642307692307692
0 0.9063920454545454 0.13700961538461542 0.021676136363636352 0.06121153846153854
0 0.8822798295454546 0.19848076923076918 0.03325284090909102 0.07184615384615388
0 0.9114275568181818 0.20151923076923084 0.061661931818181775 0.08296153846153843
0 0.9917826704545455 0.1901346153846154 0.015326704545454494 0.04807692307692308
0 0.9616974431818182 0.14004807692307686 0.04933238636363639 0.033903846153846146
0 0.17384943181818183 0.30553846153846154 0.04133522727272727 0.05915384615384613
0 0.985049715909091 0.15446153846153854 0.028025568181818207 0.05565384615384615
0 0.9684232954545454 0.11651923076923087 0.06278409090909097 0.02226923076923074
0 0.9816903409090909 0.09324038461538464 0.03551136363636364 0.054634615384615434
0 0.9359161931818182 0.12258653846153844 0.04484374999999991 0.1264807692307692
0 0.9471235795454546 0.04847115384615397 0.056803977272727284 0.04501923076923082
0 0.9316122159090909 0.0914711538461539 0.05194602272727264 0.10067307692307696
0 0.9581463068181818 0.1021057692307693 0.021292613636363648 0.06425000000000004
0 0.9841193181818181 0.03910576923076925 0.030653409090909148 0.07690384615384606
0 0.9773934659090909 0.05656730769230767 0.04259943181818183 0.0794423076923077
0 0.9678622159090909 0.0291634615384615 0.03325284090909102 0.05832692307692305
0 0.1805255681818182 0.2724230769230769 0.018579545454545453 0.06373076923076931
0 0.8492258522727273 0.8618173076923077 0.033508522727272776 0.02505769230769231
0 0.6173650568181818 0.9866442307692308 0.022343750000000027 0.026711538461538464
0 0.6296519886363636 0.9620480769230769 0.022656249999999985 0.04751923076923078
0 0.649765625 0.9594615384615385 0.02649147727272724 0.037153846153846155
0 0.5929545454545455 0.9672307692307692 0.029034090909090905 0.032846153846153844
0 0.5723721590909091 0.9594519230769231 0.05744318181818182 0.047519230769230765
0 0.5926349431818182 0.9883653846153846 0.03862215909090909 0.023269230769230768
0 0.5589630681818182 0.99075 0.0331818181818182 0.0185
0 0.5785866477272728 0.9056634615384616 0.02521306818181818 0.041057692307692295
0 0.6061931818181818 0.9248942307692307 0.030000000000000006 0.04321153846153846
0 0.14102272727272727 0.2471057692307692 0.06514204545454545 0.08394230769230765
0 0.6290127840909091 0.9259711538461538 0.020099431818181787 0.047942307692307694
0 0.6282244318181818 0.8771442307692308 0.038295454545454514 0.09201923076923077
0 0.6371519886363637 0.9909615384615384 0.023622159090909086 0.018076923076923077
0 0.6505610795454545 0.9853461538461539 0.022343750000000027 0.02930769230769231
0 0.7539630681818181 0.9812403846153847 0.031278409090909065 0.03751923076923077
0 0.6706605113636364 0.9760961538461539 0.02552556818181814 0.04623076923076923
0 0.6794389204545455 0.9296442307692308 0.028394886363636376 0.06824999999999999
0 0.710078125 0.9734615384615385 0.06669034090909089 0.05307692307692308
0 0.7081605113636363 0.9359038461538461 0.03223011363636363 0.04449999999999999
0 0.7054474431818182 0.9704423076923077 0.028082386363636337 0.05911538461538461
0 0.04793323863636363 0.875875 0.025326704545454545 0.035480769230769225
0 0.14586647727272728 0.22745192307692308 0.10045454545454548 0.07578846153846158
0 0.6459303977272728 0.8851442307692308 0.023309659090909127 0.11925000000000001
0 0.6607741477272727 0.8864423076923077 0.022343750000000027 0.046653846153846164
0 0.6835866477272727 0.8974519230769231 0.04052556818181814 0.04536538461538462
0 0.6886931818181818 0.8646153846153846 0.01883522727272734 0.02723076923076924
0 0.7022585227272727 0.8780096153846154 0.020426136363636358 0.04105769230769231
0 0.74375 0.940451923076923 0.07786931818181818 0.10801923076923076
0 0.7333735795454545 0.8950769230769231 0.03796874999999995 0.035423076923076925
0 0.7207670454545455 0.8568461538461538 0.0331818181818182 0.046230769230769214
0 0.770390625 0.9395865384615385 0.05521306818181819 0.06740384615384615
0 0.770234375 0.9585576923076923 0.10404829545454546 0.08288461538461539
0 0.14756392045454544 0.2260288461538461 0.15302556818181817 0.04744230769230772
0 0.8136363636363636 0.9745769230769231 0.04531249999999997 0.031115384615384614
0 0.8083735795454546 0.9344038461538462 0.023934659090909124 0.06307692307692307
0 0.8455539772727273 0.9773557692307693 0.05170454545454542 0.04528846153846154
0 0.8694886363636364 0.9764903846153846 0.0395738636363635 0.047019230769230765
0 0.9267755681818183 0.9248942307692307 0.024573863636363734 0.09159615384615384
0 0.9333167613636365 0.9853461538461539 0.05169034090909089 0.02930769230769231
0 0.9448082386363637 0.9745769230769231 0.026803977272727278 0.043192307692307697
0 0.9585298295454546 0.9160288461538462 0.06191761363636368 0.0695576923076923
0 0.9668252840909091 0.935875 0.06509943181818172 0.12825
0 0.7959303977272728 0.8894615384615385 0.04563920454545454 0.04234615384615384
0 0.06607954545454545 0.24320192307692312 0.09051136363636364 0.05844230769230777
0 0.8822585227272728 0.9110673076923077 0.06829545454545444 0.11232692307692309
0 0.8536860795454545 0.8821153846153846 0.06924715909090909 0.0363076923076923
0 0.8506605113636364 0.9151730769230769 0.01850852272727269 0.028076923076923065
0 0.8481036931818182 0.8922692307692308 0.01978693181818175 0.02980769230769231
0 0.76640625 0.8618173076923077 0.0874431818181819 0.1028269230769231
0 0.7711860795454545 0.8648365384615384 0.0785085227272727 0.15640384615384614
0 0.7530042613636364 0.7719326923076923 0.03509943181818187 0.038019230769230764
0 0.790340909090909 0.7883557692307692 0.06892045454545452 0.06394230769230769
0 0.8083735795454546 0.795923076923077 0.06541193181818175 0.027230769230769225
0 0.8334232954545455 0.8123365384615384 0.04275568181818185 0.09028846153846154
0 0.015511363636363636 0.2649807692307692 0.03102272727272727 0.060923076923076934
0 0.859112215909091 0.8406442307692308 0.06796875000000004 0.06740384615384615
0 0.8499573863636364 0.8007980769230769 0.023352272727272805 0.03163461538461539
0 0.918252840909091 0.8242115384615385 0.09079545454545448 0.08246153846153845
0 0.9135298295454546 0.864798076923077 0.07944602272727282 0.20975000000000002
0 0.9884019886363636 0.887576923076923 0.02279829545454555 0.07842307692307691
0 0.9773863636363636 0.791625 0.04289772727272718 0.030096153846153856
0 0.9622088068181818 0.7601057692307692 0.0743039772727272 0.09101923076923077
0 0.979872159090909 0.696173076923077 0.04002840909090902 0.05453846153846151
0 0.9916974431818182 0.6503076923076924 0.016605113636363713 0.0371923076923077
0 0.9758096590909091 0.637201923076923 0.04761363636363634 0.08040384615384616
0 0.04737215909090909 0.16989423076923083 0.03269886363636364 0.09455769230769234
0 0.9582883522727272 0.6892596153846153 0.020411931818181826 0.027980769230769253
0 0.9381392045454546 0.7397307692307693 0.05650568181818194 0.1296153846153846
0 0.9427201704545454 0.7347692307692307 0.08345170454545454 0.07153846153846156
0 0.856747159090909 0.7498846153846154 0.06931818181818175 0.13046153846153843
0 0.7839204545454546 0.7603461538461538 0.032869318181818326 0.0267692307692308
0 0.8126491477272727 0.7744615384615384 0.029928977272727184 0.01880769230769231
0 0.8055681818181818 0.7599903846153846 0.015767045454545325 0.021711538461538445
0 0.8171946022727272 0.7142211538461538 0.04544034090909092 0.09225
0 0.783387784090909 0.7332211538461539 0.03876420454545449 0.06005769230769231
0 0.8832954545454544 0.7628461538461538 0.029630681818181837 0.044692307692307684
0 0.022258522727272727 0.19734615384615384 0.044204545454545455 0.046038461538461535
0 0.8682386363636364 0.7266730769230769 0.03880681818181809 0.10257692307692311
0 0.8669460227272726 0.7171634615384616 0.033267045454545396 0.05855769230769234
0 0.857705965909091 0.6728846153846153 0.028821022727272837 0.051038461538461526
0 0.8863494318181818 0.7209134615384616 0.03954545454545443 0.17613461538461536
0 0.5884019886363636 0.5690192307692308 0.03220170454545457 0.06684615384615389
0 0.5890127840909091 0.5989134615384615 0.05919034090909093 0.08844230769230771
0 0.6455965909090909 0.5837596153846154 0.059488636363636355 0.0556346153846154
0 0.6307244318181818 0.5538653846153846 0.015028409090909068 0.021576923076923073
0 0.6311789772727273 0.5196153846153846 0.020852272727272737 0.046923076923076935
0 0.7313139204545455 0.601 0.047542613636363674 0.059384615384615376
0 0.011846590909090909 0.16829807692307686 0.023693181818181818 0.029750000000000054
0 0.761981534090909 0.6593365384615385 0.14200284090909088 0.07059615384615386
0 0.6692116477272727 0.6435480769230768 0.05336647727272734 0.041519230769230774
0 0.6347017045454545 0.599125 0.06286931818181817 0.06809615384615383
0 0.6641477272727273 0.5970480769230769 0.027301136363636402 0.05648076923076924
0 0.6889914772727272 0.5737980769230769 0.053664772727272686 0.031557692307692356
0 0.7498650568181818 0.4926250000000001 0.033735795454545456 0.07348076923076925
0 0.7618323863636364 0.5644615384615383 0.07176136363636369 0.08926923076923074
0 0.7696519886363636 0.5928942307692308 0.08680397727272729 0.09882692307692305
0 0.8243963068181818 0.574 0.044161931818181704 0.0768076923076923
0 0.7950994318181818 0.6514326923076923 0.12107954545454547 0.07394230769230767
0 0.028068181818181822 0.10915384615384616 0.056136363636363644 0.11403846153846156
0 0.8352911931818181 0.6237019230769231 0.06748579545454544 0.05198076923076923
0 0.8707173295454546 0.6285865384615386 0.04663352272727262 0.042211538461538495
0 0.9291974431818182 0.6702596153846154 0.07032670454545453 0.12205769230769231
0 0.9054971590909091 0.5912596153846154 0.10639204545454542 0.04359615384615382
0 0.9560298295454547 0.5834134615384615 0.08794034090909086 0.042557692307692296
0 0.8463352272727271 0.5269230769230769 0.08482954545454534 0.04430769230769229
0 0.89875 0.5164615384615385 0.021818181818181837 0.015999999999999986
0 0.8996519886363636 0.5505 0.02848011363636357 0.06357692307692309
0 0.89875 0.5010769230769231 0.03937500000000004 0.029538461538461565
0 0.9122301136363636 0.5523557692307692 0.0215056818181818 0.02951923076923076
0 0.010674715909090908 0.08047115384615389 0.021349431818181816 0.04675000000000001
0 0.9213139204545455 0.5535769230769231 0.018480113636363624 0.05249999999999997
0 0.9313139204545454 0.5107211538461538 0.03848011363636368 0.034865384615384604
0 0.9405539772727274 0.5423076923076924 0.02786931818181819 0.0356923076923077
0 0.9844886363636364 0.5181057692307692 0.029090909090909115 0.038980769230769305
0 0.9411647727272726 0.4805673076923077 0.042414772727272745 0.045942307692307664
0 0.9329829545454544 0.5349230769230768 0.034545454545454615 0.12265384615384621
0 0.9526775568181818 0.49924038461538467 0.01938920454545451 0.035673076923076946
0 0.9609232954545455 0.4831153846153846 0.017045454545454544 0.040653846153846235
0 0.978359375 0.47415384615384615 0.04328125000000004 0.06407692307692317
0 0.9838920454545456 0.42955769230769236 0.03204545454545463 0.062192307692307755
0 0.09367897727272728 0.16954807692307683 0.0803125 0.057019230769230836
0 0.9631605113636365 0.4112403846153847 0.06109375000000015 0.06724999999999995
0 0.9893536931818182 0.35659615384615384 0.02061079545454544 0.06353846153846147
0 0.9635227272727271 0.18983653846153847 0.05389204545454537 0.021173076923077017
0 0.951981534090909 0.20043269230769234 0.07450284090909082 0.06655769230769222
0 0.9832741477272726 0.2153942307692308 0.024332386363636358 0.02925000000000007
0 0.9917187500000001 0.2380865384615385 0.016392045454545565 0.024211538461538524
0 0.9860014204545454 0.28212500000000007 0.027826704545454592 0.07732692307692304
0 0.915724431818182 0.2274903846153845 0.05065340909090905 0.04336538461538464
0 0.922549715909091 0.2548942307692308 0.04544034090909092 0.026211538461538453
0 0.9553338068181819 0.24480769230769228 0.0578551136363635 0.04573076923076918
0 0.06776988636363636 0.8759230769230769 0.046960227272727265 0.03376923076923076
0 0.06698863636363636 0.10667307692307693 0.06670454545454546 0.13246153846153857
0 0.018196022727272727 0.8355673076923077 0.03625 0.060711538461538476
0 0.021526988636363636 0.883875 0.04305397727272727 0.09359615384615384
0 0.009943181818181818 0.8955096153846154 0.019886363636363636 0.05009615384615384
0 0.17441051136363636 0.8846346153846154 0.0370028409090909 0.07488461538461537
0 0.20001420454545454 0.8864134615384616 0.018693181818181814 0.17455769230769233
0 0.2052414772727273 0.9311826923076924 0.05829545454545453 0.024288461538461543
0 0.15890625 0.9463557692307693 0.033636363636363624 0.07994230769230769
0 0.12938210227272728 0.9165096153846154 0.02242897727272728 0.04048076923076922
0 0.10919744318181818 0.943076923076923 0.030639204545454535 0.11384615384615385
0 0.13703835227272726 0.9567403846153846 0.02504261363636365 0.07032692307692308
0 0.12624289772727273 0.13749038461538465 0.07481534090909091 0.08924999999999994
0 0.0705255681818182 0.9124615384615384 0.06539772727272729 0.10826923076923077
0 0.07650568181818182 0.9304230769230769 0.05045454545454546 0.0591923076923077
0 0.07649857954545454 0.9499038461538462 0.035497159090909086 0.03238461538461539
0 0.056882102272727275 0.9767211538461539 0.04558238636363637 0.04655769230769231
0 0.0813565340909091 0.974951923076923 0.05194602272727273 0.050096153846153846
0 0.009566761363636364 0.9428269230769231 0.019133522727272728 0.04857692307692307
0 0.024928977272727273 0.9557211538461539 0.04596590909090909 0.08751923076923077
0 0.011661931818181816 0.9843076923076923 0.021676136363636363 0.031384615384615386
0 0.29624289772727275 0.7864807692307693 0.04896306818181818 0.08599999999999997
0 0.27904829545454546 0.751826923076923 0.036988636363636355 0.13507692307692304
0 0.20599431818181815 0.2669807692307692 0.0374431818181818 0.060538461538461576
0 0.26559659090909093 0.7391826923076923 0.02579545454545454 0.0733653846153846
0 0.22561079545454543 0.7379134615384615 0.03923295454545451 0.08198076923076922
0 0.2474715909090909 0.7677692307692308 0.029147727272727245 0.035423076923076925
0 0.2119744318181818 0.7902788461538461 0.06053977272727271 0.02682692307692308
0 0.27232954545454546 0.8019134615384615 0.0653977272727273 0.07032692307692309
0 0.235703125 0.8327788461538461 0.025781249999999967 0.06828846153846152
0 0.22579545454545452 0.8330288461538462 0.057556818181818195 0.04351923076923076
0 0.2570028409090909 0.8284807692307692 0.055681818181818166 0.08803846153846154
0 0.29754971590909096 0.7781346153846154 0.04859375000000001 0.13103846153846155
0 0.2654119318181818 0.8434038461538461 0.021676136363636352 0.04503846153846154
0 0.2766335227272727 0.3683942307692307 0.054886363636363615 0.048288461538461565
0 0.24803267045454547 0.87275 0.029531249999999988 0.029846153846153866
0 0.2588707386363636 0.8871730769230769 0.03848011363636364 0.03946153846153848
0 0.2745667613636364 0.9031057692307692 0.019815340909090932 0.12901923076923077
0 0.2590625 0.9094230769230769 0.03661931818181818 0.0425
0 0.22281250000000002 0.883625 0.035880681818181846 0.06071153846153846
0 0.208984375 0.894 0.02092329545454548 0.03288461538461539
0 0.21327414772727274 0.9349807692307692 0.01606534090909091 0.06323076923076922
0 0.22504971590909092 0.9286538461538462 0.037372159090909095 0.0415
0 0.26616477272727274 0.9549615384615384 0.08221590909090909 0.04857692307692307
0 0.22897727272727272 0.9739423076923077 0.031022727272727278 0.029846153846153845
0 0.27894176136363635 0.3723846153846153 0.038991477272727254 0.07015384615384619
0 0.20262784090909092 0.9850673076923077 0.05156250000000002 0.029865384615384613
0 0.252890625 0.9754519230769231 0.03924715909090908 0.04805769230769231
0 0.2850284090909091 0.9896153846153846 0.02653409090909092 0.01973076923076923
0 0.2747514204545455 0.9764615384615385 0.03586647727272727 0.04603846153846154
0 0.2997940340909091 0.941548076923077 0.037372159090909095 0.06728846153846155
0 0.34582386363636364 0.9865288461538462 0.0459090909090909 0.026942307692307692
0 0.32573863636363637 0.9790576923076924 0.03133522727272728 0.04188461538461539
0 0.29330255681818185 0.8852115384615384 0.020298295454545444 0.10515384615384615
0 0.31117897727272725 0.8514519230769231 0.018977272727272745 0.06513461538461539
0 0.33854403409090905 0.8224711538461539 0.03839488636363637 0.07171153846153845
0 0.3098579545454545 0.28400961538461544 0.04232954545454543 0.18094230769230776
0 0.3268465909090909 0.8383076923076923 0.026477272727272707 0.09261538461538461
0 0.33545454545454545 0.9186730769230769 0.05957386363636363 0.08842307692307694
0 0.3698863636363636 0.8729615384615385 0.04193181818181824 0.06034615384615385
0 0.3670099431818182 0.8224711538461539 0.04061079545454546 0.07409615384615385
0 0.38930397727272725 0.8415961538461538 0.020738636363636397 0.03584615384615385
0 0.40387073863636364 0.8290480769230769 0.023394886363636402 0.0370576923076923
0 0.3826775568181818 0.7764615384615384 0.058707386363636344 0.07888461538461537
0 0.41137073863636364 0.7143173076923077 0.04811079545454546 0.035865384615384625
0 0.3921732954545455 0.7432980769230769 0.04855113636363637 0.035250000000000024
0 0.41490056818181825 0.7531634615384616 0.04281250000000006 0.040634615384615345
0 0.3331960227272727 0.2803653846153845 0.024261363636363654 0.040346153846153775
0 0.42526988636363633 0.7695961538461539 0.026477272727272707 0.020923076923076916
0 0.41600142045454547 0.7887115384615384 0.044133522727272716 0.07946153846153847
0 0.45550426136363636 0.7848365384615384 0.038394886363636326 0.041826923076923074
0 0.43895596590909086 0.8150096153846154 0.04589488636363637 0.053173076923076906
0 0.3873082386363636 0.8807307692307692 0.043252840909090894 0.07469230769230768
0 0.4263707386363636 0.875951923076923 0.034872159090909106 0.023288461538461536
0 0.41115056818181817 0.8825192307692308 0.06178977272727273 0.07350000000000001
0 0.44247869318181815 0.846375 0.030894886363636364 0.017942307692307688
0 0.46190340909090905 0.8902980769230769 0.04502840909090908 0.030480769230769235
0 0.449765625 0.8466730769230769 0.019872159090909104 0.05676923076923076
0 0.21295454545454548 0.15944230769230772 0.043778409090909125 0.1201923076923077
0 0.4632315340909091 0.8687788461538462 0.02825284090909089 0.036442307692307684
0 0.36634943181818175 0.9285384615384615 0.029573863636363627 0.03884615384615384
0 0.3866548295454546 0.9279423076923077 0.03751420454545458 0.046
0 0.44336647727272727 0.985326923076923 0.03619318181818185 0.029346153846153845
0 0.47911931818181813 0.9695 0.04855113636363637 0.061
0 0.46344460227272727 0.9416826923076923 0.038394886363636326 0.06036538461538462
0 0.4813210227272728 0.9109134615384615 0.023835227272727313 0.041826923076923074
0 0.5684872159090909 0.8663942307692307 0.024275568181818145 0.03286538461538461
0 0.5868039772727273 0.8705769230769231 0.013238636363636353 0.0735
0 0.553046875 0.7806442307692307 0.02867897727272727 0.021519230769230766
0 0.2198792613636364 0.1733365384615384 0.03782670454545458 0.049557692307692275
0 0.553046875 0.7543461538461539 0.024275568181818145 0.03226923076923077
0 0.6448508522727273 0.7600288461538461 0.027798295454545444 0.06155769230769229
0 0.5312002840909091 0.7905 0.021178977272727308 0.09023076923076924
0 0.5413494318181818 0.9034423076923077 0.03355113636363637 0.044807692307692305
0 0.5128835227272727 0.9509423076923077 0.04193181818181815 0.06215384615384616
0 0.5159659090909091 0.975173076923077 0.01985795454545457 0.04965384615384615
0 0.5369318181818182 0.9751442307692307 0.026477272727272707 0.049596153846153845
0 0.5345099431818182 0.9383942307692308 0.019872159090909104 0.026288461538461535
0 0.5484090909090908 0.9434711538461539 0.028238636363636358 0.08305769230769232
0 0.5673863636363636 0.9279326923076923 0.025596590909090885 0.05078846153846154
0 0.24164062500000003 0.17082692307692315 0.04376420454545455 0.11280769230769236
0 0.5047159090909091 0.9249519230769231 0.03795454545454549 0.03644230769230769
0 0.5018465909090909 0.8989615384615385 0.020738636363636397 0.03107692307692307
0 0.521924715909091 0.9016538461538461 0.018536931818181755 0.02449999999999999
0 0.5285511363636364 0.8813269230769231 0.02295454545454549 0.03646153846153846
0 0.5093536931818182 0.8699807692307693 0.026036931818181796 0.038846153846153836
0 0.48661931818181825 0.871173076923077 0.023835227272727313 0.030461538461538453
0 0.47845880681818187 0.8421923076923077 0.03751420454545458 0.03107692307692307
0 0.5011860795454546 0.8033557692307692 0.03884943181818177 0.05975000000000001
0 0.47271306818181813 0.8132115384615385 0.03133522727272728 0.03884615384615385
0 0.5108948863636363 0.8165 0.02295454545454549 0.045423076923076934
0 0.9535369318181818 0.5594038461538462 0.0339488636363636 0.047884615384615394
0 0.2535085227272727 0.16228846153846155 0.022017045454545456 0.1017692307692308
0 0.5448792613636364 0.8036442307692307 0.020298295454545482 0.034057692307692296
0 0.6002698863636363 0.9040288461538462 0.04633522727272728 0.0818653846153846
0 0.6170383522727273 0.8454807692307692 0.04987215909090911 0.08903846153846154
0 0.6463920454545454 0.8069423076923077 0.02471590909090906 0.04899999999999998
0 0.6682386363636363 0.860423076923077 0.02869318181818188 0.02569230769230769
0 0.7022230113636364 0.8365096153846154 0.022514204545454577 0.035250000000000024
0 0.6753053977272727 0.8368076923076924 0.03575284090909093 0.03107692307692307
0 0.6706676136363636 0.8206826923076923 0.032670454545454544 0.02390384615384614
0 0.7079616477272727 0.7928942307692308 0.04103693181818188 0.05675000000000001
0 0.6911860795454546 0.8003653846153846 0.03839488636363641 0.053769230769230784
0 0.28194602272727276 0.2108365384615385 0.04673295454545456 0.15867307692307692
0 0.6638281250000001 0.7507692307692307 0.033991477272727284 0.06930769230769232
0 0.6730965909090909 0.7896153846153846 0.043693181818181805 0.06573076923076922
0 0.6867755681818182 0.7424038461538462 0.026931818181818234 0.040615384615384595
0 0.7154616477272726 0.7555480769230769 0.047230113636363556 0.05855769230769231
0 0.753203125 0.665923076923077 0.0697301136363636 0.07050000000000005
0 0.737315340909091 0.6898173076923078 0.049431818181818195 0.060942307692307685
0 0.7154616477272728 0.7199903846153846 0.07458806818181825 0.01971153846153846
0 0.7070809659090909 0.6871346153846154 0.034872159090909106 0.041230769230769224
0 0.6821448863636363 0.6796634615384616 0.03531250000000002 0.022711538461538467
0 0.6536789772727273 0.6677115384615384 0.03397727272727267 0.0728846153846154
0 0.33535511363636367 0.18774038461538467 0.03784090909090907 0.1352500000000001
0 0.6479403409090909 0.6539711538461539 0.10812500000000001 0.03705769230769227
0 0.48088778409090904 0.6617307692307692 0.045014204545454545 0.11353846153846152
0 0.4795596590909091 0.688625 0.03178977272727272 0.03225000000000002
0 0.459921875 0.70775 0.034872159090909106 0.047807692307692336
0 0.44822443181818183 0.7456923076923077 0.028238636363636358 0.05676923076923076
0 0.48286931818181816 0.7758653846153847 0.03397727272727267 0.03107692307692307
0 0.4771306818181818 0.7564423076923077 0.06840909090909095 0.043615384615384625
0 0.49743607954545455 0.7205961538461538 0.048991477272727284 0.03765384615384618
0 0.5117826704545455 0.7570384615384615 0.03177556818181819 0.05796153846153846
0 0.53671875 0.6572596153846153 0.03309659090909092 0.05078846153846153
0 0.35118607954545455 0.09533653846153844 0.03387784090909094 0.17609615384615393
0 0.531640625 0.7089423076923077 0.04765625000000002 0.10038461538461536
0 0.5360511363636363 0.7038557692307692 0.04678977272727272 0.06632692307692309
0 0.5517187499999999 0.7182019230769231 0.03397727272727275 0.046019230769230784
0 0.5863707386363637 0.6680096153846153 0.052968749999999946 0.053173076923076934
0 0.5793039772727272 0.7104326923076923 0.026477272727272707 0.04721153846153843
0 0.6053480113636364 0.6865384615384615 0.030894886363636364 0.05915384615384613
0 0.31693892045454547 0.0799423076923077 0.04055397727272729 0.11315384615384622
0 0.28788352272727274 0.046499999999999986 0.06008522727272725 0.09300000000000003
0 0.38512073863636365 0.10152884615384605 0.06717329545454544 0.10782692307692307
0 0.4362997159090909 0.14005769230769238 0.06154829545454543 0.07176923076923075
0 0.17450994318181817 0.14226923076923081 0.05438920454545455 0.08919230769230768
0 0.19579545454545455 0.1356346153846153 0.038863636363636385 0.04757692307692298
0 0.96609375 0.5289999999999999 0.022982954545454636 0.044538461538461534
0 0.1961363636363636 0.10384615384615381 0.05235795454545453 0.04892307692307703
0 0.14444602272727272 0.09515384615384614 0.05034090909090909 0.05900000000000001
0 0.2361647727272727 0.08600000000000008 0.029062500000000012 0.11388461538461533
0 0.2561008522727273 0.0896634615384615 0.02026988636363638 0.030634615384615288
0 0.255078125 0.0614134615384615 0.026349431818181793 0.12282692307692308
0 0.19850142045454547 0.017961538461538473 0.09830965909090908 0.03592307692307694
0 0.19477982954545456 0.049067307692307716 0.04223011363636364 0.09813461538461533
0 0.20406960227272727 0.048048076923077 0.050667613636363636 0.03428846153846151
0 0.15424005681818181 0.01819230769230773 0.05776988636363634 0.03638461538461542
0 0.120625 0.023807692307692307 0.037159090909090906 0.047115384615384615
0 0.6106605113636363 0.5204711538461538 0.02492897727272729 0.03921153846153849
0 0.10204545454545455 0.02871153846153851 0.05068181818181819 0.05742307692307695
0 0.07772017045454546 0.06290384615384614 0.0891903409090909 0.08873076923076921
0 0.088203125 0.03145192307692313 0.05742897727272727 0.06290384615384612
0 0.6272940340909091 0.14029807692307694 0.04541193181818186 0.0812115384615385
0 0.6286931818181819 0.1735000000000001 0.03420454545454543 0.05653846153846161
0 0.6864346590909091 0.18128846153846145 0.0566193181818182 0.09792307692307696
0 0.6428409090909091 0.1778653846153846 0.040085227272727314 0.06830769230769228
0 0.705078125 0.16780769230769232 0.06251420454545453 0.07096153846153842
0 0.6092116477272728 0.24655769230769242 0.07708806818181815 0.07515384615384613
0 0.5490838068181818 0.2693365384615384 0.028593749999999994 0.035673076923076946
0 0.6280042613636364 0.5496538461538462 0.0562357954545455 0.027346153846153843
0 0.6135511363636363 0.21999038461538456 0.1031534090909091 0.08198076923076922
0 0.5918252840909091 0.21715384615384614 0.06251420454545453 0.045923076923076914
0 0.5281818181818182 0.23295192307692303 0.06451704545454548 0.03698076923076927
0 0.5142897727272727 0.2299230769230769 0.05556818181818182 0.0685384615384615
0 0.5350923295454545 0.1645288461538461 0.031974431818181805 0.0758653846153846
0 0.5504190340909091 0.20135576923076925 0.029673295454545435 0.04686538461538462
0 0.5649644886363636 0.18945192307692305 0.0361221590909091 0.13048076923076926
0 0.4751136363636364 0.10217307692307687 0.0371306818181818 0.07053846153846155
0 0.5018181818181818 0.10304807692307705 0.05471590909090915 0.16136538461538466
0 0.5200568181818181 0.1389903846153846 0.026051136363636408 0.060403846153846204
