0 0.948515625 0.24823076923076925 0.01978693181818191 0.10619230769230764
0 0.5687286931818182 0.893375 0.05671875000000001 0.05640384615384615
0 0.4344460227272728 0.7942307692307693 0.06471590909090909 0.0806923076923077
0 0.3425071022727273 0.7271826923076923 0.07475852272727272 0.06174999999999997
0 0.4286789772727273 0.8755192307692308 0.01670454545454544 0.029884615384615384
0 0.7210085227272728 0.6076538461538462 0.04971590909090917 0.06530769230769232
0 0.6661363636363636 0.586375 0.07414772727272725 0.09567307692307692
0 0.6639488636363636 0.5047692307692309 0.0407954545454545 0.14200000000000002
0 0.5650994318181819 0.5394134615384616 0.04411931818181818 0.04009615384615384
0 0.5926136363636364 0.5155288461538461 0.035227272727272746 0.07517307692307698
0 0.2901846590909091 0.8244038461538461 0.05508522727272727 0.07726923076923078
0 0.5528764204545454 0.5185384615384615 0.0556960227272727 0.025038461538461558
0 0.3648863636363636 0.17781730769230775 0.09051136363636364 0.06886538461538462
0 0.8386434659090909 0.8151346153846154 0.06958806818181819 0.05457692307692307
0 0.02857954545454545 0.6095288461538462 0.029375 0.019442307692307665
0 0.7645170454545455 0.8922788461538461 0.03374999999999999 0.052096153846153855
0 0.5009375 0.5054038461538461 0.06835227272727273 0.06546153846153845
0 0.5804261363636364 0.4481153846153846 0.024971590909090968 0.07003846153846156
0 0.5473792613636363 0.46072115384615386 0.06879261363636364 0.10490384615384613
0 0.5607954545454545 0.39566346153846155 0.023210227272727316 0.05948076923076925
0 0.9512215909090909 0.1568076923076922 0.06218749999999996 0.07157692307692302
0 0.8998579545454546 0.8727115384615385 0.019715909090909246 0.04138461538461539
0 0.40227982954545455 0.965076923076923 0.12961647727272724 0.041653846153846145
0 0.9772514204545453 0.5406634615384616 0.04495738636363633 0.036057692307692304
0 0.24335227272727272 0.923673076923077 0.05522727272727272 0.08588461538461539
0 0.8081676136363637 0.9116346153846153 0.04079545454545442 0.054769230769230764
0 0.06007102272727272 0.834173076923077 0.12014204545454545 0.09746153846153845
0 0.5468607954545455 0.42400961538461546 0.04372159090909087 0.12213461538461537
0 0.5263920454545454 0.41375961538461536 0.016363636363636337 0.14171153846153844
0 0.6552698863636364 0.8788557692307692 0.03934659090909098 0.04751923076923076
0 0.5148863636363636 0.3559038461538462 0.014318181818181796 0.03369230769230766
0 0.5870809659090909 0.961 0.0341903409090909 0.06511538461538462
0 0.3092329545454545 0.9278365384615385 0.06974431818181817 0.07998076923076924
0 0.7737855113636364 0.9748557692307692 0.03870738636363636 0.05028846153846154
0 0.44284801136363633 0.9321826923076924 0.04705965909090908 0.06574999999999999
0 0.8228551136363635 0.2482788461538462 0.042187499999999906 0.14344230769230765
0 0.5265411931818181 0.024759615384615352 0.022883522727272745 0.049480769230769266
0 0.4226207386363636 0.1509999999999999 0.047769886363636355 0.04553846153846155
0 0.8690340909090909 0.03258653846153858 0.062187500000000125 0.04124999999999998
0 0.4905823863636364 0.010480769230769349 0.046903409090909065 0.020961538461538417
0 0.739659090909091 0.5019038461538461 0.03323863636363633 0.05107692307692314
0 0.5255184659090909 0.8827403846153846 0.031832386363636396 0.055403846153846144
0 0.6502414772727273 0.36557692307692313 0.024232954545454547 0.0618846153846154
0 0.8276136363636364 0.6311153846153846 0.01588068181818191 0.055461538461538465
0 0.4724715909090909 0.9292884615384616 0.03474431818181823 0.053538461538461535
0 0.23880681818181818 0.8854615384615384 0.03551136363636364 0.08380769230769229
0 0.498828125 0.9579615384615384 0.02166193181818182 0.03211538461538462
0 0.4768039772727272 0.9640384615384615 0.021931818181818177 0.03430769230769232
0 0.4869176136363636 0.9808557692307692 0.027045454545454574 0.028365384615384612
0 0.8391832386363638 0.6048942307692308 0.020071022727272722 0.01886538461538462
0 0.8379616477272727 0.6320096153846153 0.013735795454545396 0.0458269230769231
0 0.5093323863636364 0.983326923076923 0.023153409090909106 0.0333076923076923
0 0.5767755681818182 0.9372307692307692 0.030142045454545494 0.06403846153846153
0 0.5947940340909091 0.9663557692307693 0.022571022727272707 0.041826923076923074
0 0.6717968750000001 0.3608461538461538 0.0283096590909091 0.0649230769230769
0 0.6724928977272727 0.9755096153846153 0.01311079545454548 0.037788461538461535
0 0.35592329545454543 0.24440384615384625 0.04446022727272733 0.10542307692307691
0 0.8430255681818182 0.08055769230769227 0.11250000000000006 0.08446153846153849
0 0.44272017045454537 0.023701923076923093 0.042144886363636384 0.04163461538461534
0 0.9152201704545455 0.041750000000000065 0.07430397727272736 0.08350000000000003
0 0.7194176136363637 0.31000000000000005 0.026335227272727302 0.06746153846153843
0 0.8284019886363637 0.046740384615384656 0.11504261363636364 0.09348076923076926
0 0.9796519886363636 0.08253846153846145 0.039502840909090994 0.07653846153846156
0 0.6777414772727273 0.3008653846153846 0.04511363636363635 0.04573076923076918
0 0.7373153409090908 0.9712596153846154 0.03423295454545458 0.018826923076923074
0 0.7944318181818182 0.1599711538461539 0.05951704545454542 0.042442307692307786
0 0.8367045454545454 0.15097115384615378 0.02440340909090902 0.050634615384615465
0 0.31012073863636364 0.8407692307692307 0.07146306818181819 0.03550000000000002
0 0.8028551136363636 0.10087500000000005 0.04960227272727267 0.14336538461538464
0 0.9786221590909091 0.14119230769230773 0.04249999999999994 0.05669230769230773
0 0.73234375 0.9360576923076923 0.013977272727272772 0.05565384615384615
0 0.7303622159090909 0.01704807692307697 0.05069602272727272 0.03409615384615388
0 0.4824928977272727 0.9935480769230769 0.03126420454545453 0.01275
0 0.7117116477272728 0.9680576923076923 0.018963068181818213 0.029692307692307688
0 0.6867400568181818 0.9561538461538461 0.026605113636363583 0.02515384615384615
0 0.6428764204545454 0.2834326923076923 0.024872159090909077 0.03474999999999999
0 0.6983025568181819 0.9515 0.01455965909090909 0.023692307692307693
0 0.6898792613636363 0.9754326923076923 0.02069602272727272 0.020480769230769236
0 0.786328125 0.7184519230769231 0.03924715909090908 0.07717307692307691
0 0.6695241477272728 0.30937499999999996 0.049616477272727284 0.04809615384615383
0 0.7066690340909091 0.04880769230769233 0.022571022727272707 0.03896153846153844
0 0.5510653409090909 0.7973942307692308 0.051107954545454574 0.0449423076923077
0 0.6971164772727273 0.1045576923076923 0.035227272727272746 0.06919230769230773
0 0.8785795454545454 0.5934134615384615 0.029431818181818222 0.06128846153846155
0 0.7932954545454546 0.6490865384615384 0.03207386363636353 0.07167307692307694
0 0.41729403409090904 0.670875 0.013678977272727266 0.028480769230769237
0 0.7065340909090909 0.9335865384615385 0.01903409090909096 0.036365384615384626
0 0.4148295454545454 0.7118942307692308 0.014346590909090861 0.0520576923076923
0 0.45120738636363633 0.14496153846153847 0.023210227272727237 0.017538461538461548
0 0.7903053977272727 0.8885673076923077 0.02370738636363644 0.0379423076923077
0 0.4208309659090909 0.7205865384615384 0.02589488636363639 0.12901923076923077
0 0.44139204545454547 0.68825 0.033380681818181816 0.06688461538461539
0 0.45830965909090904 0.6848846153846153 0.024375000000000036 0.03488461538461541
0 0.47843039772727275 0.6967019230769231 0.10234374999999994 0.05778846153846156
0 0.7075355113636363 0.11343269230769237 0.020838068181818204 0.07217307692307687
0 0.25024857954545454 0.7064230769230769 0.06575284090909089 0.05069230769230772
0 0.48294034090909094 0.6561057692307692 0.04559659090909094 0.05082692307692303
0 0.8267968750000001 0.1880384615384615 0.10240056818181822 0.10850000000000003
0 0.48776988636363633 0.6260192307692307 0.055852272727272716 0.07469230769230764
0 0.5451349431818181 0.6749519230769232 0.026491477272727323 0.03636538461538461
0 0.26386363636363636 0.9763653846153846 0.038465909090909106 0.04723076923076923
0 0.570575284090909 0.6807884615384615 0.02867897727272727 0.03700000000000002
0 0.13082386363636364 0.37113461538461545 0.017784090909090902 0.029192307692307705
0 0.5918536931818182 0.6916730769230769 0.027855113636363657 0.03257692307692307
0 0.5543892045454545 0.6972596153846153 0.028664772727272737 0.02517307692307693
0 0.5964488636363636 0.710625 0.020852272727272737 0.015326923076923075
0 0.5806036931818181 0.710375 0.022059659090909053 0.02517307692307693
0 0.5793892045454545 0.7279326923076923 0.02034090909090908 0.02636538461538463
0 0.5640980113636364 0.7235384615384616 0.021349431818181778 0.04319230769230771
0 0.5865696022727273 0.7389711538461539 0.011690340909090935 0.02278846153846153
0 0.59328125 0.7405961538461538 0.03846590909090907 0.048038461538461516
0 0.22919034090909093 0.7758653846153847 0.06323863636363637 0.08592307692307691
0 0.5276775568181818 0.9677307692307693 0.0324573863636364 0.01773076923076923
0 0.7489204545454545 0.7079134615384616 0.03573863636363648 0.0901346153846154
0 0.23839488636363634 0.6802307692307692 0.05284090909090911 0.036615384615384654
0 0.7102698863636363 0.16810576923076925 0.048721590909090846 0.039673076923076915
0 0.7392329545454545 0.6883173076923077 0.029403409090909074 0.0648653846153846
0 0.823671875 0.7022692307692308 0.027855113636363657 0.08096153846153845
0 0.8260014204545455 0.7187596153846154 0.07481534090909102 0.07463461538461538
0 0.8427201704545454 0.7804134615384615 0.03333806818181822 0.0196346153846154
0 0.5123579545454546 0.9283365384615385 0.01997159090909091 0.023173076923076925
0 0.8375497159090909 0.7597980769230769 0.04612215909090913 0.022788461538461556
0 0.7548153409090909 0.9865096153846153 0.026022727272727184 0.026865384615384617
0 0.39985085227272726 0.7062211538461538 0.023536931818181808 0.05667307692307692
0 0.7183664772727273 0.9488461538461539 0.01670454545454544 0.03307692307692308
0 0.8094815340909091 0.6372596153846154 0.02160511363636369 0.01663461538461534
0 0.6697159090909092 0.9309134615384616 0.022130681818181796 0.01551923076923077
0 0.6624928977272727 0.9427307692307693 0.03515625 0.03261538461538461
0 0.72421875 0.9108365384615384 0.02318181818181817 0.05155769230769231
0 0.7043039772727272 0.9038365384615384 0.02093750000000001 0.049442307692307695
0 0.6087642045454547 0.9060480769230769 0.036846590909090905 0.06225000000000001
0 0.559971590909091 0.9823365384615385 0.02332386363636366 0.03532692307692308
0 0.5120738636363636 0.7911250000000001 0.02974431818181826 0.09213461538461538
0 0.49158380681818187 0.8294326923076923 0.04112215909090908 0.11525
0 0.20663352272727273 0.9744134615384615 0.04394886363636363 0.051173076923076925
0 0.2907741477272727 0.7075192307692308 0.0416903409090909 0.05803846153846155
0 0.25345170454545457 0.7000480769230769 0.06477272727272726 0.028134615384615376
0 0.2593039772727273 0.6605192307692307 0.049005681818181816 0.04515384615384619
0 0.2838068181818182 0.6598942307692308 0.02096590909090912 0.024442307692307708
0 0.3018892045454545 0.6259134615384615 0.04585227272727273 0.05705769230769234
0 0.683515625 0.16511538461538466 0.05438920454545449 0.07400000000000004
0 0.3104545454545455 0.6521057692307692 0.043295454545454574 0.07744230769230766
0 0.48733664772727275 0.910451923076923 0.03828124999999998 0.04128846153846154
0 0.5576420454545454 0.8509711538461538 0.08488636363636362 0.06640384615384617
0 0.15241477272727272 0.32879807692307694 0.04917613636363637 0.06659615384615383
0 0.6621306818181818 0.9129423076923077 0.03610795454545457 0.026269230769230777
0 0.1532315340909091 0.3265961538461539 0.021122159090909098 0.06407692307692306
0 0.16518465909090907 0.35616346153846146 0.05687500000000001 0.06421153846153843
0 0.683671875 0.4599615384615384 0.018110795454545456 0.04930769230769228
0 0.7102911931818181 0.4187788461538461 0.030582386363636405 0.04167307692307695
0 0.9289914772727272 0.6140096153846154 0.035710227272727255 0.07478846153846151
0 0.6862642045454546 0.45707692307692305 0.05431818181818183 0.13949999999999993
0 0.9126207386363636 0.6122788461538462 0.037286931818181816 0.12340384615384613
0 0.7009588068181819 0.5211153846153846 0.03296874999999997 0.042423076923076924
0 0.7073011363636363 0.4766538461538462 0.04676136363636358 0.054730769230769194
0 0.7100213068181819 0.492576923076923 0.046150568181818195 0.045730769230769235
0 0.43996448863636367 0.6388076923076923 0.05046874999999996 0.05019230769230768
0 0.5701420454545455 0.2616057692307693 0.04244318181818181 0.06298076923076923
0 0.5456889204545455 0.22575 0.03532670454545455 0.05365384615384611
0 0.7157173295454545 0.20678846153846153 0.01578125000000002 0.0643846153846153
0 0.6547798295454546 0.02019230769230773 0.05583806818181818 0.04038461538461539
0 0.5427414772727274 0.010192307692307612 0.017329545454545438 0.020384615384615428
0 0.5158664772727273 0.06376923076923069 0.022926136363636343 0.09853846153846156
0 0.5456392045454546 0.058711538461538426 0.04437500000000001 0.1172692307692308
0 0.914247159090909 0.1419038461538461 0.025965909090909053 0.06253846153846161
0 0.561875 0.3018653846153847 0.07374999999999994 0.08796153846153837
0 0.7602201704545455 0.32863461538461536 0.0728267045454546 0.08503846153846159
0 0.80484375 0.7775 0.04803977272727264 0.052076923076923104
0 0.9476065340909091 0.4789230769230769 0.050752840909090935 0.047769230769230724
0 0.9822798295454546 0.4942019230769231 0.03544034090909098 0.05248076923076927
0 0.9678053977272728 0.4574807692307692 0.06421875000000005 0.03476923076923074
0 0.893856534090909 0.5102500000000001 0.08021306818181823 0.1535
0 0.7249431818181818 0.38285576923076914 0.033579545454545355 0.0461346153846154
0 0.8958948863636365 0.6245673076923077 0.017585227272727266 0.057288461538461524
0 0.7065696022727272 0.3707307692307692 0.033025568181818184 0.05496153846153843
0 0.7456178977272727 0.36467307692307693 0.06296875000000006 0.05496153846153854
0 0.9836079545454546 0.2244615384615385 0.032784090909090964 0.042615384615384666
0 0.9767258522727272 0.2573365384615386 0.046548295454545426 0.0580576923076923
0 0.24628551136363636 0.9670673076923076 0.056065340909090905 0.06586538461538462
0 0.12000000000000001 0.3571057692307693 0.016505681818181826 0.026326923076923074
0 0.1001846590909091 0.3767115384615385 0.03926136363636363 0.05165384615384618
0 0.11683948863636363 0.38521153846153844 0.02311079545454545 0.027730769230769153
0 0.5535014204545454 0.7601153846153846 0.018167613636363666 0.022576923076923095
0 0.13986505681818182 0.3009326923076924 0.0323721590909091 0.0961346153846154
0 0.965028409090909 0.6925 0.06968749999999992 0.03230769230769233
0 0.11325284090909092 0.2855192307692308 0.053323863636363635 0.1260769230769231
0 0.163671875 0.4265865384615386 0.09447443181818181 0.08878846153846157
0 0.8044886363636364 0.5970865384615385 0.0390625 0.035250000000000024
0 0.9238707386363636 0.6834423076923077 0.02600852272727265 0.0145769230769231
0 0.0979971590909091 0.6681923076923076 0.03428977272727273 0.03576923076923076
0 0.8116761363636364 0.6109038461538462 0.034005681818181734 0.04365384615384619
0 0.40575284090909086 0.4878461538461538 0.04940340909090913 0.12523076923076923
0 0.4002982954545455 0.5601923076923077 0.022982954545454473 0.028769230769230783
0 0.4087713068181818 0.5773076923076923 0.024417613636363633 0.03346153846153847
0 0.5543892045454546 0.9430576923076923 0.024687499999999994 0.0591923076923077
0 0.6067613636363636 0.8344423076923076 0.06136363636363635 0.07796153846153847
0 0.7786647727272729 0.7274038461538461 0.0741193181818181 0.05096153846153846
0 0.7480539772727273 0.5817596153846154 0.04147727272727279 0.02905769230769228
0 0.6800710227272727 0.8929615384615385 0.027897727272727255 0.1076923076923077
0 0.7527769886363637 0.8767211538461539 0.08944602272727277 0.06513461538461539
0 0.3432528409090909 0.8296153846153846 0.0755681818181818 0.08165384615384615
0 0.7745383522727273 0.8412115384615385 0.03916193181818173 0.03926923076923077
0 0.7268394886363635 0.8036538461538462 0.031548295454545426 0.12726923076923075
0 0.8806889204545456 0.13832692307692307 0.04848011363636363 0.05911538461538463
0 0.8643892045454545 0.8614519230769231 0.022187500000000006 0.049903846153846146
0 0.8758025568181819 0.8289807692307692 0.015014204545454617 0.05565384615384618
0 0.9022301136363637 0.8303076923076923 0.045681818181818136 0.05123076923076923
0 0.9646519886363637 0.9338653846153846 0.06930397727272722 0.0886923076923077
0 0.92390625 0.9617115384615385 0.030056818181818136 0.06523076923076922
0 0.9808238636363636 0.8673173076923077 0.03835227272727273 0.04248076923076924
0 0.45254971590909093 0.1301634615384616 0.035326704545454474 0.031211538461538495
0 0.2380965909090909 0.7197403846153846 0.07545454545454545 0.06705769230769226
0 0.9395809659090909 0.99325 0.03339488636363635 0.0135
0 0.9661576704545454 0.9673076923076923 0.05410511363636368 0.04757692307692308
0 0.9750000000000001 0.9564134615384615 0.04389204545454542 0.08717307692307692
0 0.9845383522727272 0.9890865384615385 0.029218749999999908 0.021826923076923077
0 0.9919389204545456 0.967625 0.016122159090909124 0.058019230769230774
0 0.9349289772727274 0.710798076923077 0.03159090909090894 0.04063461538461537
0 0.7303125 0.41173076923076923 0.020795454545454607 0.04388461538461537
0 0.4363707386363636 0.009269230769230696 0.044758522727272716 0.01853846153846151
0 0.7323224431818183 0.4368461538461538 0.039559659090909124 0.036615384615384654
0 0.708544034090909 0.24449038461538464 0.054985795454545426 0.021826923076923122
0 0.4813352272727273 0.33915384615384614 0.09110795454545452 0.11730769230769231
0 0.8527201704545455 0.9593846153846154 0.03836647727272742 0.05557692307692307
0 0.7118181818181818 0.2936153846153846 0.025710227272727305 0.08261538461538469
0 0.8472798295454546 0.6382884615384615 0.02759943181818191 0.04473076923076921
0 0.7446732954545454 0.25124038461538456 0.02701704545454543 0.02321153846153845
0 0.49316051136363637 0.07262499999999994 0.03447443181818179 0.08278846153846156
0 0.5228053977272727 0.1479038461538461 0.021803977272727305 0.04984615384615387
0 0.7575781250000001 0.27331730769230766 0.019758522727272684 0.06078846153846156
0 0.7565198863636362 0.2640865384615384 0.03965909090909085 0.03705769230769227
0 0.723125 0.571173076923077 0.047073863636363615 0.059653846153846175
0 0.6264701704545454 0.9458557692307692 0.047116477272727296 0.04851923076923078
0 0.7103480113636365 0.2380096153846154 0.06754261363636366 0.10482692307692305
0 0.4326988636363636 0.962 0.06920454545454549 0.07600000000000001
0 0.5727130681818182 0.7469711538461539 0.05119318181818177 0.07578846153846153
0 0.5395241477272728 0.7680769230769231 0.038394886363636326 0.03896153846153844
0 0.48001420454545457 0.13547115384615382 0.040369318181818124 0.08274999999999995
0 0.4345951704545455 0.0453269230769231 0.022485795454545432 0.023884615384615306
0 0.7513849431818183 0.1771250000000001 0.04055397727272721 0.027788461538461515
0 0.805965909090909 0.2410192307692307 0.03616477272727278 0.02592307692307696
0 0.782627840909091 0.2532596153846154 0.014715909090909111 0.03728846153846151
0 0.6504545454545454 0.39211538461538453 0.034517045454545474 0.05442307692307694
0 0.8680894886363636 0.34450000000000003 0.0688210227272728 0.09603846153846153
0 0.7582599431818182 0.5426923076923077 0.01632102272727258 0.017192307692307687
0 0.4068536931818182 0.867326923076923 0.06058238636363633 0.06284615384615384
0 0.7333309659090909 0.5445384615384615 0.03436079545454545 0.03530769230769233
0 0.7926704545454545 0.4933557692307693 0.06377840909090905 0.07948076923076926
0 0.8096875 0.48272115384615377 0.07710227272727269 0.12382692307692311
0 0.7238920454545454 0.5229423076923077 0.02397727272727264 0.03776923076923074
0 0.45547585227272724 0.019298076923076835 0.02546875000000001 0.038596153846153836
0 0.7415127840909093 0.558701923076923 0.02296874999999994 0.031519230769230744
0 0.7739133522727273 0.5597596153846154 0.051974431818181864 0.027673076923076953
0 0.7878551136363636 0.5281057692307692 0.07107954545454541 0.05601923076923076
0 0.49284090909090916 0.11913461538461534 0.04036931818181821 0.09807692307692308
0 0.845987215909091 0.7007884615384615 0.02947443181818182 0.04973076923076926
0 0.4031534090909092 0.9172596153846154 0.03593750000000002 0.10628846153846153
0 0.8296306818181818 0.6711057692307691 0.02730113636363624 0.04628846153846153
0 0.7873579545454544 0.5896538461538461 0.04113636363636353 0.04138461538461535
0 0.748721590909091 0.5125480769230769 0.009659090909090845 0.031173076923076883
0 0.8539630681818182 0.658451923076923 0.015284090909091058 0.02905769230769228
0 0.537265625 0.9584038461538461 0.03819602272727271 0.0483076923076923
0 0.8520170454545454 0.6820192307692308 0.01659090909090902 0.022461538461538474
0 0.8656818181818182 0.6477692307692308 0.012840909090909201 0.053499999999999985
0 0.8633380681818181 0.7088653846153846 0.012926136363636397 0.07853846153846154
0 0.5390625 0.134 0.026193181818181897 0.04184615384615383
0 0.8725497159090909 0.6854038461538462 0.01032670454545452 0.03203846153846153
0 0.9611150568181818 0.6018076923076923 0.07075284090909083 0.08765384615384612
0 0.8769460227272727 0.6272884615384615 0.020965909090909077 0.029038461538461582
0 0.8819602272727273 0.6503365384615385 0.025823863636363728 0.02990384615384612
0 0.8783806818181819 0.6607692307692308 0.01707386363636361 0.027076923076923047
0 0.7595312500000001 0.6144807692307692 0.037812500000000006 0.05780769230769231
0 0.5456534090909091 0.9007596153846154 0.05196022727272725 0.06594230769230769
0 0.8966051136363636 0.6759134615384617 0.02593749999999999 0.020134615384615383
0 0.8851988636363637 0.697923076923077 0.019715909090909086 0.041653846153846145
0 0.6143963068181818 0.7847980769230769 0.03845170454545454 0.04948076923076921
0 0.8898650568181817 0.6922980769230769 0.02075284090909093 0.039788461538461536
0 0.905078125 0.6791923076923077 0.013139204545454546 0.07069230769230768
0 0.38191051136363635 0.9759038461538462 0.052514204545454586 0.04819230769230769
0 0.9132102272727273 0.6960480769230769 0.012102272727272701 0.029480769230769255
0 0.9147585227272728 0.7234326923076924 0.024147727272727272 0.03609615384615381
0 0.9052556818181817 0.7431826923076923 0.03676136363636363 0.060326923076923056
0 0.8797301136363637 0.7177884615384615 0.023465909090909065 0.026346153846153825
0 0.875674715909091 0.7521153846153846 0.038394886363636326 0.0393076923076923
0 0.9105255681818182 0.7831153846153847 0.02241477272727269 0.028192307692307687
0 0.6047159090909091 0.33899999999999997 0.022357954545454476 0.024923076923076885
0 0.5803835227272727 0.3450096153846154 0.037471590909090906 0.048519230769230696
0 0.5887642045454545 0.3817211538461539 0.03846590909090907 0.06409615384615393
0 0.50734375 0.9453269230769231 0.03897727272727272 0.03234615384615385
0 0.8419602272727272 0.9367211538461538 0.057926136363636326 0.12655769230769232
0 0.9093963068181817 0.9930769230769231 0.026860795454545408 0.01353846153846154
0 0.6158664772727273 0.9808846153846154 0.046732954545454515 0.038115384615384613
0 0.635049715909091 0.7781730769230769 0.021008522727272758 0.027153846153846136
0 0.8908735795454544 0.9789038461538462 0.03538352272727268 0.03626923076923077
0 0.8556960227272726 0.9927788461538462 0.032329545454545444 0.014442307692307692
0 0.8898650568181817 0.7759519230769231 0.0214630681818182 0.02428846153846153
0 0.878487215909091 0.9795288461538462 0.033366477272727284 0.04094230769230769
0 0.6165198863636363 0.3119423076923078 0.05965909090909091 0.037807692307692355
0 0.6771661931818183 0.989326923076923 0.01637784090909095 0.020961538461538462
0 0.5418465909090909 0.18058653846153838 0.02803977272727274 0.045557692307692306
0 0.20408380681818183 0.8935961538461539 0.04586647727272726 0.12976923076923075
0 0.6495383522727273 0.9697596153846154 0.03762784090909092 0.06048076923076923
0 0.5878125 0.12724038461538456 0.09309659090909085 0.11405769230769232
0 0.6160156250000001 0.2231153846153846 0.03458806818181821 0.03346153846153853
0 0.638096590909091 0.21663461538461537 0.017187499999999953 0.03134615384615387
0 0.6235795454545454 0.16928846153846144 0.045795454545454556 0.11388461538461533
0 0.697549715909091 0.9908942307692308 0.02492897727272729 0.018211538461538463
0 0.4560369318181818 0.1677884615384615 0.032017045454545486 0.032653846153846186
0 0.70953125 0.9876826923076923 0.01926136363636364 0.024596153846153847
0 0.7311079545454546 0.989875 0.02585227272727263 0.020249999999999997
0 0.7597443181818182 0.4129038461538461 0.028181818181818065 0.05457692307692307
0 0.9357386363636363 0.7916442307692307 0.12460227272727277 0.1794423076923077
0 0.6883948863636363 0.029269230769230825 0.05048295454545449 0.05853846153846153
0 0.6544744318181818 0.06334615384615383 0.07360795454545462 0.05303846153846162
0 0.6173366477272727 0.15931730769230779 0.03507102272727272 0.06709615384615393
0 0.6560085227272727 0.18353846153846154 0.02329545454545451 0.047038461538461605
0 0.7560298295454545 0.45689423076923086 0.04657670454545449 0.053519230769230736
0 0.45885653409090904 0.28564423076923073 0.08745738636363636 0.0807499999999999
0 0.4405539772727272 0.2871346153846154 0.0611079545454546 0.05634615384615376
0 0.5633948863636363 0.5689519230769231 0.04088068181818178 0.021249999999999967
0 0.4948934659090909 0.5859615384615384 0.02958806818181816 0.054961538461538485
0 0.40203835227272733 0.10016346153846145 0.02291193181818181 0.12405769230769229
0 0.4398153409090909 0.8863173076923077 0.012244318181818188 0.0665576923076923
0 0.4300568181818182 0.11362499999999998 0.021278409090909115 0.059826923076923104
0 0.451328125 0.09330769230769231 0.043110795454545485 0.04726923076923074
0 0.5985440340909091 0.24676923076923074 0.03927556818181815 0.05753846153846146
0 0.36126420454545455 0.06048076923076917 0.10403409090909088 0.12096153846153841
0 0.38818181818181813 0.09433653846153844 0.024630681818181784 0.0502884615384615
0 0.898856534090909 0.42674038461538455 0.02842329545454544 0.07986538461538467
0 0.45679687500000005 0.2072211538461538 0.09742897727272724 0.07663461538461543
0 0.44375710227272724 0.23740384615384613 0.12768465909090915 0.04449999999999998
0 0.6345170454545456 0.4183173076923077 0.03914772727272728 0.07182692307692301
0 0.5240269886363635 0.2668076923076923 0.021690340909090965 0.01850000000000001
0 0.6101207386363636 0.8789326923076923 0.036150568181818166 0.061865384615384635
0 0.4471306818181818 0.7428461538461538 0.021846590909090982 0.027653846153846143
0 0.21264204545454543 0.36622115384615384 0.12176136363636364 0.0859807692307693
0 0.055411931818181825 0.35198076923076915 0.10769886363636365 0.040846153846153754
0 0.7627911931818182 0.7495961538461539 0.02461647727272717 0.04638461538461539
0 0.5742897727272727 0.2116538461538462 0.06008522727272729 0.04292307692307702
0 0.5095099431818182 0.2737884615384616 0.04245738636363634 0.016461538461538465
0 0.6402627840909091 0.24486538461538465 0.014190340909090922 0.06403846153846156
0 0.6453338068181819 0.2611057692307692 0.08379261363636364 0.048942307692307674
0 0.6734659090909091 0.22246153846153838 0.05846590909090905 0.048192307692307694
0 0.5206534090909091 0.24294230769230762 0.03252840909090914 0.04519230769230769
0 0.45699573863636367 0.5407884615384615 0.07024147727272725 0.12996153846153843
0 0.4864417613636364 0.7712788461538461 0.05052556818181817 0.07224999999999998
0 0.805362215909091 0.654451923076923 0.03561079545454537 0.029403846153846194
0 0.8350568181818182 0.49277884615384615 0.028863636363636272 0.12167307692307688
0 0.8540340909090909 0.4515769230769231 0.058380681818181686 0.1423076923076923
0 0.8731463068181818 0.5296730769230769 0.05683238636363635 0.08438461538461538
0 0.471875 0.23624038461538466 0.08150568181818181 0.06244230769230764
0 0.8160298295454546 0.5080673076923077 0.019616477272727195 0.0300576923076923
0 0.8439630681818183 0.5120288461538461 0.04886363636363633 0.06532692307692313
0 0.8332954545454547 0.5660961538461539 0.022187500000000006 0.04380769230769231
0 0.9519389204545454 0.29884615384615376 0.05481534090909095 0.115423076923077
0 0.797471590909091 0.5168076923076923 0.048068181818181864 0.03380769230769233
0 0.13193892045454544 0.7765865384615385 0.031321022727272725 0.07551923076923076
0 0.8301420454545455 0.5794230769230769 0.0656249999999999 0.03803846153846154
0 0.8286860795454545 0.43334615384615394 0.077315340909091 0.07849999999999999
0 0.828387784090909 0.42253846153846164 0.08907670454545444 0.03426923076923075
0 0.8013991477272726 0.36276923076923073 0.053196022727272634 0.08511538461538459
0 0.455234375 0.518298076923077 0.07376420454545456 0.03478846153846149
0 0.49867897727272736 0.4556923076923076 0.01588068181818183 0.1567692307692308
0 0.5486292613636364 0.5116730769230768 0.055184659090909124 0.09588461538461542
0 0.5817968750000001 0.5735576923076924 0.034588068181818137 0.028692307692307722
0 0.5428764204545454 0.6491730769230769 0.05399147727272726 0.02496153846153844
0 0.987997159090909 0.3045192307692308 0.023977272727272722 0.045423076923076934
0 0.11649857954545455 0.7130576923076923 0.022400568181818195 0.15988461538461538
0 0.64671875 0.8069134615384616 0.05363636363636362 0.06144230769230767
0 0.6371164772727272 0.7510673076923077 0.04761363636363642 0.04778846153846156
0 0.6449786931818182 0.7222692307692307 0.02964488636363637 0.029615384615384627
0 0.6298295454545454 0.7332788461538462 0.04551136363636366 0.05617307692307694
0 0.5061576704545454 0.7041346153846154 0.05947443181818182 0.0618846153846154
0 0.5152414772727273 0.7108173076923077 0.05843749999999998 0.03517307692307696
0 0.4710653409090909 0.7341634615384616 0.028551136363636397 0.03840384615384615
0 0.45776988636363636 0.715701923076923 0.06426136363636364 0.038596153846153836
0 0.860184659090909 0.8070288461538462 0.03982954545454556 0.07690384615384617
0 0.507109375 0.12234615384615388 0.039389204545454574 0.019999999999999955
0 0.399609375 0.6223173076923076 0.036946022727272716 0.05840384615384616
0 0.7617471590909091 0.38949038461538454 0.05014204545454539 0.06301923076923084
0 0.8757173295454546 0.7909423076923077 0.016349431818181805 0.024230769230769247
0 0.6072088068181819 0.40229807692307695 0.031122159090909127 0.09763461538461535
0 0.6220241477272727 0.3720096153846154 0.019190340909090976 0.051942307692307677
0 0.8903053977272729 0.7929134615384615 0.018281250000000006 0.02448076923076924
0 0.7663423295454546 0.6521730769230769 0.033139204545454444 0.05776923076923075
0 0.62515625 0.35668269230769234 0.01573863636363634 0.040788461538461496
0 0.5127840909090909 0.19915384615384613 0.04909090909090901 0.0708461538461539
0 0.640625 0.3518269230769232 0.01690340909090906 0.032615384615384574
0 0.6808309659090909 0.1122884615384615 0.05359375000000002 0.09169230769230771
0 0.049012784090909096 0.5825 0.09802556818181819 0.08561538461538463
0 0.3718607954545454 0.5052596153846154 0.07431818181818181 0.09278846153846154
0 0.7574360795454544 0.2324711538461538 0.020071022727272722 0.024788461538461513
0 0.8347869318181819 0.3800096153846154 0.08573863636363638 0.06982692307692308
0 0.776924715909091 0.2064807692307692 0.03410511363636362 0.06884615384615377
0 0.6579758522727274 0.33187500000000003 0.03223011363636363 0.026711538461538436
0 0.6234517045454545 0.32809615384615387 0.040113636363636296 0.020923076923076916
0 0.51109375 0.7317211538461539 0.05269886363636367 0.02725000000000003
0 0.2796448863636364 0.5764903846153846 0.04585227272727273 0.11598076923076923
0 0.2682244318181818 0.5923653846153847 0.03926136363636366 0.09338461538461539
0 0.3581036931818182 0.6706538461538462 0.05157670454545455 0.0761923076923077
0 0.04372159090909091 0.4277788461538461 0.08744318181818182 0.07601923076923071
0 0.44757812500000005 0.5817788461538461 0.05816761363636362 0.021096153846153844
0 0.38237926136363637 0.6476923076923078 0.03171875000000006 0.0877692307692308
0 0.37243607954545455 0.7139615384615384 0.04745738636363632 0.045153846153846135
0 0.837322443181818 0.8519134615384616 0.044502840909090964 0.07440384615384615
0 0.824375 0.8774326923076923 0.042244318181818195 0.03444230769230769
0 0.43747159090909093 0.6074807692307692 0.03940340909090911 0.034192307692307695
0 0.32716619318181817 0.7065 0.05862215909090911 0.02284615384615384
0 0.3214630681818182 0.6911346153846154 0.06582386363636364 0.04638461538461534
0 0.9328053977272727 0.9167211538461538 0.016235795454545385 0.022865384615384617
0 0.9189985795454546 0.9019903846153846 0.019815340909090973 0.042634615384615375
0 0.6411292613636363 0.5043461538461538 0.04333806818181817 0.08080769230769233
0 0.7418039772727273 0.23896153846153845 0.022329545454545494 0.025538461538461486
0 0.2842613636363636 0.6185865384615384 0.015596590909090935 0.03701923076923077
0 0.44671875 0.05853846153846154 0.03928977272727268 0.07211538461538461
0 0.810390625 0.8525673076923077 0.030440340909091 0.035442307692307676
0 0.42452414772727276 0.05938461538461537 0.021803977272727305 0.020423076923076933
0 0.4824005681818182 0.040028846153846165 0.07815340909090907 0.0800576923076923
0 0.4200568181818182 0.032749999999999946 0.014772727272727321 0.0446153846153847
0 0.7555397727272727 0.19736538461538455 0.01696022727272735 0.043423076923077
0 0.7495454545454546 0.2120192307692308 0.013636363636363669 0.028230769230769136
0 0.7950994318181818 0.9314423076923077 0.048664772727272716 0.05065384615384615
0 0.9331107954545456 0.0601442307692307 0.08261363636363632 0.04375
0 0.40185369318181813 0.21241346153846163 0.08336647727272727 0.09598076923076927
0 0.4033451704545455 0.6515480769230769 0.01836647727272728 0.0559423076923077
0 0.09968039772727275 0.7021250000000001 0.02509943181818182 0.07063461538461537
0 0.09643465909090909 0.5860192307692308 0.07571022727272728 0.059692307692307676
0 0.13246448863636362 0.5166153846153846 0.07430397727272728 0.12234615384615385
0 0.714921875 0.7603269230769231 0.02742897727272736 0.07907692307692309
0 0.6937642045454545 0.769 0.059005681818181846 0.05688461538461538
0 0.7000213068181819 0.7244134615384615 0.05007102272727273 0.04598076923076922
0 0.5376420454545454 0.3732692307692308 0.011846590909090954 0.024230769230769167
0 0.7887855113636365 0.7972596153846154 0.05643465909090895 0.06613461538461539
0 0.670362215909091 0.737125 0.02771306818181817 0.032673076923076944
0 0.26786931818181814 0.7689423076923076 0.027926136363636358 0.0338076923076923
0 0.9645738636363635 0.06078846153846151 0.04622159090909102 0.12103846153846154
0 0.6455042613636364 0.6997596153846154 0.05859375 0.04263461538461542
0 0.6061789772727273 0.6901057692307693 0.035482954545454574 0.02755769230769233
0 0.5985298295454545 0.6680384615384616 0.018394886363636346 0.03234615384615383
0 0.5803693181818183 0.6360384615384616 0.020994318181818225 0.07184615384615382
0 0.7589914772727272 0.774375 0.05164772727272729 0.03659615384615385
0 0.22730113636363633 0.7923173076923077 0.09698863636363636 0.0718269230769231
0 0.9075568181818183 0.21664423076923067 0.02883522727272737 0.0342115384615385
0 0.5452272727272728 0.05343269230769221 0.02374999999999996 0.10182692307692316
0 0.4538707386363636 0.8909711538461538 0.025440340909090944 0.04555769230769232
0 0.28767045454545453 0.7862115384615385 0.03224431818181821 0.03030769230769229
0 0.4802272727272728 0.8611923076923077 0.07377840909090909 0.0668076923076923
0 0.45226562499999995 0.8256923076923077 0.03717329545454548 0.032999999999999995
0 0.2836221590909091 0.9828076923076923 0.04437499999999997 0.03438461538461538
0 0.8562926136363636 0.19462500000000005 0.02139204545454554 0.147173076923077
0 0.29626420454545455 0.7659326923076923 0.05090909090909091 0.03259615384615385
0 0.8745667613636363 0.911125 0.06507102272727282 0.07032692307692308
0 0.20462357954545454 0.8237115384615386 0.09524147727272729 0.060192307692307684
0 0.8437357954545455 0.14684615384615385 0.0346875000000001 0.14749999999999996
0 0.9317116477272727 0.09997115384615385 0.020014204545454592 0.03228846153846158
0 0.2658096590909091 0.8538461538461538 0.029176136363636352 0.06423076923076924
0 0.8698792613636364 0.29112499999999997 0.02092329545454548 0.1039038461538461
0 0.7358735795454546 0.13204807692307685 0.044275568181818124 0.07032692307692306
0 0.31654829545454544 0.9112115384615385 0.0640909090909091 0.05946153846153846
0 0.9398011363636364 0.8329903846153845 0.040795454545454586 0.11044230769230769
0 0.9191477272727273 0.8548076923076923 0.047897727272727314 0.052576923076923084
0 0.9070809659090909 0.4203461538461539 0.0218892045454545 0.032807692307692315
0 0.4505752840909091 0.8051153846153847 0.03572443181818179 0.02449999999999999
0 0.011882102272727273 0.6246826923076922 0.023764204545454547 0.10121153846153845
0 0.9744957386363637 0.43119230769230776 0.05100852272727268 0.053115384615384516
0 0.9845241477272727 0.3945384615384615 0.030951704545454494 0.02100000000000003
0 0.8894389204545454 0.9364134615384615 0.04950284090909094 0.06782692307692308
0 0.9502556818181819 0.5271057692307692 0.0398295454545454 0.04132692307692304
0 0.9425213068181818 0.3967403846153845 0.06251420454545453 0.06982692307692308
0 0.9341761363636363 0.36279807692307686 0.03730113636363635 0.03101923076923087
0 0.9151420454545455 0.3156538461538462 0.028181818181818065 0.08657692307692304
0 0.9286576704545454 0.8891249999999999 0.020269886363636337 0.03378846153846154
0 0.9301775568181818 0.3175961538461538 0.0218892045454545 0.06200000000000002
0 0.8979758522727272 0.31327884615384605 0.03444602272727273 0.12032692307692307
0 0.631299715909091 0.8935096153846154 0.03953125000000006 0.09459615384615384
0 0.6993607954545454 0.6721442307692307 0.037982954545454556 0.07221153846153842
0 0.7079474431818181 0.6774711538461539 0.03098011363636364 0.05032692307692311
0 0.7392897727272728 0.6699615384615385 0.03443181818181828 0.04846153846153844
