0 0.3409090909090909 0.9417596153846154 0.0800568181818182 0.07544230769230768
0 0.25306107954545454 0.3953557692307692 0.012372159090909062 0.01225000000000001
0 0.7371661931818182 0.2822307692307692 0.049644886363636426 0.07207692307692311
0 0.6905752840909091 0.34742307692307683 0.04441761363636369 0.04738461538461547
0 0.686015625 0.37638461538461543 0.0858380681818181 0.060346153846153945
0 0.6588707386363637 0.41029807692307696 0.08330965909090914 0.05648076923076924
0 0.6973863636363636 0.4778461538461539 0.045937499999999964 0.16742307692307692
0 0.6418110795454546 0.5077884615384616 0.05069602272727272 0.12830769230769232
0 0.6269460227272727 0.497 0.04323863636363636 0.09515384615384619
0 0.8913068181818182 0.5479519230769231 0.037698863636363586 0.06740384615384618
0 0.9094247159090909 0.5141538461538462 0.017088068181818142 0.025730769230769224
0 0.9563352272727272 0.4622980769230769 0.026079545454545473 0.03290384615384618
0 0.24373579545454546 0.43237499999999995 0.04752840909090906 0.05940384615384613
0 0.9684446022727272 0.563451923076923 0.027741477272727234 0.12074999999999993
0 0.6872230113636364 0.8988653846153846 0.059843749999999994 0.06707692307692308
0 0.658643465909091 0.8910769230769231 0.048821022727272734 0.05461538461538463
0 0.0315625 0.5376826923076923 0.063125 0.05659615384615386
0 0.012130681818181816 0.47340384615384623 0.024261363636363633 0.046653846153846136
0 0.01259943181818182 0.6076442307692307 0.022272727272727274 0.028519230769230738
0 0.07470170454545455 0.8238076923076922 0.03855113636363636 0.04523076923076922
0 0.10236505681818181 0.6356442307692307 0.03529829545454544 0.08621153846153844
0 0.10146306818181819 0.6984038461538462 0.033522727272727273 0.04934615384615384
0 0.11978693181818181 0.6098076923076923 0.015397727272727278 0.14634615384615385
0 0.29683238636363635 0.29928846153846156 0.059005681818181846 0.06638461538461535
0 0.26811789772727274 0.5475769230769231 0.031718749999999976 0.05403846153846153
0 0.3457741477272727 0.5856057692307692 0.0609801136363636 0.05882692307692308
0 0.31985795454545457 0.5376826923076923 0.054062500000000006 0.0657884615384615
0 0.3580610795454545 0.5689038461538461 0.03708806818181816 0.10615384615384618
0 0.39169744318181815 0.44889423076923074 0.05606534090909095 0.09086538461538461
0 0.4735085227272728 0.43673076923076926 0.04664772727272724 0.07157692307692302
0 0.5918110795454545 0.5552884615384616 0.049417613636363586 0.06234615384615388
0 0.5136576704545455 0.5079326923076923 0.02274147727272726 0.028057692307692315
0 0.21047585227272728 0.49268269230769235 0.11183238636363635 0.08901923076923075
0 0.19673295454545456 0.5083846153846154 0.0450568181818182 0.04200000000000001
0 0.2998295454545455 0.3080576923076923 0.07164772727272727 0.05557692307692303
0 0.21495028409090908 0.023701923076923093 0.02328125000000002 0.04740384615384611
0 0.5398153409090909 0.844625 0.021903409090909112 0.09540384615384614
0 0.19586647727272724 0.016278846153846227 0.02622159090909092 0.03255769230769232
0 0.21815340909090908 0.009961538461538577 0.013039772727272697 0.01992307692307695
0 0.253671875 0.03186538461538457 0.057997159090909106 0.0637307692307692
0 0.16605823863636363 0.1487115384615385 0.022883522727272728 0.03357692307692304
0 0.16237926136363637 0.42173076923076913 0.06342329545454545 0.08765384615384612
0 0.15290482954545453 0.5188461538461537 0.04700284090909091 0.10296153846153851
0 0.03509232954545454 0.3258557692307692 0.015127840909090912 0.021865384615384623
0 0.02568181818181818 0.4075192307692307 0.05136363636363636 0.0666153846153847
0 0.3641548295454546 0.274076923076923 0.11052556818181815 0.03757692307692312
0 0.46479403409090914 0.6990961538461539 0.016832386363636317 0.025999999999999964
0 0.4755042613636364 0.7101057692307693 0.022002840909090923 0.032403846153846144
0 0.42555397727272726 0.4967596153846153 0.05201704545454546 0.04071153846153844
0 0.4154190340909091 0.5232692307692308 0.04950284090909094 0.02457692307692308
0 0.5936931818181819 0.9290288461538462 0.013181818181818223 0.018557692307692306
0 0.6964346590909091 0.8388173076923077 0.03411931818181824 0.03728846153846154
0 0.16649147727272728 0.5989230769230769 0.05321022727272726 0.08526923076923078
0 0.1570880681818182 0.6608653846153847 0.04269886363636364 0.07065384615384618
0 0.2768394886363636 0.6079326923076923 0.031974431818181846 0.03140384615384612
0 0.2600710227272727 0.5826826923076923 0.04090909090909092 0.06328846153846153
0 0.13969460227272726 0.7756538461538461 0.030582386363636364 0.09923076923076925
0 0.03642755681818182 0.6610673076923077 0.01867897727272727 0.044249999999999984
0 0.005980113636363637 0.4035096153846154 0.011960227272727273 0.03913461538461543
0 0.01899147727272727 0.3664711538461539 0.03798295454545454 0.06021153846153847
0 0.08374289772727272 0.49178846153846156 0.09038352272727272 0.051730769230769295
0 0.12950284090909092 0.504201923076923 0.04914772727272727 0.08575
0 0.22693181818181818 0.5737307692307692 0.03463068181818181 0.07773076923076926
0 0.09068892045454545 0.4303461538461538 0.027684659090909093 0.07338461538461544
0 0.13257812500000002 0.0350673076923077 0.05705965909090909 0.07013461538461543
0 0.2509303977272727 0.1633269230769231 0.06092329545454544 0.10749999999999996
0 0.14427556818181816 0.12558653846153844 0.07102272727272728 0.05344230769230762
0 0.3075355113636364 0.015769230769230758 0.03629261363636365 0.031538461538461494
0 0.2420667613636364 0.5405576923076922 0.026576704545454556 0.021846153846153873
0 0.8037357954545453 0.15003846153846145 0.0796306818181819 0.07653846153846156
0 0.8750071022727273 0.14024038461538468 0.024644886363636234 0.03313461538461542
0 0.8205113636363636 0.026067307692307695 0.02230113636363643 0.05213461538461541
0 0.7183806818181818 0.1254615384615385 0.05732954545454539 0.05961538461538462
0 0.7622017045454546 0.07878846153846164 0.051505681818181805 0.06580769230769225
0 0.26459517045454545 0.054807692307692335 0.0247869318181818 0.05049999999999998
0 0.41938920454545453 0.6351923076923077 0.042357954545454615 0.07903846153846153
0 0.3987144886363636 0.6294230769230769 0.033025568181818184 0.028000000000000004
0 0.3759090909090909 0.6107596153846153 0.05553977272727272 0.09878846153846155
0 0.4948508522727273 0.15596153846153848 0.024474431818181843 0.07046153846153855
0 0.3610369318181818 0.6962019230769231 0.03278409090909089 0.04505769230769232
0 0.7661860795454545 0.5850961538461539 0.0254119318181818 0.08080769230769227
0 0.8512002840909091 0.7555865384615384 0.04044034090909095 0.06767307692307692
0 0.53921875 0.385798076923077 0.14196022727272728 0.08801923076923074
0 0.37659801136363635 0.7237211538461539 0.027798295454545485 0.041942307692307695
0 0.2021590909090909 0.6639423076923077 0.04670454545454545 0.060461538461538455
0 0.18700994318181818 0.7259423076923077 0.053309659090909074 0.08203846153846153
0 0.19384232954545455 0.7301057692307693 0.02734375 0.05582692307692311
0 0.18256392045454548 0.7088173076923077 0.04032670454545455 0.05336538461538461
0 0.19634232954545452 0.7604807692307692 0.055582386363636355 0.09438461538461539
0 0.47759232954545455 0.14359615384615387 0.02365056818181823 0.051153846153846196
0 0.24624289772727276 0.6496057692307693 0.01867897727272728 0.020057692307692266
0 0.244140625 0.804 0.07973011363636363 0.08850000000000002
0 0.9104474431818183 0.9324326923076923 0.08913352272727272 0.08601923076923078
0 0.7514985795454546 0.6927788461538462 0.016832386363636397 0.02490384615384613
0 0.7567045454545455 0.9333653846153847 0.027414772727272663 0.06607692307692307
0 0.24255681818181818 0.3978846153846154 0.009176136363636374 0.01296153846153848
0 0.2352414772727273 0.3950865384615384 0.009431818181818203 0.019249999999999982
0 0.4341619318181818 0.15374038461538464 0.05619318181818182 0.04071153846153838
0 0.41973011363636364 0.19277884615384622 0.07767045454545456 0.08863461538461545
0 0.3479119318181818 0.2351057692307692 0.09232954545454546 0.05555769230769228
0 0.45893465909090914 0.12110576923076932 0.03139204545454541 0.022326923076922994
0 0.4067187500000001 0.24194230769230773 0.10980113636363638 0.052423076923076906
0 0.41109375 0.11589423076923078 0.037840909090909154 0.05825000000000004
0 0.41168323863636364 0.2674423076923077 0.0686789772727273 0.02961538461538457
0 0.40775568181818184 0.3844711538461538 0.03159090909090911 0.06555769230769237
0 0.40088068181818187 0.36468269230769224 0.0747727272727273 0.1532884615384616
0 0.0128125 0.8991923076923077 0.025625 0.06315384615384616
0 0.03147727272727273 0.8682980769230769 0.06295454545454546 0.0550576923076923
0 0.15455255681818184 0.8383942307692308 0.034303977272727264 0.04563461538461539
0 0.12446732954545454 0.8474615384615385 0.05848011363636362 0.06630769230769232
0 0.22292613636363637 0.8580865384615385 0.05301136363636363 0.04913461538461537
0 0.07488636363636364 0.5549423076923077 0.026193181818181813 0.028615384615384605
0 0.4409446022727273 0.13148076923076923 0.050752840909090935 0.05257692307692314
0 0.3673011363636363 0.7603942307692307 0.046107954545454556 0.09021153846153848
0 0.26879261363636364 0.7485961538461539 0.042812500000000024 0.033576923076923094
0 0.2589133522727272 0.6373942307692307 0.03157670454545453 0.048788461538461544
0 0.24980823863636364 0.6651826923076922 0.013366477272727268 0.015211538461538455
0 0.43287642045454544 0.7054038461538461 0.04007102272727278 0.08823076923076922
0 0.5500284090909091 0.7857884615384616 0.04181818181818182 0.048346153846153844
0 0.48318181818181816 0.7370961538461538 0.0302840909090909 0.04584615384615383
0 0.268515625 0.8154038461538462 0.05103693181818183 0.04811538461538461
0 0.02825284090909091 0.9137980769230769 0.02011363636363636 0.037903846153846156
0 0.015291193181818182 0.6452307692307693 0.030582386363636364 0.028615384615384605
0 0.37613636363636366 0.040326923076923094 0.029204545454545417 0.04392307692307688
0 0.022166193181818183 0.6285673076923077 0.044332386363636365 0.021942307692307685
0 0.04566761363636363 0.5928653846153846 0.04863636363636364 0.026653846153846125
0 0.02555397727272727 0.5777307692307693 0.05110795454545454 0.048615384615384616
0 0.05971590909090909 0.6073173076923077 0.07673295454545453 0.04444230769230772
0 0.18671875 0.4274230769230769 0.1046590909090909 0.14626923076923076
0 0.0660653409090909 0.6530096153846154 0.053522727272727263 0.027326923076923037
0 0.07199573863636365 0.6399134615384615 0.05640625000000001 0.03932692307692306
0 0.13332386363636364 0.6477884615384615 0.021420454545454562 0.11296153846153847
0 0.2045028409090909 0.7809519230769231 0.08710227272727272 0.08009615384615383
0 0.03831676136363637 0.9558269230769231 0.03819602272727273 0.08834615384615384
0 0.4168181818181818 0.08125961538461535 0.04093750000000007 0.032788461538461454
0 0.13415482954545455 0.9842115384615384 0.027542613636363636 0.03157692307692308
0 0.11414062499999998 0.9883365384615385 0.017656249999999988 0.02332692307692308
0 0.09428977272727272 0.9862211538461538 0.023664772727272722 0.02751923076923077
0 0.07553977272727273 0.9822692307692308 0.014204545454545454 0.03546153846153846
0 0.10254261363636363 0.9683173076923077 0.04593749999999999 0.027134615384615385
0 0.028004261363636363 0.9785769230769231 0.020639204545454547 0.042846153846153846
0 0.01668323863636364 0.9696634615384615 0.02515625 0.06067307692307693
0 0.010170454545454545 0.9543365384615384 0.02034090909090909 0.09132692307692308
0 0.860625 0.5350961538461538 0.05303977272727261 0.1068461538461538
0 0.6139488636363637 0.6673653846153846 0.06457386363636361 0.053461538461538484
0 0.41580255681818185 0.05708653846153844 0.05882102272727276 0.038019230769230736
0 0.43353693181818187 0.5334230769230769 0.04693181818181821 0.06919230769230773
0 0.5179403409090909 0.15600961538461533 0.015795454545454553 0.02951923076923081
0 0.5117116477272727 0.19805769230769232 0.017855113636363627 0.02642307692307694
0 0.4708877840909091 0.18399038461538464 0.049644886363636426 0.07255769230769234
0 0.5469176136363636 0.10567307692307704 0.03093750000000004 0.03403846153846152
0 0.5932386363636364 0.09724038461538465 0.026789772727272745 0.04528846153846145
0 0.6192045454545455 0.2938076923076922 0.042585227272727295 0.04753846153846148
0 0.6411221590909091 0.22406730769230765 0.0560795454545454 0.04471153846153846
0 0.5634375 0.12549999999999994 0.022017045454545456 0.014615384615384659
0 0.39197443181818187 0.16827884615384614 0.039886363636363616 0.07624999999999996
0 0.8304048295454546 0.28174999999999994 0.10697443181818174 0.09473076923076922
0 0.16401988636363637 0.17794230769230768 0.04971590909090909 0.03919230769230779
0 0.04793323863636363 0.35449038461538473 0.026803977272727274 0.04378846153846161
0 0.05151278409090909 0.03937500000000005 0.024303977272727272 0.025326923076923108
0 0.1354190340909091 0.07456730769230768 0.03964488636363638 0.06301923076923084
0 0.0529403409090909 0.053721153846153835 0.049090909090909095 0.05263461538461539
0 0.06733664772727273 0.08822115384615381 0.038764204545454546 0.06528846153846163
0 0.06035511363636364 0.10721153846153841 0.07289772727272728 0.05669230769230773
0 0.12435369318181816 0.09910576923076919 0.15603693181818182 0.08201923076923083
0 0.34364346590909095 0.33642307692307705 0.050269886363636385 0.05588461538461539
0 0.36894886363636364 0.320875 0.08153409090909092 0.050057692307692365
0 0.8590198863636364 0.39257692307692305 0.03832386363636366 0.04103846153846149
0 0.25900568181818184 0.3339326923076923 0.07579545454545457 0.039096153846153815
0 0.5652982954545455 0.13829807692307683 0.012045454545454491 0.016019230769230737
0 0.2656463068181818 0.35895192307692303 0.028338068181818207 0.025903846153846097
0 0.29453835227272723 0.3641826923076923 0.03941761363636364 0.02667307692307693
0 0.33095880681818185 0.3911634615384615 0.04015624999999998 0.06282692307692311
0 0.26064630681818185 0.4041634615384615 0.017798295454545456 0.025903846153846097
0 0.26645596590909093 0.38594230769230764 0.023082386363636364 0.049461538461538515
0 0.40174715909090913 0.5452692307692307 0.06042613636363639 0.0636923076923077
0 0.38100852272727276 0.6698653846153846 0.02355113636363634 0.03338461538461535
0 0.4657315340909091 0.5842403846153846 0.04115056818181822 0.05571153846153846
0 0.35698863636363637 0.048249999999999904 0.031931818181818165 0.07223076923076935
0 0.8211576704545455 0.41620192307692305 0.041889204545454556 0.06413461538461543
0 0.7981036931818182 0.688 0.021150568181818163 0.02565384615384616
0 0.2255184659090909 0.2309230769230769 0.09765624999999999 0.16680769230769232
0 0.9895099431818182 0.7377019230769231 0.02098011363636361 0.07078846153846156
0 0.6548295454545454 0.04922115384615389 0.05539772727272727 0.08040384615384605
0 0.6261931818181818 0.042903846153846126 0.025710227272727225 0.08580769230769232
0 0.6058238636363636 0.02124999999999999 0.01835227272727267 0.042500000000000045
0 0.6765411931818182 0.13478846153846158 0.0478835227272727 0.05042307692307687
0 0.7190696022727273 0.18467307692307688 0.0349573863636363 0.03138461538461537
0 0.8082173295454544 0.06217307692307694 0.03393465909090907 0.05261538461538464
0 0.2895880681818182 0.6132788461538461 0.04678977272727272 0.04382692307692312
0 0.8387784090909091 0.8205673076923077 0.04312499999999986 0.05578846153846155
0 0.8400426136363636 0.778 0.030909090909090896 0.03173076923076923
0 0.719502840909091 0.1579711538461538 0.07616477272727273 0.03471153846153848
0 0.5440340909090909 0.5358076923076923 0.04784090909090902 0.08626923076923079
0 0.49852272727272734 0.5832692307692309 0.015340909090909106 0.02057692307692311
0 0.4967613636363637 0.5627884615384615 0.020255681818181884 0.02534615384615386
0 0.4103196022727273 0.8147403846153846 0.013906249999999948 0.01813461538461537
0 0.39115767045454547 0.857798076923077 0.01220170454545459 0.01882692307692309
0 0.043927556818181814 0.7077403846153847 0.038991477272727275 0.09305769230769229
0 0.04916903409090909 0.6865384615384615 0.09833806818181819 0.05146153846153845
0 0.30125710227272723 0.6485384615384615 0.025014204545454524 0.03146153846153843
0 0.32953125 0.47890384615384607 0.07017045454545455 0.11023076923076922
0 0.37771306818181816 0.566173076923077 0.04872159090909092 0.11026923076923077
0 0.9790411931818181 0.8003653846153846 0.04191761363636362 0.06953846153846154
0 0.9762286931818182 0.7165673076923077 0.047542613636363674 0.10274999999999998
0 0.10408380681818183 0.0922019230769231 0.04092329545454547 0.06005769230769234
0 0.8127059659090908 0.8169038461538461 0.04572443181818189 0.06934615384615382
0 0.07374289772727273 0.3758173076923076 0.02938920454545454 0.05040384615384611
0 0.009154829545454546 0.2945096153846154 0.01830965909090909 0.059365384615384625
0 0.022329545454545453 0.3057596153846154 0.02417613636363636 0.022365384615384606
0 0.06879261363636363 0.35262499999999997 0.014318181818181815 0.022596153846153846
0 0.5714417613636363 0.7088173076923077 0.03666193181818182 0.03736538461538463
0 0.05504261363636364 0.3438461538461538 0.024517045454545458 0.03934615384615381
0 0.04696022727272728 0.31462500000000004 0.025653409090909095 0.029442307692307698
0 0.08025568181818182 0.26748076923076924 0.07982954545454544 0.06646153846153846
0 0.09727982954545454 0.3252403846153846 0.07541193181818183 0.07748076923076916
0 0.06853693181818182 0.27386538461538457 0.020738636363636355 0.02807692307692301
0 0.024992897727272725 0.3067980769230768 0.02890625 0.06982692307692308
0 0.05094460227272726 0.28526923076923083 0.03481534090909091 0.04099999999999999
0 0.04170454545454545 0.2733653846153846 0.02940340909090909 0.03384615384615378
0 0.10376420454545454 0.2775576923076922 0.047840909090909094 0.02426923076923078
0 0.01685369318181818 0.020384615384615445 0.03370738636363636 0.03611538461538456
0 0.08047585227272727 0.5232596153846154 0.07884943181818181 0.028980769230769216
0 0.747237215909091 0.6546153846153846 0.03748579545454544 0.04673076923076925
0 0.016924715909090907 0.03647115384615385 0.03384943181818181 0.02428846153846153
0 0.01585227272727273 0.006730769230769207 0.03170454545454546 0.013461538461538462
0 0.9031178977272728 0.1462596153846153 0.030696022727272745 0.11478846153846153
0 0.9624360795454546 0.4527403846153846 0.07498579545454556 0.08209615384615385
0 0.8324147727272727 0.46089423076923075 0.05684659090909088 0.037788461538461604
0 0.9741051136363637 0.9690288461538461 0.05178977272727278 0.045403846153846156
0 0.7324644886363636 0.9831634615384616 0.02365056818181823 0.01921153846153846
0 0.6171164772727273 0.7397019230769231 0.027414772727272742 0.039519230769230765
0 0.6100568181818182 0.8072884615384615 0.0165909090909091 0.02319230769230767
0 0.2720099431818182 0.8354615384615385 0.06947443181818182 0.04023076923076924
0 0.34226562499999996 0.7366057692307693 0.03606534090909093 0.054557692307692314
0 0.9378267045454546 0.04016346153846151 0.01909090909090917 0.0794807692307692
0 0.9337073863636363 0.2450865384615385 0.05403409090909102 0.03728846153846151
0 0.8434588068181817 0.4933942307692307 0.07421875 0.16801923076923078
0 0.7550355113636363 0.4665865384615384 0.12362215909090905 0.08186538461538471
0 0.6708877840909091 0.17706730769230772 0.06163352272727271 0.04921153846153852
0 0.4948721590909091 0.3110288461538462 0.09545454545454544 0.10040384615384612
0 0.7652698863636364 0.6276153846153847 0.057812500000000065 0.08846153846153847
0 0.9664630681818182 0.535625 0.05227272727272721 0.09186538461538464
0 0.9168821022727273 0.9730961538461539 0.03913352272727266 0.04011538461538462
0 0.9452130681818183 0.9901538461538462 0.03678977272727269 0.019692307692307693
0 0.35022017045454545 0.7019134615384616 0.02044034090909089 0.14340384615384613
0 0.9416335227272726 0.9765576923076923 0.01386363636363635 0.01423076923076923
0 0.9766051136363636 0.9919326923076923 0.021903409090909032 0.016134615384615386
0 0.9617826704545455 0.9856057692307693 0.027883522727272722 0.02878846153846154
0 0.9933167613636364 0.9903557692307692 0.01299715909090906 0.019288461538461536
0 0.9937784090909091 0.9232884615384616 0.012443181818181805 0.028269230769230776
0 0.9854545454545455 0.8445096153846154 0.029090909090909115 0.02017307692307691
0 0.14524147727272727 0.15294230769230766 0.03383522727272726 0.05326923076923075
0 0.21589488636363638 0.25685576923076936 0.08849431818181816 0.15998076923076923
0 0.16715909090909092 0.2697115384615385 0.09906250000000001 0.15073076923076922
0 0.02911221590909091 0.1431634615384615 0.05626420454545455 0.09863461538461532
0 0.23446022727272728 0.6675096153846154 0.03948863636363638 0.031326923076923065
0 0.006321022727272727 0.23924038461538455 0.012642045454545454 0.051788461538461554
0 0.02239346590909091 0.2415384615384616 0.03848011363636364 0.06453846153846154
0 0.14881392045454545 0.23807692307692296 0.024218750000000015 0.025384615384615363
0 0.15327414772727274 0.28655769230769224 0.09944602272727271 0.11630769230769235
0 0.11114346590909091 0.010865384615384555 0.03927556818181817 0.02173076923076925
0 0.08607244318181818 0.031413461538461585 0.048508522727272727 0.06282692307692311
0 0.2272443181818182 0.18210576923076927 0.10071022727272728 0.10305769230769236
0 0.2783664772727273 0.18507692307692314 0.07633522727272729 0.1487692307692308
0 0.46944602272727276 0.22863461538461538 0.06667613636363635 0.04803846153846157
0 0.107265625 0.7402211538461538 0.05259943181818182 0.053750000000000006
0 0.32149147727272726 0.5691057692307693 0.02738636363636364 0.046519230769230764
0 0.1484375 0.7140288461538462 0.04931818181818182 0.06332692307692303
0 0.10785511363636364 0.7536442307692308 0.054005681818181814 0.16574999999999998
0 0.17257102272727273 0.7853942307692308 0.06008522727272725 0.07659615384615381
0 0.2916761363636363 0.17353846153846153 0.103125 0.1266923076923077
0 0.3856605113636364 0.10878846153846156 0.018707386363636305 0.044653846153846204
0 0.30764204545454543 0.0645865384615385 0.031193181818181828 0.05736538461538458
0 0.3834375 0.06680769230769235 0.0488068181818182 0.07573076923076923
0 0.3629190340909091 0.0172500000000001 0.05384943181818181 0.034499999999999996
0 0.27796875 0.08780769230769225 0.05639204545454544 0.07703846153846154
0 0.2938991477272727 0.06885576923076919 0.044389204545454544 0.08459615384615386
0 0.281875 0.6605 0.016761363636363654 0.05630769230769231
0 0.4444602272727272 0.0658653846153846 0.03931818181818183 0.08896153846153844
0 0.9615980113636362 0.48814423076923086 0.052741477272727266 0.08121153846153839
0 0.6101704545454546 0.712701923076923 0.06812500000000005 0.07548076923076923
0 0.778018465909091 0.9019230769230769 0.05720170454545452 0.07057692307692306
0 0.9418394886363637 0.6959615384615385 0.04862215909090895 0.1405769230769231
0 0.9103053977272727 0.6964615384615385 0.048934659090909154 0.06973076923076921
0 0.8645951704545454 0.7245192307692307 0.05944602272727276 0.06742307692307693
0 0.860049715909091 0.5883173076923077 0.0723437500000001 0.0797884615384615
0 0.7620454545454546 0.0994711538461539 0.1048011363636364 0.05825000000000004
0 0.8398295454545455 0.1634326923076923 0.06417613636363645 0.1003653846153846
0 0.5841264204545454 0.604701923076923 0.048565340909090905 0.04098076923076924
0 0.6476065340909091 0.1826057692307692 0.07507102272727267 0.053596153846153856
0 0.6327130681818182 0.2624519230769231 0.04656249999999996 0.02548076923076923
0 0.7774005681818181 0.45016346153846165 0.02687499999999994 0.10132692307692308
0 0.8985298295454546 0.6381442307692307 0.04205965909090911 0.06367307692307689
0 0.30318181818181816 0.6858653846153846 0.03900568181818179 0.051999999999999984
0 0.5012997159090908 0.016625 0.10717329545454544 0.03305769230769241
0 0.5950142045454545 0.13713461538461535 0.027357954545454533 0.033423076923076916
0 0.5889204545454546 0.12866346153846153 0.03034090909090903 0.027788461538461515
0 0.628231534090909 0.0825865384615384 0.06907670454545455 0.08725000000000001
0 0.6297159090909091 0.10366346153846151 0.06653409090909096 0.06748076923076918
0 0.6137855113636363 0.5681826923076922 0.03700284090909092 0.04948076923076921
0 0.6344247159090909 0.6697692307692308 0.08512784090909092 0.1536923076923077
0 0.5626633522727272 0.9722307692307692 0.05146306818181821 0.05553846153846154
0 0.3489630681818182 0.4661923076923076 0.014886363636363621 0.017846153846153904
0 0.6405894886363637 0.7886442307692307 0.07072443181818185 0.04471153846153846
0 0.4011434659090909 0.7601634615384616 0.02521306818181818 0.02428846153846153
0 0.3927769886363636 0.7471153846153846 0.057343750000000006 0.03292307692307693
0 0.3593252840909091 0.900125 0.05254261363636361 0.041673076923076924
0 0.27624289772727273 0.9839230769230769 0.05484375000000002 0.03215384615384615
0 0.264296875 0.939375 0.09541193181818185 0.12125
0 0.4268678977272727 0.7522596153846154 0.032769886363636355 0.05494230769230771
0 0.7060227272727273 0.28200000000000003 0.02130681818181818 0.08400000000000002
0 0.43939630681818187 0.7689903846153846 0.02086647727272727 0.04259615384615383
0 0.4573153409090909 0.7868557692307692 0.020624999999999973 0.04674999999999998
0 0.4348011363636364 0.8021826923076922 0.030056818181818216 0.035596153846153854
0 0.38323153409090904 0.506375 0.019758522727272763 0.046942307692307686
0 0.37357954545454547 0.9682692307692308 0.04548295454545452 0.03092307692307692
0 0.40946022727272724 0.9649903846153847 0.0911931818181818 0.07001923076923076
0 0.4451988636363637 0.7024038461538462 0.0269602272727273 0.057038461538461586
0 0.4526562499999999 0.6753173076923077 0.04411931818181818 0.044365384615384605
0 0.4981889204545455 0.6732115384615385 0.05092329545454541 0.08930769230769231
0 0.39059659090909093 0.6661057692307693 0.04821022727272727 0.07274999999999997
0 0.6726775568181819 0.2715384615384615 0.05169034090909089 0.045923076923076914
0 0.3936860795454545 0.6976634615384616 0.07373579545454549 0.07274999999999997
0 0.4156960227272727 0.9435192307692307 0.040482954545454544 0.043038461538461546
0 0.4377769886363636 0.9548557692307692 0.020099431818181787 0.037211538461538456
0 0.6708877840909091 0.8452115384615384 0.028224431818181826 0.04911538461538463
0 0.6625852272727273 0.8318942307692307 0.03803977272727277 0.05678846153846154
0 0.6817542613636364 0.9458365384615385 0.043082386363636344 0.062211538461538464
0 0.6132883522727273 0.9805384615384616 0.039843749999999935 0.038384615384615385
0 0.6472372159090909 0.6232980769230769 0.04177556818181822 0.10548076923076923
0 0.7256605113636364 0.4135865384615385 0.058622159090909065 0.08436538461538462
0 0.754403409090909 0.202951923076923 0.041079545454545396 0.06648076923076922
0 0.06890625 0.4288461538461539 0.04801136363636363 0.08173076923076923
0 0.7605042613636364 0.23226923076923067 0.03697443181818178 0.04365384615384613
0 0.8115482954545453 0.20318269230769226 0.043409090909090994 0.05363461538461547
0 0.7878693181818182 0.2737980769230769 0.0308238636363637 0.08821153846153847
0 0.7959161931818183 0.08832692307692314 0.03160511363636364 0.033923076923076896
0 0.21855113636363638 0.7533365384615385 0.04892045454545458 0.04217307692307691
0 0.25599431818181817 0.8611442307692307 0.04553977272727273 0.05105769230769232
0 0.6326633522727273 0.6059038461538462 0.051406249999999994 0.08007692307692305
0 0.7242045454545455 0.7751923076923077 0.04866477272727279 0.029846153846153838
0 0.35056818181818183 0.09773076923076918 0.030369318181818174 0.037423076923076996
0 0.47889204545454545 0.08012499999999989 0.04559659090909094 0.06117307692307693
0 0.48723011363636365 0.09951923076923075 0.0664488636363636 0.06380769230769222
0 0.8035795454545455 0.18355769230769226 0.07951704545454548 0.0762307692307692
0 0.5063494318181818 0.07610576923076928 0.044261363636363675 0.04363461538461538
0 0.298828125 0.03387499999999999 0.04109375000000001 0.06509615384615378
0 0.7841974431818183 0.9565384615384616 0.052428977272727224 0.07776923076923077
0 0.9858167613636364 0.4217692307692308 0.027741477272727234 0.06915384615384622
0 0.9783096590909092 0.34732692307692314 0.04338068181818177 0.04673076923076925
0 0.9836150568181817 0.31954807692307685 0.03276988636363643 0.04648076923076926
0 0.9798579545454544 0.38383653846153853 0.03985795454545463 0.0634423076923076
0 0.6346377840909091 0.6165769230769231 0.025269886363636394 0.05261538461538464
0 0.9345454545454545 0.10998076923076927 0.03409090909090909 0.06561538461538463
0 0.8739204545454545 0.26700961538461543 0.06338068181818182 0.02878846153846148
0 0.4210724431818182 0.01665384615384613 0.06839488636363633 0.033307692307692295
0 0.769240056818182 0.023759615384615462 0.024332386363636358 0.04751923076923073
0 0.7534943181818182 0.0137211538461538 0.021420454545454604 0.027442307692307658
0 0.5634303977272727 0.7949903846153846 0.04132102272727269 0.053750000000000006
0 0.5302272727272727 0.035009615384615445 0.04332386363636364 0.027557692307692276
0 0.8081178977272727 0.3923653846153846 0.03578124999999992 0.053115384615384516
0 0.8349431818181817 0.368 0.0293181818181818 0.034961538461538474
0 0.23071732954545457 0.7299230769230769 0.019616477272727275 0.027884615384615386
0 0.22529829545454547 0.6973653846153847 0.02428977272727272 0.04403846153846155
0 0.24264204545454546 0.7104807692307692 0.019289772727272746 0.022730769230769273
0 0.5889914772727273 0.0178942307692308 0.033039772727272716 0.03578846153846157
0 0.40546875 0.04059615384615389 0.05951704545454542 0.02961538461538457
0 0.26237215909090905 0.6641250000000001 0.03661931818181818 0.02951923076923081
0 0.32841619318181814 0.581076923076923 0.026832386363636385 0.0410769230769231
0 0.30732244318181823 0.5902596153846154 0.028281249999999994 0.038288461538461535
0 0.33258522727272727 0.689625 0.024715909090909097 0.04655769230769232
0 0.4488494318181818 0.6032019230769231 0.03178977272727272 0.04871153846153849
0 0.24125710227272726 0.69325 0.019446022727272725 0.028115384615384625
0 0.3217684659090909 0.7198365384615384 0.01964488636363634 0.03924999999999999
0 0.28883522727272726 0.7031923076923077 0.014971590909090938 0.021153846153846155
0 0.27220170454545456 0.7042788461538462 0.02392045454545455 0.034173076923076945
0 0.2637997159090909 0.6838942307692308 0.026605113636363663 0.0294807692307692
0 0.46328125 0.03796153846153849 0.041193181818181816 0.041346153846153845
0 0.25193892045454547 0.7190673076923078 0.028167613636363654 0.04959615384615383
0 0.4213920454545454 0.9599326923076923 0.027045454545454574 0.025249999999999998
0 0.2747443181818182 0.7195576923076923 0.028011363636363636 0.03257692307692307
0 0.7863494318181817 0.854125 0.027471590909090956 0.08925000000000001
0 0.7555397727272729 0.9750480769230769 0.03846590909090915 0.04990384615384615
0 0.3680610795454546 0.8684903846153846 0.09455965909090903 0.07940384615384616
0 0.4470596590909091 0.8237884615384615 0.04090909090909092 0.0296153846153846
0 0.6158238636363635 0.9600096153846154 0.06048295454545452 0.05378846153846154
0 0.591377840909091 0.8091538461538461 0.026875000000000024 0.06615384615384613
0 0.8767755681818182 0.019692307692307676 0.037102272727272574 0.03938461538461542
0 0.47524147727272725 0.025365384615384623 0.05553977272727276 0.050730769230769225
0 0.8881178977272726 0.10575961538461542 0.03288352272727269 0.05621153846153849
0 0.9016548295454545 0.2224807692307692 0.06563920454545459 0.05723076923076921
0 0.9004616477272727 0.4657596153846154 0.02984374999999999 0.07601923076923071
0 0.4660866477272727 0.7914807692307693 0.023252840909090914 0.03969230769230769
0 0.4766761363636363 0.770298076923077 0.025596590909090885 0.04940384615384615
0 0.4539488636363636 0.7581442307692308 0.02215909090909094 0.027596153846153836
0 0.6709019886363637 0.9791057692307692 0.04572443181818182 0.04178846153846154
0 0.7025994318181819 0.9736634615384615 0.02937500000000001 0.05267307692307693
0 0.3088352272727273 0.9885384615384616 0.03650568181818184 0.022923076923076924
0 0.654481534090909 0.8290384615384615 0.041718750000000006 0.047461538461538444
0 0.5116619318181819 0.04608653846153854 0.0279261363636364 0.039019230769230806
0 0.5669744318181817 0.6448653846153846 0.02471590909090914 0.05473076923076925
0 0.34736505681818186 0.041605769230769196 0.02123579545454548 0.034365384615384624
0 0.7268607954545454 0.6505096153846154 0.02894886363636363 0.0898269230769231
0 0.8159303977272727 0.7447788461538462 0.043224431818181745 0.043711538461538496
0 0.3274005681818182 0.03584615384615386 0.028380681818181805 0.07169230769230764
0 0.329375 0.08378846153846153 0.024176136363636337 0.038423076923076956
0 0.47413352272727277 0.8215865384615384 0.016136363636363657 0.043019230769230754
0 0.38249999999999995 0.8337788461538461 0.037073863636363585 0.04236538461538462
0 0.30986505681818177 0.13489423076923068 0.04813920454545457 0.06098076923076919
0 0.31907670454545456 0.11349038461538463 0.02252840909090911 0.04444230769230772
0 0.7148082386363637 0.20389423076923074 0.07845170454545457 0.07625000000000007
0 0.3464346590909091 0.1354615384615384 0.07627840909090912 0.07596153846153846
0 0.3290696022727273 0.1336153846153847 0.04194602272727273 0.07992307692307693
0 0.2846519886363636 0.8955576923076923 0.08785511363636363 0.025461538461538466
0 0.30858664772727273 0.910125 0.10237215909090908 0.08732692307692307
0 0.47995738636363633 0.687326923076923 0.021278409090909115 0.021884615384615377
0 0.2884801136363636 0.8596538461538462 0.04488636363636363 0.024307692307692308
0 0.3469460227272727 0.8132596153846154 0.020965909090909077 0.033403846153846166
0 0.3250852272727273 0.8323653846153847 0.046590909090909065 0.046961538461538464
0 0.32279829545454547 0.8854326923076923 0.04636363636363634 0.03974999999999999
0 0.33587357954545455 0.8657307692307692 0.05163352272727272 0.03765384615384615
0 0.7012073863636363 0.20416346153846143 0.03778409090909086 0.043673076923076884
0 0.2866193181818182 0.821451923076923 0.03446022727272726 0.05105769230769233
0 0.30718039772727274 0.7907788461538462 0.028082386363636337 0.05609615384615385
0 0.31362215909090907 0.8158846153846153 0.025142045454545438 0.03699999999999999
0 0.33186079545454544 0.796875 0.02809659090909091 0.05105769230769233
0 0.3012002840909091 0.7480576923076923 0.03413352272727273 0.022769230769230774
0 0.29392045454545457 0.7280288461538461 0.02053977272727274 0.03382692307692308
0 0.30676846590909085 0.7247307692307692 0.018963068181818175 0.031115384615384573
0 0.337578125 0.7448461538461538 0.04524147727272731 0.02546153846153848
0 0.6031889204545454 0.35460576923076914 0.02964488636363637 0.0360192307692308
0 0.6226420454545455 0.32554807692307686 0.04559659090909086 0.03405769230769227
0 0.7150923295454545 0.21335576923076927 0.10274147727272732 0.11305769230769223
0 0.6419602272727273 0.29694230769230767 0.02252840909090911 0.043730769230769136
0 0.64 0.3534615384615384 0.030596590909090858 0.060461538461538455
0 0.6576917613636364 0.3465576923076924 0.02643465909090911 0.057538461538461566
0 0.6856321022727273 0.31600961538461547 0.07441761363636362 0.06213461538461539
0 0.6095170454545454 0.38003846153846155 0.043210227272727296 0.05849999999999992
0 0.7636221590909091 0.2785192307692307 0.025170454545454583 0.07403846153846154
0 0.7329119318181818 0.37738461538461543 0.0732954545454545 0.05457692307692307
0 0.7298295454545454 0.3777307692307692 0.06690340909090912 0.0768461538461538
0 0.3936789772727272 0.8817403846153846 0.046107954545454514 0.0370576923076923
0 0.42561079545454544 0.8945961538461539 0.01937499999999998 0.021423076923076923
0 0.06265625 0.3784326923076923 0.017159090909090905 0.021596153846153772
0 0.7229332386363636 0.2531634615384615 0.023196022727272784 0.04228846153846155
0 0.4376420454545455 0.9121538461538461 0.016931818181818204 0.020269230769230782
0 0.43976562500000005 0.9290865384615384 0.035440340909090894 0.03982692307692307
0 0.4177840909090909 0.9245192307692308 0.03857954545454541 0.04996153846153846
0 0.4745099431818182 0.9837403846153846 0.052088068181818124 0.03251923076923077
0 0.5014488636363637 0.9808942307692308 0.024573863636363654 0.03821153846153846
0 0.4812926136363637 0.9504807692307692 0.014431818181818218 0.03415384615384616
0 0.4791264204545454 0.9452211538461539 0.04410511363636365 0.07155769230769231
0 0.4654900568181819 0.9447980769230769 0.030639204545454535 0.07048076923076922
0 0.4463707386363636 0.9490000000000001 0.009332386363636353 0.057653846153846146
0 0.49941051136363634 0.8684615384615384 0.01740056818181818 0.05084615384615385
0 0.8464488636363636 0.3263076923076923 0.04931818181818186 0.06557692307692312
0 0.5090198863636364 0.8969807692307692 0.024999999999999953 0.02973076923076922
0 0.5124857954545454 0.9322115384615385 0.026306818181818237 0.07107692307692307
0 0.5286931818181819 0.9037884615384615 0.03008522727272728 0.06149999999999999
0 0.464140625 0.9176153846153846 0.01461647727272722 0.014730769230769238
0 0.4743536931818182 0.9170096153846153 0.04231534090909086 0.04778846153846154
0 0.49799715909090914 0.9211346153846154 0.02227272727272728 0.055
0 0.5075426136363635 0.9550865384615385 0.01428977272727273 0.02675
0 0.5167968749999999 0.9738173076923077 0.012741477272727312 0.022134615384615388
0 0.5021448863636363 0.4821826923076923 0.04755681818181821 0.04690384615384613
0 0.5166761363636364 0.9905 0.028721590909090947 0.019000000000000003
0 0.8819886363636364 0.3022211538461538 0.051392045454545385 0.060557692307692215
0 0.53 0.979125 0.0160511363636363 0.027057692307692307
0 0.5444460227272727 0.9492307692307692 0.0454829545454546 0.044307692307692305
0 0.6298934659090909 0.9895480769230769 0.02396306818181819 0.02090384615384615
0 0.7773011363636364 0.7234711538461538 0.04315340909090908 0.05071153846153842
0 0.9240269886363636 0.3182115384615385 0.0551562499999999 0.05484615384615392
0 0.5961079545454545 0.5589903846153846 0.058465909090909124 0.04036538461538458
0 0.7681107954545454 0.8043942307692308 0.030454545454545533 0.053903846153846156
0 0.7631321022727271 0.7024134615384615 0.027173295454545447 0.03413461538461538
0 0.6992542613636363 0.7144230769230769 0.04848011363636363 0.04861538461538456
0 0.7291335227272726 0.7087211538461539 0.05215909090909087 0.06540384615384613
0 0.31964488636363636 0.9152115384615385 0.029403409090909074 0.02226923076923078
0 0.6167613636363636 0.8294903846153846 0.0363636363636364 0.05659615384615383
0 0.3266619318181818 0.636076923076923 0.028494318181818187 0.05746153846153845
0 0.3219247159090909 0.7705192307692308 0.04666193181818181 0.03688461538461537
0 0.320234375 0.646221153846154 0.02504261363636363 0.057403846153846146
0 0.5347301136363637 0.6800096153846154 0.05710227272727271 0.11348076923076927
0 0.34229403409090914 0.619375 0.014786931818181814 0.034711538461538426
0 0.44205965909090905 0.6261730769230769 0.04244318181818181 0.07015384615384614
0 0.5073082386363637 0.6302307692307692 0.07882102272727275 0.04126923076923073
0 0.4678196022727273 0.6285576923076923 0.01936079545454553 0.02119230769230771
0 0.47801846590909086 0.6614423076923077 0.036946022727272716 0.0372307692307692
0 0.8661860795454547 0.12348076923076923 0.04646306818181807 0.03365384615384615
0 0.481484375 0.6387115384615385 0.017684659090909074 0.027038461538461542
0 0.6910866477272727 0.7404807692307693 0.026946022727272687 0.03461538461538459
0 0.7141122159090909 0.7585961538461539 0.029190340909090926 0.04080769230769228
0 0.7362997159090909 0.7511730769230769 0.02867897727272735 0.023615384615384618
0 0.7456036931818182 0.7568653846153847 0.021576704545454625 0.020615384615384612
0 0.7564701704545453 0.7730769230769231 0.020241477272727272 0.021423076923076895
0 0.762890625 0.8411826923076924 0.044275568181818124 0.046634615384615385
0 0.5500355113636364 0.692076923076923 0.015269886363636364 0.017269230769230804
0 0.584609375 0.6807884615384615 0.042713068181818255 0.03196153846153847
0 0.5708451704545454 0.6890288461538462 0.03237215909090904 0.037596153846153814
0 0.6704758522727272 0.49458653846153844 0.02958806818181816 0.1316346153846154
0 0.5033451704545455 0.7835192307692308 0.021150568181818163 0.028346153846153837
0 0.9333593750000001 0.6335673076923076 0.036889204545454586 0.046249999999999965
0 0.775546875 0.03930769230769238 0.05433238636363636 0.07538461538461537
0 0.8423153409090909 0.01477884615384606 0.020596590909090908 0.029557692307692316
0 0.8418892045454546 0.12957692307692303 0.06559659090909084 0.08919230769230768
0 0.8454900568181819 0.04265384615384615 0.051803977272727314 0.08530769230769233
0 0.8570667613636364 0.04921153846153847 0.04376420454545447 0.039038461538461564
0 0.46649147727272733 0.6473173076923078 0.016874999999999994 0.026480769230769252
0 0.859765625 0.09342307692307705 0.049758522727272686 0.03638461538461542
0 0.852130681818182 0.08304807692307692 0.052670454545454604 0.03174999999999998
0 0.44286931818181813 0.44316346153846153 0.07312499999999994 0.09901923076923079
0 0.8465056818181819 0.07335576923076914 0.03803977272727285 0.020096153846153823
0 0.9220099431818182 0.06117307692307694 0.021093750000000033 0.06153846153846154
0 0.8699431818181819 0.3615384615384616 0.0645170454545454 0.12223076923076913
0 0.9072159090909092 0.35932692307692315 0.05656250000000007 0.055153846153846164
0 0.8898579545454546 0.410423076923077 0.03207386363636369 0.05915384615384613
0 0.959296875 0.1882211538461539 0.044872159090909136 0.06025000000000008
0 0.47824573863636366 0.5419326923076924 0.04541193181818186 0.04913461538461541
0 0.9906178977272727 0.5002884615384615 0.018764204545454598 0.09642307692307694
0 0.49753551136363633 0.5200769230769231 0.08441761363636364 0.1008846153846154
0 0.6893039772727273 0.6353653846153846 0.02355113636363634 0.11969230769230765
0 0.20268465909090908 0.5582115384615385 0.06647727272727272 0.06749999999999999
0 0.661924715909091 0.7043942307692308 0.07117897727272729 0.05536538461538466
0 0.7012642045454546 0.6515865384615385 0.025852272727272793 0.0857115384615385
0 0.6966974431818183 0.6207019230769231 0.05342329545454539 0.09021153846153845
0 0.5356178977272728 0.6363461538461538 0.04708806818181815 0.08288461538461538
0 0.5525000000000001 0.585798076923077 0.03755681818181818 0.06798076923076922
0 0.4995880681818182 0.6070576923076924 0.03454545454545454 0.03392307692307695
0 0.5188210227272727 0.5794711538461539 0.03286931818181816 0.04059615384615382
0 0.5893110795454546 0.6274230769230769 0.05779829545454553 0.05634615384615382
0 0.5297088068181819 0.7082403846153846 0.023082386363636364 0.04686538461538462
0 0.9856178977272727 0.019346153846153902 0.028764204545454544 0.0386923076923077
0 0.09704545454545453 0.8720288461538461 0.05627840909090909 0.039057692307692314
0 0.9691548295454546 0.30411538461538457 0.06169034090909084 0.06023076923076922
0 0.9481392045454545 0.3923365384615385 0.02900568181818192 0.05051923076923073
0 0.9446235795454545 0.5473653846153845 0.043053977272727195 0.0631153846153846
0 0.8530752840909092 0.6437692307692308 0.02921875000000007 0.0371923076923077
0 0.8376633522727271 0.7023269230769231 0.0402698863636364 0.04173076923076921
0 0.8404829545454546 0.6793846153846154 0.03556818181818193 0.027038461538461542
0 0.8523934659090909 0.6830673076923077 0.03731534090909088 0.052903846153846135
0 0.6537073863636365 0.9589807692307692 0.04269886363636364 0.04699999999999999
0 0.794659090909091 0.7619134615384615 0.081590909090909 0.05109615384615386
0 0.7163707386363637 0.8860192307692307 0.028423295454545524 0.07084615384615384
0 0.18477272727272726 0.8452115384615384 0.02980113636363635 0.04765384615384616
0 0.7560227272727272 0.8041346153846154 0.03622159090909091 0.051500000000000004
0 0.7355894886363636 0.8325096153846154 0.04166193181818179 0.08736538461538462
0 0.73578125 0.8076826923076923 0.02312499999999996 0.05621153846153847
0 0.7156747159090909 0.8525192307692308 0.023139204545454574 0.032384615384615394
0 0.6974715909090908 0.7903942307692308 0.04380681818181815 0.07678846153846156
0 0.7130965909090908 0.987423076923077 0.015852272727272763 0.025153846153846155
0 0.7293678977272727 0.9202788461538461 0.043735795454545486 0.06298076923076923
0 0.7326562499999999 0.8898173076923077 0.021534090909090944 0.06217307692307691
0 0.813096590909091 0.7023365384615385 0.04767045454545463 0.052403846153846155
0 0.8829190340909091 0.21076923076923082 0.03160511363636364 0.10584615384615388
0 0.2500710227272727 0.4064326923076924 0.011164772727272705 0.01782692307692315
0 0.24239346590909092 0.9276153846153846 0.06419034090909091 0.03734615384615385
0 0.9110298295454545 0.280423076923077 0.02055397727272731 0.02607692307692308
0 0.9317116477272727 0.28574038461538465 0.03339488636363635 0.013826923076923072
0 0.9580823863636364 0.2899807692307692 0.02355113636363626 0.020576923076923055
0 0.9466761363636365 0.1330865384615385 0.048778409090909136 0.14944230769230765
0 0.9371306818181818 0.15939423076923076 0.06857954545454542 0.09801923076923082
0 0.9671519886363636 0.27620192307692304 0.04598011363636348 0.028826923076923094
0 0.9811221590909092 0.10958653846153854 0.027528409090909086 0.06725000000000005
0 0.9680113636363636 0.1468942307692308 0.023267045454545447 0.031634615384615365
0 0.9495383522727273 0.21978846153846143 0.048991477272727284 0.04219230769230769
0 0.9673863636363635 0.25286538461538466 0.015909090909090814 0.025730769230769224
0 0.19831676136363638 0.9289326923076923 0.09850852272727272 0.11498076923076922
0 0.519346590909091 0.7927980769230769 0.024431818181818245 0.04959615384615386
0 0.5097585227272727 0.7330384615384615 0.04164772727272726 0.099
0 0.5319105113636364 0.7371346153846154 0.01717329545454542 0.035076923076923096
0 0.5398082386363636 0.7558942307692308 0.031974431818181805 0.052442307692307684
0 0.4920880681818182 0.8147115384615384 0.03039772727272724 0.06553846153846153
0 0.46684659090909086 0.8794903846153846 0.022982954545454556 0.028711538461538448
0 0.5324005681818181 0.8588653846153846 0.01576704545454549 0.03384615384615384
0 0.5657883522727273 0.7673173076923077 0.021974431818181858 0.03255769230769232
0 0.5844318181818182 0.7674038461538462 0.07536931818181819 0.0733076923076923
0 0.8926704545454546 0.05809615384615385 0.040312499999999994 0.04161538461538459
0 0.10182528409090909 0.922451923076923 0.03603693181818182 0.0685576923076923
0 0.9017897727272728 0.026278846153846125 0.03937500000000004 0.05255769230769228
0 0.9197869318181818 0.027721153846153812 0.028210227272727293 0.05544230769230766
0 0.6497514204545455 0.9209807692307692 0.025553977272727287 0.04480769230769231
0 0.6431463068181817 0.8703461538461539 0.028025568181818127 0.03649999999999999
0 0.6325710227272728 0.8348076923076924 0.03593750000000002 0.08642307692307694
0 0.9293252840909091 0.5886923076923076 0.040781250000000054 0.08126923076923075
0 0.9432599431818183 0.3534807692307692 0.04944602272727281 0.08273076923076919
0 0.5628622159090909 0.9020865384615384 0.0679971590909091 0.05748076923076923
0 0.7593181818181818 0.8625192307692308 0.047130681818181745 0.05646153846153846
0 0.7558806818181818 0.8449038461538462 0.025170454545454583 0.013730769230769232
0 0.17592329545454544 0.9580576923076923 0.07298295454545455 0.05607692307692308
0 0.7736008522727272 0.7726153846153846 0.057059659090909196 0.08115384615384616
0 0.6415269886363636 0.7349615384615384 0.04032670454545453 0.04796153846153846
0 0.6690127840909091 0.7317403846153846 0.029190340909090926 0.09663461538461539
0 0.2969744318181818 0.9396346153846153 0.059147727272727255 0.06992307692307692
0 0.6108096590909091 0.890673076923077 0.06386363636363641 0.09092307692307691
0 0.9252840909090909 0.4504038461538461 0.017784090909090885 0.03726923076923076
0 0.23776988636363636 0.38338461538461543 0.011846590909090914 0.012423076923076884
0 0.023267045454545457 0.3279230769230769 0.013863636363636366 0.025999999999999964
0 0.1758096590909091 0.6562692307692308 0.062159090909090914 0.09030769230769232
0 0.20834517045454548 0.6087692307692307 0.059417613636363636 0.06342307692307696
0 0.24916903409090907 0.6319615384615385 0.014218749999999987 0.02000000000000001
0 0.22799005681818182 0.6434038461538462 0.032627840909090905 0.040538461538461565
0 0.0659375 0.9823365384615385 0.01732954545454546 0.018980769230769228
0 0.06965198863636363 0.9427884615384615 0.0426846590909091 0.04953846153846154
0 0.24428977272727276 0.3865384615384615 0.009176136363636374 0.011153846153846066
0 0.05416903409090909 0.8790096153846154 0.03629261363636363 0.06951923076923075
0 0.10450994318181818 0.8985384615384615 0.06626420454545455 0.052
0 0.06741477272727273 0.9166826923076923 0.021846590909090902 0.0274423076923077
0 0.3430894886363636 0.9647788461538461 0.04575284090909088 0.04171153846153847
0 0.05855113636363636 0.9736923076923077 0.031164772727272725 0.05249999999999999
0 0.3972159090909091 0.9881346153846153 0.05232954545454542 0.02373076923076923
0 0.36487926136363635 0.9949423076923077 0.022713068181818195 0.010115384615384615
0 0.3427130681818182 0.9894519230769231 0.057954545454545474 0.021096153846153848
0 0.13339488636363636 0.9674615384615385 0.05403409090909092 0.039384615384615386
0 0.509580965909091 0.3743653846153845 0.09728693181818183 0.05353846153846149
0 0.24787642045454544 0.36007692307692307 0.014758522727272709 0.026269230769230708
0 0.525674715909091 0.4147884615384616 0.12598011363636363 0.06142307692307692
0 0.5116761363636364 0.44937499999999997 0.03710227272727265 0.031442307692307735
0 0.5704048295454546 0.45553846153846156 0.0922585227272728 0.05384615384615385
0 0.5861576704545454 0.5102980769230769 0.054218750000000024 0.08767307692307692
0 0.9769886363636363 0.6515384615384616 0.04602272727272724 0.08153846153846155
0 0.8796875 0.6034807692307692 0.030198863636363624 0.0803846153846154
0 0.7696377840909091 0.678798076923077 0.0406107954545455 0.030326923076923095
0 0.7955894886363637 0.727798076923077 0.05259943181818178 0.026788461538461497
0 0.9583096590909093 0.7875961538461539 0.03644886363636359 0.05099999999999999
0 0.8815980113636364 0.6765673076923077 0.029161931818181778 0.021634615384615384
0 0.2503977272727273 0.37987499999999996 0.01289772727272725 0.0205192307692308
0 0.8031321022727272 0.6568173076923076 0.06248579545454547 0.041826923076923074
0 0.875262784090909 0.781826923076923 0.056178977272727366 0.17538461538461542
0 0.8953551136363636 0.8522403846153845 0.20477272727272722 0.07471153846153848
0 0.8157812499999999 0.9170096153846153 0.05997159090909079 0.08482692307692306
0 0.8267400568181817 0.639201923076923 0.0277698863636363 0.034788461538461546
0 0.8298082386363635 0.8826346153846154 0.08836647727272716 0.05926923076923077
0 0.8574289772727273 0.9032692307692307 0.05650568181818178 0.08284615384615385
0 0.7863423295454546 0.959701923076923 0.021548295454545396 0.03178846153846154
0 0.22879261363636363 0.4085 0.04548295454545456 0.15011538461538462
0 0.763487215909091 0.4061442307692308 0.018849431818181793 0.039673076923076915
