0 0.7602130681818182 0.5793846153846154 0.0222727272727272 0.02757692307692303
0 0.8901136363636365 0.6305192307692308 0.06974431818181821 0.04238461538461537
0 0.4382883522727272 0.11753846153846159 0.03686079545454544 0.11811538461538454
0 0.93390625 0.7938942307692307 0.06687500000000006 0.06886538461538462
0 0.8241761363636364 0.6939134615384616 0.04221590909090913 0.059749999999999984
0 0.6920880681818182 0.7538653846153847 0.056903409090909095 0.08342307692307695
0 0.7927485795454546 0.6788653846153846 0.024900568181818142 0.055269230769230786
0 0.32008522727272726 0.31273076923076926 0.06718750000000001 0.0714615384615384
0 0.2583096590909091 0.5742307692307692 0.06048295454545452 0.12150000000000001
0 0.03821022727272728 0.33491346153846147 0.046534090909090914 0.04686538461538452
0 0.05392045454545455 0.3282307692307692 0.054346590909090914 0.03938461538461542
0 0.12830965909090908 0.3159423076923076 0.032812499999999994 0.030115384615384662
0 0.5924076704545453 0.9762692307692308 0.038991477272727254 0.047384615384615386
0 0.14144176136363637 0.2971730769230768 0.038167613636363645 0.051923076923076926
0 0.6375426136363637 0.9891057692307692 0.03639204545454546 0.021788461538461538
0 0.6719105113636363 0.9830576923076924 0.058139204545454556 0.03388461538461539
0 0.6871448863636364 0.9560288461538462 0.03386363636363641 0.024480769230769233
0 0.5271377840909092 0.9795576923076923 0.03228693181818185 0.04073076923076923
0 0.23857244318181817 0.9599423076923077 0.019303977272727278 0.0643076923076923
0 0.13237926136363634 0.941125 0.0607528409090909 0.041442307692307695
0 0.6901420454545455 0.9795576923076923 0.025710227272727305 0.03126923076923077
0 0.19696732954545457 0.8356826923076923 0.02257102272727275 0.03055769230769231
0 0.15870738636363638 0.9614230769230769 0.03142045454545455 0.03915384615384615
0 0.5329545454545455 0.7652403846153846 0.03286931818181816 0.07405769230769234
0 0.2040127840909091 0.9480480769230769 0.03308238636363639 0.04248076923076924
0 0.3913494318181818 0.8673942307692308 0.030511363636363663 0.043250000000000004
0 0.38237926136363637 0.8227980769230769 0.04311079545454544 0.04867307692307693
0 0.9092329545454544 0.5279807692307692 0.0449431818181818 0.025730769230769224
0 0.9012997159090909 0.5475673076923078 0.030525568181818195 0.0214038461538462
0 0.9132670454545455 0.5561538461538461 0.033153409090909136 0.03565384615384614
0 0.6702627840909091 0.5724519230769232 0.02862215909090906 0.03598076923076925
0 0.7260085227272728 0.5303076923076924 0.041079545454545556 0.06734615384615386
0 0.8324857954545454 0.6403269230769231 0.04463068181818176 0.030923076923076893
0 0.8385440340909092 0.6065865384615385 0.06103693181818186 0.05482692307692311
0 0.3313565340909091 0.7946153846153846 0.03788352272727275 0.06815384615384615
0 0.8833238636363636 0.5982884615384616 0.03650568181818188 0.04899999999999998
0 0.9894815340909091 0.7824230769230769 0.02103693181818174 0.062269230769230785
0 0.8741690340909091 0.9764423076923077 0.05595170454545453 0.04692307692307692
0 0.9128125 0.9937211538461539 0.018380681818181897 0.012557692307692308
0 0.8828338068181819 0.86625 0.0605255681818182 0.0495
0 0.6845951704545454 0.634048076923077 0.031576704545454574 0.05928846153846156
0 0.13571022727272727 0.8152115384615385 0.03423295454545456 0.08315384615384615
0 0.22740767045454546 0.9105769230769231 0.04686079545454547 0.06323076923076922
0 0.09987215909090909 0.4022692307692308 0.053437500000000006 0.05207692307692315
0 0.15941761363636361 0.4574999999999999 0.060909090909090885 0.03519230769230772
0 0.49174005681818184 0.15962500000000002 0.024474431818181843 0.03678846153846153
0 0.047080965909090916 0.19338461538461538 0.04086647727272727 0.047192307692307624
0 0.40986505681818175 0.3373846153846154 0.025269886363636394 0.04561538461538467
0 0.43473011363636355 0.6697211538461538 0.027755681818181846 0.051942307692307677
0 0.40587357954545455 0.3212403846153846 0.06978693181818181 0.06059615384615383
0 0.3706321022727273 0.21082692307692308 0.03507102272727269 0.07007692307692308
0 0.39472301136363636 0.17336538461538453 0.05052556818181817 0.08384615384615378
0 0.33100142045454545 0.15500961538461544 0.03890624999999998 0.07613461538461534
0 0.4119957386363637 0.013711538461538497 0.04774147727272729 0.027423076923076904
0 0.40698863636363636 0.1099230769230769 0.04139204545454544 0.07623076923076931
0 0.4646803977272727 0.1602403846153846 0.01984375000000004 0.0402115384615384
0 0.08006392045454545 0.2313846153846154 0.04546875000000001 0.051269230769230706
0 0.49506392045454545 0.6861153846153847 0.056207386363636355 0.05257692307692303
0 0.49262073863636363 0.046528846153846226 0.027230113636363577 0.05082692307692309
0 0.5044318181818181 0.021596153846153876 0.037272727272727284 0.043192307692307655
0 0.4054048295454545 0.029778846153846183 0.0334232954545455 0.04859615384615381
0 0.3090340909090909 0.2625480769230769 0.041448863636363645 0.037250000000000005
0 0.15602272727272729 0.3473846153846154 0.052897727272727284 0.04969230769230765
0 0.06623579545454544 0.17855769230769236 0.028863636363636366 0.05153846153846156
0 0.11055397727272727 0.16448076923076915 0.038295454545454556 0.0291153846153847
0 0.07584517045454545 0.617951923076923 0.021434659090909084 0.05001923076923075
0 0.087578125 0.6839615384615385 0.05671875000000001 0.06796153846153846
0 0.917400568181818 0.6799615384615385 0.03812500000000005 0.0728846153846154
0 0.05624289772727273 0.629625 0.04544034090909091 0.0675576923076923
0 0.22876420454545457 0.29700961538461534 0.037642045454545456 0.030134615384615305
0 0.02245028409090909 0.7172884615384616 0.04490056818181818 0.06334615384615384
0 0.029375 0.8949230769230769 0.05875 0.05276923076923076
0 0.05066051136363636 0.9230961538461538 0.02612215909090909 0.04815384615384615
0 0.17306818181818182 0.4737211538461539 0.046590909090909106 0.029749999999999943
0 0.02435369318181818 0.9507307692307693 0.04870738636363636 0.057076923076923074
0 0.37834517045454547 0.4937211538461539 0.07686079545454548 0.06340384615384616
0 0.14919034090909092 0.8901153846153846 0.030255681818181834 0.0761923076923077
0 0.4406960227272727 0.5493461538461538 0.05298295454545448 0.07150000000000001
0 0.204453125 0.5988846153846155 0.016605113636363633 0.025692307692307664
0 0.10836647727272726 0.8769711538461539 0.054772727272727265 0.05067307692307694
0 0.22362926136363637 0.4690384615384615 0.017911931818181837 0.04903846153846154
0 0.26724431818181815 0.6652788461538461 0.0592897727272727 0.0961346153846154
0 0.13126420454545454 0.43281730769230764 0.05656249999999999 0.03167307692307698
0 0.7382741477272727 0.014403846153846156 0.016946022727272816 0.028807692307692343
0 0.3836789772727273 0.9175673076923077 0.030426136363636388 0.09182692307692308
0 0.748856534090909 0.987326923076923 0.022940340909090876 0.025346153846153845
0 0.08387784090909091 0.49504807692307695 0.040312499999999994 0.061942307692307706
0 0.285078125 0.8397019230769232 0.027741477272727275 0.03078846153846155
0 0.6623437499999999 0.2958076923076923 0.02301136363636362 0.03488461538461536
0 0.2773082386363636 0.4907211538461539 0.02328124999999998 0.030596153846153783
0 0.6251917613636363 0.37723076923076915 0.030411931818181772 0.045961538461538526
0 0.6249289772727273 0.3411346153846153 0.02065340909090912 0.036192307692307676
0 0.6272443181818181 0.30730769230769217 0.019176136363636364 0.0482307692307692
0 0.6119602272727274 0.32409615384615376 0.01588068181818183 0.03284615384615382
0 0.91265625 0.4762019230769231 0.040539772727272674 0.0460961538461539
0 0.657528409090909 0.3498461538461539 0.02579545454545458 0.0488461538461538
0 0.8522869318181818 0.5114807692307692 0.054829545454545325 0.13319230769230772
0 0.18568181818181817 0.23472115384615388 0.03761363636363637 0.044865384615384696
0 0.8582528409090909 0.5562788461538462 0.0617329545454546 0.0820961538461539
0 0.9690696022727271 0.35097115384615385 0.02714488636363638 0.05098076923076921
0 0.9965198863636363 0.7807788461538462 0.00696022727272724 0.05990384615384614
0 0.9903551136363636 0.40818269230769233 0.019289772727272784 0.031057692307692265
0 0.8621732954545455 0.4558269230769231 0.03943181818181817 0.04269230769230767
0 0.8849076704545453 0.2354615384615385 0.02396306818181819 0.0398846153846154
0 0.8749857954545455 0.24623076923076925 0.01713068181818174 0.029076923076923087
0 0.8751775568181818 0.24633653846153847 0.01680397727272717 0.029211538461538455
0 0.7875568181818182 0.25804807692307696 0.050056818181818036 0.0484807692307693
0 0.2603622159090909 0.271701923076923 0.061122159090909095 0.04509615384615383
0 0.6542613636363637 0.4801826923076924 0.014687499999999964 0.034519230769230747
0 0.11745738636363635 0.34775 0.03553977272727272 0.04757692307692309
0 0.10893465909090909 0.36125000000000007 0.02499999999999999 0.03961538461538455
0 0.7539488636363636 0.5909230769230769 0.05926136363636359 0.06411538461538457
0 0.94453125 0.23625961538461537 0.014318181818181876 0.017634615384615415
0 0.09147727272727274 0.3452211538461538 0.023153409090909086 0.05778846153846156
0 0.34675426136363635 0.07511538461538458 0.0263778409090909 0.054884615384615316
0 0.3300213068181818 0.05206730769230783 0.044616477272727266 0.09859615384615371
0 0.7230113636363636 0.2639903846153846 0.034573863636363604 0.025019230769230752
0 0.1877627840909091 0.06526923076923075 0.03879261363636364 0.04053846153846162
0 0.0065056818181818184 0.08745192307692307 0.012954545454545456 0.04167307692307695
0 0.17697443181818182 0.18621153846153848 0.025198863636363648 0.03488461538461536
0 0.20531960227272725 0.18102884615384618 0.033735795454545456 0.029134615384615342
0 0.1877911931818182 0.20688461538461544 0.023451704545454553 0.03403846153846152
0 0.03439630681818182 0.028605769230769185 0.05365056818181819 0.035480769230769316
0 0.7670454545454546 0.9868653846153846 0.018323863636363766 0.02626923076923077
0 0.026811079545454544 0.07422115384615391 0.042372159090909085 0.05771153846153855
0 0.06535511363636365 0.2432788461538461 0.03860795454545454 0.05494230769230768
0 0.64109375 0.8983942307692308 0.050142045454545474 0.05371153846153846
0 0.6995383522727273 0.9096346153846154 0.042457386363636426 0.05653846153846154
0 0.21014914772727272 0.9799423076923077 0.047514204545454526 0.04003846153846154
0 0.6973863636363636 0.8817019230769231 0.03505681818181819 0.043826923076923076
0 0.6702840909090909 0.8930288461538461 0.03539772727272721 0.03405769230769231
0 0.19503551136363637 0.8631442307692307 0.04223011363636362 0.05398076923076923
0 0.30161221590909093 0.20915384615384613 0.048821022727272734 0.07950000000000006
0 0.46772017045454545 0.02445192307692312 0.038934659090909124 0.048903846153846166
0 0.7559019886363636 0.9722115384615384 0.012713068181818247 0.02103846153846154
0 0.4338352272727273 0.976798076923077 0.029630681818181837 0.04640384615384615
0 0.4103977272727272 0.9754326923076924 0.03866477272727269 0.04913461538461539
0 0.604765625 0.025817307692307723 0.024048295454545465 0.05163461538461543
0 0.9134801136363637 0.2864326923076923 0.019517045454545467 0.05101923076923072
0 0.7135511363636364 0.04763461538461533 0.04403409090909099 0.04234615384615381
0 0.04941051136363636 0.12405769230769226 0.03194602272727273 0.03538461538461534
0 0.8390553977272727 0.28708653846153853 0.044161931818181864 0.05840384615384616
0 0.6994531249999999 0.19534615384615395 0.03257102272727274 0.03138461538461537
0 0.7875852272727273 0.034499999999999864 0.06971590909090915 0.06884615384615386
0 0.6950355113636364 0.4490192307692308 0.03759943181818186 0.07011538461538469
0 0.9897585227272727 0.8404230769230769 0.02048295454545449 0.05603846153846154
0 0.6747798295454545 0.4266826923076923 0.03845170454545454 0.08051923076923077
0 0.518125 0.19643269230769222 0.03749999999999997 0.0461346153846154
0 0.8560298295454545 0.3147596153846154 0.03802556818181815 0.048980769230769286
0 0.7036647727272727 0.5674326923076922 0.04818181818181821 0.04609615384615384
0 0.6789062499999999 0.5007884615384615 0.028068181818181805 0.0606923076923077
0 0.7402201704545455 0.6612788461538461 0.04757102272727274 0.04775000000000002
0 0.7713068181818182 0.6451634615384616 0.03374999999999999 0.045865384615384606
0 0.837578125 0.9795961538461538 0.03720170454545462 0.04080769230769231
0 0.815 0.984375 0.029375000000000092 0.03125
0 0.986171875 0.9738461538461538 0.02765625000000004 0.05226923076923077
0 0.9404190340909092 0.9917884615384616 0.02242897727272738 0.016423076923076922
0 0.9401207386363637 0.8871153846153846 0.030411931818181772 0.03180769230769231
0 0.022571022727272728 0.1661538461538461 0.045142045454545456 0.03823076923076922
0 0.18366477272727275 0.13451923076923078 0.0280397727272727 0.02549999999999998
0 0.2158309659090909 0.27528846153846154 0.03316761363636363 0.04030769230769227
0 0.32085227272727274 0.9886634615384615 0.04778409090909089 0.02267307692307692
0 0.31529119318181814 0.9366634615384615 0.027116477272727278 0.028519230769230772
0 0.165625 0.7724326923076923 0.044829545454545455 0.052519230769230776
0 0.9255397727272726 0.8672692307692307 0.03215909090909089 0.02411538461538463
0 0.5252272727272728 0.6658365384615386 0.03269886363636361 0.06640384615384616
0 0.5999928977272727 0.4986250000000001 0.03211647727272729 0.02374999999999999
0 0.3443323863636364 0.989875 0.015767045454545447 0.020249999999999997
0 0.5947230113636364 0.5319807692307692 0.044758522727272716 0.06326923076923079
0 0.41083806818181823 0.9154807692307693 0.028295454545454568 0.06246153846153846
0 0.6403835227272727 0.45870192307692303 0.03838068181818179 0.05128846153846157
0 0.9732954545454546 0.6197403846153846 0.034318181818181775 0.04263461538461536
0 0.9696022727272726 0.6318942307692308 0.03502840909090905 0.054096153846153835
0 0.34780539772727276 0.9544326923076923 0.043565340909090894 0.04836538461538463
0 0.33596590909090907 0.9776730769230769 0.02954545454545452 0.022807692307692307
0 0.4285582386363636 0.5395288461538461 0.04151988636363639 0.04551923076923074
0 0.8713636363636365 0.4139519230769231 0.057698863636363645 0.030942307692307755
0 0.36628551136363635 0.5925961538461538 0.037059659090909136 0.027692307692307704
0 0.004701704545454545 0.3403076923076924 0.00940340909090909 0.023499999999999945
0 0.739424715909091 0.637875 0.04640624999999994 0.05325
0 0.9368110795454545 0.63025 0.04285511363636374 0.06292307692307691
0 0.9890340909090909 0.6108461538461538 0.02193181818181826 0.05342307692307693
0 0.861015625 0.43400961538461524 0.03654829545454548 0.025596153846153852
0 0.2661221590909091 0.9003269230769231 0.05840909090909092 0.0682307692307692
0 0.3589346590909091 0.9908846153846154 0.019772727272727254 0.01823076923076923
0 0.38185369318181817 0.9923365384615385 0.02765625000000004 0.015326923076923077
0 0.3704261363636363 0.9714615384615385 0.04275568181818181 0.031115384615384614
0 0.16761363636363635 0.6801826923076923 0.09107954545454545 0.0773269230769231
0 0.16953835227272726 0.659875 0.045355113636363624 0.03924999999999999
0 0.4488707386363636 0.013230769230769268 0.03686079545454552 0.026461538461538443
0 0.9883096590909091 0.9110096153846153 0.02338068181818187 0.06309615384615386
0 0.9601917613636363 0.8903365384615385 0.03600852272727276 0.05759615384615385
0 0.9706107954545454 0.8085576923076923 0.039261363636363615 0.06765384615384616
0 0.46537642045454547 0.5570096153846154 0.05387784090909084 0.07044230769230768
0 0.10447443181818183 0.45743269230769235 0.09048295454545455 0.07251923076923084
0 0.020078125000000002 0.33025961538461546 0.03973011363636364 0.06201923076923077
0 0.4664985795454546 0.9706538461538462 0.04313920454545455 0.05869230769230769
0 0.7019673295454546 0.1389038461538462 0.04268465909090902 0.04573076923076929
0 0.13852982954545456 0.4118173076923076 0.03973011363636363 0.02982692307692306
0 0.3894389204545454 0.7961153846153846 0.0498153409090909 0.039923076923076936
0 0.026931818181818182 0.13475000000000004 0.033835227272727274 0.044769230769230714
0 0.13136363636363635 0.3840192307692307 0.03255681818181819 0.030384615384615298
0 0.15872869318181818 0.40583653846153844 0.03524147727272728 0.046057692307692286
0 0.007904829545454546 0.04421153846153847 0.015809659090909093 0.049576923076923025
0 0.3475994318181818 0.005269230769230804 0.038522727272727236 0.010538461538461573
0 0.21104403409090908 0.7824615384615384 0.05046875 0.04311538461538462
0 0.9921519886363637 0.7311538461538462 0.015696022727272663 0.06438461538461536
0 0.7925284090909092 0.6499230769230769 0.04826704545454532 0.0713846153846154
0 0.9738139204545455 0.3940096153846153 0.052372159090909094 0.07601923076923071
0 0.6901775568181818 0.534673076923077 0.03538352272727268 0.057423076923076896
0 0.9779261363636365 0.43037499999999995 0.04414772727272733 0.029903846153846177
0 0.029417613636363638 0.10234615384615386 0.03497159090909092 0.029384615384615443
0 0.7019460227272728 0.39694230769230765 0.03034090909090911 0.05850000000000003
0 0.16552556818181818 0.7426730769230769 0.032017045454545444 0.025961538461538463
0 0.6578977272727272 0.1177307692307693 0.060113636363636355 0.07834615384615376
0 0.24568892045454546 0.4109423076923078 0.06720170454545454 0.057576923076923074
0 0.366484375 0.8278653846153846 0.048877840909090864 0.06380769230769229
0 0.2079403409090909 0.41874038461538465 0.027414772727272704 0.07744230769230766
0 0.3520880681818182 0.026942307692307654 0.02883522727272725 0.04296153846153841
0 0.17944602272727275 0.10695192307692314 0.04511363636363637 0.03986538461538465
0 0.7975639204545455 0.13993269230769223 0.033366477272727284 0.03348076923076928
0 0.23508522727272727 0.10305769230769235 0.05338068181818179 0.05399999999999997
0 0.3503338068181818 0.7818076923076923 0.023025568181818192 0.032538461538461544
0 0.6630894886363636 0.5174711538461538 0.03248579545454546 0.08459615384615392
0 0.26710937500000004 0.19687500000000002 0.03970170454545457 0.12205769230769237
0 0.5416974431818182 0.7066730769230769 0.02612215909090907 0.024230769230769274
0 0.5077130681818182 0.7463557692307692 0.03366477272727271 0.046442307692307706
0 0.45470170454545455 0.9074230769230769 0.034829545454545426 0.07211538461538461
0 0.47558948863636363 0.947451923076923 0.02268465909090913 0.04725
0 0.47801846590909086 0.7259615384615384 0.04796875000000005 0.055461538461538416
0 0.5569602272727273 0.6974038461538461 0.020539772727272698 0.012461538461538442
0 0.3093963068181818 0.46580769230769237 0.06634943181818179 0.04211538461538468
0 0.16553977272727274 0.49975 0.05960227272727274 0.0658076923076923
0 0.3581107954545455 0.8629711538461539 0.0546875 0.05125
0 0.6492471590909091 0.5654711538461539 0.015227272727272766 0.04178846153846152
0 0.6752556818181819 0.929 0.0464488636363637 0.04807692307692308
0 0.6001491477272727 0.9585673076923077 0.012940340909090929 0.023980769230769233
0 0.6303693181818182 0.92725 0.054971590909090894 0.04953846153846154
0 0.9096732954545456 0.23194230769230773 0.044857954545454604 0.06869230769230775
0 0.6814985795454546 0.4580480769230769 0.04205965909090903 0.07782692307692313
0 0.3612073863636364 0.43828846153846146 0.14261363636363636 0.047076923076923
0 0.8029900568181819 0.18254807692307695 0.03919034090909095 0.06005769230769234
0 0.7643394886363637 0.1800384615384616 0.03992897727272729 0.03650000000000003
0 0.4813423295454546 0.19411538461538458 0.025639204545454562 0.05380769230769234
0 0.5125284090909091 0.7962211538461539 0.014829545454545451 0.034788461538461546
0 0.5136860795454545 0.2030384615384616 0.04430397727272727 0.051807692307692305
0 0.5278622159090909 0.8180865384615384 0.031207386363636402 0.03294230769230768
0 0.7272443181818182 0.8318557692307692 0.040227272727272716 0.10898076923076921
0 0.19161931818181818 0.9120769230769231 0.0165909090909091 0.02203846153846154
0 0.38644886363636366 0.7597307692307692 0.07957386363636361 0.1370769230769231
0 0.5208167613636363 0.2669230769230768 0.03444602272727273 0.046076923076923036
0 0.4192755681818182 0.6396346153846154 0.040142045454545444 0.05596153846153845
0 0.3648863636363636 0.6248076923076924 0.05724431818181816 0.05626923076923075
0 0.29243607954545453 0.5266923076923077 0.028877840909090888 0.046230769230769214
0 0.30754261363636365 0.5659903846153846 0.050369318181818196 0.04559615384615381
0 0.8842116477272728 0.9073846153846153 0.020298295454545402 0.025499999999999995
0 0.2226775568181818 0.12279807692307698 0.06461647727272725 0.09451923076923084
0 0.04916903409090909 0.14972115384615392 0.025042613636363634 0.04244230769230768
0 0.7257528409090909 0.00537500000000013 0.012073863636363556 0.010750000000000062
0 0.47559659090909095 0.4899903846153846 0.033295454545454545 0.0318653846153846
0 0.26323863636363637 0.8531634615384616 0.025340909090909094 0.033134615384615394
0 0.8962855113636364 0.9416153846153846 0.025866477272727326 0.05503846153846154
0 0.09529829545454546 0.2598365384615384 0.026846590909090917 0.03471153846153848
0 0.009133522727272726 0.26225 0.018238636363636363 0.030730769230769266
0 0.027911931818181815 0.25156730769230773 0.02900568181818182 0.030365384615384544
0 0.5444318181818182 0.9810480769230769 0.013210227272727288 0.037903846153846156
0 0.051832386363636365 0.2573365384615385 0.031079545454545453 0.048903846153846055
0 0.22028409090909087 0.6474134615384615 0.04011363636363634 0.07955769230769232
0 0.036001420454545456 0.8703365384615385 0.06754261363636363 0.06271153846153847
0 0.031427556818181816 0.29746153846153844 0.03134943181818181 0.03623076923076929
0 0.5473792613636363 0.11625961538461549 0.04762784090909095 0.08755769230769236
0 0.025035511363636364 0.27222115384615386 0.023053977272727268 0.024019230769230786
0 0.44014914772727276 0.49606730769230767 0.017258522727272695 0.04228846153846155
0 0.4587428977272727 0.22961538461538455 0.026803977272727278 0.05115384615384609
0 0.6396519886363636 0.9612115384615385 0.04251420454545447 0.049230769230769224
0 0.5605113636363637 0.972875 0.024630681818181784 0.05425
0 0.262421875 0.8905288461538462 0.021207386363636373 0.04532692307692306
0 0.49880681818181816 0.08247115384615378 0.03928977272727276 0.060634615384615335
0 0.2441193181818182 0.7053076923076923 0.031164772727272763 0.04646153846153846
0 0.012286931818181818 0.2955096153846153 0.024573863636363637 0.03767307692307687
0 0.8678338068181817 0.9343076923076923 0.03282670454545456 0.04923076923076923
0 0.9186789772727273 0.9237115384615384 0.05542613636363634 0.08403846153846155
0 0.03708806818181818 0.2767980769230769 0.022471590909090913 0.025442307692307726
0 0.42007102272727276 0.5012307692307691 0.02374999999999996 0.039999999999999966
0 0.9124360795454546 0.9529230769230769 0.03509943181818187 0.027
0 0.7985014204545454 0.8422788461538462 0.04705965909090908 0.061826923076923085
0 0.4839630681818182 0.916201923076923 0.02690340909090909 0.04925000000000001
0 0.33053267045454543 0.7251923076923077 0.026093750000000006 0.05503846153846155
0 0.8681889204545455 0.9431923076923077 0.049048295454545414 0.052423076923076926
0 0.21198863636363638 0.3351923076923077 0.019545454545454533 0.026692307692307682
0 0.6033948863636364 0.9220096153846153 0.03372159090909092 0.09440384615384613
0 0.656796875 0.7882211538461539 0.04237215909090907 0.06375000000000001
0 0.5945241477272727 0.5674615384615385 0.06600852272727269 0.04411538461538461
0 0.7109375 0.6234326923076923 0.020312499999999935 0.06851923076923076
0 0.6535582386363636 0.2090192307692308 0.04757102272727274 0.0416923076923076
0 0.6316690340909091 0.6560865384615385 0.0420028409090909 0.04594230769230772
0 0.6699644886363636 0.18954807692307696 0.04490056818181812 0.03921153846153844
0 0.707890625 0.6424711538461538 0.024218750000000015 0.058788461538461526
0 0.6402982954545454 0.17349038461538469 0.04585227272727277 0.03632692307692316
0 0.6938636363636363 0.6052500000000001 0.02139204545454546 0.03573076923076925
0 0.25845880681818184 0.3732019230769231 0.06774147727272727 0.09655769230769237
0 0.40110795454545456 0.713625 0.03812500000000005 0.04874999999999999
0 0.48497159090909087 0.5742788461538462 0.03752840909090911 0.055288461538461536
0 0.7519176136363637 0.7486730769230769 0.04661931818181809 0.08480769230769232
0 0.8349076704545454 0.7881826923076923 0.040383522727272816 0.05144230769230769
0 0.8035724431818182 0.7857980769230769 0.03876420454545449 0.028096153846153844
0 0.48587357954545457 0.5173076923076922 0.03876420454545449 0.039999999999999966
0 0.43561789772727266 0.19410576923076928 0.07038352272727275 0.05186538461538467
0 0.46943181818181823 0.21850000000000003 0.01519886363636362 0.018961538461538488
0 0.8746661931818182 0.8432403846153846 0.05748579545454549 0.028634615384615387
0 0.7252982954545455 0.6040576923076924 0.026846590909090796 0.04988461538461544
0 0.5010298295454546 0.8710673076923077 0.0834232954545454 0.10575000000000001
0 0.32394886363636366 0.11853846153846148 0.06522727272727274 0.054153846153846205
0 0.783671875 0.8113173076923077 0.09734374999999997 0.0718269230769231
0 0.6628622159090909 0.6549423076923077 0.03978693181818189 0.056653846153846166
0 0.6898224431818182 0.2336538461538461 0.03143465909090908 0.03296153846153844
0 0.9215127840909091 0.8846442307692308 0.028338068181818245 0.036057692307692304
0 0.9527059659090908 0.9555192307692307 0.04464488636363629 0.08896153846153845
0 0.9718607954545455 0.9333750000000001 0.03375000000000015 0.05851923076923077
0 0.5042542613636364 0.5249134615384616 0.0324573863636364 0.03644230769230767
0 0.7031178977272727 0.8064423076923077 0.05393465909090913 0.11673076923076924
0 0.7100994318181818 0.22049038461538462 0.02920454545454546 0.039557692307692294
0 0.6406534090909091 0.6255480769230769 0.03309659090909092 0.01948076923076922
0 0.9083380681818182 0.5137692307692308 0.042130681818181775 0.0384230769230769
0 0.9499786931818183 0.44806730769230774 0.044275568181818124 0.053673076923076865
0 0.8567613636363638 0.8085288461538461 0.04164772727272734 0.04532692307692306
0 0.1345028409090909 0.8747307692307692 0.022073863636363624 0.042230769230769245
0 0.6620454545454545 0.14776923076923087 0.04105113636363633 0.027076923076923047
0 0.8853267045454545 0.2917211538461538 0.03923295454545455 0.03632692307692305
0 0.008892045454545455 0.01332692307692318 0.017102272727272726 0.02665384615384618
0 0.6902982954545455 0.049644230769230746 0.039232954545454474 0.02263461538461535
0 0.3594886363636363 0.7374326923076924 0.02681818181818181 0.04294230769230766
0 0.05595880681818182 0.07680769230769247 0.04166193181818182 0.03257692307692307
0 0.4183735795454545 0.8857403846153846 0.0349573863636363 0.03825
0 0.5219176136363637 0.288423076923077 0.03335227272727275 0.08119230769230763
0 0.8516832386363636 0.24613461538461545 0.03404829545454549 0.04492307692307695
0 0.3694389204545455 0.5387884615384615 0.07708806818181824 0.09861538461538467
0 0.58078125 0.6088942307692308 0.01701704545454548 0.017519230769230794
0 0.8325994318181817 0.16962500000000003 0.034176136363636284 0.07151923076923077
0 0.8873011363636365 0.26350961538461537 0.01761363636363633 0.023288461538461456
0 0.4645241477272727 0.8716153846153846 0.031377840909090876 0.0496923076923077
0 0.5341548295454545 0.09273076923076928 0.01674715909090912 0.02476923076923087
0 0.28083806818181817 0.7434615384615384 0.044346590909090905 0.12261538461538463
0 0.8667400568181818 0.27184615384615385 0.02595170454545468 0.039692307692307666
0 0.6553053977272728 0.23506730769230777 0.04044034090909087 0.040826923076923115
0 0.1678125 0.5788365384615385 0.060426136363636355 0.09244230769230768
0 0.40644176136363636 0.7488942307692308 0.03237215909090904 0.04340384615384617
0 0.8947443181818181 0.3873461538461538 0.041988636363636284 0.037884615384615364
0 0.9290696022727274 0.33052884615384615 0.02748579545454549 0.08090384615384626
0 0.5788210227272728 0.016451923076923114 0.03792613636363635 0.03290384615384618
0 0.015099431818181817 0.484625 0.030113636363636363 0.07382692307692305
0 0.010191761363636363 0.4316634615384616 0.02018465909090909 0.03721153846153839
0 0.5367045454545455 0.2299326923076923 0.030170454545454476 0.044211538461538476
0 0.016377840909090908 0.6707403846153845 0.032755681818181816 0.034942307692307724
0 0.34686079545454546 0.19098076923076912 0.01582386363636362 0.03642307692307692
0 0.37085937500000005 0.7216730769230768 0.023849431818181846 0.04084615384615381
0 0.8360085227272727 0.853125 0.05113636363636364 0.08513461538461539
0 0.2948082386363637 0.164701923076923 0.03598011363636366 0.04848076923076919
0 0.12178977272727275 0.49342307692307685 0.03698863636363637 0.03580769230769232
0 0.7751136363636365 0.11710576923076921 0.06363636363636373 0.11298076923076923
0 0.35060369318181817 0.284701923076923 0.08029829545454542 0.10105769230769233
0 0.15337357954545452 0.23222115384615383 0.029417613636363627 0.03317307692307692
0 0.48975852272727266 0.45852884615384615 0.06440340909090905 0.049480769230769266
0 0.12171164772727273 0.8474038461538462 0.021803977272727263 0.028615384615384633
0 0.36199573863636364 0.9144711538461539 0.030838068181818154 0.05278846153846154
0 0.06837357954545455 0.10061538461538455 0.04490056818181818 0.04930769230769228
0 0.784580965909091 0.9845384615384616 0.03311079545454538 0.03092307692307692
0 0.8767329545454546 0.8831346153846154 0.03821022727272724 0.024923076923076926
0 0.11852272727272727 0.6080576923076924 0.05329545454545454 0.07007692307692308
0 0.9004474431818181 0.9805769230769231 0.04248579545454541 0.032115384615384615
0 0.05618607954545454 0.11450961538461535 0.03410511363636364 0.03236538461538459
0 0.625546875 0.24029807692307692 0.029105113636363648 0.038019230769230736
0 0.9388849431818183 0.9792692307692308 0.04836647727272721 0.04146153846153846
0 0.25225142045454546 0.965125 0.035440340909090894 0.06975
0 0.6269034090909091 0.7728557692307692 0.04085227272727279 0.04390384615384615
0 0.29308948863636364 0.933125 0.022542613636363642 0.05286538461538462
0 0.11635653409090908 0.6949134615384616 0.07992897727272727 0.10574999999999997
0 0.675078125 0.16022115384615387 0.04595170454545458 0.030826923076923026
0 0.4139630681818182 0.5855961538461538 0.06991477272727277 0.057692307692307696
0 0.9324786931818181 0.37875961538461544 0.02748579545454549 0.03428846153846151
0 0.9254190340909091 0.5949807692307691 0.05748579545454549 0.04100000000000004
0 0.023494318181818182 0.5112403846153846 0.03903409090909091 0.049365384615384644
0 0.0125 0.12023076923076914 0.025 0.04788461538461545
0 0.07608664772727272 0.8571346153846154 0.024303977272727272 0.03907692307692309
0 0.41441761363636365 0.6863846153846154 0.026335227272727222 0.03034615384615385
0 0.014012784090909091 0.5418461538461539 0.028025568181818183 0.05023076923076924
0 0.21458806818181816 0.9051538461538462 0.04122159090909092 0.062423076923076914
0 0.30612926136363633 0.6562596153846154 0.03473011363636366 0.053019230769230756
0 0.506534090909091 0.13922115384615386 0.016022727272727313 0.05394230769230771
0 0.3864772727272727 0.6131826923076923 0.026846590909090876 0.035442307692307704
0 0.33971590909090904 0.6390096153846154 0.04934659090909088 0.04609615384615384
0 0.3597940340909091 0.7059423076923077 0.033423295454545456 0.04249999999999999
0 0.4391122159090909 0.7122211538461538 0.06285511363636363 0.06217307692307695
0 0.9046519886363636 0.4309807692307692 0.05484374999999986 0.05646153846153849
0 0.5104119318181818 0.22963461538461527 0.03801136363636362 0.036153846153846175
0 0.07700994318181818 0.15009615384615382 0.03154829545454545 0.03600000000000005
0 0.24412642045454547 0.7391538461538462 0.043480113636363615 0.0676153846153846
0 0.4965340909090909 0.34924038461538465 0.020738636363636397 0.06513461538461539
0 0.4957670454545454 0.2865384615384615 0.03312499999999999 0.043653846153846244
0 0.723125 0.6903365384615385 0.017073863636363693 0.019519230769230782
0 0.41944602272727266 0.40003846153846145 0.04414772727272725 0.08138461538461537
0 0.7103622159090909 0.48870192307692306 0.03859374999999994 0.09209615384615381
0 0.4036931818181818 0.6764711538461539 0.03678977272727269 0.038134615384615406
0 0.4898863636363636 0.2470096153846154 0.04249999999999994 0.055942307692307756
0 0.7948011363636364 0.1058365384615384 0.030653409090909148 0.06471153846153853
0 0.2405965909090909 0.3178846153846153 0.09329545454545456 0.09434615384615386
0 0.47365767045454543 0.16891346153846154 0.02203124999999999 0.04567307692307692
0 0.1954971590909091 0.5816057692307692 0.09213068181818182 0.08617307692307692
0 0.20546874999999998 0.5208461538461538 0.04542613636363635 0.07538461538461537
0 0.7564275568181817 0.21050961538461532 0.02632102272727269 0.03871153846153845
0 0.7316690340909091 0.21586538461538463 0.024275568181818145 0.03715384615384625
0 0.5561150568181819 0.3157788461538461 0.03964488636363632 0.038480769230769214
0 0.019282670454545455 0.8382980769230769 0.03816761363636364 0.05124999999999998
0 0.0628125 0.8082692307692307 0.05590909090909091 0.05934615384615385
0 0.3669247159090909 0.15993269230769225 0.016349431818181805 0.04694230769230774
0 0.12735085227272727 0.23958653846153843 0.04836647727272729 0.04786538461538459
0 0.03362215909090909 0.011057692307692268 0.04065340909090909 0.022115384615384617
0 0.3269815340909091 0.6836346153846153 0.05674715909090908 0.0768076923076923
0 0.9932102272727273 0.876125 0.013579545454545377 0.025250000000000005
0 0.48591619318181817 0.3370576923076922 0.017769886363636352 0.043115384615384646
0 0.3528622159090909 0.14405769230769228 0.0365482954545454 0.07700000000000004
0 0.48217329545454546 0.3105961538461538 0.06159090909090911 0.0661153846153846
0 0.5233451704545454 0.10561538461538456 0.030156250000000027 0.12542307692307686
0 0.5197230113636363 0.3344134615384615 0.04063920454545456 0.0360192307692308
0 0.6369176136363636 0.5090384615384616 0.028664772727272737 0.06546153846153845
0 0.8207173295454545 0.10160576923076925 0.04052556818181814 0.11544230769230775
0 0.19379261363636366 0.10116346153846156 0.03292613636363637 0.05659615384615386
0 0.11415482954545454 0.24678846153846157 0.027656249999999997 0.026807692307692303
0 0.07425426136363636 0.16284615384615386 0.028053977272727272 0.04115384615384611
0 0.6138423295454545 0.8641442307692307 0.03541193181818183 0.02471153846153845
0 0.5255610795454545 0.7092019230769231 0.06251420454545453 0.0749423076923077
0 0.5908451704545455 0.9001634615384615 0.02938920454545454 0.07182692307692308
0 0.4787926136363636 0.38222115384615385 0.04122159090909088 0.04767307692307685
0 0.39087357954545454 0.3729807692307693 0.03484374999999996 0.09265384615384617
0 0.09749289772727274 0.861625 0.022116477272727274 0.034673076923076925
0 0.0866122159090909 0.8303942307692308 0.02279829545454545 0.04232692307692309
0 0.6238210227272728 0.8825000000000001 0.020255681818181805 0.037499999999999985
0 0.6161008522727273 0.6084615384615385 0.026661931818181793 0.042423076923076924
0 0.904559659090909 0.6147211538461539 0.048522727272727224 0.029980769230769182
0 0.05985795454545455 0.307875 0.029857954545454545 0.03582692307692318
0 0.3280326704545455 0.7416346153846154 0.046377840909090876 0.07338461538461541
0 0.7771164772727271 0.14994230769230776 0.050284090909090876 0.04180769230769221
0 0.1656534090909091 0.1527115384615384 0.03835227272727273 0.044307692307692347
0 0.6840269886363637 0.20754807692307686 0.027571022727272684 0.033250000000000036
0 0.5809659090909091 0.5910288461538462 0.017784090909090885 0.021057692307692284
0 0.011853693181818182 0.3738942307692308 0.023707386363636365 0.05144230769230769
0 0.16548295454545456 0.06880769230769224 0.032812500000000015 0.047230769230769236
0 0.18568181818181817 0.9761923076923077 0.0450568181818182 0.047615384615384615
0 0.8250071022727273 0.21122115384615392 0.058508522727272645 0.04051923076923076
0 0.8899147727272727 0.8333942307692308 0.027244318181818272 0.033634615384615374
0 0.32602982954545456 0.6051346153846154 0.029190340909090926 0.03696153846153846
0 0.4612428977272728 0.274076923076923 0.023366477272727258 0.026846153846153808
0 0.4931747159090909 0.8587692307692307 0.02643465909090911 0.048192307692307694
0 0.6628267045454546 0.4061634615384615 0.02556818181818182 0.061057692307692306
0 0.4717400568181818 0.5749038461538462 0.058622159090909065 0.0765384615384615
0 0.07336647727272726 0.7677596153846153 0.08011363636363635 0.03059615384615384
0 0.03730113636363636 0.3928846153846153 0.0453125 0.05200000000000004
0 0.15318892045454546 0.21178846153846154 0.042031250000000006 0.02980769230769231
0 0.4473863636363637 0.2654615384615384 0.024119318181818127 0.02076923076923079
0 0.5046306818181818 0.9492307692307692 0.02144886363636367 0.03580769230769231
0 0.11884232954545454 0.21571153846153834 0.04174715909090909 0.034999999999999976
0 0.41097301136363634 0.9465961538461538 0.024872159090909077 0.03903846153846154
0 0.7581818181818182 0.24650000000000005 0.04244318181818181 0.041269230769230836
0 0.7608806818181819 0.014817307692307824 0.031022727272727316 0.029634615384615433
0 0.10738636363636363 0.5548173076923077 0.06596590909090908 0.06159615384615385
0 0.44419744318181814 0.9385288461538461 0.03532670454545455 0.07475
0 0.1159090909090909 0.5221442307692308 0.05687500000000001 0.053865384615384655
0 0.21319602272727273 0.23157692307692312 0.04190340909090909 0.04111538461538461
0 0.8983167613636364 0.6616634615384616 0.031178977272727174 0.03659615384615385
0 0.15703835227272728 0.18999038461538453 0.04265624999999998 0.05440384615384619
0 0.6324147727272728 0.4312211538461539 0.036619318181818225 0.061019230769230805
0 0.7877485795454546 0.7487019230769231 0.07544034090909092 0.06371153846153849
0 0.12629261363636363 0.7457307692307693 0.04173295454545454 0.07665384615384616
0 0.7188636363636364 0.11910576923076921 0.05235795454545456 0.0824423076923077
0 0.18056107954545456 0.7227019230769232 0.06563920454545454 0.02578846153846153
0 0.4943465909090909 0.9369038461538461 0.02997159090909086 0.07838461538461539
0 0.16041193181818184 0.11734615384615377 0.029232954545454545 0.04126923076923073
0 0.8165767045454545 0.23472115384615388 0.04656249999999996 0.043211538461538516
0 0.23262073863636362 0.1890480769230769 0.06944602272727275 0.05336538461538461
0 0.8112428977272728 0.2479134615384616 0.05177556818181825 0.04640384615384614
0 0.9178977272727273 0.8430384615384615 0.03988636363636369 0.0375
0 0.11618607954545455 0.18038461538461537 0.06501420454545456 0.037307692307692264
0 0.11443181818181819 0.7878365384615384 0.023892045454545444 0.0330576923076923
0 0.4281747159090909 0.6032115384615384 0.04211647727272724 0.053807692307692286
0 0.7398153409090908 0.7080480769230769 0.05380681818181818 0.06944230769230772
0 0.7756392045454544 0.6912211538461539 0.02786931818181819 0.06594230769230773
0 0.62546875 0.5213942307692307 0.027102272727272704 0.062288461538461515
0 0.47941761363636365 0.28609615384615383 0.018210227272727263 0.029538461538461565
0 0.44205965909090905 0.04445192307692314 0.04190340909090909 0.051249999999999955
0 0.2384659090909091 0.2370096153846154 0.056335227272727266 0.038403846153846205
0 0.848252840909091 0.23671153846153836 0.027471590909090956 0.025730769230769224
0 0.9907954545454545 0.9441538461538461 0.018323863636363603 0.027230769230769225
0 0.4465625 0.2849519230769231 0.026505681818181772 0.022326923076923102
0 0.5445170454545455 0.33900961538461527 0.030056818181818216 0.023519230769230695
0 0.7155894886363636 0.2882596153846153 0.030639204545454456 0.03136538461538462
0 0.3056534090909091 0.5182596153846154 0.10264204545454544 0.17144230769230764
0 0.07467329545454547 0.3809903846153846 0.06352272727272729 0.055288461538461536
0 0.9471093750000001 0.5055865384615383 0.03569602272727272 0.043173076923076904
0 0.917549715909091 0.03547115384615385 0.031633522727272705 0.059365384615384625
0 0.09426136363636363 0.1993076923076923 0.054062500000000006 0.05084615384615384
0 0.5571377840909091 0.5223365384615385 0.06421874999999998 0.023057692307692324
0 0.21110795454545456 0.322298076923077 0.028607954545454527 0.03532692307692298
0 0.049815340909090906 0.3923653846153846 0.05113636363636364 0.08115384615384613
0 0.6984872159090909 0.2696826923076924 0.03134943181818181 0.044365384615384605
0 0.9814062500000001 0.01927884615384612 0.03718749999999993 0.03855769230769233
0 0.9547159090909091 0.02046153846153842 0.03505681818181827 0.04092307692307687
0 0.9363707386363636 0.012971153846153882 0.032031250000000094 0.02594230769230771
0 0.9831676136363636 0.05257692307692319 0.03366477272727279 0.04338461538461539
0 0.37724431818181825 0.020471153846153833 0.033295454545454545 0.04094230769230773
0 0.8921377840909092 0.0644038461538462 0.02242897727272738 0.03457692307692311
0 0.8997940340909092 0.15608653846153853 0.04651988636363636 0.043019230769230775
0 0.5509019886363636 0.5020961538461539 0.03379261363636366 0.02630769230769232
0 0.908018465909091 0.0688653846153846 0.0277698863636363 0.03373076923076916
0 0.09640625000000001 0.9698942307692308 0.034261363636363645 0.06021153846153846
0 0.53390625 0.5482692307692307 0.06886363636363639 0.06592307692307693
0 0.009431818181818182 0.5790961538461539 0.018863636363636364 0.03853846153846152
0 0.8715553977272728 0.2212115384615384 0.03586647727272727 0.040730769230769244
0 0.15563210227272728 0.0765865384615384 0.027571022727272722 0.04448076923076922
0 0.8466335227272727 0.012048076923076856 0.04153409090909092 0.024096153846153795
0 0.4989133522727273 0.5838076923076922 0.04248579545454549 0.06334615384615384
0 0.1935085227272727 0.16235576923076922 0.03335227272727273 0.035557692307692325
0 0.010482954545454544 0.157423076923077 0.020795454545454544 0.02750000000000002
0 0.5750710227272727 0.5085096153846154 0.029630681818181757 0.03259615384615388
0 0.8898579545454546 0.4979230769230769 0.03960227272727272 0.044461538461538413
0 0.026455965909090908 0.5842307692307693 0.024048295454545454 0.020653846153846116
0 0.1691193181818182 0.3582980769230769 0.05318181818181818 0.03632692307692305
0 0.6416619318181819 0.2885192307692307 0.02542613636363641 0.07226923076923074
0 0.87125 0.7616634615384615 0.033323863636363686 0.04744230769230772
0 0.039616477272727275 0.9868846153846154 0.04801136363636363 0.02623076923076923
0 0.04985085227272727 0.4698365384615385 0.033423295454545456 0.04698076923076913
0 0.6588565340909092 0.3265096153846153 0.022400568181818237 0.03528846153846147
0 0.8039985795454547 0.039326923076923204 0.04779829545454542 0.026346153846153825
0 0.5713991477272727 0.2818750000000001 0.04115056818181822 0.04340384615384614
0 0.5766832386363636 0.9828653846153846 0.025071022727272695 0.03426923076923077
0 0.28359375 0.978701923076923 0.0384090909090909 0.03894230769230769
0 0.021995738636363636 0.4651153846153846 0.03191761363636363 0.04303846153846153
0 0.6406534090909091 0.3362115384615384 0.017840909090909095 0.04926923076923078
0 0.21237926136363636 0.3683942307692307 0.06257102272727272 0.028980769230769327
0 0.1818465909090909 0.40222115384615376 0.04090909090909089 0.05455769230769221
0 0.3138707386363636 0.9595673076923077 0.03998579545454546 0.04398076923076923
0 0.6438920454545454 0.3833269230769232 0.02798295454545453 0.06023076923076922
0 0.34509232954545455 0.9155096153846154 0.02328124999999998 0.029211538461538455
0 0.14509232954545453 0.9882019230769231 0.04524147727272727 0.023596153846153847
0 0.10965909090909091 0.9232596153846154 0.0677840909090909 0.06809615384615383
0 0.20652698863636362 0.744173076923077 0.041321022727272734 0.0784230769230769
0 0.8792826704545456 0.11156730769230772 0.042769886363636385 0.0788653846153846
0 0.12745028409090908 0.9621538461538461 0.043082386363636364 0.04411538461538461
0 0.11780539772727273 0.9805769230769231 0.019076704545454556 0.03857692307692307
0 0.014382102272727272 0.9793076923076923 0.028764204545454544 0.026
0 0.8527982954545454 0.1118365384615384 0.058267045454545426 0.10713461538461534
0 0.7514914772727272 0.29199038461538473 0.04792613636363638 0.04124999999999998
0 0.08465198863636364 0.5979038461538462 0.02970170454545454 0.07992307692307693
0 0.02541193181818182 0.42648076923076916 0.03940340909090909 0.028576923076923104
0 0.05482954545454546 0.5854230769230769 0.0353125 0.03049999999999997
0 0.669481534090909 0.2664230769230769 0.0488494318181818 0.05130769230769232
0 0.06090909090909091 0.519875 0.041732954545454545 0.06278846153846154
0 0.23310369318181817 0.7747884615384615 0.0204971590909091 0.05100000000000002
0 0.06636363636363636 0.9688173076923077 0.037414772727272734 0.062365384615384614
0 0.03111505681818182 0.7827596153846154 0.06174715909090909 0.07186538461538462
0 0.8203409090909091 0.7457884615384616 0.0566193181818182 0.06146153846153845
0 0.7948792613636364 0.7135192307692308 0.04367897727272727 0.023269230769230813
0 0.8160440340909091 0.931375 0.01703125000000001 0.07713461538461538
0 0.061967329545454544 0.5587788461538461 0.04294034090909091 0.028442307692307732
0 0.0637784090909091 0.7089134615384616 0.04616477272727273 0.09721153846153843
0 0.9868110795454546 0.10227884615384619 0.025582386363636352 0.04328846153846152
0 0.4182670454545455 0.06510576923076927 0.027045454545454574 0.03878846153846157
0 0.8527059659090909 0.7284807692307692 0.03691761363636365 0.07173076923076922
0 0.21024857954545453 0.6668846153846153 0.04683238636363636 0.12073076923076924
0 0.9486931818181819 0.4667307692307693 0.061306818181818296 0.03830769230769234
0 0.9070241477272727 0.1871346153846154 0.04115056818181822 0.06299999999999999
0 0.029708806818181818 0.5590961538461539 0.03200284090909091 0.046307692307692334
0 0.029602272727272727 0.6115096153846153 0.016221590909090908 0.04090384615384617
0 0.8247798295454545 0.03940384615384618 0.06595170454545464 0.07776923076923077
0 0.8065198863636364 0.9075480769230769 0.029431818181818222 0.08417307692307692
0 0.45285511363636366 0.726923076923077 0.04718750000000004 0.05353846153846149
0 0.10706676136363637 0.8414615384615385 0.025866477272727284 0.03726923076923076
0 0.866590909090909 0.6699807692307692 0.04602272727272724 0.07149999999999995
0 0.011292613636363637 0.6199999999999999 0.0225 0.05188461538461536
0 0.1699715909090909 0.6246346153846154 0.03914772727272728 0.04207692307692307
0 0.9325 0.16426923076923072 0.03440340909090913 0.0607307692307692
0 0.8812357954545454 0.6926057692307692 0.045198863636363544 0.045942307692307664
0 0.9841619318181819 0.46033653846153844 0.0316761363636363 0.042480769230769294
0 0.15490767045454545 0.6207211538461539 0.05134943181818181 0.04990384615384613
0 0.28041193181818186 0.8690961538461538 0.02028409090909091 0.045500000000000006
0 0.6550923295454546 0.9536634615384616 0.05106534090909098 0.036480769230769226
0 0.8639204545454546 0.9013269230769231 0.02352272727272736 0.035153846153846154
0 0.8388352272727272 0.9225769230769231 0.03832386363636366 0.08449999999999999
0 0.4571519886363636 0.49396153846153845 0.036406249999999994 0.062384615384615434
0 0.4437428977272727 0.3969134615384615 0.04992897727272732 0.03359615384615379
0 0.47647727272727275 0.2593365384615385 0.018750000000000065 0.033403846153846166
0 0.8613849431818181 0.8586346153846154 0.03376420454545452 0.036307692307692326
0 0.41129261363636366 0.2614423076923078 0.053039772727272776 0.04003846153846152
0 0.416640625 0.2927692307692308 0.054076704545454615 0.04446153846153847
0 0.4478125 0.2362692307692308 0.04139204545454544 0.055346153846153795
0 0.4672372159090909 0.425125 0.023480113636363598 0.033403846153846166
0 0.40127130681818185 0.23449038461538463 0.08092329545454549 0.06563461538461537
0 0.7811079545454547 0.21745192307692307 0.0288920454545455 0.04567307692307692
0 0.07953835227272728 0.3087884615384615 0.026690340909090907 0.04319230769230776
0 0.15651988636363637 0.25396153846153846 0.0325284090909091 0.030230769230769283
0 0.7200497159090908 0.24541346153846155 0.051775568181818166 0.02867307692307686
0 0.03862215909090909 0.52075 0.022414772727272724 0.043961538461538434
0 0.12934659090909092 0.2791538461538461 0.04928977272727273 0.044884615384615335
0 0.09941051136363636 0.2965288461538462 0.03512784090909091 0.04267307692307692
0 0.08078125000000001 0.28 0.016505681818181815 0.027884615384615386
0 0.06159090909090909 0.28556730769230765 0.029715909090909095 0.04186538461538458
0 0.1609943181818182 0.28536538461538463 0.041278409090909095 0.03596153846153844
0 0.17609375 0.274 0.023721590909090894 0.04815384615384619
0 0.1655681818181818 0.3175865384615384 0.0409943181818182 0.05401923076923072
0 0.4471235795454545 0.42562500000000014 0.037428977272727225 0.03517307692307696
0 0.19639204545454544 0.3105000000000001 0.031107954545454553 0.06642307692307696
0 0.876455965909091 0.583326923076923 0.025383522727272734 0.039499999999999987
0 0.5982741477272727 0.5997884615384614 0.022883522727272745 0.030846153846153832
0 0.8704332386363636 0.5628365384615385 0.05720170454545452 0.05101923076923077
0 0.19752130681818184 0.2715288461538462 0.030752840909090917 0.04340384615384614
0 0.7378125000000001 0.6923557692307692 0.019829545454545346 0.027403846153846154
0 0.6549573863636364 0.7140961538461539 0.05275568181818188 0.08611538461538462
0 0.7766974431818181 0.5647788461538461 0.09870738636363638 0.046326923076923085
0 0.8726491477272728 0.9840288461538461 0.043167613636363615 0.03194230769230769
0 0.08348011363636364 0.7027692307692308 0.0462784090909091 0.07388461538461541
0 0.8018039772727273 0.5995192307692307 0.038863636363636385 0.04115384615384611
0 0.8973224431818181 0.7423653846153846 0.06276988636363628 0.07415384615384615
0 0.8924573863636364 0.7922307692307693 0.03960227272727272 0.05838461538461538
