0 0.9359446022727272 0.5529711538461539 0.015071022727272747 0.018057692307692337
0 0.10012784090909092 0.46907692307692295 0.014318181818181815 0.015500000000000005
0 0.9867258522727272 0.3024903846153846 0.026548295454545533 0.04648076923076926
0 0.851853693181818 0.987798076923077 0.011150568181818215 0.024403846153846154
0 0.03927556818181818 0.7730961538461538 0.03227272727272727 0.05384615384615388
0 0.11669034090909092 0.11639423076923072 0.025284090909090905 0.04409615384615386
0 0.1182244318181818 0.047855769230769174 0.017500000000000012 0.09428846153846149
0 0.06428267045454544 0.08172115384615386 0.024275568181818176 0.028826923076923094
0 0.9667897727272727 0.23112500000000002 0.0320170454545454 0.024211538461538524
0 0.10651278409090909 0.0652307692307692 0.015980113636363636 0.04392307692307688
0 0.6445667613636363 0.67325 0.014133522727272712 0.027307692307692286
0 0.9538210227272728 0.22567307692307692 0.026875000000000104 0.022769230769230722
0 0.16370738636363635 0.6767692307692308 0.026278409090909092 0.03519230769230766
0 0.1751065340909091 0.6506634615384616 0.024502840909090908 0.02759615384615389
0 0.04156960227272727 0.7272884615384616 0.05416193181818181 0.05765384615384619
0 0.44289062500000004 0.7720384615384616 0.0719460227272727 0.02711538461538463
0 0.5071022727272727 0.565548076923077 0.026988636363636364 0.06244230769230769
0 0.9545667613636364 0.5613269230769231 0.03345170454545448 0.031230769230769194
0 0.34945312500000003 0.7763942307692308 0.047116477272727296 0.06351923076923074
0 0.9371946022727274 0.013442307692307698 0.0484232954545455 0.02688461538461542
0 0.7793536931818181 0.24077884615384626 0.025071022727272695 0.05424999999999996
0 0.7460866477272727 0.4902788461538461 0.031008522727272624 0.09909615384615385
0 0.7014204545454545 0.5122403846153847 0.02573863636363637 0.08501923076923079
0 0.06792613636363637 0.6755288461538461 0.05957386363636364 0.07290384615384615
0 0.846846590909091 0.6269615384615383 0.019460227272727174 0.02930769230769227
0 0.42254971590909096 0.8508942307692308 0.016235795454545465 0.02594230769230768
0 0.9838707386363637 0.814875 0.03225852272727278 0.06671153846153846
0 0.021988636363636363 0.07343269230769234 0.04045454545454546 0.04809615384615383
0 0.11117897727272727 0.15848076923076926 0.03954545454545455 0.08557692307692308
0 0.3119957386363636 0.017990384615384603 0.011150568181818173 0.01721153846153844
0 0.40239346590909086 0.015480769230769242 0.02492897727272729 0.030961538461538506
0 0.8718394886363637 0.20914423076923072 0.0140767045454545 0.020942307692307666
0 0.4629829545454545 0.7261057692307692 0.031505681818181745 0.03532692307692309
0 0.43976562500000005 0.7437692307692307 0.0631676136363636 0.04530769230769234
0 0.9284730113636364 0.580798076923077 0.03583806818181821 0.022865384615384645
0 0.2845170454545455 0.42472115384615383 0.03823863636363634 0.057980769230769294
0 0.2627769886363636 0.5107019230769231 0.028877840909090888 0.12328846153846157
0 0.30284090909090905 0.7701153846153846 0.01803977272727275 0.04888461538461539
0 0.3971022727272727 0.8252788461538462 0.025767045454545435 0.05109615384615386
0 0.25575284090909095 0.4091442307692308 0.028551136363636355 0.058211538461538426
0 0.4147869318181818 0.8244615384615385 0.02446022727272731 0.05173076923076924
0 0.4052698863636363 0.8550288461538462 0.012698863636363633 0.021480769230769234
0 0.3770454545454545 0.8652211538461538 0.028210227272727293 0.032634615384615366
0 0.24483664772727273 0.4411442307692307 0.03987215909090908 0.05198076923076929
0 0.39415482954545455 0.861951923076923 0.013991477272727305 0.022596153846153846
0 0.930255681818182 0.5678461538461539 0.0179829545454545 0.0220384615384615
0 0.6628409090909091 0.6013557692307692 0.020738636363636397 0.032403846153846144
0 0.26910511363636364 0.012826923076923014 0.03875 0.025653846153846107
0 0.14762784090909092 0.6672211538461539 0.014886363636363642 0.027865384615384577
0 0.9837002840909093 0.5189326923076922 0.016519886363636358 0.03351923076923078
0 0.5497017045454545 0.9898076923076923 0.03326704545454548 0.020307692307692308
0 0.5387571022727273 0.8142211538461539 0.028224431818181826 0.03198076923076922
0 0.35119318181818177 0.046134615384615385 0.054971590909090894 0.05907692307692313
0 0.3555184659090909 0.019230769230769273 0.0364346590909091 0.038461538461538464
0 0.52984375 0.6078557692307691 0.02556818181818182 0.04932692307692309
0 0.6852982954545456 0.7339903846153846 0.08017045454545454 0.06251923076923081
0 0.5173011363636364 0.6345769230769231 0.04298295454545453 0.07507692307692306
0 0.6563920454545454 0.6603269230769231 0.01792613636363637 0.0241153846153846
0 0.5193963068181818 0.8116634615384615 0.03478693181818175 0.055750000000000015
0 0.6435866477272727 0.6502692307692308 0.020951704545454544 0.025576923076923046
0 0.028643465909090907 0.7132884615384616 0.029559659090909095 0.026269230769230763
0 0.18264204545454543 0.6709423076923077 0.014517045454545453 0.03188461538461541
0 0.623721590909091 0.6942884615384615 0.05676136363636361 0.08123076923076925
0 0.5374502840909091 0.8556538461538461 0.029872159090909053 0.05176923076923076
0 0.3904261363636364 0.7497211538461539 0.03857954545454549 0.04713461538461539
0 0.3791832386363636 0.789076923076923 0.036803977272727224 0.046692307692307665
0 0.6907528409090908 0.7020961538461539 0.02778409090909091 0.08030769230769229
0 0.4277769886363636 0.7995096153846154 0.033934659090909154 0.03248076923076923
0 0.403174715909091 0.7920288461538462 0.02316761363636364 0.041903846153846167
0 0.9869531250000001 0.2480096153846154 0.026093750000000006 0.03444230769230774
0 0.03448153409090909 0.7612019230769231 0.023821022727272722 0.03671153846153847
0 0.014204545454545454 0.7681538461538462 0.02428977272727273 0.03303846153846155
0 0.17039772727272726 0.019365384615384618 0.012073863636363636 0.03857692307692319
0 0.2022585227272727 0.017807692307692302 0.011789772727272703 0.035615384615384583
0 0.24348011363636368 0.010480769230769349 0.02161931818181818 0.02065384615384606
0 0.9689275568181818 0.03194230769230777 0.05433238636363636 0.06388461538461544
0 0.785731534090909 0.02795192307692307 0.019701704545454553 0.027134615384615302
0 0.529715909090909 0.5722596153846153 0.04269886363636364 0.10098076923076926
0 0.7624857954545454 0.08716346153846155 0.026335227272727222 0.05844230769230767
0 0.5565838068181819 0.10046153846153849 0.01069602272727277 0.02030769230769231
0 0.54609375 0.09043269230769224 0.019460227272727258 0.027788461538461515
0 0.7051562499999999 0.20442307692307693 0.02920454545454546 0.09069230769230763
0 0.733671875 0.2400865384615385 0.02782670454545451 0.04109615384615375
0 0.764815340909091 0.19396153846153852 0.02553977272727259 0.05084615384615384
0 0.7436292613636365 0.22295192307692313 0.03217329545454542 0.044326923076922986
0 0.7443181818181818 0.18575000000000008 0.02002840909090896 0.03719230769230764
0 0.7294886363636363 0.19590384615384615 0.021988636363636307 0.022153846153846118
0 0.7821235795454545 0.3727307692307692 0.12464488636363637 0.09584615384615391
0 0.4404900568181818 0.5959326923076923 0.009872159090909076 0.012788461538461549
0 0.6805681818181818 0.44354807692307685 0.03164772727272724 0.054096153846153835
0 0.7106107954545454 0.4602115384615385 0.040909090909090846 0.046730769230769145
0 0.38036931818181813 0.40157692307692305 0.027329545454545388 0.028346153846153865
0 0.3877840909090909 0.30600961538461535 0.03724431818181822 0.06732692307692306
0 0.576455965909091 0.22659615384615384 0.010042613636363627 0.014192307692307683
0 0.20212357954545457 0.7867403846153846 0.016519886363636396 0.027365384615384625
0 0.31311079545454545 0.946875 0.056647727272727266 0.08575
0 0.07124289772727273 0.9307019230769231 0.02049715909090909 0.047442307692307686
0 0.06931818181818182 0.10057692307692312 0.063125 0.07400000000000004
0 0.04668323863636364 0.0704999999999999 0.016974431818181823 0.023538461538461446
0 0.002876420454545455 0.7748461538461539 0.005696022727272728 0.0195
0 0.02916193181818182 0.044894230769230825 0.032812499999999994 0.05098076923076932
0 0.37861505681818175 0.01160576923076917 0.024048295454545465 0.02321153846153845
0 0.3772940340909091 0.031423076923077 0.01546874999999998 0.025423076923076868
0 0.5581392045454545 0.6792788461538461 0.04843750000000003 0.05813461538461537
0 0.5049928977272727 0.7406538461538461 0.042997159090909065 0.0973076923076923
0 0.36653409090909095 0.8314423076923076 0.050795454545454574 0.07130769230769231
0 0.2772940340909091 0.667326923076923 0.05038352272727273 0.10199999999999998
0 0.2990482954545455 0.8527403846153846 0.05588068181818178 0.11624999999999999
0 0.2816335227272727 0.7423461538461538 0.04090909090909089 0.12419230769230771
0 0.6564843749999999 0.6239134615384616 0.07649147727272722 0.039673076923076915
0 0.015227272727272728 0.7864615384615385 0.030454545454545456 0.020653846153846144
0 0.7050426136363637 0.63725 0.018323863636363683 0.05023076923076924
0 0.007223011363636364 0.7420961538461538 0.014446022727272727 0.04653846153846154
0 0.6788139204545455 0.5861634615384615 0.019019886363636343 0.036750000000000026
0 0.9303977272727273 0.533375 0.02349431818181813 0.027249999999999976
0 0.8415553977272726 0.5064423076923077 0.020298295454545565 0.03657692307692315
0 0.8445880681818181 0.5351057692307692 0.016448863636363695 0.03028846153846154
0 0.9002556818181818 0.6099134615384616 0.05357954545454549 0.056903846153846104
0 0.99421875 0.516576923076923 0.01156249999999998 0.033115384615384616
0 0.9352414772727274 0.26555769230769233 0.025397727272727266 0.06526923076923076
0 0.9821448863636365 0.26913461538461536 0.035710227272727255 0.06319230769230771
0 0.14982244318181817 0.6474519230769231 0.020269886363636358 0.01621153846153842
0 0.9539417613636364 0.2530192307692307 0.01680397727272733 0.021807692307692368
0 0.8462428977272729 0.6053846153846154 0.026093750000000006 0.023230769230769256
0 0.8765767045454546 0.5668653846153846 0.032215909090909184 0.07607692307692308
0 0.8413494318181818 0.5661442307692308 0.05940340909090916 0.11828846153846158
0 0.8704474431818183 0.6074615384615385 0.0292755681818182 0.0646153846153846
0 0.8556321022727272 0.5817019230769231 0.02396306818181819 0.037519230769230805
0 0.096171875 0.06563461538461535 0.014218749999999987 0.021423076923076895
0 0.9211008522727272 0.5517019230769231 0.015497159090909046 0.016096153846153854
0 0.5698792613636363 0.9864326923076923 0.0075710227272727856 0.010403846153846154
0 0.06880681818181818 0.7247692307692308 0.05105113636363636 0.0772307692307692
0 0.15630681818181816 0.6585576923076923 0.01321022727272727 0.022653846153846156
0 0.9773863636363636 0.20942307692307693 0.045227272727272776 0.06203846153846152
0 0.2946022727272727 0.0034807692307691207 0.03536931818181819 0.00696153846153847
0 0.6615056818181818 0.6981249999999999 0.022500000000000044 0.0523653846153846
0 0.6476136363636363 0.6928942307692307 0.013011363636363672 0.02982692307692306
0 0.9522301136363637 0.5234711538461538 0.03880681818181809 0.0568653846153846
0 0.7961008522727272 0.9942596153846154 0.0332244318181818 0.01148076923076923
0 0.31003551136363633 0.7218942307692308 0.03160511363636364 0.047442307692307666
0 0.09813920454545455 0.10399038461538468 0.02693181818181817 0.03805769230769235
0 0.3181960227272727 0.7700673076923077 0.022812500000000003 0.053326923076923084
0 0.8163707386363637 0.9885384615384616 0.007457386363636364 0.016115384615384618
