0 0.9093110795454545 0.6625673076923078 0.05387784090909084 0.0740576923076923
0 0.5091051136363636 0.30600961538461535 0.08369318181818185 0.10832692307692315
0 0.4944034090909091 0.42247115384615386 0.033323863636363686 0.048788461538461544
0 0.39519176136363643 0.49202884615384623 0.0287357954545454 0.033288461538461545
0 0.39216619318181817 0.49258653846153844 0.03478693181818183 0.0327115384615385
0 0.38092329545454545 0.5701442307692308 0.027698863636363636 0.03609615384615387
0 0.4876633522727273 0.5798653846153846 0.03416193181818175 0.040884615384615366
0 0.45350142045454545 0.6352788461538461 0.04748579545454546 0.06598076923076923
0 0.3528693181818182 0.8745961538461539 0.03894886363636362 0.04823076923076923
0 0.3702627840909091 0.9577788461538461 0.047059659090909124 0.04032692307692307
0 0.3671448863636364 0.9559519230769231 0.025823863636363645 0.027634615384615382
0 0.9890838068181819 0.5806538461538462 0.02183238636363637 0.041653846153846145
0 0.265390625 0.907875 0.0247869318181818 0.033557692307692316
0 0.2554403409090909 0.843701923076923 0.04607954545454545 0.06213461538461539
0 0.2542684659090909 0.8429711538461538 0.022599431818181814 0.03301923076923077
0 0.1837215909090909 0.8470961538461539 0.0321022727272727 0.04223076923076922
0 0.1276846590909091 0.3752596153846154 0.053437500000000006 0.06894230769230773
0 0.15700284090909092 0.6769423076923077 0.03960227272727272 0.04338461538461539
0 0.01854403409090909 0.7044903846153847 0.033480113636363634 0.05167307692307693
0 0.167265625 0.7183846153846154 0.0486221590909091 0.07557692307692307
0 0.1728125 0.37360576923076916 0.016619318181818186 0.01736538461538467
0 0.22413352272727272 0.3978846153846154 0.030625000000000003 0.04380769230769237
0 0.9696164772727272 0.5355288461538461 0.04034090909090906 0.06525000000000002
0 0.0709375 0.5633461538461538 0.03744318181818182 0.0619230769230769
0 0.21553267045454547 0.4130769230769231 0.012258522727272762 0.030000000000000044
0 0.03702414772727272 0.34299999999999997 0.02671875 0.045384615384615426
0 0.029041193181818182 0.33899999999999997 0.02473011363636363 0.032038461538461585
0 0.008316761363636365 0.2690961538461537 0.01663352272727273 0.05780769230769231
0 0.5532599431818181 0.051576923076923076 0.03316761363636367 0.042461538461538544
0 0.18473011363636366 0.6157596153846154 0.04105113636363637 0.0565576923076923
0 0.6158664772727273 0.0865673076923077 0.037045454545454604 0.050173076923076876
0 0.6475923295454545 0.34716346153846145 0.026349431818181834 0.047096153846153864
0 0.6942684659090909 0.5985865384615384 0.04950284090909094 0.04767307692307691
0 0.2995028409090909 0.27591346153846164 0.03184659090909093 0.043673076923076884
0 0.7654474431818182 0.44625961538461545 0.02890624999999987 0.03982692307692315
0 0.7397372159090909 0.3374711538461539 0.04330965909090911 0.06713461538461543
0 0.5764062499999999 0.21809615384615377 0.043607954545454526 0.05607692307692313
0 0.5735795454545454 0.22403846153846152 0.02102272727272729 0.02465384615384625
0 0.6419886363636365 0.2038557692307692 0.046761363636363656 0.07009615384615393
0 0.7208806818181818 0.05055769230769225 0.02241477272727269 0.027307692307692286
0 0.7940767045454545 0.11868269230769235 0.024204545454545402 0.03275000000000006
0 0.8063636363636365 0.1559807692307693 0.059488636363636355 0.07369230769230768
0 0.7887926136363635 0.21008653846153846 0.05880681818181815 0.060634615384615335
0 0.6457244318181818 0.04944230769230762 0.04329545454545449 0.061038461538461555
0 0.354921875 0.2984326923076923 0.030411931818181814 0.04394230769230774
0 0.6121164772727272 0.04702884615384617 0.030255681818181834 0.038019230769230736
0 0.60875 0.015346153846153898 0.034602272727272745 0.030692307692307654
0 0.6334659090909092 0.02360576923076918 0.019573863636363677 0.028096153846153764
0 0.9777698863636363 0.14535576923076932 0.02610795454545454 0.03455769230769225
0 0.9914417613636364 0.10349038461538462 0.017116477272727207 0.06374999999999996
0 0.9874644886363636 0.05472115384615395 0.025071022727272695 0.033788461538461524
0 0.9745099431818183 0.07239423076923068 0.035468749999999875 0.03917307692307693
0 0.9803267045454547 0.0675961538461538 0.019289772727272784 0.023423076923076935
0 0.9868607954545454 0.4589230769230769 0.026278409090909092 0.038884615384615434
0 0.880049715909091 0.4649423076923077 0.0375994318181817 0.045346153846153814
0 0.3878196022727272 0.07792307692307687 0.04160511363636366 0.04007692307692303
0 0.8590269886363636 0.5160865384615385 0.02632102272727269 0.03101923076923076
0 0.8631321022727273 0.5477980769230769 0.02632102272727269 0.03425
0 0.8966264204545454 0.5413173076923077 0.03589488636363634 0.04813461538461539
0 0.13330965909090908 0.05912499999999998 0.03485795454545455 0.05144230769230769
0 0.1708877840909091 0.1894999999999999 0.050582386363636385 0.06461538461538455
0 0.9887144886363637 0.8265192307692307 0.022571022727272707 0.04303846153846156
0 0.0027840909090909092 0.8000961538461538 0.005426136363636364 0.031807692307692294
0 0.96625 0.9951057692307692 0.023721590909090973 0.009788461538461538
0 0.8615198863636363 0.9561057692307692 0.025142045454545518 0.03505769230769231
0 0.861896306818182 0.9592692307692308 0.03464488636363634 0.06300000000000001
0 0.4337926136363636 0.16093269230769236 0.0351136363636364 0.04809615384615383
0 0.7352272727272727 0.839625 0.028579545454545382 0.03078846153846155
0 0.7213707386363637 0.8504711538461538 0.03353693181818176 0.043019230769230775
0 0.7298295454545454 0.8021153846153846 0.03295454545454544 0.04184615384615386
0 0.752137784090909 0.744875 0.026832386363636506 0.03159615384615383
0 0.7309943181818181 0.75 0.03235795454545451 0.044999999999999984
0 0.7025639204545455 0.763826923076923 0.026832386363636343 0.0386923076923077
0 0.9667826704545455 0.8752692307692308 0.04461647727272739 0.05923076923076924
0 0.9465198863636363 0.9192788461538461 0.02215909090909094 0.03040384615384616
0 0.801328125 0.8819807692307692 0.04041193181818188 0.05084615384615385
0 0.8882883522727273 0.840798076923077 0.04367897727272727 0.054711538461538464
0 0.4327698863636363 0.20237499999999997 0.02653409090909092 0.03813461538461536
0 0.8501207386363636 0.7791826923076923 0.04572443181818189 0.05305769230769231
0 0.8639914772727273 0.7338653846153846 0.03755681818181826 0.045307692307692285
0 0.9819673295454546 0.7556923076923077 0.03592329545454556 0.049192307692307716
0 0.92890625 0.7136923076923076 0.0440909090909092 0.04919230769230766
0 0.5076775568181818 0.31872115384615385 0.04001420454545457 0.06409615384615382
