0 0.4592684659090909 0.4961826923076923 0.07382102272727277 0.07201923076923075
0 0.7012642045454546 0.36976923076923074 0.07764204545454541 0.0767692307692308
0 0.6335369318181818 0.37275 0.06332386363636361 0.10511538461538467
0 0.682265625 0.2706346153846154 0.06717329545454541 0.14238461538461542
0 0.5377272727272727 0.17694230769230768 0.11005681818181821 0.1249615384615385
0 0.3578622159090909 0.2741730769230769 0.06535511363636362 0.08915384615384618
0 0.515234375 0.32970192307692303 0.05822443181818183 0.124673076923077
0 0.4912784090909091 0.2567307692307692 0.08880681818181815 0.12300000000000007
0 0.45389914772727274 0.3134807692307692 0.06856534090909089 0.14034615384615387
0 0.23384943181818182 0.035557692307692346 0.07875 0.07107692307692315
0 0.13206676136363635 0.045230769230769186 0.07322443181818182 0.07169230769230775
0 0.38882102272727276 0.4750192307692308 0.08252840909090904 0.08292307692307693
0 0.100234375 0.047711538461538416 0.20046875 0.09542307692307693
0 0.1378338068181818 0.08108653846153835 0.042372159090909085 0.037403846153846135
0 0.15303267045454547 0.06736538461538455 0.13632102272727273 0.1047307692307693
0 0.21658380681818182 0.1240961538461538 0.09026988636363636 0.13842307692307684
0 0.16062500000000002 0.13594230769230764 0.07875000000000001 0.08230769230769222
0 0.13022727272727275 0.15901923076923075 0.06585227272727273 0.09976923076923076
0 0.20230113636363634 0.2207403846153847 0.13724431818181818 0.09975
0 0.01762784090909091 0.5530576923076923 0.033778409090909095 0.045346153846153814
0 0.4000071022727273 0.707 0.09024147727272727 0.09511538461538463
0 0.5995667613636364 0.48005769230769235 0.10217329545454547 0.11530769230769237
0 0.3616903409090909 0.4753942307692307 0.1009659090909091 0.13917307692307693
0 0.38568892045454545 0.8071442307692308 0.053565340909090924 0.13032692307692303
0 0.5345383522727273 0.8124807692307693 0.08788352272727273 0.1307307692307692
0 0.6472372159090909 0.5936153846153847 0.08205965909090915 0.18088461538461545
0 0.6357457386363636 0.7006826923076923 0.04558238636363641 0.11055769230769227
0 0.6236505681818181 0.553625 0.07928977272727272 0.17067307692307693
0 0.6533309659090909 0.7671538461538462 0.05572443181818185 0.057999999999999996
0 0.6533238636363636 0.7708942307692308 0.08704545454545451 0.08790384615384617
0 0.7184943181818182 0.7889807692307693 0.0488068181818182 0.21511538461538462
0 0.7035298295454545 0.8538269230769231 0.09257102272727274 0.14526923076923076
0 0.6197088068181817 0.9682211538461538 0.029019886363636373 0.0635576923076923
0 0.4222230113636364 0.5746634615384616 0.08862215909090908 0.11751923076923074
0 0.5897727272727272 0.9504423076923076 0.05204545454545453 0.09911538461538462
0 0.6876349431818182 0.9654134615384615 0.049730113636363704 0.06917307692307692
0 0.6491832386363636 0.9644711538461539 0.0400710227272727 0.07105769230769231
0 0.4939772727272727 0.9139807692307692 0.07875 0.1271923076923077
0 0.415234375 0.9435961538461538 0.10177556818181815 0.10038461538461539
0 0.36572443181818187 0.9560576923076923 0.10960227272727276 0.0878846153846154
0 0.33602272727272725 0.9753846153846154 0.06769886363636363 0.04923076923076923
0 0.2980255681818182 0.956076923076923 0.08105113636363637 0.08665384615384615
0 0.2669389204545455 0.9395384615384615 0.08612215909090909 0.12092307692307692
0 0.32658380681818183 0.8843653846153846 0.11052556818181819 0.06546153846153847
0 0.3491193181818182 0.5579711538461538 0.07309659090909087 0.0940192307692308
0 0.2768394886363636 0.8126634615384616 0.0773721590909091 0.14651923076923076
0 0.2509303977272727 0.7467596153846154 0.09046875 0.10317307692307691
0 0.10536931818181819 0.6962788461538462 0.09428977272727272 0.10021153846153849
0 0.13003551136363636 0.751576923076923 0.09978693181818182 0.09946153846153846
0 0.20734375 0.7545480769230769 0.06468750000000001 0.08017307692307689
0 0.1634161931818182 0.8559038461538462 0.08444602272727275 0.16938461538461538
0 0.13917613636363635 0.9685384615384616 0.05920454545454545 0.06292307692307691
0 0.8058522727272727 0.6391346153846154 0.11099431818181817 0.10038461538461536
0 0.8014772727272728 0.5088269230769231 0.025795454545454663 0.059230769230769253
0 0.7966477272727271 0.582701923076923 0.07690340909090908 0.14090384615384613
0 0.28149857954545454 0.48498076923076927 0.10234374999999997 0.09896153846153848
0 0.8269957386363636 0.44847115384615377 0.09046874999999992 0.15586538461538457
0 0.8190482954545455 0.4369711538461539 0.025227272727272713 0.06901923076923085
0 0.8067755681818182 0.4801346153846153 0.026250000000000027 0.026807692307692303
0 0.8807244318181818 0.43771153846153854 0.05318181818181826 0.10761538461538457
0 0.8385085227272726 0.37796153846153835 0.05207386363636359 0.08757692307692312
0 0.9029616477272726 0.618048076923077 0.05035511363636354 0.11513461538461539
0 0.962734375 0.28881730769230773 0.07453125000000003 0.15398076923076934
0 0.8192755681818181 0.1290769230769231 0.062301136363636385 0.09519230769230769
0 0.7825142045454545 0.1828557692307693 0.19383522727272726 0.0955192307692308
0 0.8861505681818183 0.8913076923076924 0.08670454545454541 0.08684615384615384
0 0.11954545454545454 0.5295192307692307 0.08269886363636364 0.10269230769230776
0 0.8295241477272728 0.9245384615384615 0.0862357954545455 0.08334615384615383
0 0.7805397727272727 0.7834038461538462 0.1073011363636363 0.07419230769230767
0 0.9732173295454545 0.02648076923076914 0.05342329545454547 0.052961538461538504
0 0.6890696022727273 0.03956730769230754 0.08751420454545449 0.07794230769230776
0 0.6241335227272727 0.0174423076923077 0.06355113636363638 0.03488461538461536
0 0.593046875 0.04893269230769226 0.07322443181818175 0.09786538461538459
0 0.9889133522727271 0.06700000000000006 0.022173295454545473 0.04799999999999996
0 0.9426278409090909 0.13932692307692307 0.11474431818181814 0.1041153846153846
0 0.8801633522727272 0.13000961538461542 0.0821164772727272 0.13155769230769235
0 0.8100710227272727 0.2070288461538461 0.09622159090909092 0.0942500000000001
0 0.11999999999999998 0.6179615384615385 0.11832386363636363 0.06803846153846153
0 0.1860866477272727 0.34968269230769233 0.033991477272727263 0.06532692307692302
0 0.16251420454545454 0.37603846153846154 0.04275568181818183 0.058653846153846154
0 0.14333096590909092 0.38086538461538466 0.05262784090909092 0.07423076923076928
0 0.16855113636363636 0.3185096153846154 0.0625 0.1157884615384616
0 0.33102982954545457 0.11760576923076915 0.05995738636363637 0.12394230769230767
0 0.33360795454545455 0.04298076923076932 0.01610795454545455 0.06546153846153839
0 0.3416690340909091 0.08355769230769228 0.024502840909090908 0.040153846153846144
0 0.36396306818181823 0.09025961538461535 0.07880681818181821 0.18051923076923077
0 0.31265625 0.04733653846153851 0.03997159090909093 0.03578846153846157
0 0.21962357954545456 0.4142596153846153 0.02708806818181817 0.09601923076923079
0 0.1693678977272727 0.6805769230769231 0.0728835227272727 0.09203846153846157
0 0.19963778409090913 0.4352211538461539 0.04254261363636366 0.09601923076923068
0 0.2234943181818182 0.48017307692307687 0.042556818181818154 0.07069230769230768
0 0.21027698863636363 0.5613461538461539 0.10896306818181815 0.11261538461538462
0 0.18545454545454546 0.5382115384615385 0.047698863636363636 0.1169615384615385
