0 0.6069105113636364 0.9343269230769231 0.11768465909090912 0.1310769230769231
0 0.3965767045454545 0.022134615384615364 0.10659090909090908 0.0440384615384616
0 0.41689630681818185 0.7988557692307692 0.0856392045454545 0.13255769230769232
0 0.7069247159090909 0.47378846153846155 0.12379261363636361 0.10034615384615392
0 0.29837357954545457 0.04130769230769238 0.08694602272727274 0.08261538461538458
0 0.7164914772727272 0.8397980769230768 0.16110795454545457 0.07586538461538463
0 0.6542400568181819 0.34360576923076913 0.03075284090909096 0.04413461538461536
0 0.8877982954545455 0.9482596153846153 0.06980113636363634 0.0695576923076923
0 0.7398366477272728 0.6700288461538462 0.10984374999999998 0.15248076923076923
0 0.8403551136363636 0.2584423076923077 0.10960227272727284 0.09730769230769235
0 0.556200284090909 0.807548076923077 0.11063920454545452 0.2106346153846154
0 0.6358309659090909 0.47824038461538465 0.029161931818181778 0.035096153846153846
0 0.6795951704545455 0.7222980769230769 0.12149147727272731 0.13686538461538464
0 0.33079545454545456 0.0648557692307693 0.10403409090909092 0.12967307692307695
0 0.4501704545454545 0.4345096153846154 0.14193181818181821 0.09551923076923069
0 0.670625 0.10188461538461546 0.0679545454545455 0.20369230769230773
0 0.36740056818181815 0.2934423076923077 0.10250000000000004 0.1345384615384615
0 0.7794318181818182 0.5200576923076923 0.06906250000000001 0.07042307692307694
0 0.028181818181818183 0.7738557692307693 0.056363636363636366 0.11009615384615384
0 0.6293963068181818 0.4542307692307692 0.031775568181818106 0.03361538461538465
0 0.8872798295454545 0.7131826923076923 0.12492897727272734 0.17355769230769233
0 0.7975355113636362 0.3958653846153847 0.07904829545454542 0.1094615384615385
0 0.2675071022727273 0.06707692307692303 0.05339488636363637 0.10638461538461537
0 0.3357386363636363 0.9556346153846154 0.09423295454545451 0.08873076923076924
0 0.5844673295454546 0.6915673076923077 0.0654403409090909 0.1131346153846154
0 0.08190340909090908 0.3346538461538461 0.16357954545454545 0.12934615384615383
0 0.3267400568181818 0.6833846153846155 0.04515624999999999 0.04980769230769232
0 0.6589701704545454 0.32436538461538456 0.04299715909090915 0.11696153846153845
0 0.16134943181818182 0.4316634615384616 0.23698863636363632 0.13609615384615392
0 0.2278409090909091 0.22705769230769235 0.08974431818181819 0.10811538461538467
0 0.4659872159090908 0.03324038461538459 0.0126846590909091 0.06648076923076922
0 0.8230610795454545 0.5535961538461538 0.0511789772727274 0.03865384615384614
0 0.25090198863636365 0.5277403846153846 0.14964488636363638 0.1694807692307692
0 0.2123295454545455 0.051548076923076946 0.0962784090909091 0.10309615384615388
0 0.7867613636363636 0.323298076923077 0.10960227272727284 0.07540384615384622
0 0.7512571022727272 0.9653461538461539 0.10382102272727269 0.0693076923076923
0 0.7331960227272727 0.9167788461538462 0.16374999999999995 0.1664423076923077
0 0.7862215909090909 0.5688173076923078 0.06928977272727269 0.06263461538461537
0 0.3371875 0.42465384615384616 0.07946022727272731 0.07457692307692303
0 0.7605965909090909 0.04800000000000004 0.15375000000000008 0.09600000000000003
0 0.5153409090909091 0.9005 0.15360795454545453 0.10607692307692307
0 0.4745383522727273 0.7001442307692307 0.11589488636363642 0.29594230769230767
0 0.7050568181818182 0.3596442307692307 0.06886363636363639 0.2313653846153846
0 0.5121661931818182 0.34908653846153836 0.029019886363636293 0.03428846153846151
0 0.8202982954545455 0.4913461538461539 0.06707386363636368 0.11311538461538466
0 0.9382102272727273 0.26602884615384625 0.09150568181818192 0.07817307692307698
0 0.43827414772727274 0.4920192307692308 0.045980113636363645 0.0633846153846154
0 0.9485937499999999 0.9634903846153846 0.06843749999999993 0.07301923076923077
0 0.6713849431818182 0.416875 0.05262784090909092 0.09963461538461539
0 0.9275213068181819 0.8778557692307692 0.08376420454545458 0.10455769230769231
0 0.3674857954545455 0.772298076923077 0.20122159090909095 0.16459615384615384
0 0.18117897727272728 0.35215384615384615 0.17048295454545453 0.1326153846153847
0 0.9651917613636364 0.3136057692307693 0.021747159090909015 0.030865384615384638
0 0.5092755681818182 0.9262596153846154 0.07809659090909085 0.06944230769230769
0 0.9425568181818181 0.3396730769230769 0.11488636363636363 0.07773076923076916
0 0.7864772727272729 0.5269230769230769 0.08377840909090896 0.10784615384615387
0 0.8293536931818182 0.04778846153846161 0.08893465909090911 0.04288461538461541
0 0.632890625 0.6849038461538461 0.08356534090909097 0.09326923076923077
0 0.041960227272727274 0.8916826923076923 0.08392045454545455 0.08871153846153847
0 0.8710085227272728 0.5914999999999999 0.06579545454545462 0.11273076923076919
0 0.11881392045454547 0.12511538461538463 0.048394886363636376 0.04657692307692313
0 0.985518465909091 0.11796153846153856 0.028934659090909098 0.09196153846153844
0 0.9773011363636364 0.5141442307692308 0.045397727272727326 0.13078846153846152
0 0.9860511363636365 0.23759615384615385 0.027897727272727255 0.12457692307692303
0 0.779140625 0.47725000000000006 0.032571022727272816 0.09396153846153843
0 0.14967329545454547 0.1735000000000001 0.03849431818181819 0.0708846153846153
0 0.8723863636363636 0.9788365384615385 0.04443181818181814 0.04232692307692308
0 0.4748366477272727 0.6419615384615385 0.04282670454545459 0.1333846153846154
0 0.9327272727272727 0.05289423076923072 0.13454545454545458 0.1055961538461539
0 0.9332670454545454 0.2087596153846154 0.1330397727272727 0.11690384615384608
0 0.40686079545454545 0.8904711538461538 0.09971590909090904 0.1293269230769231
0 0.8170596590909092 0.10272115384615377 0.09326704545454541 0.07732692307692304
0 0.5159019886363636 0.3265096153846153 0.03262784090909095 0.03648076923076917
0 0.4324644886363637 0.8916923076923077 0.06828124999999999 0.06688461538461538
0 0.863465909090909 0.9061057692307692 0.07105113636363634 0.11032692307692309
0 0.9572088068181818 0.13223076923076926 0.052201704545454544 0.11707692307692306
0 0.46572443181818185 0.10557692307692301 0.12360795454545452 0.1731153846153847
0 0.023849431818181818 0.9371634615384615 0.047698863636363636 0.12567307692307692
0 0.342421875 0.6456634615384615 0.13154829545454547 0.16525
0 0.6530752840909091 0.863 0.10728693181818177 0.14923076923076925
0 0.053742897727272726 0.8461634615384616 0.10748579545454545 0.08001923076923077
0 0.6379474431818182 0.32192307692307687 0.027798295454545444 0.04623076923076927
0 0.7136292613636364 0.09573076923076917 0.07873579545454547 0.10196153846153853
0 0.5077556818181819 0.8347307692307693 0.10642045454545457 0.07792307692307691
0 0.7482883522727274 0.19872115384615396 0.1110085227272727 0.23686538461538464
0 0.30328125 0.15203846153846157 0.09443181818181817 0.12361538461538456
0 0.5838565340909091 0.7788846153846154 0.09484375000000006 0.09442307692307692
0 0.49262073863636363 0.31536538461538466 0.02595170454545452 0.12780769230769237
0 0.42127840909090913 0.94925 0.10593749999999998 0.1015
0 0.8920241477272728 0.0419711538461538 0.14748579545454535 0.08394230769230765
0 0.40001420454545455 0.38014423076923076 0.18377840909090912 0.07836538461538461
0 0.13590909090909092 0.09480769230769226 0.08545454545454546 0.10780769230769231
0 0.28246448863636364 0.34133653846153844 0.13657670454545456 0.19651923076923075
0 0.3387428977272728 0.8854134615384616 0.06958806818181823 0.10975000000000001
0 0.9788991477272727 0.9019326923076922 0.04217329545454553 0.11978846153846154
