0 0.3231534090909091 0.28173076923076923 0.06960227272727272 0.12115384615384615
0 0.13399857954545455 0.9697115384615385 0.12563920454545455 0.06057692307692308
0 0.6373721590909092 0.38768269230769237 0.06809659090909091 0.09663461538461539
0 0.06078125 0.04515384615384621 0.0727840909090909 0.08992307692307691
0 0.4997017045454546 0.6314038461538461 0.03178977272727272 0.037115384615384585
0 0.1403622159090909 0.8586730769230769 0.028593749999999994 0.04184615384615386
0 0.24533380681818182 0.47670192307692305 0.11259943181818179 0.15336538461538463
0 0.11017045454545454 0.7566057692307693 0.1074431818181818 0.13255769230769232
0 0.6644034090909091 0.25850000000000006 0.03792613636363635 0.06630769230769235
0 0.8437215909090909 0.48252884615384617 0.04968750000000002 0.06582692307692306
0 0.06407670454545454 0.4445865384615385 0.0628125 0.16851923076923075
0 0.27629261363636365 0.43216346153846164 0.02107954545454546 0.07340384615384618
0 0.09342329545454545 0.29285576923076917 0.060085227272727276 0.057480769230769314
0 0.3033238636363636 0.02397115384615378 0.0849715909090909 0.04632692307692314
0 0.7908664772727273 0.5834134615384615 0.08562499999999997 0.058673076923076904
0 0.21241477272727274 0.3698942307692308 0.055454545454545444 0.0997115384615384
0 0.10916903409090907 0.30791346153846155 0.04592329545454545 0.0461346153846154
0 0.7137215909090909 0.8716634615384615 0.0957670454545454 0.08017307692307692
0 0.1745028409090909 0.18317307692307694 0.09917613636363636 0.22634615384615395
0 0.9936576704545456 0.014432692307692285 0.012684659090909019 0.0288653846153846
0 0.1692400568181818 0.8315 0.032627840909090905 0.061
0 0.47291193181818175 0.45832692307692313 0.037017045454545455 0.08619230769230768
0 0.05894886363636364 0.1663461538461538 0.061079545454545456 0.15576923076923077
0 0.6273153409090909 0.061211538461538484 0.06022727272727269 0.07523076923076924
0 0.8005610795454546 0.3968942307692308 0.052144886363636414 0.11021153846153847
0 0.7928125000000001 0.059163461538461526 0.07187500000000004 0.11782692307692304
0 0.8840696022727272 0.42074999999999996 0.035241477272727195 0.07488461538461538
0 0.1282315340909091 0.3614807692307693 0.0632528409090909 0.10792307692307682
0 0.5190767045454545 0.9452403846153846 0.0573863636363636 0.10951923076923077
0 0.11480113636363637 0.9409807692307692 0.09011363636363637 0.0531923076923077
0 0.06497869318181818 0.8653173076923077 0.12910511363636365 0.1114423076923077
0 0.77765625 0.6370769230769231 0.07187500000000004 0.06869230769230769
0 0.8904119318181819 0.19917307692307695 0.09161931818181818 0.08299999999999993
0 0.7559374999999999 0.9736923076923077 0.05957386363636363 0.05261538461538461
0 0.6171875 0.6038461538461539 0.09232954545454546 0.09230769230769231
0 0.2558096590909091 0.6079615384615384 0.06397727272727276 0.07573076923076928
0 0.9092116477272728 0.06306730769230773 0.10035511363636361 0.06567307692307688
0 0.6178977272727273 0.10081730769230768 0.04039772727272735 0.06363461538461544
0 0.4728409090909091 0.6138461538461538 0.021931818181818177 0.022769230769230774
0 0.18281960227272726 0.8541730769230769 0.08751420454545453 0.053961538461538464
0 0.5200710227272727 0.41927884615384614 0.08852272727272727 0.09898076923076918
0 0.24563920454545454 0.9378461538461539 0.06238636363636362 0.09619230769230769
0 0.9247656250000001 0.42980769230769234 0.0609517045454545 0.07011538461538469
0 0.5613423295454546 0.06134615384615383 0.07563920454545454 0.12269230769230771
0 0.4225852272727273 0.8057692307692308 0.08948863636363637 0.11153846153846154
0 0.9373082386363637 0.9347211538461538 0.1202414772727274 0.07186538461538462
0 0.017109375 0.5853557692307692 0.03421875 0.045749999999999985
0 0.6971022727272728 0.24131730769230775 0.03105113636363638 0.0837115384615384
0 0.7017045454545454 0.47596153846153844 0.011363636363636364 0.01730769230769231
0 0.8539488636363637 0.42074999999999996 0.03840909090909102 0.07584615384615384
0 0.7810085227272726 0.4987403846153846 0.07363636363636368 0.10875000000000003
0 0.1773224431818182 0.30126923076923073 0.08924715909090909 0.048499999999999946
0 0.016676136363636365 0.058163461538461525 0.03335227272727273 0.11632692307692309
0 0.8252272727272728 0.4159711538461539 0.027471590909090956 0.08921153846153844
0 0.47685369318181825 0.6333942307692308 0.022656249999999985 0.02524999999999999
0 0.5170667613636364 0.6524423076923077 0.01754261363636367 0.021769230769230756
0 0.8317400568181817 0.5361826923076922 0.05038352272727276 0.07298076923076927
0 0.29651988636363635 0.40249999999999986 0.051420454545454526 0.0642692307692308
0 0.6738068181818182 0.29448076923076927 0.038238636363636384 0.09219230769230768
0 0.8466761363636363 0.9484134615384615 0.05741477272727267 0.10317307692307692
0 0.09717329545454545 0.6629711538461538 0.06411931818181818 0.07898076923076922
0 0.09342329545454545 0.9091153846153847 0.09821022727272727 0.06138461538461538
0 0.9786576704545454 0.9459615384615384 0.04259943181818183 0.09238461538461538
0 0.918252840909091 0.37566346153846164 0.06553977272727271 0.05248076923076927
0 0.048799715909090914 0.9664038461538461 0.05515625000000001 0.06569230769230769
0 0.17140624999999998 0.37067307692307694 0.028295454545454547 0.09423076923076923
0 0.8726136363636363 0.16409615384615384 0.10042613636363627 0.06153846153846154
0 0.4747301136363636 0.38121153846153855 0.05732954545454547 0.10092307692307696
0 0.029240056818181818 0.9484038461538462 0.058480113636363636 0.07038461538461539
0 0.3933096590909091 0.06372115384615384 0.13747159090909086 0.1258269230769232
0 0.14569602272727272 0.6557307692307692 0.04852272727272729 0.10438461538461538
0 0.9620454545454545 0.9813942307692308 0.03681818181818176 0.03617307692307692
0 0.839140625 0.3282019230769231 0.044048295454545444 0.12451923076923077
0 0.30912642045454547 0.4376826923076924 0.05245738636363637 0.07986538461538467
0 0.7053124999999999 0.9189326923076924 0.14474431818181824 0.07175000000000001
0 0.47063920454545455 0.980125 0.054829545454545485 0.03975
0 0.8803693181818182 0.4772788461538462 0.08068181818181812 0.052480769230769164
0 0.8768465909090909 0.3458461538461539 0.04968750000000002 0.0815769230769231
0 0.218125 0.6747019230769231 0.04551136363636366 0.08471153846153848
0 0.5007528409090909 0.03996153846153838 0.06170454545454545 0.07992307692307693
