0 0.7771093750000001 0.7376634615384616 0.06242897727272718 0.0736730769230769
0 0.33509232954545454 0.02157692307692316 0.09421874999999998 0.04315384615384615
0 0.4207954545454546 0.032923076923076944 0.14994318181818178 0.06584615384615386
0 0.5028125 0.04515384615384621 0.0556534090909091 0.09015384615384625
0 0.4103196022727273 0.06980769230769224 0.1391051136363636 0.10296153846153851
0 0.5151491477272727 0.15448076923076925 0.07052556818181822 0.1554615384615384
0 0.47539062499999996 0.07567307692307701 0.043082386363636344 0.05130769230769232
0 0.48651988636363636 0.06444230769230763 0.02215909090909094 0.02876923076923084
0 0.609609375 0.0170769230769231 0.04563920454545454 0.03415384615384614
0 0.5667045454545454 0.012538461538461498 0.05059659090909092 0.024846153846153986
0 0.6559517045454545 0.11284615384615382 0.059062499999999976 0.08780769230769225
0 0.7093039772727273 0.05936538461538465 0.13650568181818176 0.11873076923076925
0 0.1893252840909091 0.8210096153846154 0.0341903409090909 0.04275000000000001
0 0.6394886363636364 0.037798076923076906 0.06661931818181815 0.07548076923076923
0 0.6263139204545455 0.16385576923076928 0.08606534090909096 0.09628846153846153
0 0.6144247159090909 0.10781730769230768 0.0449005681818182 0.052480769230769164
0 0.6111789772727273 0.07878846153846164 0.03741477272727269 0.05965384615384623
0 0.7158593750000001 0.1280865384615385 0.056491477272727325 0.07832692307692311
0 0.7715909090909091 0.10191346153846159 0.06221590909090919 0.1020576923076923
0 0.5570951704545455 0.26874038461538463 0.06336647727272729 0.10194230769230768
0 0.4324928977272728 0.2496442307692308 0.03958806818181819 0.08440384615384612
0 0.375546875 0.20314423076923072 0.03339488636363635 0.0924807692307693
0 0.41620738636363636 0.2873557692307692 0.03374999999999999 0.050673076923076966
0 0.1599715909090909 0.8865673076923077 0.061420454545454556 0.06713461538461538
0 0.40237215909090907 0.23357692307692313 0.029886363636363666 0.09315384615384614
0 0.38955255681818185 0.1642596153846153 0.06231534090909092 0.0943269230769231
0 0.5382457386363636 0.37922115384615385 0.0625426136363636 0.07598076923076921
0 0.46639914772727276 0.2921442307692308 0.06677556818181825 0.07209615384615387
0 0.5073792613636363 0.24917307692307689 0.09856534090909089 0.14488461538461544
0 0.5687713068181818 0.2129326923076924 0.056434659090909035 0.13321153846153855
0 0.5745596590909091 0.14281730769230772 0.06622159090909091 0.08528846153846158
0 0.6072159090909092 0.20969230769230762 0.07377840909090909 0.07592307692307684
0 0.3877840909090909 0.46342307692307694 0.07681818181818184 0.06396153846153844
0 0.36313210227272724 0.4204423076923077 0.03776988636363637 0.08400000000000002
0 0.11905539772727272 0.01810576923076912 0.08234375 0.036211538461538434
0 0.39180397727272726 0.4191250000000001 0.06852272727272725 0.04413461538461536
0 0.44056818181818175 0.3332980769230769 0.048920454545454545 0.08278846153846145
0 0.9633522727272728 0.01628846153846164 0.024801136363636254 0.03253846153846157
0 0.18978693181818185 0.13441346153846145 0.09678977272727272 0.14013461538461539
0 0.8686079545454546 0.04653846153846164 0.06244318181818187 0.0595
0 0.8337500000000001 0.05421153846153848 0.048607954545454586 0.0714999999999999
0 0.8319247159090909 0.016519230769230786 0.036463068181818124 0.03303846153846155
0 0.9112855113636364 0.028548076923076926 0.08444602272727263 0.057096153846153845
0 0.859659090909091 0.00988461538461538 0.03045454545454537 0.019769230769230716
0 0.7897230113636364 0.036278846153846134 0.06041193181818178 0.07255769230769234
0 0.10631392045454545 0.8518173076923077 0.055099431818181804 0.05498076923076922
0 0.9454616477272727 0.05260576923076932 0.03899147727272734 0.04467307692307696
0 0.8152769886363636 0.19444230769230775 0.060440340909091006 0.09480769230769233
0 0.8993536931818181 0.19361538461538463 0.07890624999999994 0.0898461538461539
0 0.9677911931818183 0.10541346153846165 0.04848011363636363 0.07440384615384615
0 0.9848508522727273 0.029423076923076996 0.030269886363636447 0.05884615384615389
0 0.9778338068181818 0.053480769230769276 0.035071022727272805 0.04973076923076926
0 0.49705255681818183 0.3399423076923077 0.03964488636363632 0.060499999999999964
0 0.5732741477272728 0.3409230769230769 0.05992897727272727 0.054692307692307686
0 0.6285085227272728 0.883375 0.07102272727272728 0.23325
0 0.5686931818181818 0.896375 0.05869318181818181 0.1061346153846154
0 0.1741903409090909 0.7465384615384616 0.06985795454545453 0.06542307692307692
0 0.5157741477272727 0.9728076923076923 0.06978693181818181 0.054384615384615385
0 0.4329900568181818 0.8865576923076923 0.05592329545454546 0.10696153846153846
0 0.4014133522727273 0.9134230769230769 0.017002840909090867 0.07457692307692308
0 0.41678977272727274 0.8512500000000001 0.029829545454545456 0.05853846153846152
0 0.4558096590909091 0.8241923076923077 0.05573863636363638 0.06146153846153848
0 0.4818039772727273 0.8144230769230769 0.03860795454545447 0.04607692307692309
0 0.47469460227272725 0.8714230769230769 0.06816761363636364 0.1083846153846154
0 0.423671875 0.9505865384615385 0.06640625 0.09874999999999999
0 0.3734090909090909 0.9612980769230769 0.04017045454545451 0.07740384615384616
0 0.46622159090909093 0.9596442307692308 0.11764204545454544 0.08071153846153846
0 0.1874786931818182 0.6550769230769231 0.04379261363636366 0.046307692307692334
0 0.48120738636363636 0.878 0.04184659090909088 0.07653846153846154
0 0.5120667613636364 0.9128557692307693 0.09291193181818178 0.09213461538461538
0 0.5328977272727272 0.7983076923076924 0.0635511363636363 0.06915384615384614
0 0.5090198863636364 0.8287884615384615 0.024431818181818166 0.044538461538461534
0 0.532528409090909 0.86 0.09420454545454544 0.08276923076923075
0 0.49155539772727275 0.7660576923076923 0.0703551136363636 0.07153846153846155
0 0.4767471590909091 0.6542884615384617 0.05176136363636363 0.06542307692307694
0 0.41563920454545455 0.648423076923077 0.09607954545454543 0.09403846153846154
0 0.39946732954545455 0.5508076923076923 0.046406250000000024 0.05238461538461535
0 0.37106534090909093 0.6057403846153846 0.07014204545454548 0.08355769230769235
0 0.32211647727272724 0.07515384615384624 0.07576704545454546 0.15030769230769236
0 0.37551846590909094 0.5217403846153846 0.04069602272727273 0.07309615384615382
0 0.34339488636363635 0.5272115384615383 0.06880681818181822 0.08292307692307699
0 0.3420383522727273 0.5695769230769231 0.06791193181818182 0.09946153846153846
0 0.28324573863636365 0.5495096153846154 0.06333806818181814 0.0782115384615385
0 0.355703125 0.71075 0.07774147727272722 0.14680769230769233
0 0.4110440340909091 0.7286057692307693 0.05853693181818187 0.10582692307692305
0 0.9670454545454544 0.8659423076923077 0.046676136363636385 0.045538461538461535
0 0.5003409090909091 0.6697884615384615 0.06914772727272728 0.07369230769230768
0 0.9774076704545455 0.9479038461538462 0.045156249999999946 0.1041923076923077
0 0.9863991477272727 0.9550865384615385 0.02720170454545451 0.08955769230769231
0 0.08691051136363637 0.0842211538461538 0.0857244318181818 0.07971153846153844
0 0.9690553977272726 0.34644230769230766 0.0336505681818181 0.046500000000000014
0 0.9832883522727273 0.36439423076923083 0.033423295454545414 0.05213461538461541
0 0.7780681818181818 0.29828846153846156 0.07937499999999999 0.18596153846153843
0 0.9051917613636363 0.22369230769230775 0.1053835227272728 0.10973076923076923
0 0.817549715909091 0.2813365384615385 0.09742897727272731 0.13105769230769226
0 0.857421875 0.17765384615384616 0.0688210227272728 0.12073076923076918
0 0.9534517045454546 0.20561538461538464 0.052954545454545414 0.11153846153846154
0 0.7376207386363638 0.2383653846153847 0.05444602272727279 0.08476923076923074
0 0.7242045454545455 0.32537499999999997 0.032613636363636414 0.046711538461538395
0 0.730078125 0.28240384615384617 0.031008522727272704 0.04423076923076923
0 0.06339488636363635 0.9800576923076924 0.06494318181818182 0.039846153846153844
0 0.8338494318181818 0.12623076923076926 0.0723863636363637 0.056499999999999995
0 0.7897585227272728 0.16048076923076926 0.06900568181818172 0.09638461538461539
0 0.7348011363636363 0.17726923076923073 0.04434659090909087 0.09446153846153847
0 0.774034090909091 0.13092307692307692 0.05136363636363632 0.08723076923076925
0 0.8142897727272728 0.07533653846153843 0.0586363636363636 0.05901923076923077
0 0.6286079545454545 0.3328365384615385 0.07803977272727272 0.10840384615384616
0 0.8954545454545454 0.13349038461538454 0.061136363636363586 0.06355769230769233
0 0.6628053977272728 0.34125000000000005 0.07044034090909096 0.10134615384615382
0 0.5457883522727273 0.4799230769230769 0.08151988636363634 0.0842692307692308
0 0.6125426136363636 0.2941442307692308 0.09539772727272731 0.07563461538461536
0 0.43350852272727275 0.7382307692307692 0.10926136363636357 0.12238461538461538
0 0.13007102272727272 0.966076923076923 0.030369318181818195 0.06780769230769232
0 0.6676420454545454 0.2300000000000001 0.12892045454545453 0.14773076923076922
0 0.75640625 0.33751923076923074 0.05107954545454551 0.07573076923076923
0 0.7535511363636364 0.2946826923076923 0.03312499999999991 0.05648076923076924
0 0.9703196022727273 0.2880576923076923 0.0593607954545454 0.12650000000000006
0 0.9723579545454545 0.4430288461538462 0.05528409090909085 0.1210576923076924
0 0.9106321022727273 0.2933557692307692 0.060326704545454586 0.09375
0 0.9507315340909092 0.29590384615384613 0.041207386363636515 0.07657692307692307
0 0.9855610795454546 0.2230000000000001 0.028764204545454544 0.06146153846153842
0 0.958700284090909 0.14745192307692312 0.08259943181818179 0.10005769230769225
0 0.9394673295454545 0.09237499999999998 0.03853693181818181 0.0490576923076924
0 0.10656250000000002 0.9802788461538462 0.03088068181818181 0.03944230769230769
0 0.9033167613636363 0.06633653846153842 0.047485795454545385 0.059250000000000004
0 0.8757244318181818 0.09146153846153848 0.06926136363636362 0.03884615384615393
0 0.9175284090909092 0.11397115384615386 0.042528409090909006 0.04567307692307692
0 0.276796875 0.5022211538461538 0.1405255681818182 0.11375000000000002
0 0.3280752840909091 0.4227788461538462 0.05450284090909092 0.11967307692307685
0 0.28124289772727273 0.41111538461538455 0.1195028409090909 0.11030769230769222
0 0.5202627840909091 0.3876923076923078 0.08765624999999998 0.05215384615384616
0 0.5375 0.4266634615384616 0.10911931818181818 0.05598076923076926
0 0.023089488636363634 0.03820192307692305 0.045951704545454546 0.07640384615384618
0 0.05821022727272728 0.032423076923077 0.05974431818181818 0.0648461538461539
0 0.15776988636363634 0.9213461538461538 0.05590909090909091 0.05573076923076923
0 0.014495738636363636 0.4239423076923077 0.028991477272727273 0.08888461538461544
0 0.025717329545454547 0.4959423076923076 0.05120738636363637 0.09599999999999997
0 0.9727627840909091 0.7990480769230769 0.05447443181818185 0.09421153846153849
0 0.7487428977272728 0.8566442307692308 0.03720170454545462 0.04101923076923075
0 0.7213423295454546 0.8934903846153845 0.0876846590909092 0.12340384615384616
0 0.7368181818181818 0.8276826923076923 0.04039772727272735 0.0683653846153846
0 0.7659872159090909 0.856125 0.06313920454545462 0.09601923076923077
0 0.7578409090909091 0.9567596153846154 0.044971590909090864 0.08648076923076922
0 0.8075 0.9722019230769231 0.05849431818181827 0.055596153846153844
0 0.7960795454545455 0.9637403846153846 0.03568181818181819 0.07251923076923077
0 0.03243607954545455 0.9809615384615384 0.0648721590909091 0.03807692307692308
0 0.7371377840909091 0.9774903846153846 0.03799715909090917 0.04501923076923077
0 0.9405823863636363 0.9609230769230769 0.04897727272727275 0.07815384615384616
0 0.9196875000000001 0.8962884615384615 0.048664772727272716 0.1001153846153846
0 0.86609375 0.9071634615384616 0.12596590909090918 0.09632692307692306
0 0.8983167613636364 0.9626634615384615 0.09072443181818182 0.07467307692307693
0 0.9679829545454546 0.8903076923076924 0.06403409090909097 0.08453846153846152
0 0.9084374999999999 0.7630865384615385 0.05502840909090911 0.11082692307692307
0 0.8664985795454545 0.7228365384615385 0.04271306818181809 0.03813461538461536
0 0.8613778409090909 0.9669519230769231 0.09482954545454544 0.06609615384615385
0 0.8544318181818181 0.933125 0.08031249999999995 0.07044230769230769
0 0.062045454545454536 0.12072115384615378 0.08761363636363635 0.10509615384615391
0 0.9649076704545455 0.7519615384615385 0.07018465909090904 0.09511538461538463
0 0.9316619318181818 0.8179134615384616 0.03667613636363627 0.07875
0 0.9015411931818181 0.8491923076923077 0.03242897727272733 0.09376923076923077
0 0.9156036931818182 0.8713173076923078 0.0363210227272728 0.10428846153846155
0 0.9402982954545455 0.6861346153846154 0.09150568181818176 0.13526923076923078
0 0.9576562500000001 0.7060480769230769 0.05832386363636372 0.0901346153846154
0 0.9912784090909091 0.6821923076923078 0.017386363636363648 0.08976923076923078
0 0.8475710227272728 0.7577403846153846 0.09119318181818171 0.08724999999999998
0 0.8527627840909091 0.8633365384615385 0.10279829545454545 0.13401923076923075
0 0.9087073863636363 0.4320480769230769 0.04136363636363637 0.0871346153846154
0 0.05259943181818182 0.9363942307692308 0.10519886363636365 0.1094423076923077
0 0.9587571022727271 0.4243461538461538 0.06765624999999999 0.08011538461538466
0 0.9177272727272726 0.48289423076923077 0.048352272727272834 0.05294230769230775
0 0.902762784090909 0.5238653846153847 0.05615056818181814 0.06065384615384619
0 0.8708877840909092 0.581548076923077 0.08123579545454553 0.07571153846153847
0 0.9117329545454546 0.5648269230769231 0.04940340909090905 0.04780769230769228
0 0.9370951704545455 0.6018557692307691 0.05683238636363635 0.06736538461538462
0 0.8834375000000001 0.6272692307692308 0.05571022727272715 0.07546153846153848
0 0.9426704545454547 0.5192596153846154 0.04423295454545453 0.11005769230769234
0 0.8689772727272728 0.4009615384615385 0.10261363636363638 0.0673076923076923
0 0.9419318181818181 0.34096153846153854 0.05954545454545465 0.1011923076923077
0 0.019382102272727273 0.8376923076923077 0.038764204545454546 0.0896923076923077
0 0.8016903409090909 0.9090480769230769 0.06014204545454534 0.07217307692307692
0 0.749708806818182 0.9013846153846153 0.04393465909090902 0.04180769230769231
0 0.7928480113636364 0.8512692307692308 0.02771306818181817 0.08
0 0.7948508522727273 0.7894423076923077 0.07737215909090897 0.046807692307692314
0 0.7525 0.766673076923077 0.029943181818181716 0.0365769230769231
0 0.6992542613636363 0.975125 0.0673721590909091 0.04975
0 0.8887713068181817 0.47024038461538453 0.039957386363636355 0.07155769230769227
0 0.8437713068181819 0.5301442307692308 0.07265624999999996 0.07013461538461538
0 0.8310511363636363 0.5597307692307693 0.0644318181818182 0.06473076923076923
0 0.7844318181818182 0.5406346153846153 0.04616477272727273 0.0672692307692308
0 0.021995738636363636 0.5492019230769232 0.04396306818181818 0.09240384615384617
0 0.7804332386363636 0.4705673076923077 0.07140624999999998 0.11321153846153847
0 0.7455255681818183 0.4586826923076923 0.04505681818181822 0.06767307692307692
0 0.7393252840909091 0.5394423076923076 0.06705965909090915 0.1226153846153846
0 0.74296875 0.7403461538461539 0.025056818181818163 0.03503846153846154
0 0.7366477272727273 0.7190673076923078 0.044744318181818184 0.054250000000000013
0 0.6818465909090908 0.7901730769230769 0.03639204545454546 0.06315384615384616
0 0.7129971590909091 0.7842211538461539 0.02815340909090908 0.051326923076923076
0 0.7193678977272727 0.7608557692307693 0.03848011363636368 0.037865384615384585
0 0.6967471590909091 0.745 0.0449431818181818 0.06961538461538459
0 0.7045880681818182 0.841125 0.06329545454545447 0.07236538461538464
0 0.02332386363636364 0.6428653846153847 0.046619318181818185 0.1528076923076923
0 0.6796448863636364 0.8156538461538462 0.046193181818181876 0.09453846153846153
0 0.6327698863636364 0.7647307692307692 0.057301136363636325 0.10919230769230767
0 0.6653125 0.7653846153846153 0.03934659090909098 0.07015384615384616
0 0.6535440340909091 0.8158846153846154 0.023622159090909166 0.030461538461538467
0 0.669375 0.8794615384615385 0.10144886363636366 0.14757692307692308
0 0.6080184659090909 0.7156538461538462 0.07296875000000001 0.11007692307692307
0 0.6865696022727273 0.7224230769230768 0.056264204545454485 0.05838461538461541
0 0.7198366477272727 0.6707019230769231 0.07041193181818173 0.08128846153846156
0 0.724609375 0.6062019230769231 0.040355113636363675 0.10086538461538459
0 0.6543892045454546 0.6604807692307693 0.0743181818181819 0.12219230769230768
0 0.32201704545454546 0.1214615384615384 0.07553977272727269 0.047615384615384705
0 0.6694460227272727 0.5844519230769232 0.04758522727272727 0.09636538461538459
0 0.6738707386363636 0.490375 0.04762784090909095 0.09605769230769234
0 0.6505113636363636 0.5451923076923078 0.05426136363636362 0.061038461538461555
0 0.6084161931818183 0.6038461538461539 0.04819602272727274 0.07688461538461543
0 0.56359375 0.5711826923076924 0.09241477272727273 0.09267307692307697
0 0.6075852272727272 0.5476538461538462 0.06451704545454548 0.05930769230769226
0 0.5884943181818182 0.6598942307692308 0.05784090909090913 0.0928653846153846
0 0.6331178977272727 0.615125 0.040838068181818184 0.08959615384615385
0 0.530809659090909 0.5995576923076924 0.0519886363636364 0.04457692307692309
0 0.746768465909091 0.7928557692307692 0.04447443181818182 0.03163461538461539
0 0.4248863636363636 0.7823653846153846 0.11062499999999999 0.17203846153846156
0 0.22242897727272729 0.26674038461538474 0.10576704545454545 0.22032692307692306
0 0.6459446022727273 0.7915865384615385 0.021946022727272793 0.031326923076923065
0 0.9767471590909093 0.6026538461538462 0.04633522727272728 0.07453846153846153
0 0.8012286931818182 0.44238461538461527 0.04208806818181818 0.05930769230769226
0 0.9805113636363636 0.5289711538461539 0.038977272727272805 0.09628846153846159
0 0.7733309659090909 0.40077884615384607 0.043053977272727355 0.06259615384615387
0 0.8285298295454545 0.3612788461538462 0.07251420454545449 0.1324807692307692
0 0.8454758522727274 0.46717307692307697 0.09873579545454544 0.12323076923076925
0 0.8680326704545455 0.4973846153846153 0.03714488636363633 0.08046153846153842
0 0.8922585227272727 0.33026923076923076 0.07284090909090905 0.1125384615384615
0 0.8100781250000001 0.6182211538461538 0.1425994318181818 0.11805769230769228
0 0.06793323863636364 0.3538557692307692 0.08174715909090909 0.11805769230769228
0 0.8680894886363636 0.6843942307692308 0.08782670454545444 0.06559615384615382
0 0.9034659090909091 0.7129615384615384 0.035482954545454574 0.03684615384615384
0 0.47460227272727273 0.5868942307692308 0.057869318181818195 0.08948076923076924
0 0.4816690340909091 0.5167692307692308 0.07345170454545452 0.06815384615384615
0 0.5178551136363636 0.5646923076923076 0.04082386363636365 0.06203846153846158
0 0.5490767045454545 0.5335000000000001 0.05801136363636368 0.061923076923076956
0 0.6834659090909091 0.34368269230769233 0.07053977272727276 0.12840384615384623
0 0.7127627840909091 0.44245192307692305 0.03228693181818176 0.08390384615384615
0 0.7344602272727272 0.38486538461538455 0.06900568181818188 0.08907692307692307
0 0.6990980113636364 0.6317692307692307 0.028849431818181823 0.13576923076923075
0 0.20186079545454544 0.5081634615384616 0.07357954545454545 0.12624999999999995
0 0.6847869318181818 0.49930769230769223 0.05815340909090909 0.21023076923076922
0 0.5887642045454545 0.5017211538461538 0.04406249999999998 0.05940384615384618
0 0.6344957386363637 0.4486730769230769 0.059730113636363574 0.14376923076923076
0 0.6116690340909091 0.4411153846153846 0.06552556818181818 0.069076923076923
0 0.5959090909090908 0.38804807692307686 0.08644886363636366 0.06363461538461533
0 0.5330326704545455 0.48758653846153854 0.026633522727272728 0.06855769230769226
0 0.49473721590909087 0.48170192307692306 0.06953124999999999 0.0889423076923077
0 0.4699431818181818 0.3449423076923077 0.06161931818181818 0.07753846153846153
0 0.43453835227272725 0.39012500000000006 0.06879261363636364 0.040134615384615394
0 0.46533380681818187 0.4182692307692307 0.047173295454545426 0.08496153846153837
0 0.03486505681818182 0.7131634615384616 0.06973011363636364 0.07351923076923081
0 0.4371164772727273 0.4252596153846153 0.04468749999999997 0.049096153846153796
0 0.4512642045454545 0.5339423076923078 0.03718749999999993 0.0595384615384615
0 0.4305113636363636 0.5278461538461539 0.028977272727272695 0.04673076923076925
0 0.4233451704545454 0.58725 0.051775568181818166 0.08034615384615384
0 0.4433167613636364 0.577076923076923 0.03586647727272727 0.05457692307692312
0 0.532890625 0.6664134615384616 0.11299715909090911 0.14867307692307694
0 0.5721732954545454 0.8006057692307692 0.09474431818181825 0.1376730769230769
0 0.6778338068181818 0.9574230769230769 0.044161931818181864 0.08515384615384615
0 0.6516903409090908 0.8761153846153846 0.055312499999999994 0.10323076923076924
0 0.5740411931818182 0.9684038461538461 0.07058238636363644 0.06319230769230769
0 0.1597301136363636 0.4017980769230769 0.12855113636363635 0.11225
0 0.6165269886363636 0.9613942307692308 0.06848011363636361 0.07721153846153846
0 0.028295454545454544 0.7735576923076923 0.0565340909090909 0.07461538461538464
0 0.08791193181818181 0.4380480769230769 0.06292613636363636 0.05948076923076925
0 0.16086647727272727 0.6986346153846154 0.057698863636363645 0.0636923076923077
0 0.31552556818181815 0.6141730769230769 0.06866477272727273 0.072
0 0.24056107954545453 0.669201923076923 0.04447443181818182 0.045250000000000005
0 0.5187499999999999 0.7158846153846153 0.08065340909090905 0.09180769230769233
0 0.012066761363636363 0.13020192307692302 0.024105113636363636 0.1312884615384615
0 0.12674715909090908 0.8920576923076923 0.04809659090909091 0.05215384615384615
0 0.2841690340909091 0.656201923076923 0.05973011363636365 0.03375000000000002
0 0.29840198863636364 0.6731346153846154 0.11887784090909091 0.06626923076923073
0 0.28919744318181817 0.7456346153846154 0.10714488636363638 0.06157692307692307
0 0.28811079545454543 0.7978942307692307 0.10985795454545455 0.07401923076923078
0 0.31272727272727274 0.27240384615384616 0.052897727272727284 0.09323076923076916
0 0.36502130681818185 0.24901923076923083 0.05544034090909091 0.08430769230769238
0 0.2877698863636363 0.19104807692307701 0.08190340909090908 0.09986538461538463
0 0.3243607954545455 0.1831346153846154 0.07676136363636363 0.09315384615384614
0 0.2667329545454545 0.06134615384615383 0.0827840909090909 0.12269230769230771
0 0.2718678977272727 0.33588461538461534 0.12578124999999998 0.07650000000000005
0 0.11839488636363636 0.46770192307692304 0.09573863636363637 0.07428846153846153
0 0.14834517045454546 0.4449423076923077 0.05825284090909089 0.10276923076923077
0 0.1253835227272727 0.9379038461538461 0.08869318181818181 0.061
0 0.16952414772727273 0.84975 0.05336647727272726 0.041000000000000016
0 0.20487926136363638 0.9550576923076923 0.06078124999999999 0.08988461538461538
0 0.10925426136363635 0.40282692307692314 0.0304403409090909 0.044384615384615356
0 0.2585369318181818 0.9760961538461539 0.05909090909090908 0.04773076923076923
0 0.2507599431818182 0.9203461538461538 0.07390625 0.08203846153846153
0 0.3017258522727273 0.9015384615384615 0.06407670454545453 0.13334615384615386
0 0.2552201704545455 0.12684615384615394 0.06299715909090908 0.07392307692307692
0 0.32850852272727277 0.9569903846153847 0.08988636363636368 0.08601923076923076
0 0.34607954545454545 0.8718461538461538 0.06443181818181816 0.14934615384615385
0 0.3825071022727272 0.8931826923076923 0.045184659090909095 0.07851923076923076
0 0.4167897727272727 0.5134423076923077 0.06383522727272727 0.045961538461538415
0 0.3845809659090909 0.39548076923076914 0.06302556818181819 0.03969230769230778
0 0.425234375 0.47349038461538473 0.08586647727272725 0.058673076923077015
0 0.3102911931818182 0.3075 0.07626420454545454 0.1071538461538461
0 0.37082386363636366 0.3249423076923077 0.054062499999999965 0.10926923076923076
0 0.3957954545454545 0.33000000000000007 0.04965909090909088 0.11003846153846149
0 0.19065340909090908 0.6832115384615385 0.028096590909090932 0.03511538461538465
0 0.15794744318181816 0.9706442307692308 0.05467329545454545 0.05871153846153846
0 0.22614346590909087 0.7574807692307692 0.09592329545454546 0.13765384615384618
0 0.23883522727272724 0.5983557692307693 0.0896306818181818 0.07671153846153848
0 0.24266335227272728 0.6245384615384615 0.08779829545454546 0.1003076923076923
0 0.24498579545454546 0.8423653846153847 0.08184659090909091 0.114
0 0.23073863636363637 0.8929230769230769 0.030511363636363663 0.03161538461538461
0 0.20414772727272726 0.8544903846153846 0.05210227272727274 0.05778846153846153
0 0.17962357954545452 0.13542307692307698 0.11007102272727272 0.05884615384615389
0 0.200703125 0.9051730769230769 0.057485795454545456 0.05823076923076923
0 0.10323863636363638 0.8139903846153846 0.054801136363636364 0.06798076923076925
0 0.05740056818181818 0.8583846153846154 0.11480113636363636 0.09103846153846154
0 0.16746448863636362 0.04322115384615388 0.11592329545454544 0.08644230769230767
0 0.09261363636363634 0.6717788461538461 0.09397727272727273 0.1536730769230769
0 0.05154119318181818 0.6228557692307692 0.06177556818181818 0.0815576923076923
0 0.09263494318181818 0.5789423076923077 0.12163352272727272 0.09134615384615384
0 0.06665482954545456 0.5062596153846154 0.058963068181818186 0.03663461538461535
0 0.04244318181818182 0.4273365384615385 0.03303977272727272 0.07317307692307695
0 0.02811789772727273 0.3646250000000001 0.05623579545454546 0.08271153846153845
0 0.05663352272727273 0.4767499999999999 0.040568181818181816 0.03361538461538454
0 0.15302556818181817 0.7968076923076923 0.13127840909090907 0.12350000000000003
0 0.06767045454545456 0.7867980769230769 0.09133522727272729 0.09913461538461535
0 0.08612215909090909 0.5383076923076924 0.03769886363636365 0.051500000000000004
0 0.14574573863636361 0.6459326923076922 0.058139204545454536 0.08309615384615386
0 0.12829545454545455 0.5507692307692307 0.05477272727272726 0.0616153846153846
0 0.1863494318181818 0.5896923076923077 0.0846306818181818 0.11803846153846158
0 0.14381392045454547 0.5104711538461538 0.10544034090909093 0.047134615384615365
0 0.7502414772727272 0.023557692307692335 0.06525568181818181 0.047115384615384615
0 0.567080965909091 0.053326923076923105 0.08609374999999994 0.0720384615384615
0 0.5628338068181818 0.027644230769230727 0.09649147727272728 0.055211538461538534
0 0.4435227272727273 0.11848076923076922 0.08397727272727273 0.11830769230769227
0 0.5247230113636363 0.0752115384615385 0.046406250000000024 0.11084615384615382
0 0.11688920454545454 0.1569807692307692 0.04133522727272729 0.0898076923076924
0 0.5607883522727273 0.07965384615384608 0.08063920454545452 0.09434615384615386
