0 0.5476136363636364 0.3930961538461538 0.09596590909090909 0.05988461538461547
0 0.5424431818181819 0.7297307692307692 0.03105113636363638 0.086
0 0.06654119318181818 0.7588461538461538 0.03870738636363636 0.08353846153846153
0 0.027223011363636362 0.7782307692307693 0.032656250000000005 0.1091923076923077
0 0.04818892045454545 0.809625 0.04637784090909091 0.11628846153846151
0 0.012507102272727272 0.7806826923076923 0.02339488636363636 0.1053653846153846
0 0.013515624999999998 0.8511153846153846 0.026207386363636363 0.051884615384615376
0 0.011491477272727273 0.7094423076923078 0.022982954545454546 0.05023076923076924
0 0.011896306818181818 0.6630288461538462 0.023792613636363636 0.051326923076923076
0 0.011491477272727273 0.6218076923076923 0.022982954545454546 0.05842307692307691
0 0.0990056818181818 0.49460576923076927 0.06332386363636364 0.09990384615384608
0 0.044765625 0.5609423076923077 0.06291193181818182 0.07534615384615385
0 0.580078125 0.731326923076923 0.036690340909090964 0.1706923076923077
0 0.027627840909090907 0.5431923076923076 0.055255681818181815 0.09446153846153853
0 0.03629261363636364 0.477125 0.07258522727272727 0.07698076923076928
0 0.10343749999999999 0.8270865384615385 0.07863636363636363 0.08025
0 0.093359375 0.7711346153846154 0.03024147727272728 0.03930769230769227
0 0.14719460227272727 0.712173076923077 0.09194602272727273 0.15396153846153843
0 0.16333096590909094 0.8134423076923077 0.07742897727272728 0.10753846153846154
0 0.22058948863636366 0.7885961538461539 0.12501420454545456 0.11792307692307694
0 0.15707386363636364 0.6998846153846154 0.09477272727272727 0.1261153846153846
0 0.220390625 0.6854134615384615 0.06169034090909092 0.09171153846153846
0 0.14417613636363635 0.9141730769230769 0.06170454545454545 0.09061538461538461
0 0.5549076704545454 0.6628557692307693 0.01365056818181812 0.1050961538461538
0 0.11272017045454547 0.9207307692307692 0.056860795454545456 0.08407692307692308
0 0.17602982954545457 0.9103557692307692 0.10282670454545455 0.1670576923076923
0 0.20748579545454546 0.9860192307692308 0.022982954545454556 0.02796153846153846
0 0.14457386363636363 0.9777788461538461 0.06411931818181818 0.04421153846153847
0 0.10303267045454545 0.9553942307692308 0.05686079545454545 0.05405769230769231
0 0.07803977272727272 0.9786538461538462 0.06653409090909092 0.04269230769230769
0 0.05847301136363637 0.9576346153846154 0.05725852272727273 0.08473076923076923
0 0.07783380681818182 0.8691346153846153 0.09356534090909091 0.12065384615384615
0 0.029041193181818182 0.9057115384615384 0.033877840909090906 0.0868076923076923
0 0.008473011363636363 0.8953365384615385 0.016946022727272726 0.03875
0 0.5610227272727273 0.7532980769230769 0.01835227272727275 0.09490384615384617
0 0.021171875 0.9543557692307693 0.04234375 0.09128846153846154
0 0.32100852272727276 0.5194326923076924 0.119375 0.0797115384615385
0 0.3663778409090909 0.3668461538461538 0.06815340909090911 0.07369230769230768
0 0.34460227272727273 0.5273557692307693 0.06815340909090904 0.06386538461538463
0 0.33552556818181817 0.43072115384615384 0.10565340909090905 0.06386538461538457
0 0.2919673295454545 0.38049038461538465 0.10484375 0.09990384615384613
0 0.2609161931818182 0.42662500000000003 0.10646306818181817 0.06878846153846162
0 0.3302769886363636 0.4694903846153846 0.07984375 0.03986538461538465
0 0.2554758522727273 0.4697596153846153 0.07379261363636366 0.06225000000000001
0 0.262734375 0.5229903846153846 0.07379261363636362 0.08025000000000003
0 0.8845454545454546 0.046740384615384545 0.03105113636363638 0.027519230769230775
0 0.3292684659090909 0.5931538461538461 0.06896306818181816 0.08953846153846154
0 0.3284659090909091 0.5874134615384615 0.032670454545454544 0.09444230769230766
0 0.21030539772727275 0.6160865384615385 0.0633096590909091 0.05459615384615388
0 0.2524502840909091 0.6087115384615385 0.08467329545454548 0.08461538461538462
0 0.33451704545454547 0.8178173076923076 0.10605113636363636 0.07371153846153848
0 0.29277698863636364 0.7722307692307693 0.06936079545454547 0.0786153846153846
0 0.3474147727272727 0.7391923076923077 0.03749999999999997 0.10319230769230765
0 0.3847230113636364 0.7307307692307692 0.056463068181818225 0.11573076923076925
0 0.30144886363636364 0.718173076923077 0.06411931818181817 0.11792307692307694
0 0.28914772727272725 0.6783173076923077 0.09275568181818183 0.09609615384615385
0 0.982990056818182 0.22386538461538452 0.033963068181818136 0.06873076923076914
0 0.3427840909090909 0.6802307692307692 0.06775568181818184 0.08680769230769228
0 0.4351278409090909 0.6611153846153845 0.08468750000000001 0.09773076923076922
0 0.4034730113636363 0.8568557692307692 0.07058238636363635 0.1386730769230769
0 0.44662642045454537 0.7159903846153846 0.0689630681818182 0.0971730769230769
0 0.5200213068181818 0.7460192307692308 0.11009943181818188 0.1375769230769231
0 0.2595809659090909 0.09556730769230781 0.05453124999999998 0.11767307692307692
0 0.22883522727272726 0.09640384615384612 0.061079545454545456 0.06715384615384608
0 0.045234375 0.403625 0.09046875 0.08548076923076921
0 0.19050426136363638 0.07099038461538465 0.07438920454545456 0.07786538461538463
0 0.14693892045454546 0.06678846153846152 0.03271306818181816 0.04523076923076919
0 0.4743821022727273 0.24659615384615385 0.06714488636363641 0.055730769230769264
0 0.22666903409090908 0.12343269230769227 0.02686079545454545 0.11655769230769233
0 0.2378551136363636 0.2045673076923077 0.0637215909090909 0.09698076923076913
0 0.18223721590909092 0.1577019230769231 0.06819602272727274 0.11701923076923082
0 0.16191761363636364 0.21015384615384614 0.09573863636363635 0.06526923076923076
0 0.14952414772727274 0.14581730769230772 0.06061079545454544 0.10724999999999997
0 0.28431107954545454 0.12250000000000005 0.050014204545454514 0.09511538461538457
0 0.25979403409090907 0.1887596153846154 0.05882102272727272 0.09986538461538463
0 0.3029474431818182 0.27067307692307696 0.08822443181818183 0.06657692307692309
0 0.18328125 0.31152884615384613 0.06286931818181817 0.10174999999999994
0 0.11555397727272726 0.28367307692307686 0.10400568181818182 0.07930769230769233
0 0.4949644886363636 0.2522692307692307 0.052372159090909094 0.07249999999999998
0 0.23615056818181818 0.33125961538461535 0.08744318181818182 0.14817307692307682
0 0.21871448863636364 0.2453653846153847 0.1183096590909091 0.0607307692307692
0 0.11469460227272728 0.32990384615384616 0.09830965909090908 0.053384615384615364
0 0.11641335227272727 0.22679807692307696 0.06401988636363636 0.06459615384615391
0 0.045823863636363635 0.29817307692307693 0.04801136363636363 0.06807692307692303
0 0.17513494318181816 0.38 0.07401988636363636 0.08549999999999996
0 0.08383522727272727 0.3620096153846154 0.12917613636363637 0.15398076923076923
0 0.013480113636363637 0.27612500000000006 0.026960227272727275 0.03405769230769227
0 0.04725142045454545 0.22060576923076924 0.09430397727272727 0.11259615384615387
0 0.12941761363636364 0.10666346153846162 0.04886363636363637 0.08278846153846156
0 0.31270596590909094 0.04609615384615395 0.06515625000000001 0.06276923076923085
0 0.22 0.024701923076923094 0.07801136363636364 0.04940384615384615
0 0.08811789772727273 0.1960384615384615 0.07944602272727273 0.08976923076923067
0 0.023828125000000002 0.19816346153846154 0.04686079545454546 0.08705769230769227
0 0.0796875 0.14672115384615392 0.07630681818181818 0.062288461538461515
0 0.06539772727272727 0.08694230769230771 0.08258522727272727 0.07815384615384613
0 0.14941761363636363 0.024124999999999952 0.09230113636363636 0.04824999999999995
0 0.22814630681818182 0.03954807692307705 0.06686079545454544 0.04990384615384613
0 0.13269886363636363 0.06939423076923079 0.09144886363636363 0.13878846153846158
0 0.06926136363636365 0.025288461538461537 0.04400568181818181 0.050576923076923096
0 0.08855113636363636 0.03219230769230774 0.018579545454545453 0.0452692307692307
0 0.2857244318181818 0.024942307692307764 0.05196022727272725 0.04988461538461538
0 0.07125710227272729 0.03702884615384616 0.017144886363636366 0.042557692307692296
0 0.022911931818181817 0.13723076923076927 0.045823863636363635 0.05803846153846155
0 0.021484375 0.0732115384615386 0.04296875 0.08473076923076923
0 0.030873579545454544 0.02463461538461542 0.032258522727272726 0.04926923076923078
0 0.011903409090909091 0.026980769230769308 0.023806818181818182 0.053692307692307616
0 0.6826562500000001 0.07754807692307697 0.059062499999999976 0.07394230769230767
0 0.6994815340909091 0.10807692307692318 0.04063920454545456 0.04384615384615387
0 0.6670951704545455 0.12097115384615376 0.054616477272727254 0.049019230769230676
0 0.7309588068181818 0.061971153846153926 0.05504261363636364 0.07898076923076922
0 0.6124005681818182 0.10018269230769239 0.03528409090909095 0.07005769230769232
0 0.5118607954545454 0.45170192307692303 0.05176136363636363 0.0687884615384615
0 0.33548295454545457 0.017096153846153817 0.040369318181818166 0.03419230769230764
0 0.6140411931818182 0.15559615384615377 0.10163352272727275 0.07134615384615378
0 0.6949644886363636 0.16928846153846144 0.05927556818181821 0.07834615384615376
0 0.6926136363636364 0.16325 0.08562500000000005 0.0636923076923077
0 0.6403906250000001 0.19318269230769236 0.03575284090909093 0.061134615384615426
0 0.74765625 0.1393653846153846 0.07150568181818179 0.12165384615384625
0 0.5364133522727272 0.1425384615384615 0.06492897727272733 0.1089230769230769
0 0.5441761363636364 0.19509615384615386 0.06914772727272728 0.0726153846153846
0 0.48536931818181817 0.13203846153846155 0.07480113636363632 0.14903846153846154
0 0.5105397727272728 0.20974038461538458 0.07528409090909091 0.04586538461538466
0 0.5432386363636363 0.07821153846153839 0.043749999999999935 0.026115384615384585
0 0.36365767045454545 0.02040384615384616 0.031974431818181805 0.037346153846153876
0 0.4879545454545454 0.08203846153846162 0.05176136363636363 0.1
0 0.4577414772727273 0.24185576923076924 0.0551136363636363 0.07128846153846152
0 0.5230539772727273 0.3192403846153846 0.13920454545454544 0.11109615384615382
0 0.4422301136363637 0.3103942307692307 0.06653409090909088 0.06909615384615386
0 0.8996519886363636 0.05394230769230757 0.04572443181818189 0.10776923076923081
0 0.8692400568181817 0.049250000000000016 0.0649005681818181 0.09838461538461543
0 0.9600355113636364 0.026038461538461455 0.07992897727272724 0.05196153846153854
0 0.7765838068181817 0.057105769230769265 0.05444602272727279 0.05021153846153849
0 0.8247727272727274 0.03155769230769223 0.1113068181818182 0.0631153846153846
0 0.7743678977272727 0.0151730769230769 0.02984374999999999 0.030346153846153794
0 0.32469460227272723 0.10617307692307687 0.05714488636363635 0.08007692307692305
0 0.7048011363636364 0.03581730769230773 0.04315340909090908 0.07098076923076928
0 0.7283948863636364 0.017634615384615304 0.08389204545454554 0.03526923076923072
0 0.6644744318181818 0.019000000000000017 0.04718749999999996 0.037999999999999985
0 0.663671875 0.06093269230769227 0.03830965909090905 0.0687884615384615
0 0.6221306818181819 0.040721153846153824 0.06653409090909088 0.07971153846153833
0 0.6112428977272727 0.10624038461538465 0.07137784090909091 0.05351923076923085
0 0.5813991477272727 0.10815384615384616 0.05041193181818183 0.10646153846153848
0 0.6027769886363636 0.20861538461538465 0.052031249999999994 0.04530769230769231
0 0.6043892045454545 0.2446442307692308 0.033465909090909095 0.033288461538461545
0 0.5529687499999999 0.2427307692307693 0.08306818181818176 0.062230769230769145
0 0.38424715909090906 0.11834615384615377 0.02997159090909094 0.04815384615384619
0 0.4041619318181818 0.2896826923076923 0.07661931818181818 0.08190384615384622
0 0.4231178977272727 0.22362499999999996 0.06532670454545456 0.0884423076923076
0 0.3902556818181818 0.1870480769230769 0.05122159090909091 0.09390384615384613
0 0.35819602272727274 0.2872307692307693 0.0806534090909091 0.10973076923076923
0 0.3521448863636364 0.21598076923076925 0.06130681818181818 0.10811538461538467
0 0.33802556818181817 0.21598076923076925 0.0556534090909091 0.09173076923076932
0 0.3495170454545455 0.16110576923076914 0.04960227272727271 0.03767307692307687
0 0.3106036931818182 0.17066346153846157 0.05080965909090911 0.04694230769230763
0 0.30374999999999996 0.22035576923076927 0.03227272727272727 0.06878846153846162
0 0.9834588068181819 0.2732403846153846 0.033082386363636314 0.03821153846153847
0 0.3382883522727273 0.12267307692307694 0.06595170454545456 0.0600769230769231
0 0.9486079545454544 0.24685576923076924 0.04267045454545466 0.09098076923076924
0 0.9208877840909092 0.27165384615384613 0.03092329545454559 0.039576923076923044
0 0.909296875 0.228201923076923 0.05410511363636368 0.0627884615384616
0 0.8951775568181817 0.2773365384615385 0.04671874999999998 0.08463461538461547
0 0.9655823863636364 0.1699615384615385 0.06855113636363636 0.08461538461538462
0 0.9178551136363637 0.15541346153846158 0.1203124999999999 0.0973653846153846
0 0.8723224431818182 0.1479038461538461 0.05140625000000008 0.14149999999999996
0 0.8457812499999999 0.24071153846153848 0.07494318181818181 0.07961538461538457
0 0.8109943181818182 0.2589134615384615 0.05377840909090911 0.03686538461538465
0 0.8476207386363636 0.20976923076923082 0.022173295454545473 0.036846153846153896
0 0.36126420454545455 0.06801923076923078 0.03917613636363638 0.06765384615384616
0 0.84140625 0.28894230769230766 0.0856818181818181 0.13238461538461543
0 0.923778409090909 0.32980769230769236 0.05375000000000005 0.08346153846153842
0 0.9717684659090909 0.3231153846153846 0.056463068181818184 0.09469230769230771
0 0.801065340909091 0.3405096153846153 0.06599431818181807 0.1241346153846153
0 0.8741761363636363 0.34371153846153846 0.0628409090909091 0.05884615384615378
0 0.9081676136363636 0.3894615384615384 0.043863636363636355 0.09684615384615387
0 0.9727556818181817 0.3758173076923077 0.054488636363636385 0.04921153846153852
0 0.9275355113636364 0.43681730769230764 0.05572443181818185 0.1294807692307692
0 0.9614914772727272 0.48014423076923074 0.07701704545454549 0.12305769230769227
0 0.9925142045454546 0.4528653846153846 0.014971590909090858 0.04280769230769229
0 0.39203835227272726 0.06476923076923069 0.043167613636363615 0.06115384615384618
0 0.3665411931818181 0.8592307692307692 0.029247159090909056 0.14284615384615384
0 0.3910440340909091 0.9071153846153847 0.033196022727272734 0.08880769230769231
0 0.39835227272727275 0.9565 0.027272727272727337 0.08700000000000001
0 0.44874289772727277 0.9931538461538462 0.014218749999999987 0.013692307692307693
0 0.43451704545454545 0.9915480769230769 0.0142329545454546 0.01690384615384615
0 0.4161363636363637 0.9754903846153846 0.024886363636363693 0.049019230769230766
0 0.9838210227272728 0.8017115384615385 0.03235795454545451 0.0716923076923077
0 0.97078125 0.7738846153846154 0.05843749999999998 0.08988461538461537
0 0.9836221590909091 0.7086153846153846 0.03275568181818174 0.0791923076923077
0 0.9615198863636365 0.7647980769230769 0.03596590909090916 0.046019230769230784
0 0.39183948863636364 0.020134615384615473 0.054758522727272746 0.037884615384615364
0 0.9915269886363638 0.6379903846153846 0.016946022727272657 0.11663461538461539
0 0.9642897727272728 0.688548076923077 0.048607954545454586 0.07759615384615383
0 0.9079687500000001 0.6184615384615385 0.06877840909090903 0.12038461538461537
0 0.9413636363636364 0.6107019230769231 0.08971590909090904 0.11771153846153842
0 0.9680397727272727 0.7222596153846154 0.03241477272727264 0.03798076923076923
0 0.904609375 0.5296442307692307 0.02884943181818174 0.0454807692307693
0 0.8546164772727274 0.5649519230769231 0.06403409090909097 0.06475000000000003
0 0.8710227272727273 0.49513461538461545 0.04860795454545442 0.0791923076923077
0 0.8560014204545454 0.4598173076923078 0.08259943181818195 0.05886538461538464
0 0.8797088068181819 0.5301826923076922 0.047826704545454485 0.05617307692307699
0 0.40683238636363633 0.1789519230769231 0.03278409090909089 0.06655769230769233
0 0.8933451704545454 0.4670384615384615 0.032400568181818266 0.0743846153846154
0 0.7842755681818182 0.4033653846153846 0.09801136363636363 0.08507692307692309
0 0.8243821022727272 0.5004807692307692 0.0652130681818183 0.11876923076923075
0 0.799090909090909 0.50075 0.10235795454545463 0.1225384615384616
0 0.7627272727272728 0.4935288461538462 0.058096590909090876 0.14875000000000005
0 0.7230113636363636 0.5232115384615385 0.06639204545454547 0.13857692307692301
0 0.7913849431818182 0.5917019230769232 0.05532670454545461 0.08828846153846154
0 0.7498863636363637 0.5633557692307692 0.0363636363636364 0.1000576923076923
0 0.7540340909090908 0.6395961538461539 0.023323863636363577 0.08238461538461539
0 0.9389914772727272 0.7554326923076923 0.06363636363636373 0.04332692307692308
0 0.4472017045454546 0.052182692307692236 0.06474431818181815 0.10255769230769228
0 0.945909090909091 0.6893557692307692 0.023721590909090814 0.046019230769230784
0 0.919630681818182 0.6960480769230769 0.03201704545454556 0.033711538461538466
0 0.7787357954545455 0.8485288461538462 0.04741477272727272 0.04655769230769232
0 0.7927698863636362 0.8469230769230769 0.1071022727272727 0.16534615384615386
0 0.8160795454545454 0.7615865384615385 0.0628409090909091 0.04494230769230767
0 0.9628764204545455 0.8587019230769231 0.07424715909090907 0.0754423076923077
0 0.9575710227272729 0.842375 0.05414772727272728 0.0599423076923077
0 0.9269389204545455 0.8586923076923076 0.047428977272727255 0.0561923076923077
0 0.9857954545454546 0.9562307692307692 0.028409090909090908 0.08753846153846155
0 0.5854900568181818 0.03635576923076922 0.06163352272727271 0.07271153846153847
0 0.5287997159090909 0.4867307692307693 0.07433238636363634 0.14650000000000002
0 0.4074289772727273 0.09236538461538457 0.057954545454545474 0.14015384615384627
0 0.5610227272727273 0.01474999999999993 0.0380965909090909 0.029307692307692434
0 0.5339772727272727 0.03322115384615376 0.046107954545454514 0.06498076923076927
0 0.4946875 0.030028846153846156 0.057869318181818195 0.059865384615384716
0 0.5403196022727272 0.31125 0.04845170454545456 0.047769230769230724
0 0.4791619318181818 0.3663461538461539 0.11150568181818182 0.09046153846153838
0 0.5535014204545455 0.29755769230769236 0.09268465909090909 0.07515384615384613
0 0.579375 0.35998076923076927 0.09457386363636369 0.07642307692307694
0 0.6405326704545454 0.3577499999999999 0.07197443181818176 0.060499999999999964
0 0.6993465909090909 0.35742307692307695 0.08045454545454543 0.030576923076923033
0 0.5974857954545455 0.2806826923076924 0.11292613636363637 0.09363461538461539
0 0.44159801136363636 0.16108653846153842 0.03757102272727271 0.06655769230769233
0 0.6358309659090909 0.24405769230769225 0.0324573863636364 0.04330769230769238
0 0.7026420454545454 0.2411923076923076 0.05786931818181811 0.046500000000000014
0 0.6741690340909091 0.2727115384615385 0.08092329545454549 0.040769230769230856
0 0.686640625 0.31825961538461545 0.0804403409090909 0.06686538461538458
0 0.7000071022727272 0.24279807692307687 0.09473011363636363 0.04167307692307685
0 0.7489701704545456 0.3264134615384615 0.07115056818181822 0.1287884615384616
0 0.7659588068181818 0.2630961538461538 0.085127840909091 0.11796153846153852
0 0.7925355113636363 0.1429711538461539 0.05035511363636354 0.16017307692307697
0 0.8506463068181819 0.6600576923076924 0.09052556818181821 0.08588461538461538
0 0.8527059659090909 0.6010961538461539 0.06995738636363637 0.07661538461538463
0 0.822528409090909 0.5932019230769231 0.01028409090909076 0.05059615384615385
0 0.8555539772727272 0.9760288461538461 0.06227272727272732 0.047942307692307694
0 0.5741974431818182 0.5545673076923077 0.04938920454545452 0.1649807692307692
0 0.8214985795454546 0.9675384615384616 0.036292613636363734 0.06492307692307692
0 0.8322514204545454 0.921125 0.04973011363636362 0.0946346153846154
0 0.8031321022727272 0.9447884615384615 0.038082386363636284 0.11042307692307693
0 0.7742258522727273 0.9611634615384615 0.04660511363636372 0.0764423076923077
0 0.7383806818181817 0.9560096153846154 0.051079545454545426 0.08798076923076924
0 0.6906605113636364 0.9560096153846154 0.04705965909090908 0.08798076923076924
0 0.6619815340909091 0.944173076923077 0.04078124999999997 0.0655
0 0.7417471590909092 0.9117211538461538 0.05511363636363638 0.05036538461538461
0 0.694921875 0.8935288461538462 0.05197443181818178 0.04671153846153847
0 0.6554829545454546 0.9317307692307693 0.03494318181818177 0.05034615384615385
0 0.5958380681818182 0.6093461538461539 0.0672727272727272 0.10126923076923076
0 0.6711647727272727 0.8680384615384615 0.05107954545454551 0.08796153846153845
0 0.6028338068181818 0.9244615384615384 0.09095170454545459 0.1085769230769231
0 0.6115696022727272 0.9778461538461538 0.11919034090909095 0.044307692307692305
0 0.8197088068181819 0.706076923076923 0.09544034090909083 0.1231538461538462
0 0.8775071022727272 0.7597596153846153 0.06316761363636368 0.07886538461538463
0 0.896328125 0.8173942307692308 0.036292613636363574 0.0764423076923077
0 0.8945383522727273 0.8616730769230769 0.04794034090909091 0.07765384615384616
0 0.8380823863636363 0.852875 0.03718750000000009 0.049134615384615395
0 0.8537642045454544 0.8556057692307693 0.038977272727272645 0.11648076923076925
0 0.8719105113636364 0.9326538461538462 0.032258522727272615 0.07765384615384616
0 0.6412357954545455 0.5497980769230768 0.10161931818181813 0.04713461538461542
0 0.9187286931818183 0.9120192307692307 0.06765624999999999 0.06915384615384614
0 0.9200710227272727 0.9469134615384616 0.08289772727272729 0.10617307692307693
0 0.45766335227272736 0.557451923076923 0.07572443181818182 0.1316346153846154
0 0.41509232954545455 0.5089230769230769 0.11964488636363631 0.09646153846153846
0 0.4220383522727273 0.39123076923076927 0.07169034090909095 0.12192307692307688
0 0.45138494318181815 0.45007692307692304 0.09007102272727276 0.07338461538461544
0 0.5634090909090909 0.4412884615384616 0.05153409090909087 0.053384615384615475
0 0.6057457386363637 0.43157692307692297 0.048394886363636355 0.0618846153846154
0 0.6480965909090909 0.4258076923076922 0.07124999999999995 0.13526923076923072
0 0.6398011363636363 0.504673076923077 0.08335227272727273 0.09280769230769229
0 0.5118536931818182 0.6208173076923077 0.07998579545454546 0.14713461538461542
0 0.6955894886363636 0.5067884615384615 0.03359374999999997 0.04246153846153843
0 0.6868536931818181 0.4497788461538461 0.06990056818181815 0.12375000000000004
0 0.708359375 0.5759519230769231 0.05376420454545458 0.05217307692307691
0 0.6633238636363636 0.5717019230769231 0.04704545454545455 0.0473269230769231
0 0.7209090909090908 0.6050673076923077 0.06900568181818172 0.0339807692307692
0 0.6734019886363636 0.6029519230769231 0.04032670454545453 0.03821153846153847
0 0.669375 0.6296346153846154 0.06184659090909086 0.03942307692307692
0 0.6252414772727272 0.6065769230769231 0.06048295454545452 0.07461538461538458
0 0.7211292613636364 0.6445 0.052428977272727224 0.05823076923076923
0 0.7511505681818181 0.6909038461538461 0.04525568181818184 0.0818846153846154
0 0.5203267045454546 0.5523365384615384 0.06397727272727267 0.11082692307692313
0 0.6494318181818183 0.6557211538461538 0.11426136363636363 0.056403846153846124
0 0.6987215909090909 0.695451923076923 0.09633522727272718 0.05459615384615388
0 0.7424147727272726 0.7442884615384615 0.12008522727272722 0.04426923076923076
0 0.3438849431818181 0.8724326923076923 0.039928977272727255 0.07863461538461539
0 0.3690909090909091 0.9550480769230769 0.05323863636363635 0.08990384615384615
0 0.3231178977272728 0.9239326923076923 0.07984375 0.1521346153846154
0 0.26384232954545456 0.9334903846153846 0.06532670454545456 0.13301923076923078
0 0.26545454545454544 0.8549615384615384 0.04999999999999998 0.06334615384615384
0 0.19095170454545454 0.4823076923076923 0.13590909090909092 0.1539615384615385
0 0.2417613636363636 0.5420961538461538 0.10928977272727272 0.06061538461538463
0 0.5544318181818182 0.4867403846153846 0.08892045454545458 0.14013461538461533
0 0.11271306818181817 0.5494711538461539 0.07863636363636363 0.07863461538461536
0 0.08428977272727273 0.603798076923077 0.058068181818181824 0.09117307692307691
0 0.047386363636363636 0.6302788461538462 0.05201704545454546 0.06551923076923076
0 0.02520596590909091 0.6070673076923077 0.05041193181818182 0.048596153846153865
0 0.05545454545454545 0.6663076923076923 0.026221590909090917 0.05569230769230771
0 0.07904119318181818 0.6933365384615384 0.07580965909090909 0.09990384615384613
0 0.03286931818181818 0.682951923076923 0.027812499999999997 0.09336538461538459
0 0.19498579545454547 0.5767692307692308 0.05201704545454548 0.05350000000000004
0 0.15163352272727273 0.6147115384615385 0.09758522727272725 0.10973076923076923
0 0.10808238636363637 0.708076923076923 0.05403409090909091 0.09007692307692308
