0 0.3074076704545454 0.4984519230769231 0.07333806818181818 0.08378846153846146
0 0.4039985795454545 0.15097115384615378 0.03205965909090908 0.09782692307692309
0 0.7895951704545454 0.5885576923076923 0.03538352272727285 0.10303846153846156
0 0.9319673295454546 0.49205769230769236 0.041065340909090864 0.06084615384615382
0 0.9061647727272728 0.5216346153846154 0.03943181818181833 0.07719230769230767
0 0.983984375 0.5810192307692308 0.032031249999999935 0.07792307692307689
0 0.9295383522727273 0.6494423076923077 0.04757102272727274 0.05703846153846153
0 0.9618821022727272 0.5964326923076924 0.06169034090909084 0.06840384615384613
0 0.6534446022727273 0.8028653846153846 0.040582386363636355 0.09807692307692305
0 0.7259303977272726 0.8399903846153847 0.06106534090909084 0.10436538461538462
0 0.6963849431818182 0.8772403846153847 0.047826704545454485 0.08371153846153845
0 0.50828125 0.9349807692307692 0.06448863636363633 0.07315384615384615
0 0.3103693181818182 0.038009615384615336 0.055142045454545444 0.07601923076923071
0 0.4675710227272727 0.976798076923077 0.06326704545454548 0.04640384615384615
0 0.5675355113636363 0.5577403846153846 0.04634943181818181 0.06717307692307693
0 0.5996306818181818 0.5466153846153846 0.09815340909090912 0.06149999999999998
0 0.17860795454545456 0.5598461538461539 0.02284090909090909 0.07
0 0.18773437500000004 0.016432692307692176 0.041321022727272734 0.032711538461538556
0 0.18245738636363634 0.06036538461538454 0.038607954545454536 0.06319230769230771
0 0.2328693181818182 0.116375 0.047017045454545485 0.05398076923076922
0 0.27936079545454545 0.4024423076923077 0.022244318181818178 0.049961538461538495
0 0.17590198863636364 0.2650096153846154 0.02285511363636362 0.07325000000000007
0 0.16122869318181818 0.35833653846153857 0.055355113636363654 0.08032692307692316
0 0.08059659090909091 0.16125961538461542 0.055198863636363636 0.06271153846153849
0 0.1439559659090909 0.4193365384615385 0.03953125 0.05259615384615389
0 0.17936789772727274 0.3843557692307692 0.0561221590909091 0.049480769230769266
0 0.17303267045454546 0.35850961538461534 0.06663352272727274 0.09094230769230773
0 0.06701704545454547 0.30673076923076925 0.06650568181818182 0.05638461538461548
0 0.14707386363636363 0.12978846153846157 0.04664772727272726 0.05107692307692308
0 0.10239346590909092 0.12333653846153847 0.08294034090909091 0.1003653846153846
0 0.29428977272727275 0.41620192307692294 0.03372159090909092 0.0556730769230769
0 0.25203125 0.4965480769230769 0.030965909090909106 0.05344230769230768
0 0.27339488636363635 0.4946346153846155 0.034431818181818195 0.062115384615384635
0 0.24423295454545454 0.5954903846153846 0.040056818181818166 0.036250000000000046
0 0.09673295454545454 0.9092115384615385 0.044375000000000005 0.0808076923076923
0 0.23612926136363638 0.6231153846153846 0.06294034090909087 0.05780769230769231
0 0.08006392045454545 0.5320096153846153 0.05328125000000001 0.07159615384615388
0 0.16038352272727271 0.47834615384615387 0.03622159090909091 0.05561538461538464
0 0.11477982954545456 0.4844807692307692 0.03083806818181817 0.04903846153846154
0 0.09948863636363635 0.49931730769230764 0.030710227272727268 0.04886538461538461
0 0.1276846590909091 0.6122980769230769 0.037102272727272734 0.08401923076923076
0 0.07033380681818181 0.6562307692307692 0.04473011363636364 0.057269230769230774
0 0.05014204545454545 0.56725 0.034147727272727274 0.05484615384615381
0 0.8550071022727272 0.5470096153846153 0.04703125000000002 0.045865384615384606
0 0.8665553977272729 0.5084230769230769 0.04910511363636371 0.039999999999999966
0 0.28969460227272725 0.8922692307692308 0.033735795454545456 0.08119230769230769
0 0.4059659090909091 0.8108076923076923 0.05562499999999995 0.048153846153846165
0 0.4077769886363637 0.7681346153846154 0.057599431818181834 0.0633846153846154
0 0.4516122159090909 0.777875 0.04419034090909093 0.06659615384615383
0 0.3665909090909091 0.7009615384615384 0.04093750000000003 0.08707692307692302
0 0.23664772727272732 0.7010865384615385 0.03545454545454547 0.03294230769230768
0 0.3085440340909091 0.7311153846153846 0.04762784090909091 0.06750000000000002
0 0.20272727272727276 0.7052788461538462 0.01957386363636364 0.02951923076923076
0 0.23660511363636363 0.679826923076923 0.04906249999999999 0.05542307692307691
0 0.1875497159090909 0.837173076923077 0.036235795454545444 0.06373076923076923
0 0.16093749999999998 0.9442788461538462 0.04960227272727271 0.05128846153846154
0 0.22883522727272726 0.6515384615384616 0.04920454545454544 0.05411538461538464
0 0.04721590909090909 0.7953942307692308 0.06920454545454545 0.08074999999999999
0 0.03257102272727273 0.6805865384615384 0.04704545454545455 0.08640384615384616
0 0.05122159090909091 0.7129615384615384 0.038948863636363636 0.09273076923076923
0 0.02234375 0.9877019230769231 0.044659090909090905 0.024557692307692308
0 0.01616477272727273 0.9608461538461539 0.03232954545454546 0.03638461538461539
0 0.004275568181818182 0.9936730769230769 0.008551136363636363 0.012653846153846154
0 0.9004758522727272 0.6882211538461538 0.09390625000000002 0.09690384615384613
0 0.7475355113636364 0.6711730769230769 0.04183238636363635 0.061807692307692334
0 0.507265625 0.8597884615384616 0.11768465909090912 0.11834615384615386
0 0.019367897727272727 0.05489423076923072 0.03833806818181818 0.10971153846153849
0 0.10860085227272727 0.6780480769230769 0.0423721590909091 0.0648653846153846
0 0.8147443181818183 0.16374038461538454 0.05650568181818178 0.07528846153846161
0 0.8518536931818183 0.21633653846153844 0.05115056818181817 0.031442307692307735
0 0.022102272727272727 0.118 0.03644886363636363 0.07011538461538458
0 0.07353693181818183 0.2128557692307692 0.047471590909090915 0.0634038461538462
0 0.007684659090909091 0.16001923076923086 0.015312500000000001 0.08503846153846148
0 0.02940340909090909 0.2110288461538462 0.05772727272727273 0.05898076923076926
0 0.021647727272727273 0.15757692307692306 0.04329545454545455 0.10280769230769238
0 0.09860795454545455 0.23541346153846143 0.07397727272727271 0.12348076923076919
0 0.03912642045454546 0.26540384615384616 0.07825284090909092 0.06534615384615389
0 0.023146306818181816 0.24256730769230772 0.04612215909090909 0.06686538461538458
0 0.48680397727272734 0.4461153846153847 0.03420454545454543 0.08676923076923078
0 0.018053977272727274 0.31854807692307685 0.035170454545454546 0.06375000000000007
0 0.010397727272727274 0.4026346153846154 0.020795454545454548 0.04207692307692307
0 0.02075994318181818 0.3652884615384615 0.04151988636363636 0.04611538461538465
0 0.4043892045454545 0.2535576923076923 0.05713068181818186 0.05861538461538454
0 0.3068394886363636 0.15799038461538462 0.05248579545454548 0.04294230769230766
0 0.3993465909090909 0.21474038461538458 0.05428977272727276 0.05344230769230773
0 0.3766974431818182 0.3013269230769231 0.09055397727272728 0.10619230769230774
0 0.4284872159090909 0.28902884615384616 0.057826704545454514 0.05959615384615386
0 0.22232244318181815 0.1752403846153846 0.052428977272727266 0.08267307692307695
0 0.2485440340909091 0.19877884615384622 0.0695596590909091 0.08913461538461542
0 0.46326704545454545 0.46096153846153853 0.04437500000000001 0.0630769230769231
0 0.05393465909090909 0.15545192307692313 0.03326704545454545 0.10763461538461533
0 0.025404829545454546 0.4840865384615385 0.05080965909090909 0.055865384615384636
0 0.09186789772727275 0.4139999999999999 0.04569602272727273 0.08823076923076933
0 0.20257812500000003 0.40700961538461533 0.03830965909090909 0.0889423076923077
0 0.16731534090909092 0.4316923076923077 0.057471590909090924 0.08880769230769232
0 0.10887784090909092 0.30874999999999997 0.04306818181818182 0.05219230769230766
0 0.4290624999999999 0.15277884615384618 0.04980113636363637 0.14586538461538465
0 0.316015625 0.13252884615384608 0.04512784090909092 0.04867307692307693
0 0.45575284090909096 0.2522692307692308 0.07428977272727275 0.07088461538461541
0 0.3249857954545454 0.23343269230769226 0.06355113636363638 0.08990384615384615
0 0.44095170454545457 0.5829423076923077 0.06545454545454552 0.0618846153846154
0 0.35962357954545454 0.22999038461538468 0.05186079545454548 0.05394230769230771
0 0.8934872159090909 0.9565384615384616 0.08904829545454553 0.08692307692307692
0 0.8534375 0.982326923076923 0.06951704545454537 0.03534615384615385
0 0.9713068181818181 0.7417019230769231 0.0573863636363636 0.1336730769230769
0 0.6957883522727273 0.33975 0.06464488636363643 0.09738461538461536
0 0.595 0.4884807692307692 0.0839204545454546 0.03611538461538456
0 0.5825568181818181 0.42793269230769226 0.06926136363636362 0.09840384615384619
0 0.1546590909090909 0.03494230769230766 0.05755681818181815 0.06988461538461534
0 0.10019176136363636 0.7942307692307693 0.08123579545454546 0.10773076923076923
0 0.019154829545454544 0.6045096153846155 0.03830965909090909 0.05736538461538458
0 0.4751349431818182 0.6751634615384616 0.059730113636363574 0.05959615384615386
0 0.48670454545454545 0.587173076923077 0.07573863636363636 0.0705769230769231
0 0.019907670454545456 0.6566442307692307 0.03981534090909091 0.0773653846153846
0 0.015582386363636364 0.5578076923076923 0.03116477272727273 0.04265384615384617
0 0.031129261363636362 0.5979615384615384 0.05061079545454545 0.0672692307692308
0 0.06361505681818182 0.5926153846153845 0.03223011363636364 0.07046153846153844
0 0.05009232954545455 0.6291057692307692 0.022571022727272728 0.025288461538461548
0 0.07980823863636365 0.5948942307692309 0.03188920454545454 0.05871153846153846
0 0.09785511363636364 0.5476923076923077 0.045426136363636356 0.04784615384615384
0 0.06825284090909091 0.7108942307692308 0.01883522727272727 0.05490384615384618
0 0.09715909090909092 0.7246442307692308 0.05639204545454546 0.09859615384615383
0 0.1422159090909091 0.705125 0.06014204545454546 0.0871346153846154
0 0.4260795454545454 0.547125 0.09002840909090909 0.07994230769230762
0 0.19022727272727274 0.6629711538461538 0.047244318181818186 0.09421153846153849
0 0.1187286931818182 0.6231249999999999 0.022826704545454556 0.039634615384615414
0 0.10654829545454546 0.6287115384615385 0.08957386363636365 0.09361538461538463
0 0.10868607954545455 0.572673076923077 0.026718750000000003 0.06207692307692308
0 0.16343039772727272 0.543298076923077 0.07026988636363636 0.17490384615384613
0 0.42395596590909096 0.9603461538461538 0.03325284090909095 0.07930769230769232
0 0.37025568181818186 0.9238365384615385 0.056278409090909136 0.08513461538461539
0 0.7171661931818182 0.6675865384615385 0.04103693181818188 0.10582692307692308
0 0.7047443181818182 0.6091153846153846 0.050397727272727295 0.0696923076923077
0 0.6765909090909091 0.536875 0.06497159090909092 0.0749807692307692
0 0.3475355113636364 0.4457692307692308 0.07899147727272729 0.05215384615384616
0 0.6925852272727272 0.5708653846153846 0.05008522727272726 0.10996153846153847
0 0.6362357954545454 0.5868557692307692 0.09474431818181817 0.07348076923076925
0 0.6358735795454545 0.6234326923076923 0.05223011363636369 0.0669807692307692
0 0.2669815340909091 0.7913846153846154 0.0754971590909091 0.07403846153846154
0 0.2820880681818182 0.8311826923076924 0.06471590909090909 0.08448076923076925
0 0.7118110795454545 0.935625 0.10404829545454546 0.09390384615384616
0 0.7386079545454546 0.9875288461538462 0.05247159090909099 0.024942307692307694
0 0.7775355113636363 0.9325 0.07680397727272718 0.1206923076923077
0 0.8665624999999999 0.9099038461538461 0.11789772727272728 0.11196153846153846
0 0.8316122159090908 0.8475096153846153 0.060298295454545354 0.0761346153846154
0 0.32006392045454546 0.5695384615384615 0.06728693181818182 0.09380769230769231
0 0.9001420454545456 0.8639134615384616 0.09343750000000012 0.11082692307692307
0 0.9177272727272726 0.7856346153846154 0.12457386363636354 0.12176923076923075
0 0.28383522727272725 0.35535576923076917 0.05619318181818182 0.08921153846153855
0 0.15081676136363636 0.5998365384615385 0.03782670454545454 0.0916730769230769
0 0.05175426136363637 0.46008653846153846 0.02842329545454545 0.040365384615384636
0 0.020433238636363635 0.45017307692307695 0.04086647727272727 0.05511538461538466
0 0.5875142045454546 0.9518365384615385 0.07147727272727272 0.09632692307692309
0 0.6338352272727273 0.9578365384615385 0.06272727272727276 0.08432692307692308
0 0.6053053977272728 0.8960192307692307 0.07924715909090904 0.09103846153846153
0 0.28242897727272726 0.8033365384615385 0.0374431818181818 0.0574423076923077
0 0.4920454545454545 0.6475 0.06985795454545456 0.0759230769230769
0 0.2577556818181818 0.8442403846153846 0.03355113636363637 0.045442307692307685
0 0.675390625 0.6741442307692308 0.056605113636363585 0.10394230769230771
0 0.7363565340909091 0.4913557692307692 0.0406107954545455 0.07375000000000004
0 0.6132599431818182 0.7987307692307692 0.08453124999999999 0.12950000000000003
0 0.5225923295454545 0.6666057692307692 0.045525568181818195 0.11244230769230769
0 0.15988636363636363 0.6328846153846155 0.03451704545454545 0.06411538461538462
0 0.21223011363636368 0.732951923076923 0.04948863636363637 0.04690384615384616
0 0.2377059659090909 0.781298076923077 0.04271306818181817 0.06117307692307693
0 0.459140625 0.9218846153846154 0.10231534090909088 0.11234615384615385
0 0.44040482954545457 0.9397692307692308 0.040838068181818184 0.05576923076923077
0 0.8982528409090907 0.5859134615384616 0.04633522727272728 0.06298076923076923
0 0.24948863636363636 0.33633653846153844 0.02877840909090912 0.09367307692307689
0 0.23076704545454543 0.3433173076923076 0.06590909090909092 0.12178846153846151
0 0.2565198863636364 0.7331153846153846 0.09838068181818181 0.06234615384615388
0 0.9744176136363637 0.4100576923076923 0.05113636363636364 0.13073076923076926
0 0.772940340909091 0.4282403846153846 0.06161931818181818 0.09794230769230759
0 0.8178551136363637 0.5094807692307692 0.0723863636363637 0.09926923076923078
0 0.8560724431818181 0.4752788461538461 0.04458806818181816 0.05671153846153848
0 0.8201349431818182 0.4357596153846154 0.05828124999999996 0.09963461538461539
0 0.9176633522727274 0.43493269230769227 0.043110795454545485 0.06598076923076923
0 0.6549289772727273 0.8890673076923077 0.043693181818181805 0.07955769230769232
0 0.9809659090909091 0.5070096153846153 0.03806818181818175 0.06909615384615386
0 0.9114985795454544 0.48117307692307687 0.03492897727272732 0.05407692307692314
0 0.3369460227272727 0.36221153846153853 0.07238636363636365 0.0619615384615384
0 0.33972301136363636 0.3092115384615385 0.05546875000000002 0.06707692307692306
0 0.23288352272727272 0.2517115384615385 0.04985795454545454 0.0725384615384616
0 0.21179687500000002 0.2951346153846154 0.03379261363636363 0.10173076923076929
0 0.3784872159090909 0.5208076923076923 0.05308238636363633 0.1047307692307693
0 0.3438636363636363 0.48143269230769226 0.06642045454545453 0.08367307692307696
0 0.8810156249999999 0.6418653846153846 0.05416193181818181 0.057269230769230774
0 0.8540198863636363 0.6161442307692307 0.04786931818181825 0.02455769230769233
0 0.8454048295454545 0.6637307692307692 0.044105113636363734 0.08023076923076923
0 0.8769247159090909 0.4693076923076922 0.031008522727272624 0.05442307692307694
0 0.8262997159090908 0.6439134615384616 0.03779829545454547 0.10228846153846154
0 0.8090269886363637 0.6211057692307693 0.03467329545454541 0.1839423076923077
0 0.8763068181818181 0.5571538461538461 0.03866477272727276 0.0993846153846154
0 0.9145880681818181 0.6064134615384615 0.04761363636363634 0.052519230769230776
0 0.7908380681818182 0.9886057692307693 0.0207670454545453 0.022326923076923078
0 0.7731392045454545 0.9950673076923077 0.0257954545454545 0.009865384615384614
0 0.47742187500000005 0.5459903846153846 0.035781249999999994 0.05374999999999998
0 0.48484374999999996 0.5054615384615385 0.05377840909090911 0.06719230769230769
0 0.4448721590909091 0.3478365384615385 0.07840909090909097 0.0825192307692307
0 0.4725 0.40003846153846145 0.04772727272727276 0.0618846153846154
0 0.8553764204545454 0.37086538461538465 0.05893465909090894 0.037769230769230853
0 0.7772585227272728 0.49769230769230777 0.04156250000000015 0.07188461538461538
0 0.5572869318181818 0.5004038461538463 0.03761363636363639 0.0494230769230769
0 0.5287428977272728 0.45759615384615393 0.05325284090909092 0.07415384615384615
0 0.6539772727272727 0.3894615384615384 0.05940340909090908 0.10184615384615381
0 0.6468110795454546 0.34703846153846163 0.04765625000000002 0.048923076923076916
0 0.757627840909091 0.5756923076923077 0.06860795454545449 0.06788461538461535
0 0.8507457386363636 0.5740192307692308 0.06470170454545464 0.075
0 0.74484375 0.5277596153846154 0.0747443181818181 0.08701923076923077
0 0.9540482954545456 0.4445673076923077 0.045340909090909036 0.05890384615384615
0 0.9766619318181817 0.16885576923076928 0.046676136363636385 0.04325000000000002
0 0.8737713068181818 0.38396153846153835 0.05521306818181819 0.05611538461538463
0 0.9482244318181817 0.1309903846153846 0.07798295454545451 0.05967307692307687
0 0.06747869318181819 0.03802884615384616 0.06132102272727273 0.07605769230769233
0 0.04992897727272727 0.07969230769230773 0.06818181818181818 0.055346153846153795
0 0.10388494318181819 0.038038461538461465 0.07279829545454547 0.07607692307692308
0 0.10105823863636364 0.08992307692307688 0.06183238636363635 0.06688461538461533
0 0.16321022727272727 0.09013461538461542 0.07451704545454545 0.05134615384615393
0 0.3037997159090909 0.8498076923076923 0.06620738636363638 0.0578846153846154
0 0.5518892045454545 0.6369807692307692 0.04843749999999995 0.05284615384615383
0 0.5458593749999999 0.5692692307692307 0.09893465909090914 0.09865384615384612
0 0.5261363636363636 0.5073269230769231 0.03627840909090912 0.05334615384615386
0 0.3941264204545455 0.6061923076923077 0.06580965909090906 0.05992307692307697
0 0.9467755681818182 0.6925961538461538 0.04718750000000004 0.07430769230769228
0 0.5162713068181818 0.5338653846153847 0.042769886363636385 0.05569230769230771
0 0.6390553977272727 0.31189423076923073 0.06634943181818179 0.12194230769230763
0 0.6784943181818182 0.275076923076923 0.03525568181818181 0.03442307692307699
0 0.6974928977272726 0.40266346153846155 0.046889204545454616 0.07048076923076918
0 0.671690340909091 0.4261634615384615 0.03471590909090909 0.06721153846153843
0 0.6189062500000001 0.3980673076923077 0.06596590909090909 0.09125000000000008
0 0.6271306818181818 0.43554807692307695 0.04951704545454547 0.0526730769230769
0 0.5894105113636364 0.25566346153846153 0.12154829545454544 0.08313461538461542
0 0.6768892045454545 0.19844230769230764 0.10596590909090912 0.1273846153846154
0 0.6996803977272728 0.24216346153846147 0.03992897727272729 0.0657884615384615
0 0.971377840909091 0.6496923076923077 0.05724431818181812 0.0619230769230769
0 0.9241690340909091 0.16792307692307695 0.05694602272727261 0.03600000000000005
0 0.07661221590909091 0.4181826923076922 0.04285511363636363 0.10578846153846153
0 0.052805397727272725 0.41202884615384616 0.037002840909090916 0.10286538461538464
0 0.12121448863636365 0.40466346153846144 0.034076704545454535 0.042403846153846174
0 0.11996448863636364 0.4479615384615384 0.044559659090909094 0.05907692307692313
0 0.09310369318181819 0.36140384615384613 0.04444602272727272 0.05261538461538464
0 0.18593039772727274 0.23384615384615393 0.05595170454545455 0.04500000000000007
0 0.143203125 0.26984615384615385 0.04600852272727273 0.10969230769230762
0 0.1346661931818182 0.1813269230769231 0.06154829545454545 0.09876923076923079
0 0.19120028409090908 0.28967307692307687 0.037542613636363624 0.08542307692307684
0 0.8171732954545454 0.7358461538461538 0.07767045454545447 0.06961538461538462
0 0.16045454545454546 0.31779807692307693 0.03357954545454545 0.037903846153846225
0 0.12225852272727272 0.3546730769230768 0.05775568181818183 0.07488461538461538
0 0.2745525568181818 0.2540096153846154 0.05933238636363634 0.11786538461538465
0 0.2048153409090909 0.15862500000000002 0.10113636363636362 0.11659615384615384
0 0.350234375 0.06035576923076924 0.06740056818181821 0.1092884615384615
0 0.4056036931818182 0.07401923076923078 0.04634943181818181 0.07219230769230763
0 0.39181818181818184 0.0326057692307693 0.11389204545454547 0.06521153846153852
0 0.30029829545454545 0.10850961538461534 0.10434659090909087 0.12678846153846154
0 0.21615767045454548 0.06621153846153849 0.05691761363636367 0.09300000000000003
0 0.21213778409090908 0.020528846153846092 0.028707386363636334 0.04098076923076924
0 0.8192755681818181 0.7868653846153846 0.08196022727272734 0.09165384615384614
0 0.2406605113636364 0.03027884615384613 0.04683238636363636 0.06048076923076932
0 0.17611505681818182 0.6905288461538461 0.03333806818181818 0.06582692307692306
0 0.1636789772727273 0.7345288461538462 0.048607954545454544 0.06617307692307692
0 0.07758522727272726 0.4869807692307693 0.05107954545454545 0.04119230769230772
0 0.05588778409090909 0.5158653846153847 0.031349431818181825 0.05396153846153841
0 0.031946022727272726 0.5013846153846153 0.06389204545454545 0.06830769230769233
0 0.022272727272727274 0.5401730769230769 0.044289772727272726 0.04946153846153846
0 0.21058948863636362 0.5942115384615385 0.03134943181818181 0.05403846153846153
0 0.5177769886363636 0.36052884615384617 0.08163352272727277 0.1550961538461539
0 0.5369673295454546 0.033442307692307716 0.044218749999999994 0.06688461538461533
0 0.9717400568181819 0.8430576923076923 0.05643465909090912 0.03976923076923078
0 0.46272017045454544 0.05711538461538468 0.09433238636363632 0.07173076923076925
0 0.4752556818181819 0.028846153846153855 0.0833806818181818 0.057692307692307696
0 0.7942400568181818 0.8559134615384616 0.03200284090909087 0.08859615384615384
0 0.5875497159090909 0.09364423076923079 0.05859375 0.062211538461538506
0 0.6072443181818182 0.062211538461538485 0.03963068181818179 0.07503846153846161
0 0.5759375 0.018125000000000058 0.07085227272727272 0.036250000000000046
0 0.35345170454545455 0.7268653846153846 0.057982954545454574 0.1065
0 0.19764204545454545 0.7666538461538461 0.04517045454545454 0.08534615384615384
0 0.22089488636363636 0.8415384615384616 0.06411931818181821 0.10811538461538463
0 0.6619744318181818 0.7452788461538462 0.02767045454545449 0.04890384615384614
0 0.9698224431818182 0.8780288461538461 0.06035511363636365 0.04278846153846154
0 0.6790838068181818 0.824125 0.04313920454545455 0.10936538461538461
0 0.6997585227272727 0.7609423076923076 0.06744318181818185 0.12796153846153846
0 0.6311150568181817 0.6930384615384615 0.048394886363636355 0.1254230769230769
0 0.6539559659090909 0.49233653846153846 0.07032670454545453 0.07163461538461538
0 0.9724857954545455 0.07953846153846156 0.05457386363636374 0.09969230769230765
0 0.9816903409090909 0.11769230769230776 0.03661931818181814 0.060499999999999964
0 0.03345170454545454 0.02030769230769236 0.05142045454545454 0.04061538461538462
0 0.2620383522727273 0.049586538461538376 0.07265625 0.0991730769230769
0 0.365 0.14400000000000002 0.06247159090909089 0.12400000000000004
0 0.5643252840909091 0.04904807692307689 0.06677556818181825 0.06301923076923073
0 0.9647585227272728 0.9129038461538461 0.07048295454545456 0.07100000000000001
0 0.7413423295454545 0.07996153846153853 0.07012784090909091 0.14173076923076922
0 0.8799360795454546 0.03632692307692309 0.04646306818181823 0.0726538461538461
0 0.8896164772727272 0.1706923076923077 0.06786931818181814 0.0833461538461539
0 0.873046875 0.16357692307692306 0.08342329545454548 0.07838461538461537
0 0.9851207386363636 0.2126538461538462 0.029758522727272793 0.061230769230769186
0 0.7576988636363637 0.29766346153846146 0.062244318181818255 0.10155769230769231
0 0.7427982954545456 0.7384134615384615 0.05244318181818176 0.1096730769230769
0 0.8558522727272727 0.714173076923077 0.0652556818181819 0.10423076923076921
0 0.795497159090909 0.6799326923076923 0.02451704545454544 0.08059615384615385
0 0.9549005681818182 0.49230769230769234 0.01758522727272743 0.026730769230769186
0 0.947450284090909 0.9480480769230769 0.049701704545454556 0.07971153846153847
0 0.9551136363636363 0.5450961538461538 0.08977272727272734 0.07961538461538463
0 0.6557457386363637 0.1401634615384615 0.10620738636363634 0.15821153846153843
0 0.7429545454545454 0.21537499999999998 0.056874999999999946 0.15313461538461537
0 0.8246022727272727 0.3333173076923077 0.09178977272727273 0.11248076923076925
0 0.9387002840909091 0.36113461538461544 0.07492897727272728 0.060346153846153834
0 0.9545596590909091 0.28666346153846156 0.07343750000000006 0.0972500000000001
0 0.8852414772727273 0.3233365384615384 0.06937500000000005 0.08386538461538465
0 0.9262215909090908 0.20759615384615393 0.0597159090909092 0.052307692307692284
0 0.8548579545454544 0.2635576923076922 0.07383522727272714 0.09003846153846153
0 0.8150213068181817 0.19219230769230766 0.056860795454545414 0.08607692307692306
0 0.9643963068181818 0.9496634615384616 0.07120738636363635 0.10067307692307692
0 0.7944318181818182 0.20618269230769237 0.05968749999999998 0.1103653846153847
0 0.6283451704545455 0.028807692307692312 0.06955965909090905 0.057500000000000065
0 0.28328125 0.6260865384615384 0.055284090909090894 0.09221153846153844
0 0.3374147727272727 0.6316538461538461 0.054403409090909106 0.07865384615384617
0 0.38875710227272725 0.6579230769230769 0.08637784090909087 0.09273076923076923
0 0.4386505681818182 0.6410769230769231 0.04178977272727267 0.0800769230769231
0 0.5222514204545455 0.7352788461538462 0.028593749999999994 0.0504423076923077
0 0.4948721590909091 0.7403461538461538 0.04670454545454545 0.05976923076923077
0 0.46917613636363636 0.765625 0.040852272727272716 0.07063461538461539
0 0.4501065340909091 0.8225769230769231 0.05569602272727278 0.07546153846153845
0 0.816122159090909 0.9552019230769231 0.035710227272727255 0.08940384615384615
0 0.46671164772727275 0.7068173076923077 0.06748579545454544 0.054942307692307735
0 0.2598366477272727 0.5521442307692308 0.09811079545454549 0.06390384615384613
0 0.256484375 0.4441153846153846 0.04819602272727274 0.09134615384615384
0 0.02997159090909091 0.42000961538461534 0.03494318181818182 0.06536538461538452
0 0.05590198863636364 0.3389519230769231 0.05538352272727273 0.0687884615384615
0 0.2965909090909091 0.18194230769230768 0.05332386363636363 0.0655384615384615
0 0.3390411931818182 0.17226923076923073 0.04941761363636363 0.048307692307692315
0 0.43404829545454543 0.37623076923076926 0.06440340909090914 0.051846153846153806
0 0.2987713068181818 0.30646153846153845 0.05609375000000001 0.12073076923076918
0 0.496328125 0.27211538461538465 0.08024147727272729 0.07523076923076924
0 0.39472301136363636 0.7116923076923076 0.03211647727272729 0.06980769230769228
0 0.947556818181818 0.06280769230769223 0.0362784090909092 0.07815384615384624
0 0.5734019886363636 0.1855961538461538 0.030213068181818157 0.09173076923076921
0 0.5587855113636363 0.18721153846153848 0.031576704545454574 0.06442307692307692
0 0.4852840909090909 0.08125000000000004 0.09113636363636367 0.12096153846153841
0 0.5396946022727273 0.109201923076923 0.07921874999999998 0.08278846153846156
0 0.5283806818181819 0.20686538461538462 0.08590909090909093 0.0910769230769231
0 0.4730255681818182 0.20988461538461534 0.06619318181818185 0.0631538461538461
0 0.3138352272727273 0.48942307692307696 0.07568181818181818 0.09530769230769226
0 0.745127840909091 0.631173076923077 0.09380681818181821 0.17103846153846153
0 0.764375 0.6244807692307692 0.04497159090909102 0.06300000000000004
0 0.7087713068181819 0.4945576923076923 0.04075284090909099 0.06434615384615386
0 0.8563920454545456 0.03738461538461535 0.04775568181818182 0.044884615384615446
0 0.38517755681818183 0.9674423076923077 0.05112215909090914 0.06511538461538462
0 0.30367187500000004 0.9516153846153846 0.057485795454545456 0.09676923076923077
0 0.4119744318181818 0.8827211538461539 0.09295454545454546 0.11774999999999998
0 0.027194602272727273 0.9336153846153846 0.054389204545454546 0.09126923076923077
0 0.022897727272727274 0.894451923076923 0.028806818181818183 0.06267307692307693
0 0.22669744318181823 0.9790288461538461 0.0845596590909091 0.04194230769230769
0 0.07671875 0.968625 0.0749715909090909 0.06275
0 0.11318892045454546 0.89825 0.03194602272727274 0.08734615384615385
0 0.10430397727272726 0.8282692307692308 0.05295454545454545 0.08803846153846154
0 0.14963068181818182 0.8186346153846153 0.07903409090909091 0.13157692307692312
0 0.9208451704545454 0.029384615384615342 0.04333806818181817 0.058769230769230775
0 0.0733877840909091 0.7935961538461538 0.04123579545454547 0.06934615384615385
0 0.07627840909090909 0.8922115384615384 0.026732954545454546 0.05711538461538462
0 0.08017755681818181 0.8464519230769231 0.02964488636363636 0.04217307692307694
0 0.05387784090909091 0.8941634615384615 0.046278409090909085 0.1006730769230769
0 0.019339488636363637 0.8008942307692308 0.038678977272727275 0.09663461538461539
0 0.035930397727272724 0.8444326923076924 0.05896306818181818 0.04944230769230768
0 0.35456676136363635 0.7988942307692308 0.06600852272727277 0.07782692307692307
0 0.3676704545454545 0.8344615384615385 0.028181818181818186 0.03649999999999998
0 0.3313778409090909 0.8208942307692308 0.05076704545454547 0.07101923076923075
0 0.6091051136363637 0.6893461538461538 0.04724431818181817 0.10326923076923075
0 0.9131676136363637 0.07239423076923068 0.04559659090909078 0.07263461538461535
0 0.6867755681818182 0.6524711538461538 0.04156249999999999 0.06394230769230769
0 0.6002769886363637 0.6563846153846153 0.05674715909090908 0.10696153846153847
0 0.5596306818181819 0.6972884615384616 0.05267045454545452 0.11984615384615384
0 0.023501420454545455 0.7320480769230769 0.04700284090909091 0.07578846153846153
0 0.14855823863636364 0.9083461538461539 0.02322443181818183 0.05257692307692307
0 0.1343181818181818 0.878673076923077 0.04519886363636363 0.08811538461538461
0 0.13223011363636364 0.9473653846153847 0.029630681818181816 0.0535
0 0.15683948863636363 0.9844903846153846 0.04345170454545453 0.03098076923076923
0 0.11504971590909091 0.9769134615384616 0.0510653409090909 0.04601923076923077
0 0.19787642045454545 0.9588653846153846 0.06944602272727272 0.08226923076923078
0 0.8233806818181818 0.12225961538461538 0.038039772727272686 0.07517307692307698
0 0.234765625 0.9076057692307692 0.04367897727272727 0.08644230769230768
0 0.2564275568181818 0.9602692307692308 0.04805397727272725 0.07934615384615384
0 0.36190340909090907 0.5624807692307692 0.04096590909090905 0.0694230769230769
0 0.42644176136363643 0.7338173076923077 0.054559659090909124 0.04840384615384616
0 0.5633096590909091 0.7876730769230769 0.06488636363636364 0.14200000000000004
0 0.6584446022727273 0.9791057692307692 0.047599431818181805 0.04178846153846154
0 0.9625142045454546 0.01876923076923076 0.07497159090909088 0.03753846153846151
0 0.9748650568181819 0.011721153846153909 0.05026988636363634 0.02344230769230769
0 0.8459943181818183 0.028115384615384653 0.0390625 0.05623076923076925
0 0.8176278409090908 0.02710576923076924 0.05383522727272724 0.05421153846153846
0 0.8131107954545456 0.09334615384615375 0.041960227272727385 0.0815769230769231
0 0.7732031250000001 0.020019230769230734 0.07532670454545451 0.04003846153846152
0 0.40519886363636365 0.5040576923076923 0.04073863636363637 0.0669615384615385
0 0.43558238636363633 0.4802115384615384 0.058835227272727296 0.06738461538461538
0 0.3463920454545455 0.8875961538461539 0.06872159090909094 0.0806153846153846
0 0.31161931818181815 0.9098365384615384 0.03832386363636366 0.0684423076923077
0 0.34461647727272726 0.9447788461538462 0.061732954545454514 0.05044230769230769
0 0.34620738636363635 0.9620673076923076 0.05215909090909087 0.025942307692307688
0 0.34860795454545457 0.9871538461538462 0.04630681818181821 0.02569230769230769
0 0.38574573863636363 0.4130576923076923 0.15700284090909086 0.12503846153846163
0 0.20129261363636364 0.5391057692307692 0.032670454545454544 0.06740384615384618
0 0.7768963068181818 0.09169230769230774 0.04129261363636371 0.1161153846153846
0 0.2010511363636364 0.5852980769230769 0.030028409090909113 0.047519230769230786
0 0.21557528409090906 0.4864807692307693 0.06143465909090909 0.0702692307692308
0 0.17839488636363637 0.5091923076923077 0.03332386363636363 0.05803846153846155
0 0.12938210227272728 0.5267980769230769 0.045980113636363625 0.09651923076923082
0 0.21676136363636364 0.43644230769230774 0.07769886363636362 0.10665384615384611
0 0.77453125 0.7491634615384615 0.015539772727272805 0.07440384615384615
0 0.8527698863636364 0.10297115384615374 0.04267045454545449 0.09651923076923076
0 0.8745099431818182 0.12312499999999993 0.07362215909090915 0.12575000000000008
0 0.7149644886363636 0.04175961538461548 0.04217329545454537 0.08351923076923078
0 0.4171022727272727 0.7016346153846154 0.038920454545454515 0.05461538461538463
0 0.6553338068181819 0.073298076923077 0.0787073863636364 0.14659615384615388
0 0.6949360795454546 0.06844230769230775 0.045355113636363645 0.09600000000000003
0 0.7590482954545454 0.15999038461538462 0.04659090909090902 0.05921153846153839
0 0.918387784090909 0.24280769230769228 0.06069602272727275 0.0410769230769231
0 0.798877840909091 0.2817980769230769 0.06653409090909096 0.0711346153846153
0 0.9206676136363636 0.26630769230769236 0.06400568181818174 0.06823076923076926
0 0.9107386363636363 0.19991346153846157 0.06852272727272729 0.044865384615384585
0 0.6024076704545455 0.19334615384615372 0.030838068181818154 0.09249999999999993
0 0.5825071022727273 0.11379807692307686 0.04771306818181815 0.07659615384615381
0 0.6170170454545455 0.141625 0.048920454545454545 0.08928846153846155
0 0.3141264204545455 0.6794038461538462 0.06311079545454547 0.06907692307692305
0 0.5857883522727273 0.3211538461538461 0.04612215909090905 0.07453846153846153
0 0.5607954545454545 0.287076923076923 0.07761363636363634 0.08569230769230769
0 0.5673082386363636 0.3746538461538461 0.05526988636363632 0.11530769230769237
0 0.7097798295454545 0.4367884615384615 0.08200284090909085 0.06757692307692305
0 0.6795454545454546 0.4997115384615385 0.043267045454545426 0.05646153846153843
0 0.7391690340909091 0.3746538461538461 0.04646306818181823 0.081
0 0.7616619318181819 0.3921826923076923 0.04073863636363629 0.07582692307692299
0 0.7813352272727272 0.335951923076923 0.052926136363636515 0.0837115384615384
0 0.601015625 0.5157692307692308 0.07151988636363639 0.04026923076923071
0 0.605049715909091 0.4666442307692307 0.06686079545454544 0.05032692307692311
0 0.2939133522727273 0.5906346153846154 0.06211647727272726 0.09846153846153843
0 0.7688920454545454 0.8263365384615384 0.03642045454545453 0.08086538461538462
0 0.7722301136363637 0.8621634615384616 0.03105113636363638 0.05036538461538461
0 0.7885369318181819 0.7922884615384616 0.02798295454545461 0.04484615384615386
0 0.7305610795454546 0.7686153846153846 0.022144886363636408 0.06353846153846154
0 0.6938494318181818 0.9706634615384615 0.05491477272727276 0.05851923076923077
0 0.5508380681818182 0.9501538461538461 0.06196022727272728 0.06746153846153846
0 0.5149289772727272 0.9839423076923077 0.04190340909090909 0.032115384615384615
0 0.560546875 0.981423076923077 0.06098011363636357 0.037153846153846155
0 0.5289985795454545 0.7963846153846154 0.042343750000000006 0.07396153846153845
0 0.4996377840909091 0.7800769230769231 0.04538352272727279 0.07015384615384614
0 0.2748082386363636 0.6992596153846153 0.052514204545454544 0.08474999999999999
0 0.5538849431818181 0.8529134615384615 0.036946022727272716 0.12840384615384617
0 0.25906960227272724 0.8997692307692308 0.03413352272727273 0.05749999999999998
0 0.33011363636363633 0.7665865384615385 0.0621875 0.047288461538461515
0 0.1866619318181818 0.8929807692307692 0.06176136363636364 0.0558076923076923
0 0.16828835227272726 0.8415769230769231 0.03401988636363635 0.055730769230769236
0 0.007230113636363636 0.8746346153846154 0.014431818181818183 0.052192307692307705
0 0.9582173295454546 0.19992307692307698 0.030894886363636364 0.04538461538461532
0 0.9617400568181819 0.17442307692307701 0.044815340909091006 0.053961538461538464
0 0.9584588068181819 0.2510865384615385 0.049758522727272686 0.07563461538461547
0 0.9729119318181819 0.45861538461538465 0.0492329545454545 0.060423076923076954
0 0.5002556818181817 0.17652884615384612 0.12102272727272725 0.08109615384615387
0 0.9710440340909091 0.37604807692307696 0.039275568181818314 0.06490384615384616
0 0.9364630681818181 0.3891538461538462 0.05235795454545456 0.07530769230769235
0 0.9209374999999999 0.3255673076923076 0.03389204545454547 0.04963461538461539
0 0.899815340909091 0.3405096153846153 0.030852272727272766 0.04332692307692303
0 0.8541264204545456 0.41673076923076924 0.0503835227272726 0.06323076923076922
0 0.8912357954545456 0.39476923076923076 0.04642045454545447 0.06515384615384626
0 0.8873721590909092 0.454125 0.03349431818181824 0.061711538461538415
0 0.9815127840909091 0.27868269230769227 0.03697443181818178 0.08551923076923071
0 0.972734375 0.3358365384615385 0.05453124999999998 0.04236538461538456
0 0.7056463068181817 0.2767019230769231 0.06700284090909094 0.07998076923076929
