0 0.16732954545454545 0.09628846153846149 0.06289772727272727 0.10761538461538468
0 0.9805397727272727 0.2176730769230769 0.038920454545454515 0.08657692307692304
0 0.4490838068181818 0.5978173076923077 0.02541193181818188 0.0339807692307692
0 0.42572443181818187 0.8148365384615385 0.04517045454545456 0.07848076923076923
0 0.35493607954545453 0.7375480769230769 0.05617897727272725 0.10794230769230768
0 0.39389204545454537 0.6555192307692308 0.04857954545454544 0.08638461538461542
0 0.8432386363636364 0.5107980769230769 0.08463068181818172 0.09451923076923073
0 0.8808096590909091 0.5969903846153846 0.10900568181818183 0.041365384615384596
0 0.9350639204545454 0.6420865384615384 0.07137784090909091 0.07690384615384617
0 0.9339772727272727 0.7194615384615385 0.09812499999999989 0.09123076923076923
0 0.8851136363636364 0.6909038461538461 0.08730113636363641 0.06169230769230771
0 0.9273650568181818 0.7833173076923077 0.09080965909090918 0.052596153846153834
0 0.9104616477272726 0.29410576923076914 0.03143465909090908 0.03713461538461539
0 0.8241619318181819 0.8246826923076923 0.04133522727272731 0.11417307692307692
0 0.7748295454545455 0.9044423076923077 0.1406818181818182 0.09707692307692309
0 0.6444176136363636 0.92075 0.05204545454545453 0.07957692307692307
0 0.5587144886363636 0.9662788461538462 0.027514204545454553 0.04624999999999999
0 0.5514630681818182 0.986326923076923 0.03176136363636366 0.027153846153846153
0 0.6161150568181818 0.9724903846153846 0.08808238636363636 0.055019230769230765
0 0.5916335227272728 0.8370192307692308 0.04931818181818186 0.05873076923076922
0 0.47719460227272736 0.8743557692307693 0.07731534090909092 0.10840384615384614
0 0.40713068181818185 0.8963173076923077 0.06005681818181814 0.12055769230769231
0 0.5089772727272727 0.7673653846153846 0.11971590909090905 0.10469230769230768
0 0.9403551136363636 0.2882692307692307 0.04005681818181825 0.03796153846153848
0 0.6995880681818182 0.6292307692307693 0.1021875 0.08365384615384615
0 0.6154687499999999 0.642423076923077 0.07747159090909093 0.049538461538461524
0 0.4406178977272727 0.21946153846153849 0.06600852272727277 0.09399999999999999
0 0.24989346590909092 0.21076923076923082 0.041377840909090906 0.13496153846153847
0 0.47308238636363636 0.26065384615384624 0.07227272727272727 0.10480769230769231
0 0.3646875 0.17429807692307686 0.06340909090909093 0.093826923076923
0 0.12379261363636364 0.26129807692307694 0.03928977272727274 0.1467115384615384
0 0.2849573863636364 0.3311153846153846 0.10488636363636364 0.1041153846153846
0 0.3831392045454546 0.39383653846153843 0.04136363636363641 0.09701923076923075
0 0.25844460227272725 0.3993557692307693 0.060014204545454544 0.08440384615384612
0 0.9827698863636364 0.3814519230769231 0.03446022727272726 0.06786538461538466
0 0.34875710227272727 0.30745192307692304 0.04370738636363642 0.09940384615384626
0 0.3195454545454546 0.04086538461538458 0.1415909090909091 0.08173076923076923
0 0.15707386363636364 0.036067307692307704 0.02156250000000001 0.05905769230769238
0 0.04262784090909091 0.06974038461538457 0.033295454545454545 0.05955769230769236
0 0.017244318181818184 0.1177307692307693 0.03448863636363637 0.05030769230769236
0 0.09214488636363637 0.15657692307692295 0.07187500000000001 0.08880769230769232
0 0.1989346590909091 0.34879807692307696 0.11232954545454545 0.14601923076923068
0 0.19796164772727273 0.5207115384615384 0.05259943181818182 0.09734615384615392
0 0.0823721590909091 0.5184423076923077 0.08568181818181819 0.10342307692307692
0 0.3727982954545455 0.5338461538461539 0.06417613636363638 0.05153846153846156
0 0.8521732954545456 0.6390961538461538 0.09008522727272722 0.06784615384615385
0 0.34220880681818183 0.5486153846153846 0.039786931818181805 0.0416923076923077
0 0.03627130681818182 0.5786442307692308 0.07254261363636363 0.12967307692307695
0 0.15291193181818183 0.6071538461538462 0.05451704545454547 0.04634615384615389
0 0.24152698863636363 0.6298269230769231 0.038821022727272704 0.05369230769230767
0 0.3725213068181818 0.5974423076923077 0.07504261363636365 0.09496153846153851
0 0.013487215909090909 0.9351826923076924 0.026974431818181818 0.037403846153846156
0 0.051292613636363636 0.8818076923076923 0.07238636363636364 0.11688461538461538
0 0.011257102272727273 0.8968653846153847 0.022514204545454546 0.04211538461538461
0 0.10377130681818182 0.6130769230769231 0.07041193181818182 0.17669230769230768
0 0.4065127840909091 0.7498173076923077 0.07569602272727267 0.10698076923076923
0 0.7657457386363636 0.670451923076923 0.12228693181818179 0.08751923076923075
0 0.11963778409090908 0.7420961538461538 0.0636221590909091 0.06857692307692308
0 0.24343039772727273 0.6905288461538461 0.05725852272727273 0.06590384615384617
0 0.3227272727272727 0.6865576923076924 0.09394886363636362 0.08380769230769233
0 0.2218110795454545 0.8336153846153846 0.0795028409090909 0.16646153846153847
0 0.126796875 0.7929230769230768 0.02879261363636365 0.03796153846153845
0 0.5287642045454546 0.9895384615384616 0.03497159090909092 0.020923076923076926
0 0.24607954545454547 0.9474903846153846 0.0878409090909091 0.07521153846153845
0 0.20078125 0.978173076923077 0.05079545454545453 0.043653846153846154
0 0.01609375 0.8333461538461538 0.0321875 0.10003846153846155
0 0.12280539772727274 0.8902115384615384 0.10731534090909092 0.17996153846153845
0 0.7900497159090908 0.6005576923076923 0.07367897727272728 0.0603846153846154
0 0.3344460227272727 0.9160865384615384 0.09954545454545456 0.10344230769230771
0 0.17817471590909092 0.923 0.06669034090909091 0.10673076923076924
0 0.055525568181818176 0.9649903846153847 0.08659090909090908 0.06936538461538462
0 0.1286221590909091 0.96175 0.0434375 0.0765
0 0.05007102272727273 0.8451538461538461 0.051505681818181825 0.1265769230769231
0 0.05969460227272727 0.730375 0.10572443181818181 0.11325
0 0.47689630681818185 0.7777596153846154 0.026519886363636388 0.03636538461538461
0 0.7469105113636364 0.629375 0.07279829545454554 0.08013461538461542
0 0.8338707386363637 0.5622211538461539 0.04845170454545456 0.06559615384615382
0 0.9611292613636363 0.5585192307692308 0.07711647727272722 0.08700000000000002
0 0.773856534090909 0.4441442307692308 0.05822443181818183 0.0669807692307692
0 0.7542400568181818 0.3790000000000001 0.07998579545454546 0.09746153846153847
0 0.8881818181818182 0.3801057692307692 0.09704545454545462 0.07224999999999998
0 0.4957315340909091 0.18007692307692302 0.0593607954545454 0.08284615384615382
0 0.38828125 0.11806730769230767 0.07196022727272727 0.08963461538461541
0 0.5237286931818183 0.30498076923076933 0.08529829545454547 0.10930769230769226
0 0.6362144886363637 0.25703846153846144 0.08075284090909086 0.05353846153846149
0 0.7468110795454547 0.18951923076923072 0.037116477272727266 0.09507692307692307
0 0.5758451704545454 0.026038461538461455 0.09075284090909089 0.05207692307692305
0 0.6683096590909091 0.07982692307692307 0.06232954545454545 0.08934615384615392
0 0.6758167613636363 0.09769230769230774 0.04973011363636362 0.0673076923076923
0 0.7424573863636365 0.4432980769230769 0.0519886363636364 0.04728846153846149
0 0.6063920454545454 0.1388942307692308 0.07218749999999999 0.19109615384615386
0 0.7313565340909091 0.06268269230769241 0.07737215909090912 0.1253653846153846
0 0.8132102272727273 0.05074999999999996 0.20502840909090905 0.10015384615384612
0 0.9319460227272726 0.0900192307692308 0.10920454545454544 0.18003846153846154
0 0.9798650568181819 0.028115384615384653 0.039900568181818225 0.05623076923076925
0 0.8953977272727273 0.23434615384615387 0.07943181818181828 0.08711538461538464
0 0.9873082386363637 0.26983653846153843 0.025383522727272734 0.06359615384615394
0 0.7232670454545453 0.5043076923076923 0.050767045454545384 0.13169230769230766
0 0.5445738636363636 0.5554134615384616 0.0757670454545455 0.14394230769230773
0 0.5369886363636364 0.05412499999999998 0.11284090909090909 0.10825000000000004
0 0.14796164772727274 0.12694230769230763 0.09458806818181818 0.10626923076923075
0 0.4026065340909091 0.21062499999999995 0.07921874999999998 0.13524999999999998
0 0.4968465909090909 0.10627884615384608 0.07977272727272731 0.07482692307692312
0 0.4559303977272728 0.13019230769230772 0.07180397727272729 0.09611538461538464
0 0.7315553977272727 0.3058653846153846 0.05910511363636373 0.07938461538461533
0 0.7013210227272727 0.3706346153846154 0.03531250000000002 0.06992307692307695
0 0.6807102272727273 0.4091442307692308 0.0712784090909091 0.10801923076923069
0 0.7251207386363636 0.2826923076923077 0.05813920454545463 0.05596153846153851
0 0.7047727272727272 0.25165384615384623 0.08721590909090914 0.09707692307692312
0 0.6294389204545454 0.42809615384615385 0.11205965909090908 0.08430769230769226
0 0.6633025568181818 0.5376730769230769 0.11245738636363639 0.1430384615384616
0 0.46025568181818177 0.6072115384615384 0.08767045454545451 0.19688461538461538
0 0.5684943181818182 0.44361538461538463 0.08784090909090905 0.05176923076923069
0 0.570234375 0.2530096153846154 0.0468323863636364 0.10971153846153837
0 0.5927414772727273 0.20019230769230778 0.037812500000000006 0.12107692307692304
0 0.6314630681818182 0.2855192307692308 0.051619318181818225 0.04630769230769228
0 0.5438849431818181 0.2030384615384616 0.06302556818181819 0.11376923076923082
0 0.479921875 0.47433653846153845 0.05606534090909095 0.06286538461538461
0 0.49958806818181817 0.4327115384615384 0.05857954545454547 0.039653846153846165
0 0.530546875 0.46753846153846157 0.05021306818181821 0.043615384615384625
0 0.4100639204545455 0.3475673076923077 0.08115056818181818 0.16855769230769227
0 0.3803338068181818 0.2853461538461538 0.04916193181818184 0.09053846153846162
0 0.43291903409090904 0.5523461538461538 0.06254261363636368 0.13088461538461538
0 0.45379971590909096 0.3305576923076923 0.0790482954545455 0.07426923076923078
0 0.37698863636363633 0.045346153846153925 0.2109943181818182 0.09069230769230774
0 0.2931747159090909 0.10225961538461525 0.05257102272727276 0.06067307692307695
0 0.3142471590909091 0.22067307692307692 0.10369318181818186 0.09619230769230766
0 0.28544744318181814 0.15958653846153847 0.05376420454545454 0.06586538461538462
0 0.3526846590909091 0.4990096153846154 0.06752840909090908 0.0672884615384615
0 0.3640909090909091 0.4201538461538462 0.09443181818181817 0.1791923076923077
0 0.17029829545454545 0.6744423076923076 0.0964772727272727 0.09546153846153849
0 0.25577414772727275 0.5817692307692308 0.14808238636363635 0.14534615384615387
0 0.1595525568181818 0.19441346153846162 0.041548295454545456 0.061134615384615426
0 0.6600071022727273 0.32327884615384617 0.08305397727272723 0.05621153846153849
0 0.21135653409090913 0.5667211538461538 0.05183238636363634 0.05513461538461536
0 0.10982954545454544 0.3579326923076923 0.05485795454545454 0.10067307692307696
0 0.15895596590909092 0.25514423076923076 0.05117897727272725 0.14998076923076925
0 0.2673366477272727 0.12469230769230777 0.03742897727272727 0.04246153846153843
0 0.22890625 0.08976923076923071 0.07687500000000001 0.07942307692307694
0 0.22207386363636364 0.1226346153846154 0.053096590909090906 0.0410769230769231
0 0.340546875 0.11248076923076922 0.05592329545454546 0.06442307692307692
0 0.22888494318181818 0.03735576923076922 0.07063920454545453 0.07471153846153851
0 0.17149147727272726 0.04436538461538464 0.06383522727272725 0.08873076923076921
0 0.21399857954545454 0.2275576923076924 0.07362215909090909 0.18350000000000002
0 0.6552130681818181 0.3627307692307692 0.09741477272727271 0.07676923076923069
0 0.07347301136363636 0.33405769230769233 0.04589488636363636 0.09623076923076927
0 0.12629261363636363 0.16831730769230768 0.037954545454545456 0.09240384615384617
0 0.15799005681818182 0.5689711538461539 0.06339488636363635 0.08294230769230769
0 0.11824573863636365 0.4513076923076923 0.08103693181818182 0.07838461538461537
0 0.12035511363636363 0.3779134615384615 0.05999999999999999 0.09405769230769236
0 0.08300426136363637 0.27939423076923076 0.07859375 0.14501923076923082
0 0.020951704545454544 0.014942307692307644 0.04190340909090909 0.029230769230769317
0 0.10642045454545455 0.025375000000000036 0.037528409090909085 0.05009615384615398
0 0.01838778409090909 0.0483365384615384 0.03677556818181818 0.08071153846153852
0 0.022073863636363635 0.07965384615384619 0.04414772727272727 0.050038461538461504
0 0.9823863636363637 0.687701923076923 0.03522727272727266 0.1098653846153846
0 0.06609375 0.05303846153846159 0.057187499999999995 0.10607692307692312
0 0.10803267045454547 0.06669230769230772 0.04475852272727274 0.057038461538461475
0 0.05909801136363637 0.12052884615384618 0.1101846590909091 0.06848076923076926
0 0.153359375 0.4948173076923077 0.0439346590909091 0.08471153846153853
0 0.05543323863636363 0.3795576923076923 0.06569602272727272 0.1720384615384616
0 0.23074573863636363 0.6687307692307692 0.029190340909090926 0.033884615384615395
0 0.2898863636363636 0.4858365384615384 0.06159090909090907 0.09467307692307696
0 0.46786931818181815 0.3911634615384615 0.05818181818181823 0.0544423076923077
0 0.5556392045454545 0.4997403846153846 0.029573863636363627 0.05436538461538458
0 0.691953125 0.6839519230769231 0.08703124999999998 0.14159615384615384
0 0.9898792613636364 0.6426923076923077 0.020241477272727272 0.04430769230769229
0 0.8216974431818183 0.4431923076923078 0.07237215909090916 0.097076923076923
0 0.8109801136363637 0.40785576923076927 0.043409090909090994 0.07921153846153846
0 0.9531463068181818 0.5960769230769232 0.0937073863636364 0.07657692307692307
0 0.9463068181818183 0.3532980769230769 0.059375000000000094 0.10217307692307691
0 0.8684446022727272 0.30217307692307693 0.06294034090909083 0.12296153846153846
0 0.6061008522727273 0.37776923076923075 0.07666193181818186 0.07892307692307686
0 0.9744318181818182 0.7865480769230769 0.05113636363636364 0.10898076923076926
0 0.18245738636363634 0.7369230769230769 0.08542613636363638 0.0883846153846154
0 0.26798295454545457 0.6521923076923077 0.06110795454545452 0.08934615384615387
0 0.10211647727272727 0.7979134615384615 0.03176136363636362 0.05067307692307694
0 0.9405397727272728 0.22541346153846165 0.07122159090909089 0.05982692307692299
0 0.06826704545454546 0.7678557692307693 0.06701704545454547 0.08025000000000003
0 0.03313920454545454 0.6541346153846153 0.06627840909090908 0.10450000000000001
0 0.02229403409090909 0.7387596153846154 0.04458806818181818 0.10275000000000001
0 0.5106392045454545 0.811451923076923 0.11727272727272728 0.08598076923076925
0 0.7444602272727273 0.8041730769230769 0.09443181818181821 0.10346153846153842
0 0.6722585227272727 0.8365769230769231 0.05622159090909089 0.033884615384615395
0 0.6680823863636364 0.8853365384615385 0.10232954545454548 0.06244230769230769
0 0.8374360795454546 0.769423076923077 0.1014630681818181 0.1086153846153846
0 0.605625 0.7472884615384616 0.13605113636363633 0.18007692307692305
0 0.42504261363636364 0.6006923076923076 0.024488636363636376 0.03315384615384612
