0 0.5900568181818181 0.31609615384615386 0.04869318181818186 0.10907692307692313
0 0.4782173295454545 0.6577980769230769 0.07660511363636364 0.0949423076923077
0 0.3487144886363636 0.27029807692307695 0.06981534090909092 0.04351923076923076
0 0.996171875 0.9418269230769231 0.007656249999999981 0.0221923076923077
0 0.7014133522727273 0.8210961538461539 0.0527130681818182 0.05603846153846154
0 0.6997301136363636 0.3817211538461539 0.13900568181818176 0.16363461538461543
0 0.5392258522727272 0.2521057692307693 0.05882102272727268 0.0954807692307693
0 0.011477272727272727 0.33187500000000014 0.022954545454545453 0.10728846153846158
0 0.16583806818181818 0.9051538461538462 0.05889204545454545 0.08511538461538462
0 0.6623153409090908 0.6418653846153846 0.0615340909090909 0.07373076923076924
0 0.04288352272727273 0.11758653846153844 0.05224431818181818 0.08271153846153845
0 0.7718963068181818 0.7095961538461539 0.05046874999999996 0.08449999999999999
0 0.27292613636363633 0.22645192307692308 0.07164772727272731 0.05659615384615386
0 0.8358167613636364 0.85475 0.047372159090909124 0.1240769230769231
0 0.7165482954545456 0.4770288461538462 0.041619318181818195 0.03655769230769229
0 0.8067258522727272 0.421875 0.017258522727272695 0.042442307692307786
0 0.7876136363636363 0.6508557692307693 0.0703977272727272 0.040173076923076895
0 0.9536079545454546 0.9514134615384615 0.05710227272727279 0.034173076923076924
0 0.4553551136363636 0.9325192307692307 0.04605113636363631 0.07073076923076924
0 0.03583096590909091 0.4010961538461538 0.07166193181818183 0.08511538461538459
0 0.5990056818181818 0.2795288461538462 0.03852272727272728 0.08271153846153845
0 0.5554048295454546 0.5492596153846154 0.08146306818181821 0.06713461538461538
0 0.7231960227272727 0.6529615384615385 0.05843750000000006 0.10069230769230766
0 0.6008167613636364 0.9212884615384616 0.04973011363636362 0.062423076923076914
0 0.17227272727272727 0.025211538461538452 0.06738636363636363 0.05042307692307697
0 0.47813920454545455 0.7953173076923077 0.05534090909090906 0.07971153846153847
0 0.806590909090909 0.8155 0.03852272727272728 0.0863076923076923
0 0.3441193181818182 0.3135096153846153 0.06704545454545457 0.05159615384615381
0 0.7032102272727273 0.07944230769230765 0.05136363636363632 0.09350000000000001
0 0.18864346590909092 0.9803846153846154 0.03984375000000002 0.03896153846153846
0 0.6906747159090909 0.9595769230769231 0.10686079545454548 0.07649999999999998
0 0.35230113636363636 0.5368269230769231 0.07571022727272729 0.09650000000000002
0 0.602549715909091 0.6271826923076923 0.06774147727272727 0.09590384615384616
0 0.5454403409090909 0.49051923076923076 0.05534090909090914 0.051538461538461505
0 0.7012144886363636 0.8589038461538462 0.08279829545454541 0.0851153846153846
0 0.5321946022727272 0.03680769230769232 0.048224431818181805 0.06280769230769247
0 0.06302556818181819 0.4457596153846154 0.053579545454545456 0.06413461538461543
0 0.7760440340909092 0.35996153846153844 0.07217329545454554 0.10069230769230772
0 0.8110156249999999 0.36295192307692314 0.04029829545454546 0.059942307692307725
0 0.004978693181818181 0.544875 0.009957386363636363 0.0318653846153846
0 0.23070312499999998 0.7457211538461538 0.06728693181818182 0.0791346153846154
0 0.7051704545454546 0.9935673076923077 0.016335227272727272 0.012865384615384615
0 0.09455965909090908 0.7466153846153847 0.08897727272727272 0.14684615384615385
0 0.8805255681818182 0.8928173076923077 0.06684659090909083 0.10190384615384618
0 0.9349786931818183 0.06864423076923076 0.06774147727272735 0.11748076923076929
0 0.43321732954545455 0.03058653846153847 0.07348011363636366 0.04786538461538459
0 0.4579971590909091 0.8525576923076923 0.05136363636363632 0.09950000000000002
0 0.2226349431818182 0.23204807692307683 0.07578125 0.13121153846153838
0 0.32933948863636364 0.5803653846153847 0.05401988636363637 0.10607692307692307
0 0.4688139204545454 0.027788461538461595 0.07487215909090907 0.054730769230769194
0 0.5179900568181818 0.8231826923076924 0.06862215909090909 0.043173076923076925
0 0.3381534090909091 0.20562499999999995 0.07164772727272722 0.11194230769230765
0 0.9857031249999999 0.9382307692307692 0.018593750000000044 0.022192307692307692
0 0.5617897727272727 0.9106730769230769 0.0320170454545454 0.02803846153846155
0 0.8836292613636364 0.37974038461538473 0.07305397727272721 0.14386538461538462
0 0.18487926136363636 0.7915769230769231 0.054446022727272725 0.09050000000000001
0 0.6195951704545455 0.41409615384615395 0.07703125000000002 0.08092307692307689
0 0.657890625 0.5963173076923077 0.08279829545454548 0.08451923076923075
0 0.7667471590909091 0.27184615384615385 0.07659090909090903 0.15346153846153848
0 0.7754403409090909 0.4827307692307692 0.08943181818181824 0.06353846153846153
0 0.4314985795454545 0.586298076923077 0.04958806818181822 0.08632692307692305
0 0.9826917613636365 0.03390384615384612 0.03461647727272728 0.06376923076923081
0 0.8178267045454546 0.21676923076923083 0.06684659090909083 0.10250000000000002
0 0.7928125000000001 0.4313461538461537 0.009744318181818201 0.016192307692307725
0 0.2960724431818182 0.05065384615384616 0.046150568181818195 0.023269230769230705
0 0.6884374999999999 0.5327788461538462 0.08014204545454548 0.0857115384615385
0 0.13165482954545454 0.1604423076923076 0.042940340909090914 0.09050000000000001
0 0.8227485795454546 0.9256346153846153 0.07384943181818183 0.05207692307692308
0 0.16401988636363637 0.06844230769230775 0.054232954545454556 0.08073076923076916
0 0.5209446022727273 0.011096153846153811 0.044105113636363574 0.022192307692307733
0 0.4272514204545454 0.09680769230769237 0.05143465909090906 0.08207692307692309
0 0.5408664772727273 0.9457211538461539 0.07420454545454547 0.10371153846153847
0 0.9947869318181817 0.6121634615384615 0.009289772727272837 0.03655769230769235
0 0.8466548295454547 0.5523653846153846 0.10095170454545462 0.034769230769230795
0 0.39257102272727273 0.34335576923076916 0.04178977272727267 0.06405769230769232
0 0.9851065340909091 0.5591153846153847 0.029786931818181858 0.04796153846153846
0 0.5449644886363636 0.33133653846153843 0.05666193181818188 0.06713461538461543
0 0.991612215909091 0.9631634615384616 0.016775568181818103 0.023980769230769233
0 0.73 0.030894230769230813 0.013721590909090945 0.017980769230769276
0 0.11967329545454546 0.05957692307692308 0.03099431818181817 0.03715384615384614
0 0.5739488636363637 0.9530480769230769 0.057755681818181775 0.06405769230769232
0 0.40923295454545455 0.6055288461538462 0.07880681818181813 0.11867307692307688
0 0.9837144886363638 0.7077692307692307 0.03143465909090908 0.056346153846153865
0 0.2106747159090909 0.026125000000000065 0.12666193181818183 0.05225000000000003
0 0.8977911931818183 0.16245192307692313 0.07393465909090918 0.07971153846153844
0 0.6137357954545455 0.9754903846153846 0.0554545454545454 0.04863461538461538
0 0.789325284090909 0.03432692307692309 0.07217329545454554 0.06865384615384613
0 0.08472301136363636 0.06274038461538467 0.09430397727272727 0.058134615384615417
0 0.6798082386363636 0.4326826923076923 0.0566619318181818 0.16363461538461538
0 0.31593039772727277 0.9761923076923077 0.10580965909090914 0.046153846153846156
0 0.11337357954545454 0.8635 0.04958806818181818 0.08092307692307692
0 0.5602556818181819 0.2942692307692307 0.03446022727272726 0.08476923076923074
0 0.7941903409090909 0.13937500000000003 0.061534090909090816 0.061134615384615426
0 0.39992187500000004 0.2988942307692307 0.055582386363636355 0.046019230769230784
0 0.23628551136363637 0.08051923076923073 0.08421875000000002 0.07388461538461531
0 0.5723366477272728 0.9905576923076923 0.02734375 0.018500000000000003
0 0.5218678977272727 0.08902884615384621 0.033991477272727284 0.11005769230769234
0 0.2674502840909091 0.841923076923077 0.08765624999999998 0.08092307692307692
0 0.7533238636363635 0.8964230769230769 0.09289772727272724 0.09584615384615386
