0 0.21735085227272724 0.9055865384615385 0.02813920454545451 0.02478846153846154
0 0.10984375 0.7067788461538462 0.02235795454545456 0.04844230769230769
0 0.13524147727272728 0.8914134615384616 0.04053977272727274 0.049596153846153845
0 0.5853338068181819 0.5942019230769231 0.03240056818181818 0.07128846153846158
0 0.932450284090909 0.8605769230769231 0.03924715909090908 0.05065384615384616
0 0.3452840909090909 0.796625 0.01701704545454544 0.03898076923076922
0 0.64203125 0.6073653846153846 0.05184659090909091 0.05373076923076923
0 0.6594602272727272 0.9912884615384615 0.01900568181818181 0.017423076923076923
0 0.5040411931818182 0.7857211538461538 0.0275426136363637 0.0318653846153846
0 0.26585227272727274 0.5513173076923077 0.025511363636363606 0.04794230769230771
0 0.6270170454545455 0.1809423076923078 0.06122159090909094 0.06623076923076923
0 0.28181107954545453 0.8688173076923077 0.031406249999999976 0.0469423076923077
0 0.9069815340909091 0.008211538461538437 0.02103693181818174 0.016423076923076964
0 0.8211576704545455 0.6240961538461538 0.05223011363636361 0.048961538461538424
0 0.6963210227272728 0.7492019230769231 0.02755681818181823 0.039634615384615386
0 0.49732954545454544 0.12149038461538453 0.04758522727272727 0.09463461538461534
0 0.6150994318181818 0.6027211538461539 0.033863636363636325 0.07459615384615383
0 0.4983025568181818 0.7717307692307692 0.045923295454545515 0.05361538461538458
0 0.7437997159090909 0.187673076923077 0.05055397727272724 0.07296153846153845
0 0.4852059659090909 0.9654230769230769 0.05612215909090908 0.05638461538461539
0 0.23182528409090908 0.3679423076923076 0.015241477272727259 0.033192307692307674
0 0.4444460227272727 0.30754807692307695 0.04730113636363638 0.05498076923076929
0 0.04143465909090909 0.8296634615384616 0.035767045454545454 0.05448076923076923
0 0.2935866477272727 0.8316153846153846 0.02748579545454549 0.046961538461538464
0 0.742237215909091 0.691701923076923 0.0183664772727272 0.024096153846153847
0 0.6928693181818182 0.6870288461538461 0.02525568181818186 0.03651923076923079
0 0.40547585227272726 0.04068269230769228 0.026633522727272728 0.03044230769230766
0 0.9402059659090909 0.8828173076923077 0.056576704545454604 0.06917307692307692
0 0.31782670454545453 0.26394230769230764 0.02852272727272725 0.027576923076923138
0 0.05122159090909091 0.14186538461538456 0.018551136363636367 0.023269230769230705
0 0.06517755681818183 0.10249038461538462 0.05197443181818182 0.04951923076923077
0 0.6807244318181819 0.9909230769230769 0.02593749999999999 0.018153846153846152
0 0.6367897727272728 0.33125961538461535 0.02428977272727276 0.02713461538461541
0 0.26346590909090906 0.6645673076923077 0.030625000000000003 0.0351346153846154
0 0.10854403409090908 0.9183846153846154 0.020042613636363636 0.04811538461538462
0 0.6578053977272728 0.32237499999999997 0.02776988636363638 0.03132692307692301
0 0.020419034090909092 0.792125 0.03308238636363636 0.0520576923076923
0 0.3375213068181818 0.7556153846153846 0.024758522727272737 0.027923076923076943
0 0.6243821022727273 0.22171153846153835 0.022571022727272707 0.022076923076923
0 0.5458451704545454 0.19648076923076918 0.06134943181818182 0.0714615384615385
0 0.9792116477272728 0.8933173076923077 0.035127840909090935 0.04940384615384614
0 0.3168039772727273 0.28829807692307685 0.01968750000000002 0.022980769230769207
0 0.39383522727272724 0.5514326923076923 0.022954545454545408 0.046634615384615385
0 0.20492187499999998 0.927298076923077 0.041235795454545456 0.039865384615384615
0 0.21298295454545454 0.8006634615384616 0.03133522727272728 0.058750000000000024
0 0.28416193181818183 0.5206442307692307 0.042357954545454574 0.044596153846153896
0 0.215234375 0.5977019230769232 0.05052556818181817 0.04401923076923074
0 0.19248579545454544 0.9627307692307692 0.04122159090909092 0.031000000000000003
0 0.3393465909090909 0.19845192307692305 0.0400284090909091 0.039596153846153906
0 0.11208806818181817 0.7388653846153845 0.039346590909090914 0.027846153846153826
0 0.19085227272727276 0.9007115384615385 0.02616477272727271 0.046961538461538464
0 0.7964772727272728 0.6151538461538462 0.05224431818181814 0.06215384615384614
0 0.19542613636363634 0.876798076923077 0.01963068181818185 0.04163461538461538
0 0.8322869318181819 0.03019230769230774 0.023153409090909186 0.04842307692307694
0 0.5531321022727272 0.652048076923077 0.04575284090909088 0.07621153846153846
0 0.7611363636363637 0.48258653846153843 0.05684659090909088 0.07028846153846151
0 0.4386079545454545 0.029471153846153952 0.021903409090909112 0.04167307692307695
0 0.890340909090909 0.2599807692307692 0.035937500000000094 0.04573076923076918
0 0.28383522727272725 0.3123365384615384 0.025170454545454544 0.034980769230769225
0 0.1737784090909091 0.9895865384615384 0.03755681818181818 0.020826923076923076
0 0.33583096590909095 0.782625 0.024389204545454526 0.037250000000000005
0 0.7998366477272728 0.9584711538461539 0.03882102272727279 0.055942307692307694
0 0.980759943181818 0.6638653846153846 0.03848011363636368 0.06176923076923078
0 0.8736647727272726 0.02245192307692312 0.032954545454545354 0.0449038461538462
0 0.887294034090909 0.9721538461538461 0.06884943181818186 0.055692307692307694
0 0.4054758522727273 0.023461538461538534 0.018338068181818216 0.02642307692307683
0 0.9922301136363636 0.7731826923076923 0.015539772727272805 0.026557692307692286
0 0.5076917613636364 0.977 0.05544034090909095 0.046000000000000006
0 0.7545667613636364 0.5976442307692307 0.026235795454545494 0.06363461538461539
0 0.20394176136363634 0.8480096153846154 0.02487215909090912 0.03898076923076922
0 0.3023863636363636 0.18898076923076923 0.029147727272727245 0.04126923076923073
0 0.3720241477272727 0.5545384615384616 0.022968750000000024 0.03107692307692307
0 0.22714488636363636 0.7451634615384616 0.04278409090909092 0.05875
0 0.261640625 0.30471153846153853 0.031150568181818192 0.05203846153846154
0 0.6217613636363637 0.3579038461538462 0.02295454545454549 0.028115384615384625
0 0.05261363636363636 0.8914038461538462 0.058125 0.056884615384615395
0 0.596875 0.34849038461538473 0.03238636363636365 0.03759615384615387
0 0.28217329545454545 0.27420192307692315 0.02053977272727274 0.044865384615384585
0 0.29477272727272724 0.2643365384615385 0.02053977272727274 0.02690384615384617
0 0.9961079545454545 0.9291346153846154 0.007784090909090935 0.04076923076923077
0 0.054467329545454544 0.7956826923076923 0.01916193181818182 0.02421153846153847
0 0.4961150568181818 0.4053461538461538 0.04987215909090911 0.04315384615384615
0 0.4578053977272727 0.2800576923076923 0.03291193181818184 0.06265384615384623
0 0.3495525568181818 0.3024807692307693 0.041377840909090864 0.05603846153846151
0 0.8109019886363636 0.07481730769230766 0.02103693181818174 0.03132692307692311
0 0.2304403409090909 0.8852115384615384 0.022897727272727278 0.03542307692307694
0 0.9093323863636364 0.3144807692307692 0.022244318181818136 0.06534615384615378
0 0.9909730113636364 0.21990384615384617 0.018053977272727326 0.040230769230769264
0 0.9897727272727272 0.18520192307692307 0.020454545454545423 0.03178846153846149
0 0.887294034090909 0.9085961538461539 0.033082386363636314 0.05688461538461538
0 0.23936079545454544 0.082298076923077 0.028863636363636355 0.05340384615384612
0 0.3602627840909091 0.5630961538461539 0.038451704545454574 0.03107692307692307
0 0.053061079545454554 0.8665865384615384 0.04470170454545455 0.050865384615384604
0 0.28681818181818186 0.7467980769230769 0.0572727272727273 0.035903846153846154
0 0.2028622159090909 0.6907692307692308 0.03444602272727273 0.0437692307692308
0 0.5829829545454546 0.3321057692307693 0.040142045454545444 0.039057692307692314
0 0.9559446022727272 0.807451923076923 0.048821022727272734 0.04817307692307694
0 0.8293536931818182 0.055326923076922996 0.027428977272727195 0.028692307692307722
0 0.24328124999999998 0.5321923076923076 0.02647727272727275 0.05015384615384618
0 0.040419034090909085 0.7697403846153846 0.028110795454545458 0.03286538461538462
0 0.2677556818181818 0.01625961538461551 0.04193181818181815 0.032519230769230814
0 0.3548650568181818 0.9610192307692308 0.036661931818181864 0.050846153846153846
0 0.8492826704545454 0.9340192307692308 0.05544034090909087 0.05207692307692308
0 0.6020880681818181 0.3015 0.032784090909090964 0.03342307692307702
0 0.2559303977272727 0.5118846153846154 0.02117897727272727 0.03661538461538454
0 0.21790482954545454 0.35403846153846164 0.029815340909090923 0.09688461538461537
0 0.03472301136363636 0.14929807692307695 0.02268465909090909 0.03444230769230763
0 0.2130965909090909 0.8776826923076924 0.018323863636363645 0.03278846153846153
0 0.12276988636363638 0.9568846153846153 0.021335227272727266 0.04288461538461539
0 0.5998934659090909 0.7045192307692307 0.024105113636363674 0.048192307692307694
0 0.26022017045454543 0.8759134615384615 0.027485795454545447 0.04163461538461537
0 0.24347301136363636 0.6648557692307693 0.022968750000000024 0.031096153846153878
0 0.2629616477272727 0.2750961538461537 0.023196022727272704 0.04126923076923073
0 0.6696306818181819 0.7557980769230769 0.024687499999999994 0.0668269230769231
0 0.0924715909090909 0.8047596153846154 0.03258522727272726 0.044096153846153834
0 0.34136363636363637 0.7259903846153846 0.04460227272727269 0.04651923076923082
0 0.27926846590909093 0.046375000000000055 0.03893465909090909 0.04275000000000004
0 0.46448863636363635 0.4036057692307692 0.035994318181818225 0.046634615384615385
0 0.5202982954545454 0.9295384615384615 0.11 0.1210769230769231
0 0.6637144886363636 0.44571153846153844 0.03444602272727273 0.04734615384615386
0 0.8367684659090909 0.9618653846153846 0.030042613636363603 0.04576923076923077
0 0.6501136363636364 0.7612403846153846 0.045340909090909036 0.06217307692307692
0 0.8330965909090909 0.08008653846153846 0.03076704545454557 0.05009615384615387
0 0.02344460227272727 0.034740384615384756 0.04688920454545454 0.06774999999999992
0 0.24838068181818185 0.31053846153846154 0.024517045454545482 0.02780769230769227
0 0.6034517045454545 0.3727115384615385 0.026789772727272745 0.03996153846153841
0 0.278984375 0.7247596153846154 0.027116477272727237 0.032634615384615435
0 0.013117897727272726 0.8012115384615385 0.026235795454545453 0.06538461538461539
0 0.9582315340909091 0.9840288461538461 0.04424715909090906 0.03194230769230769
0 0.800213068181818 0.5642596153846154 0.03673295454545456 0.04428846153846154
0 0.3387286931818182 0.5961153846153846 0.032144886363636355 0.03961538461538461
0 0.646903409090909 0.3782596153846154 0.031704545454545444 0.036250000000000046
0 0.4223437500000001 0.06472115384615384 0.03786931818181822 0.04967307692307689
0 0.9627911931818182 0.7775000000000001 0.04973011363636362 0.041384615384615374
0 0.6331818181818182 0.6839230769230769 0.03559659090909091 0.03807692307692304
0 0.041257102272727275 0.1623365384615384 0.02336647727272728 0.02513461538461537
0 0.1741619318181818 0.9024807692307693 0.02289772727272726 0.04873076923076924
0 0.02668323863636363 0.7788173076923077 0.04203124999999999 0.04236538461538462
0 0.37172585227272725 0.6020769230769231 0.02740056818181813 0.0710769230769231
0 0.25238636363636363 0.20482692307692307 0.036534090909090905 0.04519230769230769
0 0.6337073863636363 0.29000961538461545 0.030454545454545453 0.03132692307692301
0 0.31210937499999997 0.2173846153846154 0.03313920454545452 0.06876923076923075
0 0.6725 0.7146153846153847 0.020085227272727255 0.03107692307692307
0 0.46483664772727273 0.9402980769230769 0.037116477272727266 0.030634615384615385
0 0.6919744318181817 0.016269230769230814 0.03034090909090903 0.03253846153846157
0 0.3587073863636363 0.9065673076923076 0.029090909090909077 0.06475
0 0.2502201704545455 0.04181730769230774 0.030241477272727302 0.048403846153846075
0 0.6165411931818181 0.3320384615384615 0.02776988636363638 0.029769230769230694
0 0.5701420454545455 0.6956442307692308 0.04414772727272733 0.06798076923076922
0 0.6793821022727272 0.7686346153846154 0.015497159090909126 0.053615384615384606
0 0.16991477272727273 0.9419134615384616 0.045795454545454556 0.033673076923076924
0 0.4808522727272727 0.17820192307692306 0.051420454545454526 0.12428846153846153
0 0.30046164772727274 0.6916346153846153 0.036576704545454544 0.04549999999999999
0 0.3161292613636364 0.3144903846153846 0.02649147727272728 0.03309615384615381
0 0.9069673295454546 0.2769903846153845 0.027911931818181947 0.04421153846153837
0 0.2237002840909091 0.6890480769230769 0.03274147727272725 0.033403846153846166
0 0.27528409090909095 0.6027884615384616 0.04542613636363635 0.0386923076923077
0 0.46347301136363633 0.97475 0.03802556818181824 0.0505
0 0.12377840909090909 0.9082403846153846 0.021590909090909074 0.06201923076923077
0 0.3914772727272728 0.06834615384615383 0.04468749999999997 0.028846153846153848
0 0.2891548295454545 0.5536923076923077 0.028821022727272758 0.029461538461538504
0 0.6885724431818182 0.7188942307692308 0.025838068181818177 0.036519230769230734
0 0.07362926136363636 0.7974134615384616 0.02171875 0.029403846153846138
0 0.906669034090909 0.9852596153846154 0.035127840909090935 0.02948076923076923
0 0.2219815340909091 0.5790673076923076 0.041008522727272734 0.04874999999999999
0 0.3000923295454545 0.3577596153846153 0.025099431818181802 0.028557692307692242
0 0.4202627840909091 0.029471153846153952 0.018338068181818136 0.028826923076922986
0 0.32630681818181817 0.8413653846153846 0.04710227272727276 0.052269230769230755
0 0.8129971590909091 0.013913461538461513 0.02664772727272726 0.02782692307692313
0 0.3083096590909091 0.8812211538461538 0.04252840909090909 0.0345576923076923
0 0.2417613636363636 0.2782403846153846 0.023181818181818213 0.04755769230769234
0 0.08882812500000001 0.8617403846153846 0.026832386363636364 0.041173076923076916
0 0.8522798295454546 0.014528846153846087 0.039275568181818314 0.028480769230769237
0 0.2364559659090909 0.634625 0.017428977272727245 0.046634615384615385
0 0.48223011363636364 0.3868942307692308 0.04164772727272726 0.03132692307692301
0 0.9819673295454546 0.9738365384615385 0.03606534090909089 0.052326923076923076
0 0.5512357954545455 0.1305480769230769 0.10855113636363631 0.11675000000000008
0 0.4292755681818182 0.2814423076923077 0.03548295454545449 0.065423076923077
0 0.021612215909090907 0.8532692307692308 0.043224431818181815 0.041153846153846166
0 0.3426633522727273 0.856423076923077 0.027485795454545447 0.05226923076923077
0 0.9865340909090908 0.74575 0.026931818181818234 0.033499999999999974
0 0.32452414772727267 0.35395192307692314 0.027911931818181825 0.04690384615384613
0 0.36040482954545455 0.7672980769230769 0.03001420454545458 0.028942307692307687
0 0.9761221590909092 0.023682692307692266 0.04775568181818182 0.04736538461538461
0 0.9793892045454545 0.7074134615384615 0.032443181818181704 0.053596153846153856
0 0.9164417613636363 0.025451923076923122 0.021747159090909175 0.0199423076923077
0 0.3089417613636364 0.7851634615384615 0.028139204545454547 0.045711538461538456
0 0.21030539772727275 0.6614038461538462 0.04933238636363635 0.03107692307692307
0 0.2699928977272727 0.8386634615384615 0.03526988636363638 0.0355576923076923
0 0.9873792613636364 0.2520096153846153 0.025241477272727245 0.05901923076923077
0 0.453828125 0.2192115384615385 0.05927556818181821 0.09126923076923084
0 0.66171875 0.027586538461538468 0.01792613636363637 0.05517307692307692
0 0.6547301136363637 0.2934038461538463 0.035482954545454574 0.04749999999999998
0 0.3286931818181818 0.2933557692307691 0.01900568181818181 0.034942307692307724
0 0.6684801136363636 0.6831538461538462 0.03272727272727276 0.034961538461538474
0 0.87453125 0.30180769230769233 0.02875000000000001 0.03015384615384606
0 0.38620028409090906 0.6130769230769231 0.03137784090909095 0.06230769230769232
0 0.8269034090909091 0.5689230769230769 0.028124999999999935 0.045846153846153856
0 0.27314630681818186 0.17708653846153843 0.04464488636363633 0.034403846153846125
0 0.26594460227272726 0.2419134615384615 0.021207386363636373 0.04844230769230769
0 0.3284019886363636 0.5693076923076923 0.03901988636363636 0.05596153846153845
0 0.23861505681818185 0.930826923076923 0.030099431818181855 0.052269230769230776
0 0.8911931818181817 0.02720192307692304 0.03156250000000004 0.05440384615384619
0 0.9828267045454546 0.13947115384615383 0.03434659090909084 0.06355769230769233
0 0.6490838068181819 0.35272115384615377 0.03825284090909092 0.03551923076923071
0 0.27656960227272726 0.7859615384615385 0.02109374999999999 0.06365384615384614
0 0.08659801136363637 0.711625 0.04382102272727273 0.06778846153846153
0 0.09183238636363637 0.7550288461538461 0.017244318181818184 0.02421153846153847
0 0.6458522727272727 0.2644326923076923 0.04011363636363638 0.02609615384615383
0 0.14079545454545456 0.9303942307692308 0.016363636363636358 0.03190384615384616
0 0.31069602272727276 0.7543461538461539 0.03113636363636362 0.06196153846153846
0 0.7864275568181818 0.5790192307692308 0.02984374999999999 0.045846153846153856
0 0.8756107954545453 0.33926923076923066 0.029460227272727287 0.044769230769230825
0 0.8188849431818181 0.979423076923077 0.026832386363636506 0.04115384615384615
0 0.26090198863636366 0.7839326923076924 0.03796874999999999 0.07751923076923074
0 0.9737997159090909 0.16444230769230772 0.04120738636363635 0.06030769230769233
0 0.36131392045454547 0.8010480769230769 0.02813920454545451 0.06201923076923077
0 0.3471448863636364 0.2549230769230769 0.044261363636363675 0.05211538461538466
0 0.27654829545454546 0.40473076923076934 0.02119318181818184 0.049346153846153894
0 0.23666193181818185 0.9662692307692308 0.020937499999999973 0.02746153846153846
0 0.3289559659090909 0.799548076923077 0.023139204545454536 0.04063461538461537
0 0.6417613636363636 0.022625000000000006 0.03502840909090905 0.04524999999999995
0 0.2853693181818182 0.6354903846153845 0.03275568181818182 0.04605769230769234
0 0.22894886363636366 0.8014711538461539 0.0524431818181818 0.06201923076923077
0 0.607862215909091 0.9820961538461539 0.02626420454545456 0.03580769230769231
0 0.6458877840909092 0.9715576923076923 0.049786931818181834 0.03676923076923077
0 0.9872159090909091 0.8025096153846154 0.02556818181818182 0.045711538461538456
0 0.6286860795454546 0.9772019230769231 0.04254261363636362 0.04559615384615385
0 0.06691761363636363 0.7473365384615385 0.016988636363636365 0.032673076923076916
0 0.9016051136363636 0.9303942307692308 0.054545454545454515 0.052057692307692305
0 0.3043394886363636 0.8980673076923077 0.030411931818181814 0.02663461538461539
0 0.2268465909090909 0.40473076923076934 0.037102272727272734 0.04753846153846148
0 0.800731534090909 0.026394230769230864 0.018934659090909148 0.029442307692307587
0 0.6500994318181817 0.2310096153846154 0.037017045454545455 0.05221153846153842
0 0.6219886363636363 0.6501250000000001 0.03960227272727272 0.03263461538461538
0 0.2858025568181818 0.5765 0.03600852272727272 0.03007692307692305
0 0.40394176136363635 0.5563461538461538 0.03870738636363636 0.06626923076923079
0 0.6283096590909091 0.3140288461538461 0.026619318181818195 0.025057692307692364
0 0.36915482954545453 0.5242403846153846 0.07921874999999998 0.04505769230769232
0 0.26245738636363636 0.08229807692307689 0.025028409090909098 0.04821153846153845
0 0.6716832386363637 0.9758461538461538 0.02171874999999995 0.03307692307692307
0 0.7288849431818182 0.5813653846153846 0.04044034090909095 0.03700000000000002
0 0.09561789772727272 0.9481346153846154 0.03555397727272727 0.06388461538461539
0 0.33943892045454543 0.33505769230769233 0.026946022727272725 0.061230769230769186
0 0.33700994318181815 0.535125 0.03444602272727273 0.04351923076923082
0 0.9601491477272727 0.6839615384615385 0.0379403409090908 0.08561538461538458
0 0.775127840909091 0.032423076923077 0.030852272727272603 0.0648461538461539
0 0.05127130681818182 0.737048076923077 0.030411931818181814 0.04601923076923076
0 0.8863778409090909 0.3096730769230769 0.03028409090909082 0.03653846153846154
0 0.20843039772727276 0.630951923076923 0.039303977272727254 0.0514807692307692
0 0.5605255681818182 0.2621634615384616 0.07360795454545453 0.13740384615384613
0 0.42884943181818175 0.009932692307692226 0.04142045454545458 0.019865384615384583
0 0.04400568181818182 0.12697115384615376 0.023380681818181818 0.026980769230769287
0 0.5970170454545455 0.6221538461538461 0.025255681818181778 0.026423076923076886
0 0.31586647727272726 0.37740384615384615 0.03369318181818182 0.0416923076923076
0 0.623671875 0.393423076923077 0.03333806818181822 0.051807692307692305
0 0.061534090909090906 0.15535576923076921 0.01994318181818183 0.0353653846153847
0 0.8109019886363636 0.04491346153846154 0.023849431818181766 0.03798076923076923
0 0.09106534090909091 0.8314711538461539 0.027727272727272732 0.02421153846153847
0 0.9926846590909091 0.8386442307692308 0.014630681818181753 0.046326923076923085
0 0.5167045454545455 0.277625 0.03440340909090913 0.046634615384615385
0 0.2585724431818182 0.63175 0.03103693181818181 0.040884615384615366
0 0.9579971590909092 0.9584807692307692 0.023721590909090814 0.021615384615384616
0 0.28681818181818186 0.2347307692307692 0.02187500000000001 0.03407692307692313
0 0.45188920454545456 0.8974615384615384 0.03397727272727267 0.08353846153846155
0 0.9771590909090908 0.935 0.03832386363636366 0.052500000000000005
0 0.280078125 0.20960576923076923 0.028281249999999994 0.03882692307692307
0 0.21714488636363638 0.9630096153846154 0.030369318181818174 0.04813461538461539
0 0.6812784090909091 0.025942307692307764 0.03585227272727274 0.05184615384615392
0 0.39156960227272725 0.031153846153846088 0.048508522727272775 0.062307692307692265
0 0.31394176136363633 0.711701923076923 0.04882102272727269 0.03917307692307693
0 0.07810369318181819 0.757625 0.01788352272727273 0.024211538461538496
0 0.2575 0.5888846153846155 0.03400568181818182 0.04807692307692308
0 0.6977556818181818 0.780673076923077 0.030426136363636388 0.035730769230769226
0 0.7877556818181819 0.011057692307692268 0.02664772727272726 0.022115384615384617
0 0.6259943181818182 0.2456346153846154 0.02198863636363639 0.02819230769230774
0 0.27787642045454547 0.3410384615384616 0.025184659090909115 0.03857692307692308
0 0.2513636363636364 0.24280769230769228 0.018551136363636367 0.028692307692307722
0 0.8352272727272727 0.5965096153846154 0.03099431818181809 0.06217307692307689
0 0.29764914772727274 0.015326923076923182 0.035752840909090894 0.03065384615384615
0 0.9294176136363635 0.013576923076922931 0.02664772727272742 0.02657692307692317
0 0.3533664772727273 0.6081634615384616 0.025823863636363645 0.05751923076923076
0 0.08480823863636364 0.784 0.02873579545454544 0.03546153846153848
0 0.6122230113636363 0.27210576923076923 0.03563920454545459 0.0402115384615384
0 0.23508522727272727 0.5596346153846153 0.04201704545454543 0.06215384615384614
0 0.5971448863636364 0.2052884615384616 0.038295454545454514 0.11626923076923083
0 0.738721590909091 0.6220673076923077 0.029517045454545497 0.041442307692307716
0 0.8942897727272726 0.347548076923077 0.03809659090909098 0.04378846153846161
0 0.25468039772727274 0.4141442307692308 0.030468750000000024 0.04305769230769228
0 0.8412428977272726 0.9909230769230769 0.026832386363636343 0.018153846153846152
0 0.24857244318181818 0.6947980769230769 0.021264204545454544 0.025326923076923052
0 0.25386363636363635 0.8211442307692307 0.025511363636363606 0.043173076923076925
0 0.4444176136363636 0.24106730769230778 0.06585227272727275 0.07517307692307687
0 0.6506818181818183 0.7056923076923077 0.028125000000000015 0.0380769230769231
0 0.4353480113636364 0.9247019230769231 0.0312926136363636 0.09201923076923076
0 0.9559446022727273 0.7330288461538461 0.04151988636363639 0.05990384615384616
0 0.06277698863636363 0.7719038461538461 0.02299715909090909 0.026807692307692303
0 0.26771306818181817 0.7077596153846154 0.028920454545454565 0.06390384615384619
0 0.4894247159090909 0.4335288461538461 0.030326704545454577 0.03409615384615388
0 0.2967542613636364 0.28900961538461534 0.023196022727272746 0.029596153846153928
0 0.14765625 0.9564519230769231 0.04911931818181818 0.042019230769230774
0 0.3184517045454545 0.8192115384615385 0.024857954545454544 0.030999999999999982
0 0.22455255681818184 0.8502211538461539 0.02291193181818181 0.04163461538461537
0 0.3086505681818182 0.33189423076923086 0.022812500000000003 0.027788461538461515
0 0.9655326704545453 0.8392596153846154 0.048821022727272734 0.03521153846153844
0 0.503465909090909 0.22240384615384612 0.05093750000000002 0.11826923076923077
0 0.5886931818181819 0.6470096153846154 0.028124999999999935 0.035750000000000004
0 0.07094460227272727 0.8399519230769231 0.026832386363636364 0.03390384615384617
0 0.02265625 0.7455192307692309 0.035767045454545454 0.04842307692307691
0 0.1232599431818182 0.9877692307692307 0.07242897727272726 0.02446153846153846
0 0.29004261363636363 0.6709038461538461 0.04551136363636366 0.0362692307692308
0 0.6216974431818181 0.7216153846153847 0.03558238636363638 0.06215384615384614
0 0.25435369318181816 0.3338653846153846 0.023196022727272704 0.03857692307692308
0 0.2364559659090909 0.3190576923076922 0.021860795454545435 0.03230769230769233
0 0.5015198863636363 0.8750576923076923 0.07423295454545453 0.06780769230769229
0 0.6082173295454546 0.6711057692307691 0.038451704545454615 0.04040384615384614
0 0.23106534090909092 0.7259903846153846 0.055454545454545444 0.04651923076923082
0 0.9964275568181818 0.713 0.007144886363636325 0.03796153846153848
0 0.05431107954545455 0.11626923076923079 0.0398721590909091 0.048384615384615436
0 0.23960227272727275 0.851548076923077 0.01767045454545454 0.04075000000000002
0 0.06500710227272727 0.8138365384615385 0.023622159090909086 0.02594230769230768
0 0.2980965909090909 0.32416346153846154 0.023380681818181828 0.04478846153846147
0 0.7181321022727272 0.6105 0.028707386363636334 0.05284615384615383
0 0.555127840909091 0.5972788461538461 0.03099431818181825 0.06217307692307695
0 0.2889346590909091 0.7904038461538461 0.018380681818181813 0.058923076923076925
0 0.2967542613636364 0.40249038461538456 0.0364346590909091 0.0681730769230769
0 0.8799218750000001 0.26921153846153845 0.03521306818181813 0.044769230769230714
0 0.34377840909090907 0.23018269230769228 0.03752840909090907 0.03648076923076928
0 0.9821946022727271 0.8661346153846154 0.03561079545454553 0.04200000000000001
0 0.15649857954545454 0.9117884615384615 0.01765625000000001 0.0761923076923077
0 0.6489630681818181 0.7328749999999999 0.024687499999999994 0.0318653846153846
0 0.6544176136363636 0.6497307692307692 0.03673295454545456 0.06915384615384616
0 0.10397017045454544 0.7705961538461539 0.028735795454545462 0.03803846153846154
0 0.7909090909090909 0.05107692307692313 0.021732954545454642 0.05792307692307693
0 0.7802485795454545 0.1924134615384615 0.04328125000000004 0.07217307692307687
0 0.43159090909090914 0.25638461538461543 0.025710227272727225 0.023653846153846175
0 0.5385298295454546 0.28075000000000006 0.029815340909090923 0.05846153846153842
