0 0.25793323863636364 0.93525 0.032144886363636355 0.029846153846153845
0 0.826669034090909 0.020807692307692416 0.01578125000000002 0.04030769230769227
0 0.2659659090909091 0.903673076923077 0.0328693181818182 0.035769230769230775
0 0.9819105113636364 0.6935288461538461 0.036178977272727314 0.08386538461538459
0 0.3087713068181818 0.9273269230769231 0.022485795454545432 0.03726923076923076
0 0.6250568181818181 0.31152884615384613 0.0451420454545455 0.05905769230769238
0 0.891434659090909 0.3360192307692308 0.028267045454545423 0.056499999999999995
0 0.2274715909090909 0.9804038461538461 0.044176136363636355 0.03919230769230769
0 0.28673295454545455 0.9775288461538462 0.035000000000000024 0.04494230769230769
0 0.24935369318181821 0.8271346153846154 0.030752840909090917 0.030230769230769228
0 0.9799928977272727 0.9855096153846153 0.039502840909090994 0.02898076923076923
0 0.3457244318181818 0.8000192307692308 0.024630681818181822 0.07573076923076925
0 0.07998579545454546 0.11196153846153856 0.04647727272727273 0.039653846153846053
0 0.07703125000000001 0.8620865384615385 0.03213068181818182 0.05840384615384616
0 0.85015625 0.08291346153846157 0.029602272727272613 0.04232692307692306
0 0.3201349431818182 0.32015384615384623 0.022656249999999985 0.023269230769230705
0 0.23941051136363634 0.6880865384615384 0.026633522727272728 0.027711538461538454
0 0.6947159090909092 0.7587596153846154 0.026335227272727302 0.06224999999999998
0 0.256484375 0.6824807692307693 0.020099431818181787 0.03323076923076923
0 0.6684730113636363 0.6694519230769231 0.03098011363636364 0.04786538461538464
0 0.9917329545454546 0.17345192307692303 0.01642045454545463 0.07598076923076921
0 0.9921803977272727 0.956548076923077 0.015639204545454533 0.06740384615384615
0 0.063203125 0.12400961538461541 0.03740056818181818 0.04009615384615389
0 0.26128551136363637 0.5978557692307692 0.03044034090909092 0.03059615384615384
0 0.24884232954545454 0.9533076923076923 0.018423295454545453 0.035076923076923075
0 0.25306107954545454 0.3779134615384615 0.03061079545454547 0.038288461538461584
0 0.3610724431818182 0.8067403846153847 0.034957386363636385 0.07421153846153847
0 0.06764914772727272 0.16655769230769235 0.050326704545454556 0.038461538461538464
0 0.041647727272727274 0.7641153846153846 0.03815340909090909 0.05065384615384619
0 0.36235795454545455 0.34633653846153856 0.04528409090909094 0.072326923076923
0 0.26321732954545457 0.2268269230769231 0.03819602272727271 0.02950000000000006
0 0.17899857954545456 0.9789615384615384 0.03072443181818183 0.042076923076923074
0 0.6677556818181819 0.7054903846153846 0.029488636363636352 0.034980769230769225
0 0.2511860795454545 0.290798076923077 0.030213068181818195 0.06078846153846146
0 0.9140980113636364 0.3281153846153846 0.027826704545454592 0.06499999999999992
0 0.3115625 0.2690096153846153 0.019232954545454574 0.03701923076923077
0 0.4715127840909091 0.29437499999999994 0.022230113636363603 0.02867307692307686
0 0.9922869318181817 0.86875 0.015426136363636383 0.04076923076923076
0 0.29107954545454545 0.7658846153846154 0.02139204545454546 0.04923076923076922
0 0.2560582386363636 0.9852788461538462 0.037940340909090924 0.029442307692307695
0 0.05269176136363636 0.8758461538461538 0.025838068181818177 0.023192307692307696
0 0.36703125 0.5517692307692308 0.024801136363636376 0.04011538461538459
0 0.4606107954545454 0.22378846153846155 0.022642045454545453 0.06476923076923079
0 0.7010298295454546 0.013519230769230672 0.022769886363636405 0.027038461538461542
0 0.31581676136363634 0.23599038461538469 0.044275568181818166 0.0819423076923076
0 0.043004261363636366 0.02605769230769228 0.02697443181818182 0.03826923076923072
0 0.8459019886363636 0.04271153846153852 0.030411931818181935 0.06923076923076912
0 0.22801136363636362 0.8904807692307692 0.04446022727272725 0.07630769230769233
0 0.7455326704545455 0.5893076923076923 0.027315340909090935 0.027153846153846164
0 0.2634517045454545 0.6194903846153845 0.03514204545454547 0.031096153846153822
0 0.71609375 0.7062980769230769 0.039886363636363616 0.040749999999999995
0 0.02078125 0.05137500000000006 0.027840909090909093 0.019788461538461578
0 0.30546875 0.016884615384615387 0.03323863636363637 0.033769230769230774
0 0.6419957386363637 0.7255096153846153 0.027201704545454595 0.05186538461538461
0 0.2437571022727273 0.9213557692307692 0.01541193181818181 0.029826923076923074
0 0.8348011363636364 0.9892980769230769 0.021534090909090864 0.021403846153846155
0 0.2666477272727273 0.5243173076923077 0.03639204545454546 0.04332692307692308
0 0.2230823863636364 0.9603173076923077 0.034744318181818196 0.04698076923076923
0 0.7200071022727272 0.7635192307692308 0.031207386363636402 0.04350000000000001
0 0.4872585227272727 0.5172596153846154 0.05494318181818183 0.0955192307692308
0 0.3577911931818182 0.9111057692307692 0.04200284090909094 0.04271153846153846
0 0.3371377840909091 0.9876538461538461 0.039360795454545426 0.024615384615384615
0 0.011164772727272728 0.1606249999999999 0.022329545454545456 0.06967307692307685
0 0.2844957386363637 0.2998557692307692 0.017627840909090906 0.0443269230769231
0 0.39653409090909086 0.5942019230769231 0.027329545454545388 0.053326923076923056
0 0.29730113636363636 0.3203173076923077 0.024801136363636376 0.035173076923076856
0 0.572684659090909 0.2889519230769231 0.06315340909090907 0.08390384615384615
0 0.19800426136363633 0.9839134615384615 0.027372159090909107 0.03213461538461538
0 0.4545525568181818 0.2829615384615385 0.03541193181818183 0.09069230769230774
0 0.3168465909090909 0.7952211538461539 0.03130681818181821 0.05721153846153846
0 0.26787642045454546 0.2041346153846153 0.03481534090909089 0.04638461538461539
0 0.4986363636363636 0.9226153846153846 0.06630681818181819 0.1488846153846154
0 0.36647017045454544 0.9868173076923077 0.02140624999999995 0.026365384615384617
0 0.5051065340909091 0.43466346153846147 0.048224431818181805 0.029749999999999943
0 0.38698863636363645 0.545826923076923 0.017130681818181823 0.028269230769230803
0 0.08223011363636364 0.8218461538461539 0.04230113636363637 0.05
0 0.2704971590909091 0.9482211538461538 0.026931818181818192 0.03955769230769231
0 0.6417826704545454 0.6890673076923077 0.03947443181818177 0.06121153846153843
0 0.5905752840909091 0.6537788461538462 0.03759943181818186 0.07455769230769227
0 0.8990269886363635 0.9596538461538462 0.041661931818181876 0.04284615384615384
0 0.10128551136363638 0.86775 0.035752840909090915 0.05807692307692308
0 0.9733664772727273 0.8348461538461538 0.053267045454545456 0.11784615384615384
0 0.9826420454545454 0.798 0.021761363636363707 0.048615384615384616
0 0.2609446022727273 0.34063461538461537 0.02166193181818182 0.039653846153846165
0 0.908494318181818 0.2798173076923077 0.04622159090909102 0.05590384615384614
0 0.07377130681818182 0.14667307692307685 0.05728693181818181 0.03542307692307695
0 0.6342897727272727 0.22488461538461535 0.024034090909090932 0.04776923076923083
0 0.8318323863636364 0.5807211538461539 0.05181818181818185 0.03636538461538461
0 0.3720099431818182 0.5958461538461539 0.02674715909090911 0.03361538461538465
0 0.29159801136363633 0.20308653846153846 0.02776988636363638 0.06671153846153846
0 0.04730113636363636 0.8612596153846154 0.030227272727272724 0.03263461538461538
0 0.29164772727272725 0.5953846153846154 0.024261363636363654 0.03100000000000001
0 0.1237215909090909 0.7626923076923077 0.05903409090909091 0.045615384615384585
0 0.0606534090909091 0.8908653846153847 0.022613636363636357 0.021884615384615377
0 0.8446235795454545 0.9742692307692308 0.031860795454545544 0.029961538461538467
0 0.10181107954545454 0.8183173076923077 0.03049715909090909 0.04790384615384617
0 0.2820383522727273 0.6308557692307692 0.03254261363636363 0.04567307692307692
0 0.04133522727272727 0.7984711538461539 0.0565340909090909 0.0775576923076923
0 0.8234730113636364 0.9645865384615384 0.020525568181818245 0.05075
0 0.4793892045454546 0.4110865384615384 0.02786931818181819 0.04932692307692303
0 0.7803764204545455 0.47741346153846154 0.04501420454545462 0.04875000000000004
0 0.3350639204545454 0.9458653846153846 0.027542613636363657 0.02284615384615385
0 0.14432528409090908 0.9315 0.03742897727272727 0.04323076923076923
0 0.8211079545454545 0.994625 0.016306818181818047 0.01075
0 0.5465127840909091 0.9276153846153846 0.09990056818181824 0.14446153846153847
0 0.8582102272727273 0.9846538461538461 0.026051136363636408 0.030653846153846153
0 0.8318963068181818 0.6032500000000001 0.020411931818181826 0.023884615384615414
0 0.2842116477272727 0.8534807692307692 0.03200284090909091 0.07615384615384614
0 0.29839488636363637 0.36250000000000004 0.02355113636363638 0.08496153846153837
0 0.3119034090909091 0.373625 0.02034090909090912 0.06421153846153854
0 0.26216619318181816 0.7819038461538461 0.025241477272727245 0.05265384615384615
0 0.28768465909090907 0.9374230769230769 0.02900568181818184 0.04707692307692308
0 0.3346448863636363 0.7447884615384615 0.03210227272727272 0.04980769230769229
0 0.293515625 0.65575 0.021974431818181817 0.06546153846153845
0 0.6645099431818182 0.7474423076923078 0.029957386363636408 0.07253846153846154
0 0.021022727272727273 0.02445192307692312 0.03346590909090909 0.038980769230769194
0 0.32910511363636363 0.36887500000000006 0.02460227272727272 0.05059615384615385
0 0.6805610795454545 0.7523846153846154 0.018593750000000044 0.06650000000000002
0 0.6687997159090909 0.9868076923076923 0.06205965909090909 0.026384615384615385
0 0.5747088068181818 0.1625288461538461 0.04526988636363629 0.04867307692307693
0 0.27524857954545456 0.2690576923076923 0.039786931818181805 0.06338461538461534
0 0.7998792613636364 0.02514423076923078 0.02532670454545444 0.04478846153846169
0 0.6714630681818181 0.2747980769230769 0.031448863636363615 0.04463461538461534
0 0.3073721590909091 0.5455 0.021448863636363627 0.053461538461538484
0 0.24000710227272723 0.8597692307692307 0.02134943181818182 0.04276923076923079
0 0.9843963068181818 0.7377788461538461 0.030582386363636326 0.06828846153846158
0 0.3644460227272727 0.5761538461538461 0.015767045454545447 0.0232307692307692
0 0.3279403409090909 0.9067115384615385 0.035227272727272746 0.025769230769230766
0 0.32123579545454545 0.8825288461538462 0.023522727272727275 0.034942307692307696
0 0.27072443181818184 0.5934326923076922 0.044659090909090905 0.051942307692307677
0 0.5136363636363637 0.18592307692307697 0.05011363636363641 0.09703846153846162
0 0.15395596590909089 0.976326923076923 0.05265625000000001 0.04734615384615385
0 0.2612215909090909 0.0873846153846155 0.024573863636363654 0.036653846153846155
0 0.01585227272727273 0.7895192307692307 0.02514204545454546 0.05611538461538463
0 0.2800213068181818 0.8329423076923077 0.04007102272727274 0.051961538461538455
0 0.27938210227272725 0.8019807692307692 0.024900568181818183 0.04342307692307692
0 0.28401988636363634 0.5578365384615385 0.03113636363636362 0.05571153846153846
0 0.2585227272727273 0.6511442307692308 0.02434659090909089 0.05159615384615381
0 0.5037286931818182 0.4064423076923077 0.052968749999999946 0.05165384615384607
0 0.07440340909090909 0.8084615384615385 0.023948863636363636 0.06134615384615383
0 0.04931818181818182 0.04904807692307689 0.03255681818181818 0.04686538461538462
0 0.06051846590909091 0.7600576923076923 0.04438920454545454 0.06292307692307691
0 0.34811079545454543 0.9712019230769231 0.02761363636363636 0.03867307692307692
0 0.3460724431818182 0.5726442307692308 0.025809659090909074 0.04267307692307692
0 0.6000355113636363 0.6120576923076922 0.08870738636363634 0.07269230769230765
0 0.6661150568181818 0.6150576923076922 0.03967329545454546 0.041615384615384644
0 0.814140625 0.015798076923076887 0.019303977272727316 0.031442307692307735
0 0.8929545454545454 0.9791153846153846 0.03099431818181809 0.04176923076923077
0 0.29112215909090905 0.714701923076923 0.021420454545454562 0.029019230769230776
0 0.3438849431818181 0.30192307692307696 0.0807528409090909 0.03834615384615395
0 0.739140625 0.6131153846153846 0.02092329545454548 0.030692307692307706
0 0.21353693181818179 0.9479326923076923 0.04985795454545454 0.054057692307692314
0 0.9253338068181818 0.011500000000000066 0.03830965909090897 0.02299999999999996
0 0.5881321022727273 0.24435576923076918 0.05484375000000002 0.07494230769230774
0 0.8106605113636364 0.5978942307692308 0.025582386363636352 0.04398076923076924
0 0.5059161931818181 0.4125384615384615 0.0337642045454546 0.030461538461538415
0 0.23533380681818183 0.3478365384615385 0.03654829545454544 0.07567307692307697
0 0.8305539772727273 0.05386538461538459 0.027045454545454494 0.02653846153846156
0 0.9700710227272729 0.8764134615384616 0.03389204545454547 0.047711538461538465
0 0.18088778409090908 0.9347596153846154 0.016718749999999994 0.055480769230769236
0 0.008458806818181817 0.9633173076923077 0.01677556818181818 0.0714423076923077
0 0.20951704545454544 0.9126826923076923 0.030738636363636343 0.04848076923076923
0 0.3164417613636364 0.9571153846153846 0.022002840909090923 0.035769230769230775
0 0.3033806818181818 0.9733846153846154 0.02877840909090912 0.05323076923076923
0 0.30762073863636363 0.7415480769230769 0.031491477272727296 0.040403846153846165
0 0.811534090909091 0.6297692307692309 0.02664772727272726 0.038884615384615386
0 0.3185795454545455 0.7999423076923077 0.03585227272727274 0.06207692307692308
0 0.6674360795454546 0.22405769230769224 0.02921875000000007 0.078
0 0.8074289772727273 0.048519230769230814 0.029176136363636473 0.0345384615384615
0 0.24426136363636364 0.7946057692307692 0.02386363636363638 0.05259615384615386
0 0.11041903409090909 0.7342115384615384 0.07663352272727272 0.08426923076923078
0 0.6493394886363636 0.3686153846153847 0.05188920454545451 0.06903846153846149
0 0.33188920454545456 0.9286730769230769 0.02593749999999999 0.02284615384615385
0 0.8648295454545455 0.009182692307692308 0.025965909090909053 0.018365384615384638
0 0.29303267045454545 0.03067307692307697 0.05401988636363637 0.06099999999999994
0 0.29250000000000004 0.8923846153846153 0.03406249999999999 0.06638461538461538
0 0.46779119318181817 0.2695480769230768 0.02092329545454548 0.034980769230769225
0 0.007400568181818182 0.8907403846153846 0.014801136363636364 0.038903846153846164
0 0.31850852272727276 0.3446538461538462 0.019829545454545464 0.027423076923077015
0 0.7605184659090909 0.18762500000000004 0.027940340909090852 0.04344230769230775
0 0.2700568181818182 0.2887980769230769 0.01684659090909093 0.055250000000000035
0 0.44544034090909096 0.5914903846153846 0.046988636363636344 0.0845192307692308
0 0.7641264204545455 0.6984230769230769 0.022002840909090923 0.027961538461538447
0 0.40343749999999995 0.558125 0.02235795454545456 0.033711538461538466
0 0.3568039772727273 0.2830673076923078 0.0709090909090909 0.05109615384615383
0 0.36871448863636364 0.26566346153846154 0.04526988636363637 0.06740384615384618
0 0.35571732954545454 0.9367019230769231 0.02850852272727272 0.026057692307692303
0 0.3415198863636364 0.2288365384615385 0.05732954545454547 0.06351923076923072
0 0.5185937500000001 0.7801923076923076 0.05644886363636357 0.07723076923076923
0 0.28734375 0.6907211538461538 0.021420454545454562 0.027288461538461536
0 0.41393465909090904 0.5834423076923076 0.020255681818181884 0.04707692307692306
0 0.6667400568181818 0.33033653846153843 0.03660511363636361 0.027634615384615393
0 0.6245099431818182 0.3256923076923077 0.043309659090909024 0.0363076923076923
0 0.6381036931818183 0.2713653846153846 0.04441761363636369 0.056999999999999974
0 0.35207386363636367 0.8867211538461538 0.025767045454545476 0.04048076923076924
0 0.4862713068181818 0.6176250000000001 0.012627840909090889 0.020980769230769223
0 0.6457173295454546 0.218923076923077 0.029247159090909056 0.08146153846153838
0 0.29029829545454544 0.24179807692307698 0.018977272727272745 0.048403846153846186
0 0.7827698863636363 0.19014423076923082 0.024005681818181787 0.04286538461538455
0 0.5361008522727272 0.15840384615384617 0.03984375000000002 0.061615384615384544
0 0.23790482954545455 0.630076923076923 0.029730113636363607 0.05819230769230773
0 0.8951349431818181 0.02714423076923078 0.06041193181818194 0.054096153846153947
0 0.6852414772727272 0.6959134615384616 0.02798295454545453 0.03744230769230775
0 0.5505397727272728 0.231375 0.07110795454545454 0.07586538461538471
0 0.5753693181818181 0.19996153846153852 0.07590909090909091 0.047730769230769216
0 0.33018465909090905 0.8270096153846154 0.031931818181818165 0.03144230769230768
0 0.050525568181818185 0.8215096153846154 0.023721590909090914 0.0504423076923077
0 0.3097372159090909 0.8623653846153846 0.020156249999999997 0.060000000000000005
0 0.19271306818181821 0.9241826923076923 0.021107954545454524 0.06525
0 0.16597301136363637 0.9149807692307692 0.02921874999999999 0.06392307692307692
0 0.680234375 0.4521057692307693 0.030781250000000024 0.040749999999999995
0 0.6288139204545454 0.20675 0.024048295454545385 0.04284615384615379
0 0.26331676136363635 0.8169134615384614 0.017002840909090947 0.027250000000000003
0 0.6669105113636363 0.6395673076923076 0.038338068181818195 0.042557692307692296
0 0.2639772727272727 0.97325 0.020539772727272698 0.02919230769230769
0 0.6897088068181818 0.7229134615384616 0.03066761363636368 0.03440384615384618
0 0.48281960227272724 0.21843269230769224 0.027968749999999997 0.06178846153846153
0 0.2810866477272727 0.3884519230769231 0.028451704545454547 0.0765192307692307
0 0.72015625 0.7349326923076924 0.030625000000000003 0.03344230769230772
0 0.8273579545454546 0.08045192307692317 0.045795454545454556 0.05105769230769233
0 0.6670099431818182 0.3580192307692308 0.033565340909090906 0.04784615384615384
0 0.27686079545454545 0.3388557692307693 0.027698863636363636 0.05282692307692302
0 0.2612357954545455 0.5554230769230769 0.03227272727272727 0.051500000000000004
0 0.9913849431818181 0.02022115384615386 0.01723011363636363 0.03994230769230766
0 0.030717329545454544 0.8081730769230769 0.03896306818181819 0.08911538461538462
0 0.3338423295454545 0.9642788461538462 0.022599431818181814 0.03059615384615385
0 0.2570596590909091 0.8898653846153846 0.035397727272727296 0.03234615384615386
0 0.6610653409090909 0.3057019230769231 0.04818181818181821 0.039134615384615316
0 0.30483664772727276 0.7840384615384616 0.02927556818181816 0.0622307692307692
0 0.7001988636363636 0.6777596153846154 0.04650568181818183 0.045442307692307685
0 0.3043181818181818 0.24913461538461545 0.01749999999999999 0.033115384615384665
0 0.3823721590909091 0.5701153846153846 0.02312499999999996 0.03492307692307692
0 0.9163778409090909 0.9715 0.019403409090909207 0.057
0 0.6270880681818182 0.35988461538461536 0.042272727272727344 0.05165384615384618
0 0.892862215909091 0.28638461538461535 0.025639204545454642 0.06019230769230771
0 0.9830255681818181 0.8972115384615384 0.0339488636363636 0.06107692307692307
0 0.3397940340909091 0.34495192307692313 0.02214488636363637 0.0729423076923076
0 0.6353693181818182 0.6362884615384615 0.03852272727272728 0.07365384615384618
0 0.3245028409090909 0.8627115384615385 0.046590909090909065 0.06388461538461539
0 0.8390553977272727 0.6105 0.05169034090909089 0.07900000000000003
0 0.2813494318181818 0.6641538461538462 0.02204545454545456 0.03619230769230773
0 0.15286931818181818 0.9530288461538462 0.04661931818181819 0.04751923076923077
0 0.29532670454545457 0.519673076923077 0.026619318181818195 0.03457692307692306
0 0.7623863636363637 0.6034807692307692 0.03022727272727269 0.05311538461538463
0 0.2441619318181818 0.6643365384615385 0.022130681818181838 0.023942307692307725
0 0.676221590909091 0.019778846153846064 0.037215909090909154 0.039557692307692294
0 0.6084446022727273 0.6788846153846153 0.033735795454545456 0.07153846153846156
0 0.02870028409090909 0.06369230769230771 0.02552556818181818 0.0238461538461538
0 0.2982457386363636 0.28567307692307686 0.013622159090909096 0.05369230769230772
0 0.3047230113636364 0.5712884615384615 0.028593749999999994 0.06292307692307691
0 0.09441051136363637 0.7860480769230769 0.023536931818181818 0.026788461538461525
0 0.2628693181818182 0.8577115384615385 0.03278409090909089 0.03476923076923077
0 0.7747727272727274 0.4883846153846154 0.039034090909090775 0.05323076923076924
0 0.26986505681818185 0.7062596153846155 0.024048295454545423 0.040134615384615394
0 0.2770809659090909 0.08606730769230764 0.02916193181818182 0.056903846153846215
