0 0.4360298295454545 0.7437596153846153 0.028934659090909098 0.04794230769230771
0 0.4009375 0.41509615384615384 0.020738636363636397 0.02192307692307699
0 0.4827698863636364 0.08051923076923073 0.022017045454545456 0.03126923076923075
0 0.4804900568181818 0.16040384615384606 0.04569602272727275 0.029384615384615443
0 0.5308877840909091 0.40193269230769235 0.02203124999999999 0.05090384615384621
0 0.8801633522727272 0.9427692307692308 0.049474431818181716 0.04680769230769231
0 0.3057315340909091 0.049971153846153915 0.04637784090909092 0.09994230769230775
0 0.47473721590909096 0.49932692307692306 0.028849431818181823 0.049384615384615395
0 0.9231676136363636 0.9536346153846154 0.03369318181818186 0.05092307692307693
0 0.4720667613636364 0.37297115384615387 0.025610795454545497 0.035096153846153846
0 0.5758238636363636 0.8529807692307693 0.041193181818181816 0.06238461538461539
0 0.9636931818181819 0.25823076923076915 0.03778409090909094 0.0803846153846154
0 0.6456392045454545 0.011461538461538523 0.02701704545454551 0.022923076923076952
0 0.14391335227272728 0.9155961538461539 0.03629261363636363 0.04315384615384615
0 0.66640625 0.5231346153846154 0.020085227272727334 0.03088461538461539
0 0.40919744318181817 0.40413461538461537 0.024303977272727293 0.036846153846153896
0 0.7887642045454545 0.029240384615384696 0.05340909090909094 0.05774999999999995
0 0.4374076704545455 0.516548076923077 0.027997159090909142 0.07809615384615382
0 0.41259943181818187 0.46917307692307697 0.025028409090909018 0.036192307692307676
0 0.6079545454545454 0.13920192307692303 0.0723863636363637 0.033903846153846146
0 0.5128977272727272 0.4477788461538462 0.029488636363636352 0.037288461538461624
0 0.6793181818181818 0.09822115384615393 0.03923295454545455 0.04625000000000002
0 0.057237215909090915 0.3069519230769231 0.018536931818181814 0.04063461538461537
0 0.20097301136363638 0.8554519230769231 0.19132102272727272 0.2718653846153846
0 0.7447372159090908 0.89625 0.06026988636363637 0.07111538461538461
0 0.13004971590909092 0.2236442307692308 0.03683238636363635 0.05336538461538461
0 0.42874289772727275 0.3011250000000001 0.017826704545454562 0.03801923076923085
0 0.20337357954545457 0.39701923076923074 0.03924715909090908 0.043076923076923034
0 0.6080184659090908 0.018692307692307786 0.02850852272727272 0.037307692307692375
0 0.836221590909091 0.8368076923076924 0.02761363636363628 0.06984615384615384
0 0.3439346590909091 0.3632788461538461 0.04267045454545449 0.03801923076923085
0 0.36087357954545457 0.1862307692307693 0.035752840909090894 0.028538461538461492
0 0.49443181818181814 0.38657692307692304 0.018465909090909092 0.024576923076923135
0 0.9221946022727273 0.9184230769230769 0.03399147727272736 0.02569230769230769
0 0.6200071022727273 0.1801538461538461 0.020099431818181787 0.03642307692307692
0 0.56625 0.45859615384615393 0.02428977272727276 0.041923076923076945
0 0.1737215909090909 0.5062211538461538 0.08022727272727272 0.07259615384615385
0 0.4043607954545454 0.6569711538461538 0.022443181818181834 0.06213461538461539
0 0.9496022727272727 0.2931346153846154 0.027585227272727376 0.08849999999999997
0 0.10352982954545455 0.5622980769230769 0.04186079545454546 0.05017307692307693
0 0.6659517045454546 0.9784326923076923 0.03261363636363634 0.04286538461538461
0 0.4975426136363636 0.08597115384615395 0.0279261363636364 0.03636538461538466
0 0.471484375 0.10450961538461545 0.02632102272727269 0.034173076923077
0 0.8078764204545454 0.5514903846153846 0.05813920454545463 0.08755769230769231
0 0.5731463068181818 0.5582692307692307 0.031122159090909044 0.032692307692307694
0 0.989375 0.8746057692307693 0.02125000000000005 0.022326923076923088
0 0.015511363636363639 0.736 0.020255681818181822 0.027423076923076904
0 0.6559801136363637 0.09799038461538467 0.0507386363636364 0.036634615384615404
0 0.4894034090909091 0.40566346153846156 0.01684659090909093 0.029403846153846083
0 0.07422585227272727 0.2896153846153846 0.02251420454545455 0.03823076923076922
0 0.03208096590909091 0.37177884615384615 0.02825284090909091 0.07228846153846159
0 0.10627840909090908 0.9111057692307692 0.04161931818181818 0.02936538461538461
0 0.7917613636363636 0.32299038461538454 0.019488636363636402 0.03678846153846153
0 0.25208806818181817 0.1628076923076922 0.0279261363636364 0.04861538461538467
0 0.03992897727272727 0.9395865384615385 0.03573863636363636 0.06255769230769231
0 0.09875710227272728 0.9389807692307692 0.03896306818181817 0.034769230769230774
0 0.6924289772727273 0.5657788461538461 0.03286931818181824 0.028442307692307676
0 0.05348721590909091 0.3517596153846153 0.021633522727272734 0.031057692307692373
0 0.8974289772727272 0.9766057692307692 0.019176136363636364 0.046788461538461536
0 0.8319389204545454 0.9217019230769231 0.03353693181818184 0.04301923076923076
0 0.8718323863636364 0.7246538461538461 0.02761363636363644 0.04230769230769231
0 0.5129048295454545 0.3210192307692308 0.027002840909090896 0.03776923076923074
0 0.5432386363636363 0.35316346153846145 0.036051136363636355 0.045365384615384564
0 0.3207102272727273 0.35888461538461536 0.03943181818181817 0.054115384615384586
0 0.13139204545454544 0.3538461538461538 0.03355113636363637 0.07350000000000005
0 0.5885724431818182 0.054230769230769305 0.03370738636363639 0.09080769230769226
0 0.18724431818181816 0.4297788461538462 0.10116477272727274 0.07082692307692305
0 0.6228338068181819 0.08745192307692307 0.014872159090909049 0.021057692307692284
0 0.39202414772727273 0.40785576923076927 0.015241477272727299 0.03467307692307698
0 0.7470525568181817 0.020961538461538365 0.03473011363636354 0.041923076923076945
0 0.16187500000000002 0.3384711538461538 0.039090909090909086 0.05555769230769228
0 0.3848082386363636 0.6558076923076923 0.03901988636363632 0.08557692307692308
0 0.4696377840909091 0.35324038461538454 0.02075284090909093 0.026326923076923074
0 0.950625 0.35796153846153844 0.011960227272727376 0.016192307692307725
0 0.345625 0.16074038461538454 0.01957386363636364 0.02548076923076923
0 0.23393465909090908 0.13444230769230758 0.017159090909090888 0.03296153846153854
0 0.7697088068181818 0.2674519230769231 0.03794034090909096 0.05344230769230773
0 0.13710227272727274 0.5605384615384617 0.038380681818181814 0.09150000000000003
0 0.21796875 0.2127692307692307 0.03789772727272724 0.03834615384615384
0 0.14236505681818182 0.9713461538461539 0.04649147727272728 0.040769230769230766
0 0.06606534090909091 0.3224807692307692 0.019431818181818182 0.03465384615384612
0 0.10225852272727275 0.37177884615384627 0.0450284090909091 0.03524999999999997
0 0.5676633522727272 0.8071442307692308 0.050980113636363615 0.0568653846153846
0 0.8069602272727273 0.07872115384615386 0.03789772727272736 0.050096153846153756
0 0.4296164772727273 0.4613846153846153 0.026250000000000027 0.033769230769230774
0 0.6213565340909091 0.3903653846153846 0.03177556818181819 0.052884615384615384
0 0.02519886363636364 0.7547788461538462 0.019914772727272725 0.02617307692307692
0 0.5940838068181818 0.11813461538461545 0.038565340909090876 0.04030769230769238
0 0.06716619318181817 0.22150000000000003 0.03399147727272727 0.05019230769230774
0 0.8700142045454545 0.6921826923076924 0.01380681818181822 0.028519230769230738
0 0.12443181818181817 0.8847403846153846 0.030994318181818192 0.04975000000000001
0 0.8754119318181818 0.8858557692307693 0.025170454545454583 0.02509615384615384
0 0.9601349431818181 0.9696923076923077 0.04768465909090916 0.06019230769230769
0 0.4743323863636364 0.15295192307692307 0.037272727272727284 0.03467307692307698
0 0.7349928977272726 0.03844230769230772 0.015213068181818072 0.015269230769230764
0 0.008757102272727272 0.22186538461538463 0.017514204545454545 0.04138461538461535
0 0.49815340909090916 0.10753846153846158 0.02852272727272725 0.02807692307692312
0 0.8169602272727272 0.7580961538461539 0.051590909090909 0.04623076923076924
0 0.5736505681818183 0.5147884615384615 0.032357954545454586 0.04380769230769231
0 0.32962357954545457 0.1444326923076923 0.03049715909090909 0.04382692307692312
0 0.39520596590909096 0.47750000000000004 0.022485795454545432 0.042500000000000045
0 0.4785582386363636 0.6104423076923078 0.05768465909090903 0.057999999999999996
0 0.6164417613636364 0.03799038461538462 0.02850852272727272 0.03290384615384618
0 0.10561789772727273 0.8382788461538462 0.02436079545454546 0.029980769230769238
0 0.7846235795454546 0.47524999999999995 0.04651988636363636 0.10823076923076923
0 0.1632599431818182 0.45516346153846154 0.05930397727272727 0.07790384615384614
0 0.22022727272727274 0.9903076923076923 0.040795454545454544 0.01926923076923077
0 0.8760085227272728 0.013403846153846155 0.043863636363636355 0.026807692307692303
0 0.6680042613636363 0.5833846153846154 0.02419034090909095 0.036461538461538476
0 0.01783380681818182 0.770625 0.02291193181818182 0.01213461538461539
0 0.5837357954545455 0.3632788461538461 0.02434659090909089 0.03355769230769229
0 0.8882102272727272 0.9007884615384616 0.01985795454545457 0.052576923076923084
0 0.150234375 0.26104807692307697 0.04296875 0.0520576923076923
0 0.7040624999999999 0.01740384615384616 0.0329829545454545 0.03480769230769235
0 0.47791903409090913 0.5372211538461538 0.019076704545454556 0.033288461538461545
0 0.5250568181818182 0.3444615384615385 0.04536931818181818 0.036846153846153785
0 0.8706534090909092 0.8757403846153846 0.06525568181818174 0.06125000000000002
0 0.8496590909090909 0.6607019230769231 0.07630681818181823 0.05213461538461541
0 0.02134943181818182 0.9350673076923077 0.02525568181818182 0.039365384615384615
0 0.09684659090909092 0.47670192307692305 0.025823863636363627 0.051211538461538454
0 0.5878338068181818 0.38556730769230774 0.03637784090909093 0.047096153846153864
0 0.657734375 0.5169230769230769 0.018025568181818177 0.04942307692307696
0 0.5232670454545455 0.3885480769230769 0.02235795454545456 0.027634615384615393
0 0.15764204545454544 0.7663461538461538 0.03718749999999999 0.05034615384615386
0 0.31420454545454546 0.042509615384615396 0.058835227272727254 0.08501923076923074
0 0.5597159090909091 0.8775480769230769 0.035085227272727254 0.053019230769230756
0 0.8547514204545454 0.5396923076923077 0.07484375000000008 0.05607692307692307
0 0.006328125 0.2564519230769231 0.01265625 0.02690384615384617
0 0.9838139204545455 0.8008076923076923 0.02066761363636357 0.05334615384615386
0 0.4430184659090909 0.09978846153846155 0.04350852272727272 0.08000000000000004
0 0.6977627840909091 0.9722980769230769 0.03538352272727276 0.042980769230769225
0 0.6585227272727273 0.13073076923076932 0.02875000000000001 0.03984615384615379
0 0.6679900568181818 0.16026923076923072 0.03146306818181815 0.038461538461538464
0 0.3396022727272727 0.29810576923076926 0.03463068181818185 0.0514807692307692
0 0.603828125 0.37059615384615396 0.028849431818181823 0.05684615384615385
0 0.6515838068181818 0.1126442307692308 0.029076704545454503 0.04763461538461535
0 0.6052485795454546 0.0911153846153846 0.027741477272727313 0.028384615384615366
0 0.5414701704545455 0.46343269230769235 0.036690340909090964 0.029673076923076937
0 0.006775568181818181 0.28719230769230775 0.013522727272727271 0.04057692307692301
0 0.6234090909090909 0.0147211538461538 0.029488636363636352 0.029442307692307698
0 0.8402130681818182 0.9701057692307692 0.07349431818181819 0.05974999999999999
0 0.07732244318181819 0.37597115384615387 0.033991477272727284 0.049596153846153776
0 0.38863636363636367 0.7008846153846153 0.04241477272727267 0.02642307692307694
0 0.8144176136363636 0.4757403846153846 0.02471590909090906 0.1032884615384616
0 0.25348011363636364 0.12094230769230763 0.02991477272727273 0.061038461538461555
0 0.6407457386363636 0.19638461538461538 0.02850852272727272 0.03465384615384612
0 0.03469460227272727 0.9723942307692308 0.01762784090909091 0.03659615384615385
0 0.455234375 0.7224807692307692 0.04339488636363638 0.05673076923076923
0 0.447109375 0.322298076923077 0.01717329545454542 0.027634615384615285
0 0.5012428977272727 0.5487115384615384 0.03436079545454553 0.026423076923076886
0 0.22634943181818182 0.18980769230769234 0.027528409090909086 0.03350000000000003
0 0.09909801136363637 0.09714423076923073 0.03913352272727273 0.05105769230769233
0 0.02149147727272727 0.2680961538461538 0.02471590909090909 0.047807692307692225
0 0.9120454545454545 0.9467692307692308 0.038920454545454515 0.03453846153846153
0 0.6180610795454545 0.06629807692307699 0.029815340909090923 0.035096153846153846
0 0.06098721590909091 0.26630769230769236 0.019872159090909093 0.045423076923076934
0 0.9783806818181818 0.035615384615384604 0.043238636363636444 0.04619230769230766
0 0.9895951704545454 0.8519903846153847 0.02080965909090906 0.033788461538461524
0 0.4911860795454545 0.43374038461538456 0.024957386363636355 0.029403846153846194
0 0.96359375 0.8534903846153846 0.035653409090908965 0.039211538461538464
0 0.5274928977272727 0.8248173076923077 0.04078124999999997 0.05244230769230771
0 0.6444957386363637 0.5453846153846154 0.022826704545454535 0.028423076923076926
0 0.32368607954545453 0.3976442307692307 0.046463068181818154 0.03655769230769229
0 0.3294389204545455 0.17934615384615382 0.03012784090909092 0.032115384615384594
0 0.8485937500000001 0.8679711538461539 0.04784090909090902 0.06375000000000001
0 0.23851562499999998 0.1125673076923076 0.013565340909090924 0.0497115384615384
0 0.1736789772727273 0.11445192307692309 0.03312500000000001 0.08155769230769236
0 0.5145241477272727 0.15799999999999992 0.026889204545454556 0.0482692307692307
0 0.31926136363636365 0.03380769230769243 0.05056818181818181 0.06761538461538466
0 0.15628551136363636 0.4035192307692308 0.043593749999999994 0.03599999999999994
0 0.45051136363636357 0.4587596153846154 0.020738636363636317 0.02851923076923085
0 0.48778409090909086 0.3661826923076923 0.01749999999999999 0.024134615384615407
0 0.6656463068181818 0.035278846153846244 0.029815340909090923 0.03990384615384615
0 0.643018465909091 0.1737884615384615 0.058338068181818255 0.043000000000000024
0 0.4900497159090909 0.32800961538461537 0.023338068181818192 0.05836538461538466
0 0.6769105113636363 0.5577403846153846 0.024644886363636397 0.02224999999999999
0 0.08592329545454545 0.3018653846153847 0.023835227272727265 0.03288461538461532
0 0.004211647727272727 0.7764615384615384 0.00830965909090909 0.020230769230769222
0 0.9878125000000001 0.0769423076923077 0.024374999999999956 0.041807692307692323
0 0.3113707386363636 0.23363461538461539 0.041406250000000006 0.04280769230769229
0 0.9542329545454545 0.8091442307692307 0.04190340909090909 0.08567307692307692
0 0.6239133522727273 0.34217307692307697 0.058792613636363615 0.04449999999999998
0 0.5628125 0.37385576923076913 0.026249999999999944 0.060557692307692215
0 0.4755184659090909 0.12597115384615387 0.03223011363636363 0.026173076923076948
0 0.6556889204545455 0.5725769230769231 0.030582386363636405 0.03707692307692308
0 0.5013991477272728 0.13232692307692306 0.02203124999999999 0.030269230769230788
0 0.34788352272727274 0.12838461538461532 0.03613636363636363 0.03823076923076922
0 0.9769105113636364 0.9044903846153847 0.04617897727272726 0.03774999999999999
0 0.47206676136363634 0.31418269230769236 0.012627840909090889 0.05001923076923075
0 0.8798224431818181 0.49886538461538454 0.04359375000000008 0.09838461538461543
0 0.02364346590909091 0.7791730769230769 0.03055397727272727 0.02473076923076923
0 0.8050852272727272 0.3316634615384616 0.03281250000000003 0.033326923076923046
0 0.0411221590909091 0.3245673076923077 0.030454545454545456 0.03524999999999997
0 0.20235085227272726 0.7525673076923077 0.04958806818181818 0.03355769230769229
0 0.5801420454545455 0.43873076923076926 0.03352272727272731 0.0488076923076923
0 0.8661434659090909 0.9049807692307692 0.0269176136363637 0.03346153846153846
0 0.829580965909091 0.03067307692307686 0.020724431818181864 0.0612692307692308
0 0.2111008522727273 0.09959615384615372 0.020667613636363612 0.040346153846153775
0 0.3732244318181818 0.4587499999999999 0.02494318181818178 0.04869230769230768
0 0.34097301136363634 0.38338461538461543 0.025923295454545456 0.027038461538461542
0 0.6029616477272728 0.5701057692307692 0.01643465909090908 0.02471153846153845
0 0.9856676136363638 0.9872692307692308 0.028664772727272657 0.025461538461538463
0 0.47611505681818184 0.39337500000000003 0.01620738636363632 0.029403846153846083
0 0.080625 0.3320384615384615 0.03619318181818181 0.03346153846153853
0 0.6814985795454546 0.9476442307692308 0.04757102272727274 0.042596153846153846
0 0.5806321022727272 0.18782692307692306 0.03725852272727275 0.07284615384615384
0 0.6399786931818181 0.37404807692307696 0.03541193181818183 0.07267307692307685
0 0.818046875 0.8003942307692308 0.050866477272727195 0.03640384615384617
0 0.6545028409090908 0.47750961538461545 0.01985795454545457 0.028134615384615376
0 0.09916903409090909 0.2815480769230768 0.032656250000000005 0.04001923076923077
0 0.9892826704545453 0.01200000000000001 0.021434659090909136 0.024000000000000035
0 0.4215127840909091 0.3519134615384616 0.018480113636363624 0.03948076923076918
0 0.08003551136363636 0.5246634615384616 0.05163352272727272 0.06909615384615381
0 0.11874289772727273 0.20789423076923086 0.03490056818181817 0.05336538461538461
0 0.03166193181818182 0.17356730769230766 0.025937500000000002 0.022442307692307612
0 0.011342329545454544 0.9876442307692308 0.02240056818181818 0.02451923076923077
0 0.6496590909090909 0.03602884615384616 0.03596590909090908 0.05440384615384608
0 0.5036647727272728 0.37911538461538463 0.018153409090909133 0.03246153846153845
0 0.027663352272727273 0.2955865384615385 0.02649147727272727 0.03705769230769227
0 0.47012784090909093 0.33524999999999994 0.019772727272727296 0.020192307692307693
0 0.12598011363636363 0.544 0.03008522727272728 0.05607692307692307
0 0.3478835227272727 0.289701923076923 0.03690340909090908 0.05605769230769237
0 0.9052059659090909 0.9100576923076923 0.01589488636363644 0.04003846153846154
0 0.7053480113636363 0.991951923076923 0.020781249999999994 0.016019230769230768
0 0.6358664772727273 0.47852884615384617 0.020085227272727334 0.03171153846153848
0 0.6810227272727273 0.5324038461538461 0.026477272727272707 0.029653846153846183
0 0.4451704545454545 0.42299038461538463 0.01781250000000003 0.04474999999999996
0 0.1905184659090909 0.41620192307692305 0.025724431818181837 0.012980769230769231
0 0.4714914772727272 0.2026826923076923 0.05318181818181818 0.05309615384615387
0 0.818046875 0.7000480769230768 0.023252840909090914 0.03444230769230769
0 0.41258522727272734 0.43654807692307696 0.020369318181818145 0.031173076923076994
0 0.6466477272727272 0.45028846153846147 0.044829545454545455 0.03753846153846161
0 0.90234375 0.6774326923076923 0.02906250000000005 0.05017307692307693
0 0.012102272727272727 0.598423076923077 0.024204545454545454 0.09226923076923076
0 0.9749502840909091 0.013519230769230672 0.02632102272727269 0.027038461538461542
0 0.6895099431818182 0.017932692307692122 0.031235795454545467 0.03467307692307698
0 0.34788352272727274 0.19464423076923087 0.057215909090909095 0.03313461538461531
0 0.2239559659090909 0.12093269230769232 0.02194602272727271 0.06644230769230772
0 0.09784801136363636 0.2522692307692308 0.017656249999999988 0.03407692307692313
0 0.5257386363636364 0.12560576923076927 0.027386363636363598 0.04436538461538471
0 0.847840909090909 0.48115384615384615 0.04505681818181822 0.08657692307692309
0 0.5472727272727272 0.8469038461538462 0.022443181818181834 0.0381153846153846
0 0.6331321022727273 0.047432692307692315 0.025610795454545497 0.035096153846153846
0 0.1684872159090909 0.7480673076923077 0.04029829545454546 0.04375
0 0.0125 0.8878365384615384 0.025 0.04405769230769231
0 0.6669744318181818 0.4778173076923078 0.020795454545454527 0.03128846153846161
0 0.6821590909090909 0.4987307692307693 0.01872159090909092 0.05499999999999994
0 0.4847869318181818 0.31082692307692306 0.02124999999999997 0.061730769230769277
0 0.9931321022727272 0.10624038461538465 0.013735795454545396 0.044173076923076975
0 0.44196732954545453 0.271875 0.027002840909090896 0.03948076923076918
0 0.8059161931818182 0.04599999999999993 0.041178977272727284 0.050076923076923116
0 0.2610582386363636 0.05161538461538473 0.04526988636363637 0.10323076923076924
0 0.6730255681818181 0.48975961538461543 0.014147727272727324 0.04078846153846155
0 0.3897585227272727 0.3852596153846155 0.02235795454545456 0.021057692307692284
0 0.19980113636363636 0.12335576923076919 0.026931818181818154 0.024096153846153903
0 0.788252840909091 0.5446057692307692 0.04505681818181806 0.07771153846153846
0 0.9113849431818182 0.8780865384615385 0.041491477272727326 0.06332692307692307
0 0.9161505681818182 0.7093942307692307 0.02616477272727267 0.06494230769230772
0 0.6442755681818182 0.6368461538461538 0.05889204545454551 0.048192307692307694
0 0.8852982954545454 0.8280576923076923 0.02113636363636379 0.03011538461538461
0 0.49002130681818185 0.19650961538461542 0.07197443181818185 0.05236538461538465
0 0.12623579545454547 0.2932692307692307 0.043693181818181825 0.055730769230769264
0 0.1368821022727273 0.600673076923077 0.042286931818181814 0.05488461538461537
0 0.5939275568181818 0.4195 0.04580965909090909 0.03100000000000001
0 0.3946306818181819 0.7410576923076924 0.045880681818181834 0.0628076923076923
0 0.7613068181818182 0.040750000000000064 0.03372159090909092 0.05088461538461535
0 0.12863636363636363 0.8304903846153846 0.029659090909090902 0.05875
0 0.699502840909091 0.49687499999999996 0.026022727272727263 0.05128846153846151
0 0.43147017045454544 0.5604807692307692 0.021207386363636373 0.03157692307692305
0 0.986328125 0.8341826923076923 0.022286931818181897 0.038019230769230764
0 0.40623579545454547 0.5777019230769231 0.04198863636363637 0.045365384615384564
0 0.6157386363636363 0.6152115384615384 0.026477272727272707 0.04449999999999998
0 0.9077627840909092 0.7793557692307692 0.0261789772727272 0.03805769230769229
0 0.3771164772727273 0.4091730769230769 0.019772727272727296 0.029384615384615443
0 0.1998011363636364 0.09146153846153848 0.02596590909090909 0.04361538461538452
0 0.5127414772727273 0.40982692307692314 0.01684659090909085 0.03773076923076924
0 0.7848863636363635 0.0908365384615385 0.043863636363636355 0.042019230769230816
0 0.939034090909091 0.9819711538461539 0.024857954545454544 0.03586538461538461
0 0.46428977272727273 0.39075000000000004 0.018465909090909092 0.03903846153846145
0 0.10556818181818181 0.3165 0.02338068181818181 0.03346153846153842
0 0.46007812499999995 0.3323942307692308 0.016519886363636358 0.06009615384615385
0 0.04178977272727273 0.2328461538461538 0.037073863636363634 0.045423076923076934
0 0.5145241477272727 0.3720961538461539 0.0275426136363637 0.022807692307692334
0 0.8225994318181818 0.9442788461538462 0.037528409090909196 0.042326923076923074
0 0.4764488636363636 0.43462500000000004 0.024630681818181784 0.020634615384615418
0 0.663671875 0.5456923076923077 0.01734374999999997 0.01915384615384617
0 0.16718750000000002 0.39376923076923076 0.03661931818181818 0.03542307692307695
0 0.21350852272727272 0.15037500000000004 0.02548295454545454 0.040365384615384636
0 0.4281605113636363 0.3679326923076923 0.012315340909090932 0.017980769230769276
0 0.8601988636363636 0.8156442307692308 0.02906249999999989 0.043288461538461546
0 0.8790980113636363 0.7649807692307692 0.023252840909090914 0.060000000000000005
0 0.6337713068181818 0.5858557692307692 0.02328124999999998 0.0315192307692308
0 0.4309090909090909 0.41422115384615377 0.02301136363636362 0.03774999999999999
0 0.07975142045454545 0.2564519230769231 0.018536931818181824 0.03882692307692307
0 0.43609375 0.33042307692307693 0.015227272727272766 0.02984615384615381
0 0.4398224431818182 0.4412019230769231 0.013622159090909136 0.020634615384615418
0 0.44332386363636367 0.29710576923076926 0.031874999999999994 0.03290384615384618
0 0.22215909090909092 0.10252884615384616 0.019715909090909086 0.038403846153846205
0 0.9780965909090908 0.29881730769230763 0.043806818181818225 0.07874999999999997
0 0.37241477272727275 0.4392307692307692 0.026562499999999944 0.04211538461538468
0 0.4610511363636363 0.41247115384615385 0.014573863636363623 0.025442307692307726
0 0.42799005681818175 0.43264423076923086 0.010042613636363627 0.021057692307692284
0 0.834403409090909 0.5844519230769232 0.07630681818181823 0.0511730769230769
0 0.9821946022727271 0.0597788461538461 0.03561079545454553 0.03917307692307693
0 0.8165980113636363 0.7162884615384615 0.053764204545454414 0.04919230769230766
0 0.5207599431818182 0.8629230769230769 0.037116477272727266 0.043615384615384625
0 0.13597301136363635 0.10324038461538465 0.0301278409090909 0.04801923076923082
0 0.9914559659090909 0.9744711538461538 0.017088068181818142 0.039865384615384615
0 0.43877840909090904 0.6796057692307692 0.07832386363636369 0.0803653846153846
0 0.8700923295454547 0.8358365384615385 0.018906250000000083 0.028596153846153827
0 0.4335014204545455 0.3874519230769231 0.02365056818181815 0.02982692307692306
0 0.8896235795454547 0.7212019230769231 0.028338068181818086 0.039365384615384615
0 0.01896306818181818 0.9653846153846154 0.037642045454545456 0.06903846153846155
0 0.65796875 0.6071826923076924 0.02235795454545456 0.03459615384615381
0 0.3644460227272727 0.16813461538461538 0.030113636363636388 0.025999999999999964
0 0.6505681818181818 0.07074038461538468 0.04531249999999997 0.02428846153846153
0 0.19090198863636362 0.1513461538461539 0.021633522727272713 0.034499999999999996
0 0.6814985795454546 0.9891442307692307 0.028394886363636376 0.02171153846153846
0 0.7546377840909091 0.2972307692307692 0.033025568181818184 0.07192307692307688
0 0.40207386363636366 0.36749038461538464 0.026250000000000027 0.039057692307692314
0 0.49870028409090916 0.5151153846153846 0.03436079545454545 0.05226923076923078
0 0.614659090909091 0.48249999999999993 0.03125 0.039653846153846165
0 0.9084446022727272 0.7579038461538462 0.042997159090909065 0.05707692307692306
0 0.365390625 0.13832692307692296 0.028224431818181826 0.044846153846153834
0 0.3831107954545455 0.3567403846153846 0.04406250000000005 0.04386538461538462
0 0.6502272727272728 0.1632403846153846 0.04397727272727278 0.03251923076923071
0 0.6231747159090909 0.11058653846153843 0.027741477272727313 0.02701923076923068
0 0.35592329545454543 0.42945192307692304 0.023721590909090932 0.03640384615384606
0 0.893387784090909 0.017000000000000015 0.033849431818181876 0.034000000000000016
0 0.02016335227272727 0.34369230769230774 0.034417613636363635 0.042423076923076924
0 0.11218749999999998 0.3586346153846154 0.03485795454545455 0.05915384615384613
0 0.11163352272727273 0.25121153846153843 0.018096590909090902 0.03411538461538463
0 0.41832386363636365 0.7495 0.02144886363636367 0.0567307692307692
0 0.016186079545454545 0.23105769230769224 0.020298295454545454 0.045423076923076934
0 0.5582670454545454 0.4043461538461538 0.02690340909090909 0.03465384615384612
0 0.5991051136363637 0.15974999999999995 0.02883522727272729 0.021076923076923146
0 0.08063210227272727 0.3517596153846153 0.032656250000000005 0.02748076923076927
0 0.6378835227272728 0.6099711538461539 0.01872159090909092 0.04140384615384616
0 0.3699857954545455 0.39337500000000003 0.021051136363636355 0.04344230769230775
0 0.45651278409090906 0.4355000000000001 0.015866477272727296 0.0267692307692308
0 0.8428622159090909 0.0485000000000001 0.036406250000000154 0.04634615384615378
0 0.4200142045454545 0.5980961538461538 0.042414772727272745 0.05169230769230768
0 0.5360298295454545 0.4321346153846155 0.033508522727272776 0.040192307692307756
0 0.3330752840909091 0.029086538461538414 0.04802556818181814 0.058173076923076925
0 0.44451704545454546 0.3582788461538462 0.030142045454545494 0.03028846153846154
0 0.18664772727272727 0.21196153846153853 0.05985795454545455 0.04969230769230765
0 0.49064630681818183 0.5662211538461539 0.05896306818181817 0.039634615384615414
0 0.20321022727272728 0.17927884615384615 0.02593749999999999 0.04267307692307692
0 0.1224431818181818 0.9377788461538461 0.025227272727272734 0.03355769230769231
0 0.45563920454545453 0.13941346153846157 0.04082386363636365 0.028365384615384615
0 0.04487926136363636 0.2585384615384615 0.02205965909090909 0.03584615384615382
0 0.5843821022727272 0.4281153846153847 0.032656249999999935 0.035615384615384583
0 0.3981747159090909 0.5444038461538461 0.04538352272727279 0.057999999999999996
0 0.2963068181818182 0.26649999999999996 0.04366477272727274 0.03823076923076922
0 0.5917826704545455 0.6093461538461539 0.03697443181818178 0.053769230769230784
0 0.3350284090909091 0.4257980769230769 0.03673295454545453 0.034365384615384624
0 0.35555397727272725 0.3977884615384616 0.01835227272727271 0.03042307692307691
0 0.8163707386363637 0.3163942307692307 0.028707386363636414 0.049980769230769245
0 0.4531036931818182 0.5142499999999999 0.031377840909090876 0.07119230769230771
0 0.6198295454545455 0.4620961538461539 0.023153409090909106 0.029076923076923087
0 0.7678693181818183 0.06943269230769233 0.03730113636363635 0.052519230769230776
0 0.9177698863636364 0.983125 0.03661931818181814 0.03375
0 0.7711434659090909 0.31472115384615384 0.031576704545454574 0.03886538461538458
0 0.008288352272727272 0.9088365384615384 0.016576704545454544 0.03774999999999999
0 0.5337997159090908 0.1597788461538462 0.03169034090909091 0.04290384615384616
0 0.15321022727272726 0.9470673076923077 0.038068181818181834 0.037750000000000006
0 0.09938920454545454 0.21432692307692314 0.04105113636363636 0.06334615384615384
0 0.4630326704545455 0.28429807692307696 0.021605113636363606 0.04094230769230773
0 0.5348366477272727 0.8030096153846153 0.03751420454545458 0.05190384615384617
0 0.9763707386363637 0.9365865384615385 0.047258522727272705 0.04121153846153845
0 0.8522088068181817 0.7035 0.021803977272727305 0.0354230769230769
0 0.5911647727272727 0.024596153846153768 0.02593749999999999 0.04919230769230766
0 0.22564630681818185 0.01520192307692303 0.0667755681818182 0.03040384615384616
0 0.17328125000000003 0.17036538461538464 0.036306818181818204 0.04538461538461532
0 0.4495028409090909 0.5932115384615384 0.03181818181818179 0.038461538461538464
0 0.2021377840909091 0.7801346153846154 0.05180397727272727 0.028769230769230783
0 0.8384019886363635 0.6931730769230768 0.023252840909090914 0.03049999999999997
0 0.15379261363636362 0.2962596153846154 0.05460227272727272 0.04286538461538455
0 0.008203125 0.7605096153846154 0.015610795454545455 0.029673076923076937
0 0.5776278409090909 0.584625 0.04335227272727278 0.027826923076923075
0 0.6128835227272728 0.2075769230769231 0.03500000000000006 0.0386153846153847
0 0.855546875 0.9232019230769231 0.026917613636363538 0.04601923076923077
0 0.10201704545454544 0.6049326923076923 0.03738636363636365 0.04409615384615386
0 0.8616548295454546 0.7733461538461539 0.03487215909090902 0.05707692307692306
0 0.39639914772727275 0.44054807692307696 0.02203124999999999 0.0342115384615385
0 0.8874502840909091 0.6670961538461538 0.029786931818181858 0.07084615384615385
0 0.7302130681818181 0.023807692307692307 0.03684659090909082 0.0476153846153846
0 0.44727272727272727 0.3821923076923077 0.024630681818181864 0.04561538461538467
0 0.6139133522727273 0.5827692307692308 0.01734375000000005 0.02780769230769232
0 0.9591406249999999 0.8909038461538461 0.041008522727272734 0.05492307692307693
0 0.8104190340909092 0.8264711538461539 0.037059659090909136 0.08263461538461538
0 0.846484375 0.015192307692307616 0.015241477272727299 0.030384615384615406
0 0.12625710227272727 0.11676923076923085 0.03322443181818182 0.045346153846153814
0 0.35014204545454547 0.2631923076923077 0.03312500000000003 0.06115384615384618
0 0.055653409090909094 0.9783365384615385 0.03667613636363637 0.04332692307692308
0 0.44928267045454545 0.5619134615384616 0.026292613636363624 0.036750000000000026
0 0.11120028409090908 0.13793269230769234 0.05095170454545454 0.03582692307692307
0 0.10960227272727273 0.8604519230769231 0.019914772727272722 0.02636538461538463
0 0.15011363636363637 0.8796442307692308 0.028323863636363654 0.05275
0 0.4769247159090909 0.4190480769230769 0.0171732954545455 0.021057692307692284
0 0.8558664772727272 0.06434615384615394 0.05286931818181822 0.04634615384615378
0 0.4012571022727273 0.33371153846153845 0.029815340909090923 0.032923076923076826
0 0.44922585227272727 0.3405096153846153 0.01166193181818187 0.016673076923076846
0 0.5188920454545455 0.08691346153846158 0.03176136363636366 0.07282692307692308
0 0.4367755681818182 0.6417307692307692 0.07508522727272729 0.05973076923076923
0 0.4814701704545455 0.45260576923076923 0.04958806818181822 0.02324999999999995
0 0.8759019886363636 0.9765480769230769 0.03350852272727261 0.04667307692307692
0 0.42252840909090905 0.3172019230769231 0.023778409090909104 0.03217307692307696
0 0.9891477272727273 0.7895288461538461 0.021704545454545417 0.05732692307692305
0 0.5467116477272728 0.4357019230769231 0.04049715909090908 0.029673076923076826
0 0.13344460227272725 0.24529807692307692 0.02745738636363636 0.04855769230769231
0 0.706356534090909 0.5342596153846153 0.03697443181818186 0.050673076923076966
0 0.3036505681818182 0.3014230769230769 0.04329545454545453 0.041807692307692323
0 0.3205894886363636 0.2723653846153846 0.022968749999999982 0.020384615384615428
0 0.12006392045454546 0.08304807692307692 0.020838068181818183 0.023634615384615313
0 0.5023650568181819 0.35016346153846145 0.025923295454545456 0.02809615384615387
0 0.11049005681818182 0.8739423076923076 0.0376278409090909 0.04734615384615384
0 0.014914772727272724 0.9479711538461538 0.02857954545454545 0.03805769230769231
0 0.38142045454545453 0.4700384615384614 0.032244318181818166 0.050538461538461595
0 0.6041264204545455 0.19046153846153846 0.01813920454545452 0.04738461538461536
0 0.7119602272727273 0.015019230769230618 0.022812500000000003 0.03003846153846155
0 0.40793323863636366 0.5240192307692308 0.04538352272727279 0.057423076923076896
0 0.041789772727272724 0.29140384615384607 0.019431818181818182 0.03226923076923083
0 0.013167613636363635 0.3141153846153846 0.02633522727272727 0.04061538461538462
0 0.5041548295454545 0.4137788461538462 0.02754261363636362 0.035096153846153846
0 0.8138068181818183 0.28793269230769236 0.03281250000000003 0.03471153846153848
0 0.9816832386363636 0.2622884615384615 0.03177556818181819 0.06576923076923075
0 0.21732954545454544 0.473173076923077 0.048835227272727266 0.09857692307692306
0 0.843487215909091 0.7428461538461538 0.030525568181818032 0.047230769230769236
0 0.5503267045454545 0.3769230769230769 0.03110795454545451 0.07019230769230769
0 0.2313352272727273 0.16793269230769237 0.027926136363636358 0.03836538461538459
0 0.04840909090909091 0.3858173076923077 0.032670454545454544 0.041826923076923074
0 0.41503551136363637 0.37868269230769236 0.021065340909090968 0.02982692307692306
0 0.6493892045454546 0.09180769230769237 0.04633522727272728 0.030692307692307762
0 0.7914985795454544 0.2834134615384616 0.038451704545454615 0.05344230769230762
0 0.8213210227272728 0.783673076923077 0.05886363636363628 0.028538461538461544
0 0.062173295454545446 0.5303461538461539 0.025511363636363638 0.05284615384615383
0 0.8738139204545454 0.02976923076923077 0.04211647727272724 0.057000000000000085
0 0.5315696022727273 0.8877596153846153 0.052201704545454544 0.04582692307692307
0 0.33264204545454545 0.24025961538461538 0.034261363636363645 0.04690384615384613
0 0.10650568181818182 0.9748846153846153 0.044715909090909084 0.05023076923076923
0 0.6864985795454546 0.5905 0.03924715909090908 0.04326923076923077
0 0.6803338068181818 0.6319038461538462 0.041548295454545456 0.0494230769230769
0 0.07688210227272728 0.4840096153846154 0.044133522727272716 0.06990384615384619
0 0.6786434659090909 0.1279807692307693 0.024360795454545423 0.0398461538461539
0 0.6749431818181818 0.021259615384615294 0.0329829545454545 0.042288461538461664
