0 0.7705752840909091 0.6769903846153846 0.039730113636363674 0.06725
0 0.5848366477272727 0.3185096153846154 0.02927556818181812 0.041942307692307584
0 0.4454474431818182 0.009615384615384581 0.03660511363636369 0.019230769230769232
0 0.17458806818181818 0.47614423076923085 0.037329545454545476 0.04659615384615377
0 0.016392045454545454 0.11099038461538457 0.03278409090909091 0.02428846153846153
0 0.603984375 0.31926923076923075 0.03717329545454548 0.05107692307692308
0 0.6622727272727272 0.32880769230769236 0.03210227272727276 0.051846153846153806
0 0.17605113636363637 0.5174903846153845 0.045085227272727284 0.04136538461538465
0 0.015092329545454548 0.7067403846153846 0.029559659090909095 0.0544807692307692
0 0.030937500000000003 0.15627884615384613 0.061875000000000006 0.04528846153846156
0 0.5563991477272728 0.302875 0.020838068181818204 0.03659615384615379
0 0.6873366477272728 0.3509134615384616 0.04731534090909091 0.0365961538461539
0 0.2401775568181818 0.3620288461538461 0.03714488636363637 0.055942307692307756
0 0.6859303977272727 0.32308653846153845 0.03436079545454545 0.03736538461538463
0 0.3927840909090909 0.8204807692307692 0.02815340909090908 0.038884615384615386
0 0.19132102272727272 0.6898076923076923 0.042727272727272704 0.09011538461538458
0 0.6489914772727272 0.520701923076923 0.04068181818181816 0.054442307692307644
0 0.7126846590909092 0.9473076923076923 0.05068181818181827 0.04803846153846154
0 0.9479829545454546 0.1615000000000001 0.04542613636363639 0.06661538461538459
0 0.9924431818181819 0.461576923076923 0.015113636363636345 0.039076923076923065
0 0.13677556818181816 0.1083653846153847 0.038295454545454535 0.057115384615384596
0 0.3254616477272727 0.5736826923076923 0.02484375000000001 0.028249999999999997
0 0.007180397727272727 0.4378461538461539 0.014360795454545454 0.062346153846153766
0 0.17269176136363637 0.6024807692307692 0.026321022727272728 0.04238461538461537
0 0.2423934659090909 0.005903846153845982 0.02649147727272728 0.011807692307692281
0 0.12255681818181818 0.15802884615384616 0.05414772727272728 0.05140384615384619
0 0.13944602272727272 0.029269230769230825 0.020369318181818186 0.02888461538461535
0 0.05678267045454544 0.08999038461538456 0.03248579545454545 0.0544807692307692
0 0.8124431818181819 0.6472115384615384 0.035482954545454574 0.04611538461538459
0 0.6889701704545454 0.604298076923077 0.03075284090909096 0.04482692307692303
0 0.5486789772727273 0.10715384615384616 0.04159090909090913 0.06199999999999991
0 0.16002130681818183 0.6240096153846154 0.028821022727272716 0.03563461538461539
0 0.23826704545454547 0.6252403846153847 0.02434659090909093 0.04171153846153846
0 0.22063210227272725 0.7143557692307692 0.02981534090909088 0.04640384615384614
0 0.3961647727272727 0.7616346153846154 0.046193181818181876 0.03811538461538463
0 0.08417613636363637 0.10179807692307696 0.04653409090909091 0.07678846153846144
0 0.0359375 0.4460576923076923 0.042187499999999996 0.07480769230769227
0 0.921015625 0.6446442307692308 0.039730113636363674 0.052519230769230776
0 0.5054261363636363 0.8786826923076922 0.037159090909090864 0.0724423076923077
0 0.5333025568181818 0.30135576923076923 0.02759943181818183 0.048788461538461544
0 0.9035085227272727 0.46605769230769234 0.043522727272727255 0.05315384615384624
0 0.7236931818181819 0.03249999999999997 0.02991477272727273 0.0405
0 0.7722301136363636 0.6404807692307692 0.02980113636363639 0.02496153846153844
0 0.8171803977272728 0.8108557692307692 0.025071022727272695 0.0339423076923077
0 0.5132954545454546 0.146076923076923 0.01775568181818182 0.029115384615384588
0 0.5949786931818182 0.2697115384615385 0.05632102272727269 0.06176923076923078
0 0.7264843750000001 0.9736057692307692 0.024218750000000015 0.042711538461538454
0 0.6629545454545455 0.25533653846153836 0.04494318181818188 0.051865384615384556
0 0.5089133522727273 0.1232692307692308 0.02262784090909092 0.029269230769230714
0 0.9673792613636365 0.2018557692307693 0.05771306818181818 0.09094230769230773
0 0.44628551136363637 0.84475 0.02703124999999996 0.05796153846153846
0 0.9553196022727274 0.01985576923076926 0.03643465909090906 0.03905769230769242
0 0.13427556818181818 0.13505769230769238 0.04039772727272727 0.02734615384615379
0 0.7767258522727274 0.6171057692307692 0.039730113636363515 0.047403846153846164
0 0.5608948863636364 0.310125 0.05125000000000006 0.05109615384615383
0 0.8280539772727273 0.7478653846153847 0.051562500000000094 0.06084615384615385
0 0.12756392045454545 0.903201923076923 0.0479971590909091 0.08728846153846154
0 0.7845383522727274 0.84575 0.015610795454545306 0.02050000000000002
0 0.41390625 0.47444230769230766 0.030965909090909106 0.04423076923076923
0 0.007421875 0.9632596153846154 0.01484375 0.04594230769230769
0 0.9188920454545454 0.649125 0.02318181818181809 0.035865384615384625
0 0.11472301136363637 0.8323173076923077 0.07757102272727272 0.057096153846153866
0 0.9527130681818182 0.11229807692307692 0.03499999999999998 0.04163461538461545
0 0.4997443181818182 0.15556730769230764 0.01775568181818182 0.036711538461538414
0 0.8164630681818181 0.12339423076923073 0.03406250000000002 0.04675000000000001
0 0.7641903409090909 0.9356346153846153 0.03357954545454544 0.03842307692307692
0 0.6329119318181818 0.947375 0.022698863636363663 0.02817307692307692
0 0.6894389204545455 0.1426153846153846 0.01845170454545456 0.05315384615384624
0 0.2881960227272727 0.3174038461538461 0.031789772727272764 0.0618846153846154
0 0.8074786931818182 0.8409519230769231 0.022713068181818195 0.05059615384615385
0 0.6728835227272728 0.14111538461538464 0.01749999999999999 0.04803846153846157
0 0.64734375 0.03804807692307688 0.041676136363636325 0.07321153846153845
0 0.93828125 0.2681442307692308 0.051562500000000094 0.08263461538461543
0 0.2716903409090909 0.034740384615384756 0.02798295454545457 0.04267307692307692
0 0.2988778409090909 0.3241346153846153 0.027329545454545467 0.0618846153846154
0 0.708125 0.8544038461538461 0.04068181818181824 0.05957692307692308
0 0.7039559659090909 0.9795576923076923 0.03098011363636364 0.04088461538461539
0 0.00887784090909091 0.7247884615384614 0.01775568181818182 0.043307692307692325
0 0.5104900568181818 0.7654423076923077 0.02365056818181815 0.0869230769230769
0 0.20246448863636363 0.5056730769230771 0.03393465909090907 0.051846153846153806
0 0.221875 0.6793846153846154 0.02434659090909093 0.03834615384615384
0 0.43080255681818175 0.8108173076923078 0.03098011363636364 0.05109615384615383
0 0.9165198863636363 0.47599038461538457 0.0269602272727273 0.05636538461538462
0 0.5656889204545454 0.4347884615384616 0.0292755681818182 0.04269230769230767
0 0.7320241477272728 0.8367884615384615 0.03169034090909091 0.04353846153846154
0 0.8457954545454546 0.1579807692307692 0.02553977272727259 0.03265384615384608
0 0.3646306818181818 0.5503076923076923 0.029289772727272734 0.046500000000000014
0 0.01203125 0.6069711538461539 0.0240625 0.057096153846153845
0 0.46234375 0.6275673076923077 0.041107954545454545 0.05109615384615383
0 0.7871377840909091 0.8207692307692307 0.03311079545454538 0.020499999999999994
0 0.257890625 0.6454230769230769 0.029815340909090923 0.044384615384615356
0 0.25143465909090906 0.6978846153846153 0.039744318181818165 0.06053846153846152
0 0.4913352272727272 0.13247115384615382 0.019630681818181808 0.029750000000000054
0 0.4857102272727273 0.46490384615384617 0.03491477272727279 0.05107692307692297
0 0.9373366477272728 0.46989423076923087 0.025071022727272855 0.05059615384615385
0 0.30906960227272723 0.5763557692307693 0.013906249999999988 0.029596153846153876
0 0.3057244318181818 0.5204423076923077 0.036846590909090905 0.0761538461538462
0 0.3358948863636364 0.7913653846153846 0.033778409090909095 0.056500000000000015
0 0.6433167613636364 0.5610576923076923 0.02933238636363641 0.04034615384615388
0 0.2541690340909091 0.621201923076923 0.023338068181818192 0.02959615384615382
0 0.9893678977272727 0.7835192307692308 0.021264204545454583 0.0441923076923077
0 0.6329900568181818 0.39055769230769233 0.06137784090909096 0.065576923076923
0 0.38799715909090904 0.8669903846153846 0.042244318181818195 0.05567307692307693
0 0.6901491477272728 0.3791634615384615 0.03595170454545455 0.0710961538461538
0 0.3981321022727272 0.8414423076923077 0.046747159090909124 0.05338461538461539
0 0.687315340909091 0.7893942307692308 0.06812500000000005 0.03844230769230771
0 0.6507315340909091 0.008730769230769209 0.03603693181818182 0.01746153846153843
0 0.7949431818181818 0.7970865384615384 0.04400568181818185 0.035865384615384625
0 0.84390625 0.9170576923076923 0.02082386363636375 0.024346153846153854
0 0.156171875 0.5489903846153847 0.03345170454545454 0.03609615384615387
0 0.3291903409090909 0.558875 0.025340909090909056 0.022865384615384645
0 0.3992613636363637 0.01686538461538456 0.03434659090909092 0.03373076923076927
0 0.49050426136363645 0.9823557692307693 0.03436079545454545 0.03528846153846154
0 0.9950426136363636 0.3767115384615385 0.009914772727272753 0.03715384615384614
0 0.401512784090909 0.45500000000000007 0.03436079545454545 0.0434615384615384
0 0.9274928977272726 0.6927980769230769 0.039502840909090994 0.05844230769230767
0 0.6731178977272727 0.7852307692307692 0.03217329545454542 0.04034615384615385
0 0.8935795454545455 0.04979807692307692 0.03690340909090912 0.09959615384615389
0 0.7024573863636363 0.14132692307692307 0.018920454545454535 0.04930769230769228
0 0.19430397727272727 0.6003557692307693 0.030795454545454536 0.09148076923076921
0 0.7395880681818183 0.9279423076923077 0.03357954545454544 0.033307692307692316
0 0.9321306818181818 0.494548076923077 0.02980113636363639 0.023057692307692324
0 0.2820880681818182 0.16480769230769243 0.028664772727272737 0.05107692307692308
0 0.8597514204545456 0.5176153846153846 0.022230113636363603 0.04099999999999999
0 0.012514204545454545 0.916 0.02502840909090909 0.04069230769230769
0 0.06163352272727273 0.9832692307692308 0.051875 0.03346153846153846
0 0.6265269886363636 0.5427980769230769 0.01845170454545456 0.035865384615384625
0 0.7961221590909091 0.8454326923076922 0.03028409090909098 0.04548076923076924
0 0.048544034090909086 0.12510576923076921 0.025696022727272727 0.0551346153846153
0 0.9304758522727273 0.3542884615384616 0.04825284090909079 0.04611538461538465
