0 0.48740056818181815 0.9925288461538462 0.02917613636363631 0.014865384615384615
0 0.6218465909090909 0.2503653846153846 0.04795454545454552 0.04926923076923078
0 0.6209801136363636 0.4734519230769231 0.024261363636363612 0.029326923076923077
0 0.5899289772727273 0.5303461538461539 0.03667613636363643 0.049269230769230725
0 0.768856534090909 0.49632692307692317 0.025980113636363586 0.03519230769230772
0 0.8078480113636363 0.7354326923076924 0.03177556818181819 0.06921153846153845
0 0.8046732954545455 0.53425 0.05198863636363624 0.05942307692307688
0 0.7759303977272727 0.4699326923076923 0.02049715909090918 0.059826923076923104
0 0.6531818181818182 0.6288846153846154 0.03147727272727276 0.025807692307692285
0 0.9261221590909091 0.5211634615384615 0.04130681818181808 0.02463461538461539
0 0.9154332386363637 0.4959423076923076 0.03552556818181817 0.05161538461538457
0 0.9407102272727272 0.49770192307692307 0.03639204545454546 0.03401923076923082
0 0.6061008522727273 0.2167403846153847 0.04245738636363634 0.05082692307692309
0 0.9265553977272728 0.4632884615384615 0.035241477272727355 0.025423076923076868
0 0.27065340909090907 0.10012500000000002 0.048835227272727266 0.044249999999999984
0 0.2725852272727272 0.9002692307692308 0.04806818181818182 0.040076923076923086
0 0.8592755681818183 0.7244519230769231 0.07792613636363638 0.07125
0 0.6890056818181818 0.9867115384615385 0.015113636363636345 0.026307692307692306
0 0.6430681818181818 0.07071153846153844 0.04230113636363641 0.07599999999999997
0 0.7229900568181818 0.3065769230769231 0.02461647727272725 0.02192307692307688
0 0.8135653409090909 0.7043653846153846 0.04721590909090911 0.03653846153846154
0 0.5615696022727273 0.8164615384615385 0.055326704545454526 0.03592307692307694
0 0.8032102272727273 0.06823076923076932 0.02471590909090906 0.03461538461538462
0 0.7223579545454545 0.3055096153846154 0.0248295454545454 0.025019230769230752
0 0.7303622159090909 0.9062596153846154 0.027684659090909024 0.04582692307692307
0 0.6094815340909091 0.2577115384615385 0.02632102272727269 0.040192307692307645
0 0.025220170454545453 0.11568269230769224 0.043849431818181815 0.04567307692307692
0 0.9833593750000001 0.41481730769230774 0.03328124999999993 0.062096153846153884
0 0.3908238636363636 0.9398365384615385 0.04306818181818181 0.050480769230769225
0 0.3475639204545455 0.05952884615384624 0.03421875000000005 0.043211538461538405
0 0.6788352272727273 0.8469134615384616 0.04536931818181818 0.04998076923076922
0 0.4878196022727272 0.9921730769230769 0.03134943181818181 0.015653846153846154
0 0.9606107954545454 0.08942307692307694 0.06400568181818174 0.10723076923076921
0 0.8236860795454546 0.7568846153846154 0.056008522727272816 0.03653846153846151
0 0.8276349431818182 0.7698461538461538 0.033792613636363586 0.05123076923076923
0 0.9231960227272729 0.4643653846153847 0.04318181818181815 0.02784615384615377
0 0.009069602272727273 0.2942403846153846 0.018139204545454545 0.07032692307692306
0 0.06569602272727272 0.3285 0.031704545454545444 0.04930769230769228
0 0.27008522727272727 0.7740288461538462 0.031534090909090935 0.03748076923076922
0 0.3510795454545455 0.6637788461538462 0.03360795454545454 0.06663461538461539
0 0.040738636363636366 0.9932211538461538 0.021590909090909095 0.012326923076923077
0 0.551747159090909 0.7659519230769231 0.033465909090909095 0.07340384615384613
0 0.043267045454545454 0.4266923076923077 0.052954545454545456 0.06119230769230768
0 0.6241477272727273 0.23487499999999994 0.02664772727272726 0.023750000000000045
0 0.11641335227272727 0.12030769230769234 0.05720170454545455 0.07626923076923071
0 0.7248082386363636 0.28302884615384605 0.025127840909090905 0.02463461538461539
0 0.6417684659090909 0.1682403846153846 0.041065340909090864 0.05032692307692311
0 0.8317826704545456 0.7760576923076923 0.046548295454545426 0.047500000000000035
0 0.6871022727272728 0.625923076923077 0.03113636363636366 0.052576923076923084
0 0.010078125 0.9448076923076923 0.02015625 0.04065384615384616
0 0.8033948863636362 0.5340384615384615 0.06156250000000005 0.0603846153846154
0 0.4111789772727273 0.1523461538461539 0.029517045454545497 0.07065384615384607
0 0.49311079545454545 0.8760673076923077 0.03383522727272726 0.03748076923076922
0 0.6931250000000001 0.9008173076923077 0.028323863636363633 0.04001923076923076
0 0.9278338068181817 0.8250480769230769 0.039559659090909124 0.05621153846153847
0 0.5911576704545455 0.5285 0.03998579545454542 0.05453846153846156
0 0.65578125 0.66075 0.03957386363636366 0.053576923076923105
0 0.31915482954545454 0.05977884615384621 0.03566761363636366 0.058288461538461546
0 0.4198224431818182 0.17733653846153852 0.024474431818181843 0.04363461538461538
0 0.24028409090909095 0.8099519230769231 0.036534090909090905 0.03748076923076922
0 0.26124289772727277 0.8745 0.039218749999999976 0.0551923076923077
0 0.7764914772727274 0.46875 0.02434659090909089 0.06315384615384621
0 0.4940696022727273 0.05578846153846151 0.04345170454545459 0.05138461538461544
0 0.27541903409090907 0.129826923076923 0.054701704545454574 0.07296153846153845
0 0.8053053977272726 0.7354134615384615 0.041491477272727166 0.06301923076923076
0 0.6221448863636364 0.47125961538461536 0.024943181818181823 0.0347884615384616
0 0.056420454545454544 0.9854615384615385 0.03542613636363636 0.02876923076923077
0 0.8348508522727273 0.7348461538461539 0.03436079545454553 0.03284615384615382
0 0.8348153409090909 0.6986538461538462 0.04588068181818192 0.04703846153846156
0 0.24196732954545455 0.9971057692307692 0.019446022727272725 0.005711538461538462
0 0.9701136363636365 0.39946153846153853 0.032784090909090964 0.0630000000000001
0 0.33257102272727274 0.02593269230769235 0.050369318181818196 0.03748076923076925
0 0.65234375 0.6604134615384616 0.04960227272727267 0.05517307692307692
0 0.6540269886363637 0.6267019230769231 0.03731534090909088 0.024980769230769247
0 0.9043252840909091 0.15547115384615395 0.05754261363636362 0.08125
0 0.46613636363636357 0.0034711538461539293 0.022499999999999964 0.00601923076923076
0 0.016654829545454546 0.10380769230769238 0.03330965909090909 0.057538461538461566
0 0.7417613636363637 0.041721153846153824 0.05332386363636366 0.06071153846153856
0 0.8518892045454546 0.16786538461538458 0.02917613636363631 0.03596153846153844
0 0.636299715909091 0.2613653846153846 0.04149147727272724 0.03653846153846154
0 0.8496803977272727 0.16902884615384617 0.03887784090909092 0.043596153846153875
0 0.9403977272727272 0.4956442307692308 0.040482954545454544 0.03836538461538465
0 0.09918323863636362 0.18575961538461538 0.038025568181818174 0.03748076923076914
0 0.6017684659090908 0.4848365384615385 0.028764204545454544 0.03174999999999998
0 0.9547514204545454 0.7267307692307692 0.0628835227272727 0.03476923076923074
0 0.7075355113636363 0.9930384615384615 0.02194602272727271 0.013653846153846154
0 0.6052627840909092 0.2150192307692308 0.04757102272727274 0.05434615384615383
0 0.07608664772727272 0.1665000000000001 0.03498579545454545 0.048923076923076916
0 0.5951633522727273 0.006644230769230597 0.015696022727272663 0.01236538461538452
0 0.8052414772727272 0.17021153846153847 0.0277272727272727 0.03361538461538465
0 0.9457102272727272 0.43919230769230766 0.02687499999999994 0.037307692307692264
0 0.31122869318181823 0.7381057692307692 0.05151988636363638 0.06871153846153849
0 0.9614062499999999 0.186875 0.04625000000000008 0.08344230769230766
0 0.7255326704545454 0.9864615384615385 0.0162073863636364 0.026807692307692307
0 0.28450284090909095 0.7997980769230769 0.04960227272727271 0.04944230769230768
0 0.7133948863636363 0.9164038461538462 0.048551136363636456 0.038
0 0.3680610795454546 0.9516826923076923 0.037059659090909136 0.07575
0 0.8062855113636364 0.17091346153846154 0.032968750000000054 0.03936538461538467
0 0.13569602272727274 0.6082211538461539 0.03744318181818182 0.0461346153846154
0 0.15049715909090908 0.12469230769230777 0.046903409090909086 0.07776923076923077
0 0.6450923295454545 0.6525384615384615 0.023394886363636323 0.028538461538461544
0 0.10989346590909092 0.6292403846153846 0.02563920454545454 0.0452115384615385
0 0.06907670454545455 0.2901346153846154 0.02428977272727273 0.03196153846153847
0 0.2315980113636364 0.8244038461538461 0.03171875000000002 0.0381153846153846
0 0.7756392045454544 0.6667788461538462 0.02633522727272738 0.06767307692307692
0 0.3119957386363636 0.1169134615384615 0.053821022727272745 0.07678846153846156
0 0.770234375 0.49431730769230764 0.03140624999999986 0.04405769230769235
0 0.2789275568181818 0.06394230769230769 0.06921874999999998 0.07184615384615388
0 0.9220170454545454 0.5244230769230769 0.05431818181818183 0.031038461538461567
0 0.05647727272727272 0.5228365384615384 0.04730113636363636 0.05882692307692308
0 0.2966193181818182 0.6751153846153846 0.055369318181818165 0.10203846153846154
0 0.9680042613636363 0.4018942307692308 0.028593749999999994 0.0574807692307692
0 0.8029332386363636 0.06854807692307685 0.02484375000000001 0.0312884615384615
0 0.9104545454545455 0.1200096153846153 0.042357954545454615 0.07290384615384621
0 0.7716264204545453 0.9096442307692307 0.042826704545454515 0.053634615384615385
0 0.03584517045454546 0.45135576923076925 0.05296875000000001 0.04932692307692303
0 0.5782315340909091 0.7703846153846153 0.041235795454545414 0.06349999999999999
0 0.986036931818182 0.18029807692307687 0.02792613636363632 0.054673076923076935
0 0.7258309659090909 0.12319230769230771 0.03674715909090902 0.04353846153846151
0 0.46544034090909087 0.5255673076923078 0.024971590909090888 0.02694230769230773
0 0.41673295454545456 0.7620576923076923 0.03355113636363637 0.04580769230769229
0 0.7137428977272727 0.88075 0.030156250000000027 0.040615384615384595
0 0.4037002840909091 0.6008076923076924 0.03268465909090908 0.06169230769230771
0 0.7401207386363637 0.04527884615384603 0.04708806818181815 0.055134615384615414
0 0.15338068181818182 0.0868461538461538 0.030369318181818174 0.0416538461538462
0 0.7246732954545454 0.28328846153846154 0.02664772727272718 0.02557692307692299
0 0.9164488636363636 0.4974711538461538 0.040482954545454544 0.052057692307692346
0 0.3196875 0.42966346153846147 0.05306818181818184 0.07444230769230765
0 0.1923153409090909 0.9743173076923077 0.04170454545454545 0.04359615384615385
0 0.8759730113636363 0.6835865384615385 0.0566619318181818 0.0461346153846154
0 0.8727698863636363 0.7571153846153846 0.040142045454545444 0.04703846153846156
0 0.7248082386363636 0.12504807692307685 0.033792613636363586 0.040288461538461516
0 0.6397514204545455 0.0744038461538461 0.034076704545454556 0.06803846153846153
0 0.6390269886363636 0.16923076923076918 0.03552556818181817 0.044961538461538456
0 0.48104403409090907 0.05739423076923078 0.017031249999999932 0.03636538461538466
0 0.4980894886363636 0.055836538461538354 0.030326704545454497 0.04575000000000004
0 0.40436079545454545 0.5960384615384615 0.0277272727272727 0.04223076923076919
0 0.4099928977272727 0.15320192307692304 0.026860795454545408 0.06686538461538469
0 0.3197443181818182 0.4310288461538462 0.048522727272727266 0.06959615384615384
0 0.9856178977272727 0.41245192307692313 0.028025568181818207 0.05982692307692299
0 0.41924005681818177 0.17745192307692303 0.023394886363636323 0.03871153846153845
0 0.3276846590909091 0.030807692307692314 0.043607954545454526 0.037923076923076976
0 0.3468892045454546 0.05915384615384611 0.03292613636363637 0.03284615384615382
0 0.31887784090909094 0.06306730769230762 0.031193181818181828 0.054749999999999945
0 0.27078835227272724 0.0640480769230769 0.045923295454545474 0.05044230769230773
0 0.2921590909090909 0.06834615384615372 0.033210227272727266 0.06765384615384616
0 0.86359375 0.7684807692307692 0.0519886363636364 0.061
0 0.3061647727272727 0.1191826923076924 0.03292613636363637 0.07390384615384617
0 0.271796875 0.11526923076923079 0.04794034090909091 0.06999999999999995
0 0.27425426136363634 0.134625 0.04419034090909089 0.05786538461538468
0 0.9515411931818182 0.07108653846153856 0.025127840909090985 0.05982692307692299
0 0.10673295454545455 0.11742307692307696 0.03147727272727272 0.061000000000000054
0 0.14659090909090908 0.11644230769230757 0.04534090909090909 0.09815384615384619
0 0.11843039772727272 0.13091346153846162 0.04620738636363637 0.055134615384615414
0 0.15251420454545456 0.09063461538461537 0.03119318181818181 0.037923076923076976
0 0.5603267045454546 0.8165769230769231 0.03292613636363637 0.03519230769230769
0 0.7250994318181818 0.9880384615384615 0.013579545454545457 0.023846153846153847
0 0.022109375 0.11702884615384623 0.03205965909090909 0.040673076923076985
0 0.582421875 0.7784519230769231 0.028593749999999994 0.04809615384615383
0 0.016328125000000002 0.10353846153846158 0.03205965909090909 0.05200000000000004
0 0.07741477272727272 0.16864423076923074 0.03465909090909092 0.0461346153846154
0 0.9752201704545453 0.11526923076923079 0.030894886363636364 0.05434615384615383
0 0.09676846590909091 0.18448076923076928 0.03061079545454546 0.030115384615384554
0 0.7080610795454546 0.99275 0.023394886363636323 0.0145
0 0.5637926136363636 0.7671057692307692 0.019062500000000024 0.04732692307692308
0 0.5492116477272727 0.7676923076923077 0.028593749999999994 0.06492307692307693
0 0.6901491477272728 0.9886442307692308 0.016463068181818228 0.022711538461538464
0 0.06990767045454546 0.328375 0.02194602272727272 0.04340384615384614
0 0.06918323863636364 0.29200961538461545 0.025127840909090905 0.03401923076923077
0 0.6774502840909091 0.8433557692307693 0.030326704545454577 0.034788461538461546
0 0.009105113636363637 0.29357692307692307 0.018210227272727274 0.06842307692307689
0 0.024708806818181824 0.4529230769230769 0.028593750000000005 0.030500000000000027
0 0.9630894886363636 0.18390384615384614 0.026292613636363624 0.06803846153846153
0 0.03957386363636364 0.43025 0.055454545454545465 0.058653846153846154
0 0.8696590909090909 0.7223365384615386 0.04505681818181822 0.03205769230769229
0 0.044921875 0.45761538461538465 0.03322443181818182 0.03284615384615382
0 0.8425071022727273 0.6986826923076923 0.028877840909090804 0.03871153846153845
0 0.05603693181818182 0.5256538461538461 0.041590909090909095 0.05161538461538457
0 0.13358664772727272 0.6089326923076923 0.03552556818181817 0.04144230769230766
0 0.1103409090909091 0.6284807692307692 0.023096590909090917 0.0398846153846154
0 0.29360085227272725 0.672278846153846 0.045355113636363645 0.07351923076923075
0 0.29879971590909093 0.6892884615384616 0.04822443181818184 0.07
0 0.3505042613636364 0.6654326923076923 0.03032670454545454 0.059826923076923104
0 0.9850852272727273 0.18018269230769235 0.029829545454545456 0.046519230769230764
0 0.3165625 0.7352307692307692 0.03409090909090909 0.04692307692307691
0 0.3013991477272727 0.7573269230769231 0.027428977272727275 0.02853846153846157
0 0.2697727272727273 0.7760961538461538 0.030028409090909113 0.034807692307692324
0 0.2843536931818182 0.802298076923077 0.04765625000000002 0.04575000000000001
0 0.23944602272727272 0.811875 0.03696022727272729 0.03832692307692309
0 0.23078125 0.8286923076923076 0.02889204545454542 0.028153846153846154
0 0.9463423295454546 0.43982692307692317 0.025127840909090985 0.03480769230769224
0 0.3906463068181818 0.9411057692307693 0.030326704545454577 0.04809615384615385
0 0.36652698863636357 0.9540096153846154 0.03350852272727269 0.06921153846153845
0 0.25879261363636363 0.874826923076923 0.034659090909090876 0.04926923076923078
0 0.9074857954545453 0.15358653846153847 0.05025568181818181 0.07859615384615386
0 0.2733806818181818 0.9014230769230769 0.043039772727272746 0.03753846153846154
0 0.19872159090909092 0.9737596153846154 0.03002840909090907 0.03598076923076923
0 0.72640625 0.9055288461538462 0.024261363636363532 0.0379423076923077
0 0.7122514204545455 0.8814807692307692 0.0254119318181818 0.03676923076923076
0 0.05257102272727272 0.9888173076923077 0.039857954545454544 0.02151923076923077
0 0.005490056818181818 0.9454134615384615 0.010980113636363637 0.03478846153846154
0 0.41308948863636363 0.7625384615384615 0.026349431818181755 0.04307692307692309
0 0.7164417613636364 0.9172596153846153 0.033792613636363586 0.02775
0 0.6923224431818181 0.9049423076923077 0.023678977272727296 0.03361538461538462
0 0.7694389204545454 0.9086634615384616 0.03754261363636357 0.05044230769230769
0 0.9082102272727273 0.11800961538461541 0.03840909090909086 0.06528846153846152
0 0.4915198863636363 0.8774903846153846 0.032073863636363616 0.03332692307692309
0 0.9314630681818182 0.8326057692307692 0.02482954545454548 0.04067307692307694
0 0.9206321022727273 0.8224423076923078 0.028025568181818207 0.04457692307692309
0 0.9524076704545454 0.7246826923076923 0.05458806818181827 0.02971153846153844
0 0.8204119318181817 0.7051346153846154 0.0488068181818182 0.03284615384615387
0 0.8680681818181818 0.6945769230769231 0.040142045454545444 0.025807692307692285
0 0.8787571022727273 0.6763942307692308 0.04938920454545452 0.03167307692307692
0 0.6833664772727274 0.622625 0.03119318181818179 0.04067307692307694
0 0.7746306818181817 0.664076923076923 0.024261363636363695 0.053961538461538464
0 0.6007599431818181 0.48616346153846146 0.023678977272727216 0.02971153846153844
