0 0.0078125 0.8425096153846154 0.015625 0.04451923076923078
0 0.9936789772727272 0.6178653846153846 0.012272727272727253 0.04442307692307691
0 0.6276917613636364 0.07514423076923071 0.017798295454545497 0.022903846153846094
0 0.979765625 0.5709038461538462 0.03231534090909091 0.07038461538461538
0 0.7182883522727272 0.3070673076923077 0.03467329545454541 0.042480769230769294
0 0.8759446022727272 0.3038557692307692 0.027372159090909065 0.024211538461538524
0 0.8777698863636364 0.28112499999999996 0.02664772727272726 0.024211538461538524
0 0.9545951704545454 0.19243269230769233 0.04015624999999998 0.09190384615384609
0 0.9533167613636363 0.1724134615384615 0.026633522727272728 0.05978846153846149
0 0.9323366477272728 0.19638461538461538 0.022627840909091 0.08299999999999993
0 0.7729971590909092 0.08036538461538456 0.025142045454545358 0.03361538461538454
0 0.20546875 0.029509615384615384 0.037642045454545456 0.04567307692307692
0 0.2802130681818182 0.9761826923076923 0.05639204545454548 0.047634615384615386
0 0.2039488636363636 0.007432692307692279 0.028551136363636355 0.01486538461538465
0 0.16912642045454546 0.019000000000000017 0.04933238636363637 0.037999999999999985
0 0.5327840909090908 0.7169326923076923 0.04477272727272725 0.041942307692307695
0 0.5020170454545454 0.5723653846153847 0.04644886363636362 0.046346153846153836
0 0.5069034090909091 0.5413942307692308 0.048607954545454586 0.03790384615384617
0 0.5655610795454545 0.658451923076923 0.03444602272727273 0.04213461538461538
0 0.5658380681818183 0.6289038461538461 0.03130681818181821 0.04188461538461539
0 0.7169389204545454 0.7672980769230769 0.04822443181818188 0.043788461538461505
0 0.6779971590909091 0.7800769230769231 0.03624999999999998 0.03607692307692306
0 0.6860795454545454 0.7372980769230768 0.04642045454545447 0.06325000000000003
0 0.23866477272727274 0.9879615384615384 0.03434659090909092 0.022961538461538464
0 0.6880326704545454 0.7152019230769231 0.034133522727272686 0.046634615384615385
0 0.6642258522727272 0.7371346153846154 0.031321022727272746 0.05215384615384616
0 0.6568892045454546 0.7526153846153847 0.027585227272727296 0.05080769230769228
0 0.6838707386363636 0.9812692307692308 0.03166193181818177 0.03746153846153846
0 0.6575994318181819 0.990576923076923 0.033636363636363645 0.018846153846153846
0 0.6726988636363637 0.9668653846153846 0.03928977272727276 0.039884615384615386
0 0.6548082386363636 0.9741057692307692 0.03808238636363637 0.049326923076923074
0 0.6795454545454546 0.9387788461538461 0.021590909090909074 0.02463461538461539
0 0.6642613636363636 0.9404230769230769 0.011392045454545429 0.020692307692307687
0 0.6493465909090909 0.9670096153846154 0.023778409090909104 0.03448076923076923
0 0.195 0.9776153846153847 0.058096590909090896 0.04476923076923077
0 0.6498295454545455 0.9502692307692308 0.020369318181818145 0.04038461538461539
0 0.48273437500000005 0.974951923076923 0.03825284090909092 0.048596153846153844
0 0.5931818181818183 0.9252884615384616 0.060340909090909035 0.06888461538461538
0 0.5738494318181818 0.9111346153846154 0.08480113636363634 0.0875769230769231
0 0.5336150568181818 0.9774615384615385 0.050099431818181876 0.04507692307692308
0 0.5389417613636364 0.9854711538461538 0.03944602272727278 0.029057692307692305
0 0.53640625 0.8477884615384615 0.027357954545454533 0.05715384615384615
0 0.5542613636363636 0.8408846153846153 0.025056818181818163 0.048346153846153844
0 0.40330255681818183 0.8449326923076923 0.060553977272727266 0.0939423076923077
0 0.4008522727272727 0.7884326923076923 0.035994318181818225 0.058942307692307704
0 0.9856178977272727 0.8659230769230769 0.028764204545454544 0.06973076923076921
0 0.381875 0.8050480769230769 0.032073863636363616 0.07178846153846156
0 0.016278409090909093 0.6693076923076923 0.03255681818181819 0.04411538461538461
0 0.014382102272727272 0.7000192307692308 0.028764204545454544 0.034192307692307695
0 0.03662642045454546 0.7050096153846155 0.04845170454545455 0.05136538461538463
0 0.05559659090909091 0.6994230769230769 0.049573863636363645 0.04323076923076921
0 0.06104403409090909 0.6610288461538462 0.04470170454545455 0.06305769230769229
0 0.03212357954545454 0.6564519230769231 0.034928977272727264 0.050865384615384646
0 0.01296875 0.6205961538461539 0.025909090909090906 0.035076923076923096
0 0.12227272727272727 0.7622115384615384 0.046193181818181835 0.06203846153846155
0 0.15942471590909088 0.6043173076923076 0.07953125 0.05309615384615387
0 0.9950213068181818 0.8342788461538462 0.00995738636363635 0.0580576923076923
0 0.10352272727272727 0.5579134615384616 0.026392045454545453 0.06351923076923077
0 0.08685369318181818 0.5603942307692308 0.027485795454545447 0.07344230769230768
0 0.0622940340909091 0.5345865384615385 0.027485795454545457 0.0684807692307692
0 0.3079971590909091 0.4385096153846153 0.03735795454545452 0.06205769230769238
0 0.23674715909090913 0.5029134615384615 0.028238636363636396 0.07382692307692311
0 0.21860085227272724 0.5079230769230769 0.035838068181818165 0.06146153846153848
0 0.13646306818181816 0.31927884615384616 0.04113636363636363 0.04032692307692302
0 0.15779829545454546 0.34371153846153846 0.03633522727272727 0.05430769230769233
0 0.1483309659090909 0.34934615384615375 0.03862215909090909 0.06626923076923073
0 0.14201704545454544 0.37787499999999996 0.038607954545454536 0.03586538461538457
0 0.9955965909090909 0.5781057692307692 0.008806818181818247 0.04155769230769228
0 0.12600142045454546 0.35105769230769235 0.022713068181818195 0.047153846153846116
0 0.2860227272727273 0.32327884615384617 0.05298295454545452 0.06667307692307696
0 0.32436079545454544 0.3312980769230769 0.039261363636363615 0.08271153846153845
0 0.34224431818181816 0.3161057692307693 0.038863636363636385 0.09228846153846156
0 0.3022940340909091 0.273423076923077 0.07330965909090911 0.056576923076923
0 0.2256960227272727 0.20098076923076924 0.03372159090909088 0.07046153846153844
0 0.20205255681818182 0.21040384615384622 0.03481534090909089 0.06153846153846154
0 0.3747230113636364 0.21323076923076922 0.04586647727272726 0.09419230769230773
0 0.3306960227272727 0.19447115384615388 0.04340909090909091 0.052519230769230665
0 0.32485085227272725 0.14591346153846152 0.04771306818181819 0.06294230769230773
0 0.9921519886363637 0.65375 0.015696022727272663 0.035923076923076884
0 0.6664772727272728 0.006259615384615391 0.01889204545454547 0.012519230769230751
0 0.6561576704545454 0.011730769230769322 0.018423295454545494 0.02346153846153844
0 0.6725639204545455 0.02260576923076918 0.020951704545454544 0.03040384615384616
0 0.6843039772727273 0.007807692307692182 0.019176136363636364 0.015615384615384625
0 0.6961647727272727 0.017538461538461503 0.03230113636363638 0.035076923076923096
0 0.698934659090909 0.029269230769230714 0.036846590909090905 0.04442307692307697
0 0.721015625 0.05249999999999988 0.03558238636363638 0.032115384615384594
0 0.7208948863636363 0.02620192307692304 0.035340909090909166 0.036211538461538434
0 0.6839204545454546 0.05865384615384617 0.0224715909090909 0.032115384615384705
0 0.672059659090909 0.04618269230769223 0.021960227272727326 0.03040384615384616
0 0.9777485795454546 0.6289807692307692 0.02322443181818185 0.04988461538461538
0 0.6526349431818181 0.06599999999999995 0.033565340909090906 0.05365384615384611
0 0.651875 0.03302884615384616 0.02144886363636367 0.025980769230769214
0 0.6381107954545455 0.012019230769230727 0.023721590909090894 0.023576923076923058
0 0.6285298295454546 0.03149038461538467 0.026747159090909068 0.0461346153846154
0 0.6101846590909091 0.05164423076923086 0.028494318181818187 0.04098076923076924
0 0.6020241477272728 0.07674999999999998 0.039474431818181846 0.10084615384615384
0 0.6330326704545454 0.054259615384615434 0.028480113636363654 0.0365576923076924
0 0.4778125 0.14003846153846156 0.04332386363636364 0.05626923076923075
0 0.47900568181818187 0.1595192307692308 0.04036931818181821 0.034961538461538474
0 0.6345170454545455 0.08659615384615382 0.034431818181818195 0.05223076923076928
