0 0.7276988636363636 0.020682692307692263 0.04565340909090907 0.028019230769230755
0 0.18914772727272727 0.15938461538461535 0.030000000000000006 0.0601153846153846
0 0.24568181818181814 0.20337499999999997 0.019119318181818192 0.0776346153846154
0 0.4763849431818182 0.05478846153846151 0.020468749999999956 0.028346153846153865
0 0.36811789772727277 0.4332115384615385 0.016178977272727293 0.06411538461538457
0 0.28165482954545457 0.9559903846153847 0.04558238636363637 0.05851923076923077
0 0.9086008522727272 0.9910288461538461 0.021178977272727228 0.01794230769230769
0 0.8740411931818183 0.8857019230769231 0.03205965909090916 0.0493653846153846
0 0.05356534090909091 0.5205 0.03323863636363636 0.047384615384615414
0 0.08930397727272728 0.543 0.024119318181818176 0.05415384615384615
0 0.43958096590909096 0.8556538461538461 0.03617897727272723 0.03703846153846152
0 0.9921235795454545 0.9824615384615385 0.014701704545454579 0.030269230769230767
0 0.3728196022727273 0.570173076923077 0.02617897727272728 0.047384615384615414
0 0.7972869318181818 0.9850576923076924 0.02440340909090902 0.029884615384615384
0 0.07988636363636363 0.5559423076923076 0.029999999999999995 0.05692307692307691
0 0.510625 0.8921923076923077 0.024119318181818207 0.04500000000000001
0 0.1845809659090909 0.8109519230769231 0.03646306818181819 0.06848076923076923
0 0.38399147727272726 0.41509615384615384 0.025000000000000033 0.06769230769230768
0 0.9175710227272728 0.9181538461538461 0.02028409090909087 0.05453846153846154
0 0.6669815340909091 0.7491153846153846 0.04365056818181821 0.03607692307692309
0 0.9484517045454546 0.8028942307692307 0.02323863636363638 0.03821153846153847
0 0.4129616477272728 0.840125 0.056463068181818184 0.0760576923076923
0 0.6489985795454545 0.42727884615384615 0.025639204545454562 0.03344230769230767
0 0.9484446022727272 0.9874423076923077 0.0261789772727272 0.025115384615384616
0 0.9325639204545454 0.8976538461538461 0.04617897727272726 0.039807692307692315
0 0.6811150568181819 0.39096153846153836 0.02964488636363637 0.0780384615384615
0 0.34149857954545454 0.46207692307692305 0.027059659090909106 0.04457692307692309
0 0.9791832386363637 0.829173076923077 0.041178977272727284 0.05096153846153846
0 0.87125 0.9416442307692308 0.025880681818181858 0.03463461538461539
0 0.3870880681818182 0.5976442307692308 0.043522727272727255 0.04578846153846154
0 0.6605255681818182 0.4129519230769231 0.03505681818181819 0.03917307692307693
0 0.8694886363636364 0.9115865384615385 0.04000000000000012 0.027865384615384618
0 0.7881676136363637 0.4051442307692308 0.035767045454545544 0.04905769230769229
0 0.7744034090909092 0.4514903846153846 0.0402272727272728 0.037903846153846114
0 0.08782670454545455 0.9916826923076923 0.04588068181818183 0.016634615384615387
0 0.2056178977272727 0.7755288461538461 0.051463068181818186 0.05017307692307693
0 0.8280184659090909 0.9048173076923077 0.036463068181818124 0.05732692307692308
0 0.9549715909090909 0.5524615384615384 0.04423295454545453 0.05446153846153845
0 0.9612428977272728 0.8172211538461539 0.030582386363636326 0.049365384615384617
0 0.8729758522727273 0.22899999999999998 0.15833806818181806 0.28730769230769226
0 0.9312428977272728 0.7975096153846154 0.030582386363636326 0.04021153846153846
0 0.6355042613636364 0.8024903846153846 0.0283096590909091 0.03732692307692307
0 0.884190340909091 0.8431057692307692 0.021164772727272695 0.058134615384615396
0 0.4292613636363637 0.3286923076923076 0.04446022727272729 0.07580769230769234
0 0.004950284090909091 0.4812884615384615 0.009900568181818182 0.035038461538461484
0 0.5373863636363637 0.8521826923076923 0.03292613636363637 0.03744230769230769
0 0.7360227272727272 0.606798076923077 0.04852272727272731 0.032249999999999966
0 0.11900568181818182 0.8774519230769231 0.037642045454545456 0.051750000000000004
0 0.5870099431818182 0.2622788461538461 0.04705965909090908 0.05255769230769228
0 0.7544957386363635 0.8646057692307693 0.04174715909090907 0.04540384615384614
0 0.736612215909091 0.6300961538461538 0.05382102272727271 0.03265384615384614
0 0.7175781250000001 0.07961538461538453 0.026349431818181914 0.04842307692307694
0 0.6775852272727273 0.24906730769230767 0.028238636363636358 0.06690384615384619
0 0.34061789772727274 0.8988461538461539 0.03234375000000001 0.08042307692307693
0 0.131796875 0.8242980769230769 0.03382102272727273 0.04340384615384617
0 0.21311079545454545 0.5814230769230769 0.027642045454545426 0.048961538461538424
0 0.20620028409090913 0.1402692307692308 0.036463068181818166 0.056923076923076965
0 0.35223721590909096 0.4407788461538461 0.020298295454545444 0.046596153846153884
0 0.919630681818182 0.9619519230769231 0.03911931818181829 0.03701923076923077
0 0.7568749999999999 0.4153365384615385 0.035767045454545385 0.06498076923076927
0 0.14164772727272726 0.31525000000000003 0.030000000000000006 0.06449999999999993
0 0.5665340909090909 0.20606730769230763 0.04423295454545461 0.035673076923076946
0 0.8119886363636364 0.9527884615384615 0.02852272727272717 0.05773076923076924
0 0.8900710227272728 0.9480192307692308 0.019999999999999896 0.050576923076923075
0 0.6340625 0.27566346153846155 0.03434659090909092 0.04363461538461538
0 0.4697585227272727 0.4944615384615385 0.015965909090909104 0.018961538461538488
0 0.11399857954545455 0.3145096153846154 0.027201704545454532 0.04328846153846152
0 0.14061789772727273 0.35686538461538475 0.03322443181818182 0.04576923076923079
0 0.6615838068181819 0.3787019230769231 0.018821022727272728 0.05478846153846156
0 0.8594815340909091 0.8425096153846153 0.03294034090909082 0.058519230769230754
0 0.6364204545454546 0.7713846153846153 0.03088068181818183 0.03880769230769229
0 0.616768465909091 0.42090384615384613 0.047286931818181846 0.030269230769230788
0 0.23226562499999998 0.1695288461538461 0.04007102272727274 0.08559615384615393
0 0.994190340909091 0.5266538461538461 0.011619318181818111 0.034076923076923074
0 0.8768394886363637 0.9778942307692308 0.038224431818181775 0.04421153846153846
0 0.05356534090909091 0.5549423076923077 0.03264204545454546 0.05176923076923075
0 0.409140625 0.6977884615384615 0.0599857954545454 0.08280769230769232
0 0.9926775568181818 0.9508076923076924 0.014644886363636285 0.03703846153846154
0 0.5289772727272727 0.6906153846153846 0.046761363636363656 0.04619230769230766
0 0.8438991477272727 0.9215480769230769 0.038224431818181775 0.033442307692307695
0 0.6617045454545455 0.22214423076923073 0.024232954545454547 0.05382692307692309
0 0.2701278409090909 0.21308653846153847 0.032727272727272716 0.05224999999999992
0 0.8956605113636364 0.8884903846153847 0.028224431818181826 0.03901923076923075
0 0.3966477272727273 0.8795384615384615 0.03499999999999998 0.04896153846153848
0 0.7088778409090909 0.11799038461538469 0.043750000000000094 0.030250000000000034
0 0.8996235795454546 0.9848461538461538 0.019701704545454553 0.027884615384615386
0 0.5703764204545454 0.09855769230769229 0.034701704545454556 0.054153846153846094
0 0.43620028409090905 0.8894903846153847 0.026463068181818174 0.037826923076923064
0 0.5824360795454545 0.050182692307692345 0.0447017045454545 0.0991346153846153
0 0.19252840909090907 0.5891923076923077 0.021761363636363627 0.03503846153846154
0 0.6807741477272727 0.77525 0.03813920454545458 0.046038461538461535
0 0.4864914772727273 0.5741634615384615 0.029403409090909074 0.04340384615384614
0 0.6496590909090909 0.7594423076923077 0.029403409090909074 0.03880769230769232
0 0.5692471590909091 0.2391923076923077 0.055767045454545444 0.04588461538461541
0 0.12167613636363636 0.797076923076923 0.027642045454545447 0.04061538461538462
0 0.9772088068181817 0.516625 0.028934659090909098 0.047788461538461474
0 0.7079403409090909 0.1643461538461538 0.043295454545454574 0.05096153846153846
0 0.6460582386363636 0.37615384615384617 0.0254119318181818 0.03823076923076922
0 0.6338281250000001 0.3998846153846154 0.02069602272727272 0.02961538461538457
0 0.5122443181818181 0.848798076923077 0.019119318181818234 0.044211538461538476
0 0.9526207386363637 0.5091346153846155 0.029161931818181778 0.044269230769230734
0 0.7204048295454545 0.14203846153846156 0.05458806818181819 0.03184615384615385
0 0.7382883522727273 0.04935576923076923 0.029161931818181778 0.0324807692307692
0 0.23226562499999998 0.20462499999999995 0.031235795454545426 0.06421153846153854
0 0.746171875 0.1675192307692308 0.0444744318181819 0.05861538461538465
0 0.6068892045454546 0.20383653846153849 0.03835227272727273 0.05732692307692308
0 0.2956036931818182 0.6978846153846154 0.03853693181818181 0.04457692307692309
0 0.19370028409090911 0.22089423076923076 0.04498579545454544 0.043788461538461505
0 0.9093252840909091 0.36851923076923077 0.04140624999999997 0.08026923076923079
0 0.8288991477272728 0.974701923076923 0.028224431818181826 0.050596153846153846
0 0.25987215909090905 0.7140096153846154 0.03528409090909091 0.07605769230769233
0 0.3606178977272727 0.4103173076923077 0.018821022727272728 0.0294807692307692
0 0.9809161931818182 0.864798076923077 0.038167613636363645 0.048173076923076916
0 0.7403764204545454 0.9022307692307692 0.042343750000000006 0.05057692307692308
0 0.5509730113636363 0.03693269230769236 0.03586647727272727 0.07386538461538467
0 0.2769460227272727 0.927125 0.04616477272727273 0.04936538461538461
0 0.6485298295454546 0.23314423076923074 0.026576704545454598 0.0681730769230769
0 0.4201704545454545 0.5251826923076923 0.04147727272727271 0.05613461538461538
0 0.4919460227272728 0.8840384615384616 0.04852272727272731 0.05653846153846154
0 0.3028125 0.7404903846153846 0.028238636363636358 0.04459615384615384
0 0.2820809659090909 0.7540192307692308 0.037940340909090924 0.043
0 0.9900710227272728 0.15382692307692314 0.01985795454545457 0.06753846153846155
0 0.5523579545454546 0.7364038461538462 0.037642045454545456 0.06292307692307694
0 0.7905255681818182 0.9430384615384615 0.04088068181818178 0.05892307692307692
0 0.19487926136363634 0.559923076923077 0.03353693181818182 0.025076923076923115
0 0.10900568181818183 0.3556730769230769 0.034119318181818174 0.04499999999999996
0 0.3216477272727273 0.43799038461538464 0.04323863636363636 0.08959615384615391
0 0.8456605113636364 0.9490192307692308 0.036463068181818124 0.02469230769230769
0 0.496924715909091 0.7095288461538463 0.09086647727272723 0.06490384615384616
0 0.9441832386363637 0.9305 0.03765624999999999 0.048192307692307694
0 0.5723011363636363 0.3580000000000001 0.02610795454545454 0.034384615384615375
0 0.28920454545454544 0.11229807692307692 0.04500000000000001 0.04259615384615391
0 0.5437642045454546 0.07208653846153845 0.03676136363636363 0.06728846153846156
0 0.74484375 0.6539903846153846 0.03264204545454548 0.042211538461538495
0 0.48554687500000004 0.8574423076923077 0.03558238636363638 0.03265384615384616
0 0.5431036931818182 0.79175 0.04205965909090903 0.055730769230769236
0 0.44913352272727275 0.8160384615384615 0.06528409090909096 0.086
0 0.1451775568181818 0.9845096153846153 0.03998579545454546 0.03098076923076923
0 0.8503693181818183 0.9750865384615385 0.040596590909090964 0.04817307692307692
0 0.1134375 0.819375 0.01588068181818183 0.019903846153846144
0 0.6253551136363636 0.39383653846153843 0.021647727272727287 0.029634615384615433
0 0.787109375 0.43300961538461546 0.029872159090909053 0.03917307692307693
0 0.5191335227272728 0.7535288461538461 0.07411931818181819 0.03982692307692309
0 0.8465411931818181 0.8787403846153846 0.036463068181818124 0.043403846153846154
0 0.869453125 0.020692307692307677 0.03882102272727279 0.040769230769230856
0 0.6315909090909091 0.4237788461538462 0.019062500000000024 0.03536538461538459
0 0.19076704545454548 0.18645192307692304 0.04088068181818182 0.029057692307692333
0 0.6641761363636364 0.8022403846153846 0.035653409090909124 0.046788461538461536
0 0.10652698863636365 0.8374903846153846 0.019701704545454553 0.032249999999999994
0 0.3481178977272727 0.8970673076923077 0.02734375 0.08321153846153845
0 0.38914772727272734 0.5642019230769231 0.047642045454545486 0.06409615384615387
0 0.9337428977272727 0.9770961538461539 0.04382102272727276 0.045807692307692306
0 0.7417045454545456 0.8741538461538462 0.04911931818181824 0.04857692307692306
0 0.018863636363636364 0.45082692307692296 0.036761363636363634 0.07365384615384618
0 0.5332670454545455 0.8848269230769231 0.03411931818181815 0.04061538461538462
0 0.2208664772727273 0.15783653846153856 0.024630681818181822 0.05424999999999996
0 0.20605823863636363 0.8087692307692308 0.027059659090909106 0.03703846153846152
0 0.5804190340909091 0.18774999999999997 0.04987215909090911 0.04873076923076929
0 0.6190056818181818 0.22915384615384615 0.033409090909090965 0.06465384615384616
0 0.4426704545454545 0.5395192307692308 0.043522727272727255 0.05296153846153845
0 0.8027485795454545 0.02705769230769217 0.03294034090909099 0.045230769230769304
0 0.34870738636363635 0.5212019230769231 0.03616477272727278 0.0872115384615384
0 0.765078125 0.9792692307692308 0.042940340909090935 0.040615384615384616
0 0.03840198863636363 0.10642307692307695 0.07680397727272727 0.1684230769230769
0 0.8802769886363635 0.36914423076923086 0.0336505681818181 0.07324999999999995
0 0.2581818181818182 0.19317307692307706 0.023522727272727275 0.0393076923076923
0 0.7174928977272728 0.6575673076923076 0.026178977272727364 0.05732692307692308
0 0.627237215909091 0.23696153846153856 0.02069602272727272 0.05734615384615383
0 0.01223721590909091 0.8952692307692307 0.02447443181818182 0.06607692307692307
0 0.7976988636363636 0.016874999999999973 0.027528409090909086 0.03375000000000002
0 0.28045454545454546 0.7223653846153846 0.025880681818181817 0.03623076923076924
0 0.34488636363636366 0.3689134615384616 0.03911931818181817 0.051750000000000046
0 0.7031107954545455 0.040115384615384664 0.04164772727272726 0.03184615384615385
0 0.9502130681818183 0.8735673076923076 0.02440340909090902 0.041019230769230766
0 0.14458806818181816 0.9532980769230769 0.04059659090909091 0.03782692307692307
0 0.49502130681818185 0.7642692307692308 0.07234375000000001 0.07246153846153845
0 0.8983025568181818 0.9235288461538461 0.018821022727272728 0.04698076923076922
0 0.9893252840909091 0.49750961538461536 0.020696022727272636 0.03248076923076926
0 0.41372869318181815 0.3127692307692307 0.03365056818181818 0.06815384615384615
0 0.34502840909090904 0.4041538461538461 0.019403409090909086 0.03065384615384615
0 0.305234375 0.13161538461538458 0.03529829545454544 0.04619230769230766
0 0.8959232954545455 0.019894230769230803 0.034346590909091 0.039788461538461536
0 0.3734161931818182 0.37667307692307694 0.03382102272727277 0.05296153846153839
0 0.5672443181818182 0.38602884615384614 0.028238636363636358 0.0318653846153846
