0 0.17341619318181817 0.9422596153846154 0.03103693181818181 0.07844230769230769
0 0.18056818181818182 0.0172500000000001 0.03937499999999998 0.03361538461538454
0 0.6087926136363637 0.9241153846153847 0.03349431818181816 0.051653846153846154
0 0.6153622159090909 0.933875 0.024588068181818187 0.048211538461538465
0 0.5685085227272727 0.933875 0.05977272727272725 0.0344423076923077
0 0.5426491477272727 0.9089038461538461 0.03603693181818182 0.030423076923076924
0 0.5585440340909091 0.900576923076923 0.024588068181818187 0.030999999999999996
0 0.51 0.9244038461538462 0.028409090909090908 0.04076923076923076
0 0.5282315340909091 0.9246923076923077 0.03433238636363631 0.06542307692307693
0 0.5089417613636363 0.9708942307692308 0.04240056818181821 0.05682692307692308
0 0.6140127840909091 0.6645192307692308 0.030411931818181855 0.04992307692307694
0 0.6261860795454546 0.6619423076923077 0.01444602272727275 0.04065384615384618
0 0.19844460227272728 0.01991346153846152 0.0333096590909091 0.03894230769230769
0 0.6408167613636363 0.6603942307692308 0.01938920454545451 0.0324423076923077
0 0.6337499999999999 0.6272500000000001 0.03261363636363634 0.03861538461538464
0 0.6116690340909091 0.6226634615384616 0.017428977272727245 0.041057692307692295
0 0.5930255681818182 0.6213942307692308 0.03326704545454548 0.043596153846153875
0 0.589403409090909 0.645 0.03997159090909089 0.03123076923076925
0 0.5819176136363636 0.4870096153846154 0.03227272727272723 0.05224999999999998
0 0.5843252840909091 0.5357307692307691 0.04007102272727278 0.05826923076923074
0 0.5590980113636363 0.5058461538461538 0.0400710227272727 0.06880769230769236
0 0.5683806818181818 0.548298076923077 0.04823863636363634 0.03517307692307691
0 0.4002982954545455 0.6125865384615385 0.025965909090909053 0.08740384615384619
0 0.68484375 0.1529903846153845 0.03034090909090911 0.05105769230769233
0 0.3923224431818182 0.6128461538461538 0.017428977272727245 0.07384615384615385
0 0.33203835227272727 0.6605384615384615 0.03109374999999998 0.0416923076923077
0 0.3304971590909091 0.6203076923076923 0.036022727272727255 0.04626923076923077
0 0.30417613636363633 0.6090673076923077 0.03448863636363637 0.03709615384615388
0 0.3131036931818182 0.6399038461538462 0.033252840909090906 0.033769230769230774
0 0.35321022727272733 0.1461538461538462 0.026818181818181852 0.06349999999999996
0 0.3350497159090909 0.15899999999999992 0.027372159090909065 0.047692307692307714
0 0.33411931818181817 0.5275000000000001 0.02755681818181815 0.038461538461538464
0 0.3230539772727273 0.47642307692307695 0.021477272727272734 0.02373076923076929
0 0.37698863636363633 0.36106730769230766 0.03008522727272728 0.03817307692307697
0 0.6275355113636363 0.18609615384615386 0.04890625000000001 0.06699999999999995
0 0.35205255681818176 0.3167596153846155 0.06018465909090906 0.04586538461538455
0 0.3443678977272727 0.3371346153846154 0.029247159090909094 0.02961538461538457
0 0.36678267045454543 0.3516634615384615 0.03745738636363633 0.04044230769230764
0 0.34700284090909095 0.36177884615384615 0.028607954545454565 0.024788461538461513
0 0.37646306818181813 0.3879807692307692 0.030312499999999964 0.03219230769230771
0 0.35752840909090905 0.38784615384615384 0.00883522727272727 0.031923076923076964
0 0.34679687499999995 0.39140384615384605 0.01262784090909093 0.036192307692307676
0 0.33157670454545457 0.39630769230769236 0.04181818181818182 0.04623076923076927
0 0.3225426136363636 0.36749038461538464 0.03661931818181818 0.05294230769230775
0 0.3075710227272727 0.3604615384615385 0.03292613636363637 0.04623076923076916
0 0.6553835227272727 0.16694230769230756 0.03505681818181819 0.04626923076923077
0 0.31375710227272724 0.32125000000000004 0.034389204545454556 0.04757692307692309
0 0.01854403409090909 0.17217307692307682 0.027144886363636364 0.03773076923076913
0 0.020376420454545456 0.1586057692307693 0.030809659090909092 0.03705769230769238
0 0.02428977272727273 0.20278846153846153 0.038636363636363635 0.02746153846153841
0 0.04666193181818182 0.19915384615384613 0.031051136363636364 0.03542307692307684
0 0.04690340909090909 0.17946153846153856 0.031051136363636368 0.028461538461538483
0 0.029794034090909093 0.1529807692307692 0.047173295454545454 0.03242307692307695
0 0.21632102272727274 0.1634134615384616 0.032017045454545444 0.041365384615384596
0 0.21997159090909094 0.3233173076923077 0.034914772727272746 0.036134615384615314
0 0.21956676136363634 0.29064423076923074 0.027514204545454553 0.03474999999999999
0 0.6673082386363636 0.12884615384615383 0.024161931818181884 0.03230769230769222
0 0.1132315340909091 0.34996153846153855 0.04458806818181818 0.03423076923076925
0 0.09164772727272727 0.32881730769230777 0.030965909090909096 0.06805769230769228
0 0.09995028409090909 0.31480769230769223 0.046434659090909075 0.044653846153846204
0 0.10876420454545453 0.4493173076923077 0.05977272727272727 0.06732692307692306
0 0.11401278409090909 0.41936538461538475 0.057485795454545456 0.0494230769230769
0 0.05794744318181819 0.4846346153846154 0.036377840909090915 0.04576923076923079
0 0.048281250000000005 0.4671923076923078 0.037017045454545455 0.04315384615384615
0 0.11784801136363637 0.5396826923076923 0.02498579545454546 0.03382692307692308
0 0.013110795454545455 0.5668461538461538 0.02622159090909091 0.053307692307692306
0 0.015625 0.5896538461538461 0.031051136363636364 0.07842307692307693
0 0.6468394886363636 0.14341346153846157 0.03387784090909094 0.05105769230769233
0 0.01830255681818182 0.6513557692307692 0.036576704545454544 0.04005769230769233
0 0.2567684659090909 0.7288653846153845 0.021122159090909056 0.028076923076923065
0 0.165078125 0.763048076923077 0.03879261363636364 0.05151923076923081
0 0.14476562499999998 0.745798076923077 0.0454403409090909 0.03101923076923076
0 0.13459517045454544 0.7605480769230769 0.03473011363636364 0.04651923076923079
0 0.28170454545454543 0.8734999999999999 0.03357954545454544 0.0425
0 0.25688920454545455 0.8431153846153846 0.04599431818181818 0.039038461538461536
0 0.25183238636363636 0.874826923076923 0.041193181818181816 0.03365384615384615
0 0.23419744318181818 0.8600865384615385 0.045582386363636325 0.062057692307692314
0 0.2048366477272727 0.8613076923076923 0.03271306818181818 0.06588461538461537
0 0.6394389204545454 0.16563461538461532 0.023338068181818192 0.025615384615384602
0 0.22583096590909094 0.8862307692307693 0.038110795454545474 0.03696153846153846
0 0.26805397727272723 0.903673076923077 0.060767045454545456 0.04392307692307692
0 0.24294744318181818 0.9245865384615385 0.05072443181818179 0.04113461538461538
0 0.21075994318181818 0.9416730769230769 0.035781249999999994 0.06553846153846153
0 0.20367897727272724 0.935923076923077 0.016988636363636376 0.03869230769230769
0 0.18745738636363637 0.87525 0.04789772727272729 0.04707692307692307
0 0.18951704545454548 0.8592211538461538 0.053039772727272734 0.06171153846153847
0 0.18410511363636364 0.8581730769230769 0.06437500000000002 0.07076923076923078
0 0.1991690340909091 0.9373173076923077 0.03836647727272728 0.08890384615384617
0 0.13480113636363636 0.8773653846153846 0.043295454545454554 0.0446923076923077
0 0.6706392045454546 0.06920192307692308 0.054886363636363615 0.04755769230769234
0 0.14600852272727272 0.9163173076923077 0.026960227272727278 0.07340384615384615
0 0.12617187500000002 0.9353750000000001 0.041803977272727284 0.04755769230769231
0 0.1204190340909091 0.9009326923076924 0.0333096590909091 0.07298076923076922
0 0.02053977272727273 0.8316538461538461 0.04107954545454546 0.05576923076923077
0 0.01856534090909091 0.8734711538461538 0.03713068181818182 0.05001923076923077
0 0.023359375 0.8843365384615385 0.038451704545454546 0.06682692307692306
0 0.03744318181818182 0.9740480769230769 0.04178977272727273 0.05190384615384615
0 0.7089914772727273 0.04641346153846149 0.036789772727272775 0.04755769230769234
0 0.17678267045454543 0.9158365384615385 0.03328124999999999 0.046365384615384614
0 0.7149147727272727 0.016663461538461433 0.06278409090909089 0.033326923076923046
0 0.8247869318181817 0.0147211538461538 0.021022727272727207 0.029442307692307698
0 0.8063352272727272 0.016211538461538444 0.030568181818181793 0.03242307692307695
0 0.8542471590909091 0.09068269230769221 0.025170454545454583 0.04832692307692318
0 0.82796875 0.11186538461538453 0.0351988636363636 0.03707692307692313
0 0.8379900568181818 0.08074999999999999 0.022002840909090923 0.04038461538461539
0 0.832734375 0.08405769230769233 0.011491477272727157 0.04699999999999999
0 0.8238139204545455 0.08985576923076932 0.013196022727272676 0.03474999999999999
0 0.8972372159090909 0.1233653846153846 0.04225852272727273 0.04257692307692316
0 0.9056889204545455 0.09384615384615391 0.05714488636363639 0.051269230769230706
0 0.9872301136363636 0.5549423076923077 0.025539772727272755 0.03976923076923078
0 0.9342542613636364 0.08079807692307694 0.036519886363636414 0.048980769230769286
0 0.9660440340909091 0.06706730769230773 0.02231534090909096 0.025173076923076985
0 0.9569105113636364 0.08216346153846155 0.029076704545454583 0.04348076923076915
0 0.9629900568181817 0.112375 0.03921875000000002 0.05263461538461539
0 0.9476136363636364 0.13321153846153844 0.030085227272727364 0.06407692307692306
0 0.9354403409090909 0.1343461538461539 0.03551136363636364 0.04623076923076927
0 0.9393323863636364 0.16799038461538462 0.04463068181818176 0.04121153846153847
0 0.9203977272727273 0.14555769230769233 0.016221590909090852 0.03661538461538454
0 0.9008522727272728 0.14377884615384617 0.026363636363636447 0.024980769230769247
0 0.8997230113636363 0.17138461538461536 0.0437357954545454 0.04684615384615387
0 0.9856676136363638 0.5305480769230769 0.02724431818181811 0.03690384615384615
0 0.9179971590909091 0.2864038461538462 0.03505681818181827 0.04519230769230769
0 0.9149147727272727 0.25658653846153845 0.017670454545454625 0.037211538461538504
0 0.9091619318181817 0.2199326923076923 0.029176136363636473 0.04063461538461537
0 0.8881178977272726 0.2237403846153847 0.02075284090909093 0.03532692307692298
0 0.9032741477272727 0.23741346153846155 0.016832386363636397 0.016326923076923093
0 0.8993181818181818 0.25775961538461534 0.018806818181818195 0.032173076923076846
0 0.8801846590909093 0.24369230769230776 0.02144886363636367 0.02546153846153837
0 0.8897514204545455 0.27138461538461545 0.0385937500000001 0.03707692307692302
0 0.8681392045454547 0.23743269230769237 0.022443181818181914 0.04332692307692313
0 0.8221235795454546 0.361625 0.016292613636363674 0.03090384615384614
0 0.9966193181818181 0.5356730769230769 0.0067613636363636235 0.026653846153846125
0 0.874737215909091 0.21867307692307703 0.02376420454545441 0.029923076923076927
0 0.8178764204545456 0.3186057692307692 0.02867897727272719 0.0825192307692307
0 0.8064772727272728 0.3216923076923076 0.030624999999999923 0.060461538461538455
0 0.7713423295454546 0.38313461538461546 0.029019886363636452 0.0785769230769231
0 0.7624431818181818 0.38295192307692305 0.023267045454545447 0.05078846153846148
0 0.6731107954545454 0.47689423076923076 0.046676136363636385 0.07117307692307691
0 0.6685511363636363 0.46890384615384617 0.03755681818181818 0.07119230769230765
0 0.6272372159090909 0.3897211538461538 0.04186079545454549 0.06682692307692308
0 0.570625 0.3889903846153846 0.03272727272727276 0.04940384615384615
0 0.558018465909091 0.3632019230769231 0.041860795454545414 0.03413461538461538
0 0.9901065340909092 0.5034903846153846 0.01978693181818175 0.03936538461538467
0 0.5564062500000001 0.30254807692307706 0.055795454545454586 0.04940384615384615
0 0.5676775568181818 0.3428653846153845 0.04399147727272723 0.05449999999999995
0 0.5376278409090909 0.32543269230769234 0.030056818181818136 0.04867307692307693
0 0.5301136363636364 0.3592115384615385 0.020397727272727293 0.06973076923076921
0 0.5102627840909091 0.3581153846153846 0.027911931818181867 0.07192307692307699
0 0.5400426136363636 0.3929903846153846 0.03380681818181812 0.04575000000000004
0 0.5789346590909091 0.43000000000000005 0.037471590909090906 0.06765384615384616
0 0.5302840909090909 0.45075 0.032556818181818124 0.042538461538461546
0 0.5562144886363636 0.4461442307692308 0.020071022727272722 0.06509615384615389
0 0.538799715909091 0.4358846153846153 0.032940340909090905 0.05688461538461535
0 0.9839488636363637 0.023913461538461633 0.03210227272727276 0.04755769230769223
0 0.9952911931818181 0.9258173076923077 0.00924715909090924 0.08574999999999999
0 0.9744034090909092 0.8499038461538462 0.04397727272727278 0.04107692307692307
0 0.9385511363636364 0.7072884615384616 0.03826704545454553 0.07026923076923075
0 0.9097443181818182 0.7245576923076923 0.0483806818181819 0.05238461538461535
0 0.8132031249999998 0.7174134615384615 0.06728693181818182 0.08455769230769233
0 0.8061647727272727 0.7498653846153847 0.05056818181818185 0.05776923076923078
0 0.8584232954545453 0.9551538461538461 0.051732954545454485 0.05953846153846153
0 0.863231534090909 0.9826634615384615 0.041377840909090906 0.033519230769230766
0 0.8774005681818182 0.9865288461538462 0.03724431818181806 0.026942307692307692
0 0.8507102272727273 0.9930384615384615 0.01676136363636357 0.013923076923076923
0 0.4482244318181818 0.033105769230769244 0.05335227272727273 0.06621153846153847
0 0.8348863636363636 0.9863173076923077 0.017386363636363648 0.027365384615384618
0 0.7929900568181818 0.9814807692307692 0.030411931818181935 0.03703846153846154
0 0.7922088068181818 0.9465769230769231 0.027627840909090973 0.03276923076923076
0 0.7659872159090909 0.9415384615384615 0.03350852272727261 0.042
0 0.7673792613636364 0.9768365384615385 0.02637784090909082 0.04201923076923077
0 0.5998721590909091 0.7780769230769231 0.06349431818181825 0.07203846153846152
0 0.6004190340909091 0.7923173076923077 0.021690340909090885 0.03113461538461538
0 0.5921022727272728 0.8080192307692308 0.024744318181818204 0.030538461538461528
0 0.5453835227272728 0.8577884615384616 0.024204545454545482 0.03276923076923075
0 0.539715909090909 0.8794038461538461 0.025227272727272713 0.030692307692307692
0 0.21691051136363634 0.016432692307692176 0.03271306818181818 0.03278846153846156
0 0.6737571022727273 0.9355384615384615 0.030639204545454535 0.03207692307692308
0 0.6884374999999999 0.9100961538461538 0.01931818181818177 0.04323076923076924
0 0.6675710227272728 0.9060769230769231 0.022926136363636426 0.037307692307692306
0 0.60203125 0.862326923076923 0.01647727272727276 0.031384615384615386
0 0.609375 0.8896923076923077 0.04454545454545456 0.03938461538461538
0 0.5921235795454546 0.8722596153846154 0.015184659090909087 0.04775000000000001
0 0.5801491477272728 0.8628461538461538 0.017002840909090947 0.059615384615384605
0 0.5627840909090909 0.864423076923077 0.022897727272727278 0.05738461538461539
0 0.5801704545454546 0.9063269230769231 0.020340909090909163 0.03215384615384615
0 0.5924644886363637 0.9192403846153846 0.023735795454545426 0.03386538461538462
