0 0.7262642045454546 0.6881634615384615 0.013636363636363669 0.01617307692307697
0 0.559012784090909 0.6425288461538461 0.029076704545454503 0.07009615384615388
0 0.8236363636363635 0.20522115384615391 0.02477272727272719 0.023096153846153936
0 0.8116548295454545 0.21805769230769223 0.029247159090909136 0.03300000000000005
0 0.8402130681818182 0.19679807692307705 0.02193181818181826 0.022442307692307723
0 0.7626349431818181 0.227576923076923 0.022656250000000065 0.027884615384615386
0 0.7453409090909091 0.14175961538461546 0.03352272727272731 0.047326923076922996
0 0.8668678977272729 0.11584615384615382 0.020099431818181787 0.02926923076923082
0 0.8828551136363636 0.106375 0.015539772727272805 0.021019230769230672
0 0.89609375 0.018355769230769203 0.02375000000000004 0.019788461538461578
0 0.4114204545454545 0.920923076923077 0.01829545454545454 0.03288461538461539
0 0.5605042613636364 0.8635865384615384 0.016860795454545382 0.022057692307692306
0 0.538487215909091 0.8809423076923077 0.037542613636363645 0.041884615384615374
0 0.7160014204545454 0.5327788461538462 0.028934659090909098 0.02578846153846153
0 0.5486221590909092 0.8853173076923077 0.028181818181818145 0.022019230769230774
0 0.9479261363636362 0.7455769230769231 0.012982954545454527 0.018500000000000037
0 0.9806036931818182 0.7303173076923077 0.021178977272727228 0.029634615384615377
0 0.7373792613636364 0.6728942307692307 0.014786931818181935 0.03132692307692311
0 0.5171164772727272 0.990326923076923 0.02022727272727274 0.01834615384615385
0 0.4319886363636364 0.6368557692307693 0.04409090909090904 0.06113461538461537
0 0.05337357954545455 0.5162115384615384 0.04987215909090909 0.0398846153846154
0 0.057343750000000006 0.4874807692307692 0.027528409090909093 0.056653846153846166
0 0.7322088068181817 0.5565096153846154 0.02296874999999994 0.025596153846153852
0 0.45625 0.9420096153846154 0.030369318181818174 0.035403846153846154
0 0.7151917613636364 0.5579807692307692 0.038678977272727295 0.03169230769230767
0 0.7330610795454546 0.2334615384615384 0.038281249999999906 0.04684615384615376
0 0.7411363636363636 0.19756730769230768 0.03792613636363635 0.032096153846153844
0 0.6957883522727273 0.5264807692307691 0.044048295454545444 0.03326923076923074
0 0.8267258522727272 0.3882692307692307 0.020468750000000115 0.0356923076923077
0 0.8420738636363637 0.3854519230769231 0.022017045454545456 0.02582692307692298
0 0.7513991477272728 0.2578942307692308 0.025696022727272613 0.033403846153846166
0 0.746796875 0.28672115384615393 0.025411931818181962 0.025865384615384592
0 0.7420667613636364 0.2470961538461539 0.025525568181818222 0.037807692307692244
0 0.9712855113636363 0.465375 0.03484374999999996 0.03986538461538465
0 0.7549928977272727 0.5990480769230769 0.016036931818181766 0.0339423076923077
0 0.8445454545454545 0.415625 0.029630681818181837 0.024557692307692273
0 0.7253977272727273 0.27493269230769235 0.026789772727272745 0.0306346153846154
0 0.6993963068181818 0.2942596153846153 0.03132102272727266 0.0217115384615385
0 0.6034801136363637 0.5065384615384615 0.022982954545454556 0.051500000000000004
0 0.5962144886363636 0.49822115384615384 0.02958806818181816 0.04024999999999996
0 0.5886150568181818 0.4908076923076924 0.028139204545454547 0.029692307692307688
0 0.5701136363636364 0.4940192307692307 0.016249999999999997 0.02861538461538466
0 0.5768607954545455 0.46370192307692304 0.05747159090909088 0.057057692307692226
0 0.5354261363636363 0.4877596153846153 0.028238636363636358 0.030173076923076917
0 0.8565340909090909 0.18700961538461536 0.027215909090909207 0.019826923076923082
0 0.4134588068181818 0.43565384615384606 0.026406250000000044 0.05250000000000002
0 0.9034588068181818 0.1765 0.036178977272727314 0.023423076923076935
0 0.9884872159090908 0.22161538461538466 0.023025568181818234 0.03138461538461537
0 0.9826917613636365 0.20301923076923079 0.031633522727272864 0.03465384615384612
0 0.8644744318181818 0.23080769230769227 0.024857954545454544 0.03826923076923083
0 0.8730326704545455 0.21868269230769233 0.01856534090909082 0.05390384615384621
0 0.6912784090909091 0.49931730769230764 0.036505681818181805 0.02971153846153844
0 0.9020241477272727 0.2043846153846154 0.025866477272727326 0.05857692307692304
0 0.7063991477272726 0.46418269230769227 0.019616477272727275 0.01967307692307696
0 0.8868607954545454 0.20903846153846162 0.014971590909090858 0.06023076923076922
0 0.8759659090909092 0.05968269230769241 0.016278409090908982 0.030519230769230778
0 0.6283948863636364 0.6014038461538462 0.03971590909090906 0.04403846153846155
0 0.8794105113636363 0.019836538461538433 0.018167613636363586 0.030519230769230778
0 0.8646946022727273 0.031413461538461585 0.01703125000000001 0.02782692307692302
0 0.680078125 0.46969230769230774 0.04259943181818183 0.041346153846153845
0 0.8618536931818181 0.054115384615384565 0.013508522727272715 0.019038461538461494
0 0.2552698863636364 0.7140192307692308 0.020596590909090908 0.029269230769230766
0 0.8416264204545455 0.06907692307692304 0.026690340909090858 0.03188461538461535
0 0.8672798295454546 0.0885673076923077 0.027741477272727397 0.025519230769230735
0 0.6855326704545455 0.49075 0.036349431818181864 0.041730769230769266
0 0.8565482954545455 0.07510576923076928 0.0293181818181818 0.029788461538461555
0 0.8500071022727272 0.0995673076923076 0.022514204545454577 0.020557692307692305
0 0.7726420454545455 0.5848846153846153 0.026534090909090837 0.042692307692307724
0 0.9321306818181818 0.3657307692307692 0.02136363636363631 0.030730769230769266
0 0.9083309659090908 0.3886057692307693 0.035355113636363615 0.036211538461538434
0 0.9145454545454546 0.4516634615384616 0.03840909090909086 0.040173076923076895
0 0.9005681818181818 0.44092307692307686 0.020568181818181843 0.02934615384615394
0 0.9653196022727273 0.4049615384615385 0.03248579545454546 0.031538461538461494
0 0.9900355113636364 0.25023076923076926 0.019815340909090973 0.036153846153846064
0 0.8954971590909092 0.2959711538461538 0.017784090909091044 0.018365384615384638
0 0.8453196022727273 0.23940384615384613 0.01620738636363632 0.026384615384615437
0 0.8510937500000001 0.20582692307692307 0.037471590909090906 0.040269230769230765
0 0.830362215909091 0.23667307692307693 0.021178977272727228 0.03369230769230766
0 0.7607670454545453 0.5331250000000001 0.014715909090909111 0.037096153846153834
0 0.6879758522727273 0.32588461538461533 0.022514204545454497 0.029307692307692326
0 0.6941193181818182 0.33318269230769226 0.018920454545454535 0.029019230769230832
0 0.72734375 0.2922307692307693 0.0246022727272728 0.020076923076923072
0 0.8125852272727272 0.2483749999999999 0.025113636363636293 0.04332692307692313
0 0.6940411931818182 0.43608653846153844 0.055582386363636355 0.037211538461538504
0 0.8301420454545455 0.30555769230769225 0.02687499999999994 0.01946153846153847
0 0.8353835227272728 0.32125000000000004 0.023409090909090935 0.03126923076923075
0 0.8575710227272727 0.3475576923076923 0.028011363636363674 0.02050000000000005
0 0.7265482954545455 0.3122403846153846 0.020312500000000015 0.024173076923076908
0 0.8607883522727271 0.3075 0.033196022727272734 0.027000000000000038
0 0.7464630681818182 0.526 0.017727272727272755 0.028730769230769226
0 0.780987215909091 0.34108653846153847 0.027769886363636462 0.03194230769230772
0 0.8444176136363637 0.33397115384615383 0.02119318181818176 0.0288653846153846
0 0.32705255681818185 0.919125 0.04634943181818181 0.053788461538461535
0 0.7592116477272728 0.3574711538461538 0.017144886363636272 0.0520576923076923
0 0.7399857954545456 0.35850961538461545 0.02681818181818181 0.03774999999999999
0 0.7396519886363637 0.3886346153846154 0.016718749999999973 0.0279615384615385
0 0.6706392045454546 0.35606730769230766 0.032556818181818124 0.029288461538461465
0 0.7310937500000001 0.32717307692307696 0.02349431818181821 0.024384615384615397
0 0.2770028409090909 0.7294807692307692 0.030142045454545453 0.0634230769230769
0 0.44206676136363643 0.46897115384615384 0.03353693181818176 0.046634615384615385
0 0.3799857954545454 0.4932596153846154 0.01423295454545452 0.030980769230769256
0 0.6641832386363636 0.3442019230769231 0.032769886363636355 0.03417307692307689
0 0.6676278409090909 0.3300192307692308 0.03852272727272728 0.043192307692307655
0 0.8569744318181818 0.016009615384615428 0.037698863636363746 0.03113461538461538
0 0.8169389204545454 0.023894230769230806 0.023906249999999896 0.030134615384615305
0 0.465390625 0.9683557692307693 0.022002840909090923 0.02886538461538462
0 0.8367684659090909 0.008721153846153795 0.025440340909090864 0.01744230769230768
0 0.7649431818181818 0.007307692307692237 0.035880681818181805 0.013730769230769204
0 0.4626491477272727 0.036644230769230624 0.012428977272727272 0.022942307692307706
0 0.508799715909091 0.029846153846153856 0.013565340909090924 0.02465384615384614
0 0.43511363636363637 0.43774038461538467 0.03423295454545458 0.04159615384615384
0 0.36245028409090907 0.6484903846153846 0.030326704545454497 0.07001923076923076
0 0.333671875 0.5782211538461539 0.018934659090909068 0.046519230769230764
0 0.6659090909090909 0.311125 0.03488636363636364 0.053019230769230756
0 0.5148934659090909 0.012499999999999956 0.017201704545454565 0.02430769230769239
0 0.5384517045454545 0.09675961538461542 0.02562499999999995 0.026519230769230698
0 0.6908380681818183 0.30708653846153844 0.016448863636363612 0.023519230769230803
0 0.545234375 0.0809423076923077 0.030894886363636364 0.030615384615384645
0 0.7089275568181819 0.31382692307692306 0.020127840909090932 0.02273076923076933
0 0.5588423295454544 0.26060576923076917 0.02157670454545454 0.026557692307692313
0 0.5305681818181818 0.23125961538461537 0.022017045454545456 0.02971153846153855
0 0.5157244318181818 0.2877692307692308 0.02542613636363633 0.04099999999999999
0 0.5002769886363637 0.2649134615384615 0.0185653409090909 0.0312884615384615
0 0.335546875 0.9847403846153846 0.03919034090909091 0.030519230769230767
0 0.5151704545454545 0.2324711538461538 0.015710227272727275 0.02971153846153844
0 0.6993181818181818 0.27265384615384614 0.03480113636363636 0.027653846153846254
0 0.4892116477272727 0.9729134615384616 0.04478693181818186 0.03621153846153846
0 0.44993607954545456 0.25025 0.02055397727272731 0.02726923076923078
0 0.7170241477272726 0.25412499999999993 0.022400568181818157 0.025403846153846114
0 0.46042613636363633 0.22645192307692308 0.02477272727272727 0.030711538461538512
0 0.5018039772727273 0.21837499999999999 0.01749999999999999 0.0199038461538462
0 0.5025426136363635 0.23776923076923073 0.014119318181818179 0.017615384615384665
0 0.47872869318181815 0.23386538461538464 0.017088068181818225 0.03138461538461537
0 0.6932173295454546 0.24949038461538464 0.026946022727272687 0.02736538461538465
0 0.7269886363636364 0.5161057692307692 0.02883522727272737 0.0321346153846154
0 0.75109375 0.1716826923076923 0.03991477272727276 0.03636538461538466
0 0.7067613636363637 0.20653846153846145 0.07116477272727276 0.0619615384615384
0 0.4665980113636364 0.24644230769230768 0.02075284090909093 0.027538461538461526
0 0.49014914772727275 0.24404807692307684 0.01498579545454539 0.02467307692307689
0 0.4954261363636363 0.2905192307692308 0.01835227272727275 0.03130769230769226
0 0.41787642045454537 0.5527692307692308 0.02370738636363636 0.03657692307692304
0 0.4850000000000001 0.28557692307692306 0.015539772727272723 0.035461538461538565
0 0.4662286931818182 0.28140384615384617 0.023139204545454574 0.0375
0 0.6999005681818182 0.1921346153846153 0.06215909090909089 0.05557692307692314
0 0.4441903409090909 0.26831730769230766 0.025198863636363648 0.03240384615384609
0 0.5427130681818182 0.7694423076923077 0.07281249999999999 0.048038461538461516
0 0.38345170454545463 0.27394230769230776 0.033636363636363645 0.03549999999999996
0 0.784865056818182 0.13124038461538468 0.0457528409090908 0.046519230769230764
0 0.4133380681818182 0.23757692307692302 0.02363636363636362 0.02173076923076925
0 0.3974857954545455 0.25592307692307703 0.02301136363636362 0.025807692307692337
0 0.42578835227272727 0.14209615384615382 0.016718749999999973 0.034461538461538495
0 0.4126349431818182 0.14550961538461527 0.01845170454545456 0.029288461538461465
0 0.41995028409090907 0.11621153846153842 0.016605113636363633 0.027961538461538392
0 0.4044602272727273 0.12138461538461542 0.019545454545454533 0.03296153846153844
0 0.3846946022727273 0.12365384615384623 0.018423295454545494 0.03100000000000001
0 0.38022017045454537 0.09627884615384619 0.025639204545454562 0.02051923076923069
0 0.7199786931818182 0.4750288461538461 0.02001420454545451 0.023019230769230823
0 0.38669034090909093 0.6473846153846153 0.027215909090909127 0.07203846153846155
0 0.7114133522727273 0.1499903846153846 0.04384943181818182 0.05836538461538466
0 0.44888494318181815 0.05267307692307688 0.02413352272727274 0.024846153846153875
0 0.4142826704545454 0.07154807692307685 0.019559659090909145 0.022096153846153863
0 0.6968607954545455 0.15254807692307704 0.04724431818181825 0.06475000000000003
0 0.3950355113636364 0.07300000000000006 0.02279829545454547 0.024461538461538406
0 0.4841903409090909 0.08364423076923078 0.026136363636363603 0.046019230769230784
0 0.8047585227272727 0.013221153846153855 0.030681818181818213 0.026442307692307692
0 0.7935937500000001 0.04262499999999991 0.028806818181818305 0.03275000000000006
0 0.4659090909090909 0.07116346153846154 0.048409090909090964 0.023019230769230823
0 0.7121732954545454 0.4996538461538461 0.030795454545454636 0.02549999999999998
0 0.43521306818181815 0.11540384615384613 0.0189488636363636 0.034384615384615375
0 0.842471590909091 0.050365384615384645 0.03230113636363638 0.05103846153846147
0 0.5721022727272728 0.14740384615384616 0.01926136363636364 0.0357307692307692
0 0.5869176136363637 0.14049038461538454 0.028494318181818187 0.04121153846153847
0 0.5845738636363635 0.11233653846153835 0.0322159090909091 0.03090384615384614
0 0.5572088068181817 0.12373076923076931 0.026718750000000003 0.03442307692307699
0 0.8222940340909091 0.044259615384615314 0.017713068181818222 0.035596153846153826
0 0.5256463068181818 0.2072115384615385 0.025440340909090864 0.02926923076923082
0 0.5091974431818183 0.20090384615384616 0.01686079545454546 0.024230769230769167
0 0.8042045454545456 0.06008653846153844 0.026448863636363642 0.031096153846153766
0 0.7398934659090909 0.5728461538461538 0.023451704545454533 0.029653846153846183
0 0.5157031249999999 0.9715192307692307 0.0439346590909091 0.04719230769230769
0 0.49065340909090904 0.200125 0.02102272727272729 0.04240384615384607
0 0.5517329545454546 0.1541634615384615 0.026278409090909092 0.021211538461538518
0 0.5390625 0.16548076923076926 0.03119318181818187 0.03484615384615385
0 0.5229332386363637 0.1767980769230768 0.023622159090909086 0.03809615384615385
0 0.4023011363636364 0.37 0.03471590909090909 0.044884615384615335
0 0.41576704545454546 0.3453750000000001 0.026420454545454577 0.03313461538461531
0 0.43551846590909093 0.3500192307692308 0.019303977272727237 0.04030769230769238
0 0.5912073863636365 0.46745192307692307 0.037017045454545455 0.029750000000000054
0 0.5275781249999999 0.4776538461538461 0.022599431818181855 0.024846153846153768
0 0.3271946022727273 0.532625 0.02359375000000002 0.047134615384615365
0 0.5660227272727273 0.45508653846153846 0.0546875 0.03463461538461537
0 0.6199928977272727 0.801923076923077 0.035269886363636344 0.0365769230769231
0 0.5372798295454545 0.5551057692307693 0.026718750000000003 0.04009615384615389
0 0.5259375 0.5468461538461539 0.030909090909090896 0.06007692307692304
0 0.6108025568181819 0.6301442307692309 0.020781249999999994 0.019442307692307665
0 0.6146235795454545 0.765625 0.04240056818181821 0.04490384615384617
0 0.902890625 0.8747307692307692 0.01504261363636352 0.019730769230769225
0 0.26996448863636363 0.6092307692307692 0.03879261363636364 0.04769230769230766
0 0.9152698863636364 0.8924326923076923 0.025880681818181858 0.03286538461538462
0 0.9418536931818182 0.8844807692307692 0.03930397727272721 0.041807692307692296
0 0.3885511363636363 0.5305961538461539 0.020142045454545465 0.055461538461538465
0 0.9541690340909091 0.8882403846153846 0.02225852272727283 0.030134615384615388
0 0.9397017045454544 0.9080288461538462 0.022670454545454435 0.024442307692307694
0 0.9481676136363636 0.9170192307692308 0.026136363636363766 0.03430769230769232
0 0.9842116477272728 0.9721346153846154 0.031576704545454574 0.037576923076923084
0 0.308984375 0.6213846153846154 0.03856534090909092 0.045730769230769235
0 0.9288565340909091 0.9816346153846154 0.02092329545454548 0.030576923076923078
0 0.89828125 0.96825 0.014176136363636389 0.03503846153846154
0 0.8883948863636365 0.9496249999999999 0.02241477272727285 0.017403846153846148
0 0.8800710227272727 0.9742692307692308 0.02852272727272733 0.03726923076923077
0 0.9472514204545455 0.8532211538461538 0.032144886363636355 0.04605769230769231
0 0.3011292613636364 0.6810384615384615 0.04146306818181818 0.05050000000000004
0 0.9250852272727272 0.8641538461538462 0.02093750000000001 0.02473076923076923
0 0.9090980113636363 0.8573076923076923 0.01802556818181826 0.030538461538461528
0 0.9296093750000001 0.8341153846153846 0.029815340909090923 0.04907692307692307
0 0.7641974431818181 0.4209903846153846 0.01904829545454557 0.01851923076923076
0 0.7856107954545454 0.08772115384615387 0.016022727272727397 0.02686538461538467
0 0.5785582386363637 0.8273461538461538 0.026150568181818136 0.04023076923076924
0 0.7443323863636363 0.30881730769230764 0.018267045454545473 0.023326923076923068
0 0.37251420454545453 0.5361442307692308 0.026193181818181855 0.06505769230769233
0 0.759090909090909 0.43627884615384616 0.01568181818181813 0.026019230769230718
0 0.7861221590909092 0.43364423076923075 0.022500000000000044 0.029942307692307678
0 0.721377840909091 0.6736057692307693 0.019232954545454574 0.024250000000000025
0 0.41282670454545456 0.8818269230769231 0.029090909090909115 0.04523076923076922
0 0.391640625 0.4015288461538462 0.035923295454545486 0.05001923076923075
0 0.7780539772727273 0.440875 0.020340909090909 0.015480769230769144
0 0.7796448863636364 0.4792692307692308 0.02082386363636375 0.025153846153846124
0 0.7810369318181817 0.5056057692307692 0.02465909090909093 0.02609615384615383
0 0.7064346590909092 0.41566346153846145 0.022840909090909068 0.020019230769230817
0 0.6895028409090909 0.40903846153846146 0.027045454545454574 0.027884615384615386
0 0.40235795454545453 0.48740384615384624 0.035880681818181805 0.0494230769230769
0 0.7300355113636364 0.44765384615384607 0.025980113636363666 0.03288461538461532
0 0.7388991477272726 0.4278942307692307 0.029048295454545438 0.030942307692307755
0 0.4547514204545454 0.5083365384615385 0.028053977272727272 0.044403846153846106
0 0.564268465909091 0.7355192307692308 0.037542613636363645 0.05334615384615386
0 0.990284090909091 0.33534615384615385 0.01926136363636372 0.029884615384615315
0 0.992265625 0.479548076923077 0.01546874999999998 0.02524999999999999
0 0.9927556818181817 0.4602307692307692 0.014488636363636427 0.024115384615384546
0 0.9913494318181819 0.4049711538461538 0.017301136363636293 0.02690384615384617
0 0.42722301136363633 0.90175 0.024957386363636355 0.02903846153846154
0 0.5494247159090909 0.8001538461538462 0.06146306818181815 0.023461538461538468
0 0.7807386363636364 0.0617692307692308 0.022812499999999923 0.034461538461538384
0 0.9884872159090908 0.37169230769230766 0.022769886363636326 0.02476923076923087
0 0.3022372159090909 0.7216730769230768 0.02407670454545453 0.027961538461538447
0 0.9556463068181817 0.481 0.023536931818181728 0.031461538461538485
0 0.612705965909091 0.5842499999999999 0.040582386363636355 0.055730769230769264
0 0.9740411931818183 0.49959615384615386 0.031207386363636402 0.03507692307692304
0 0.9360369318181818 0.4521057692307693 0.02664772727272726 0.027057692307692293
0 0.9486079545454544 0.4625769230769231 0.02568181818181824 0.025961538461538463
0 0.9513778409090908 0.4308846153846153 0.022613636363636468 0.03642307692307692
0 0.4081818181818182 0.5943653846153847 0.01872159090909092 0.02399999999999998
0 0.31539772727272725 0.5625192307692308 0.020255681818181805 0.04530769230769231
0 0.9175923295454544 0.4251538461538461 0.03742897727272731 0.03199999999999997
0 0.9012144886363636 0.41925 0.025440340909090864 0.02276923076923083
0 0.46340909090909094 0.5242500000000001 0.029687499999999967 0.054999999999999986
0 0.7389275568181817 0.6407019230769231 0.017968749999999967 0.025288461538461548
0 0.5459019886363637 0.8125384615384615 0.05157670454545455 0.03742307692307691
0 0.7835582386363636 0.6913557692307692 0.01444602272727283 0.018673076923076938
0 0.4248863636363636 0.970798076923077 0.024744318181818124 0.040211538461538465
0 0.5456107954545455 0.8542788461538462 0.048465909090909094 0.047749999999999994
0 0.3147727272727273 0.7457019230769231 0.04426136363636363 0.053019230769230784
0 0.34026988636363636 0.9147692307692308 0.04426136363636363 0.028384615384615394
0 0.3704545454545455 0.6294230769230769 0.016931818181818162 0.029576923076923067
0 0.25276988636363634 0.6859519230769231 0.03480113636363636 0.03275
0 0.42349431818181815 0.5210384615384616 0.03568181818181819 0.05807692307692311
0 0.45073863636363637 0.9899230769230769 0.034318181818181775 0.020153846153846154
0 0.38648437500000005 0.8682596153846154 0.029076704545454503 0.09467307692307693
0 0.3948082386363636 0.9352403846153846 0.02225852272727267 0.04224999999999999
0 0.3759659090909091 0.6624519230769231 0.022017045454545456 0.053673076923076914
0 0.5739346590909091 0.6992596153846153 0.021818181818181837 0.030519230769230778
0 0.3804900568181818 0.9120480769230769 0.021093750000000033 0.0400576923076923
0 0.299140625 0.5254230769230769 0.045184659090909095 0.049076923076923094
0 0.36267045454545455 0.89625 0.022926136363636343 0.05669230769230769
0 0.36204545454545456 0.9733942307692308 0.0253693181818182 0.040749999999999995
0 0.35481534090909095 0.5287403846153846 0.038551136363636385 0.04325000000000002
0 0.30709517045454543 0.7048076923076922 0.02686079545454545 0.032730769230769195
0 0.37452414772727277 0.947701923076923 0.024332386363636396 0.04578846153846154
0 0.3209019886363636 0.9503557692307693 0.040838068181818184 0.044403846153846155
0 0.44727982954545453 0.9704903846153846 0.020326704545454547 0.029249999999999998
0 0.5342613636363637 0.9723557692307693 0.03403409090909096 0.03378846153846154
0 0.5780894886363637 0.583201923076923 0.028053977272727272 0.04355769230769232
0 0.56375 0.6052500000000001 0.027840909090909124 0.046346153846153836
0 0.4187784090909091 0.6077980769230769 0.01894886363636368 0.02278846153846153
0 0.2887144886363636 0.7496442307692308 0.026747159090909068 0.054519230769230785
0 0.3441690340909091 0.6416249999999999 0.01643465909090912 0.02744230769230771
0 0.43795454545454543 0.9511153846153846 0.02215909090909094 0.038
0 0.339921875 0.7067788461538462 0.04683238636363636 0.04328846153846152
0 0.3538849431818182 0.57575 0.018735795454545453 0.030999999999999955
0 0.3889488636363636 0.44355769230769226 0.04744318181818179 0.046076923076923036
0 0.3387855113636364 0.6580673076923077 0.039133522727272746 0.03644230769230767
0 0.5977698863636364 0.82125 0.030000000000000006 0.04161538461538462
0 0.3226633522727273 0.5980961538461538 0.022457386363636367 0.03100000000000001
0 0.2957954545454546 0.5685961538461539 0.0380965909090909 0.060038461538461534
0 0.2733380681818182 0.5593653846153845 0.03752840909090907 0.04619230769230766
0 0.620234375 0.8364519230769231 0.026463068181818174 0.03682692307692309
0 0.2648579545454545 0.6988557692307693 0.019829545454545464 0.025980769230769214
0 0.2599289772727273 0.6741826923076923 0.04298295454545453 0.04901923076923073
0 0.2740625 0.6391538461538462 0.035482954545454574 0.03911538461538462
0 0.3503977272727273 0.949375 0.029289772727272734 0.04132692307692308
0 0.40088778409090914 0.9486923076923077 0.022769886363636405 0.029384615384615387
0 0.44497869318181815 0.8779134615384615 0.04345170454545451 0.048019230769230765
0 0.3443181818181818 0.5598365384615385 0.02761363636363636 0.03159615384615386
0 0.28484375 0.592875 0.029602272727272692 0.033519230769230725
0 0.5396235795454545 0.9106538461538461 0.030326704545454497 0.03769230769230769
0 0.538515625 0.9335769230769231 0.021235795454545438 0.044653846153846155
0 0.5753693181818181 0.9332211538461539 0.04488636363636367 0.08040384615384616
0 0.4985724431818182 0.9535288461538461 0.05109375000000004 0.02478846153846154
0 0.5493678977272727 0.9861538461538462 0.0449005681818182 0.027692307692307693
0 0.5837500000000001 0.847423076923077 0.036448863636363675 0.029653846153846156
0 0.5779190340909092 0.8722211538461538 0.02856534090909093 0.02878846153846155
0 0.6059090909090908 0.8588653846153846 0.02477272727272727 0.034076923076923074
0 0.49697443181818185 0.9179519230769231 0.05857954545454547 0.06421153846153846
0 0.6029616477272728 0.887625 0.03146306818181815 0.03301923076923076
0 0.6084019886363637 0.9087403846153846 0.02529829545454546 0.0454423076923077
0 0.46839488636363635 0.5491826923076923 0.030965909090909027 0.04963461538461539
0 0.33411931818181817 0.6232403846153846 0.021874999999999967 0.03636538461538461
0 0.34764204545454547 0.6045192307692308 0.02477272727272727 0.03669230769230766
0 0.40959517045454547 0.6445673076923077 0.01964488636363634 0.04686538461538462
0 0.04387073863636364 0.9209807692307692 0.046803977272727275 0.069
0 0.07112926136363637 0.9280673076923077 0.024303977272727272 0.06551923076923076
0 0.036072443181818174 0.8652211538461538 0.035553977272727265 0.04732692307692308
0 0.019119318181818182 0.8859423076923076 0.038238636363636364 0.05561538461538461
0 0.4680397727272727 0.9026923076923077 0.0253693181818182 0.05053846153846154
0 0.06649147727272728 0.8689615384615385 0.03357954545454545 0.05215384615384616
0 0.08039772727272727 0.8802211538461538 0.020596590909090908 0.04240384615384616
0 0.09644886363636364 0.9254903846153846 0.03647727272727272 0.06609615384615386
0 0.10963778409090909 0.9083846153846153 0.036889204545454544 0.06542307692307694
0 0.12808238636363636 0.8885576923076923 0.04284090909090909 0.06315384615384616
0 0.0526278409090909 0.7634615384615384 0.06420454545454546 0.06419230769230769
0 0.02026988636363636 0.775826923076923 0.04 0.058153846153846146
0 0.017301136363636362 0.8080865384615386 0.034602272727272725 0.03109615384615385
0 0.012862215909090908 0.8271442307692308 0.02518465909090909 0.03309615384615383
0 0.039573863636363636 0.8349423076923077 0.03536931818181818 0.04069230769230769
0 0.4160795454545454 0.48724999999999996 0.034857954545454574 0.06030769230769233
0 0.2732386363636364 0.12125961538461538 0.014943181818181833 0.02548076923076923
0 0.4252982954545454 0.4059903846153846 0.027812499999999976 0.025019230769230752
0 0.4401207386363637 0.4032403846153846 0.029843750000000068 0.02721153846153842
0 0.4971732954545454 0.3496442307692308 0.03309659090909092 0.0502884615384615
0 0.505703125 0.37286538461538454 0.03796875000000002 0.04673076923076925
0 0.5114843750000001 0.3952692307692307 0.04345170454545451 0.05030769230769236
0 0.6474005681818181 0.6996442307692308 0.041051136363636415 0.05082692307692309
0 0.6377130681818182 0.74075 0.05218750000000001 0.05507692307692308
0 0.60734375 0.6940384615384616 0.017386363636363648 0.043115384615384646
0 0.6176420454545455 0.7047980769230769 0.02022727272727274 0.03678846153846153
0 0.5860298295454546 0.7750288461538462 0.03526988636363642 0.055288461538461564
0 0.4616690340909091 0.26649999999999996 0.016690340909090908 0.018769230769230753
0 0.5974218750000001 0.7343076923076923 0.030326704545454497 0.04276923076923076
0 0.5936292613636364 0.6630096153846153 0.03328125000000001 0.038211538461538415
0 0.5591122159090909 0.6872307692307693 0.029673295454545435 0.05576923076923077
0 0.5806818181818182 0.6727115384615385 0.015795454545454553 0.030230769230769228
0 0.5814488636363636 0.7112788461538462 0.01775568181818182 0.030826923076923078
0 0.5938707386363636 0.695701923076923 0.014190340909090922 0.03521153846153841
0 0.9300142045454546 0.7284519230769231 0.040795454545454586 0.0888269230769231
0 0.983515625 0.7972692307692307 0.032968750000000054 0.06807692307692309
0 0.9820738636363636 0.8202019230769231 0.03579545454545461 0.054711538461538464
0 0.9811292613636362 0.8353269230769231 0.03745738636363637 0.04350000000000001
0 0.16696022727272727 0.16536538461538464 0.04644886363636362 0.04273076923076928
0 0.9815269886363637 0.874125 0.036946022727272716 0.07036538461538462
0 0.9555965909090909 0.7687884615384616 0.031079545454545447 0.03915384615384615
0 0.9703409090909091 0.761375 0.03318181818181804 0.04363461538461541
0 0.9514914772727273 0.7102884615384616 0.04110795454545462 0.06111538461538462
0 0.9645525568181817 0.6936730769230769 0.034133522727272686 0.047307692307692294
0 0.9755468749999999 0.6645865384615384 0.03799715909090909 0.045711538461538484
0 0.9896519886363635 0.6481442307692309 0.0206960227272728 0.05548076923076922
0 0.9932102272727273 0.7517211538461539 0.01338068181818176 0.027365384615384625
0 0.9300426136363636 0.5137307692307692 0.029517045454545417 0.05430769230769233
0 0.9081818181818182 0.491625 0.02852272727272717 0.039557692307692294
0 0.2258380681818182 0.16129807692307696 0.013210227272727249 0.02124999999999991
0 0.9030397727272728 0.5139326923076923 0.03678977272727286 0.04978846153846151
0 0.8870596590909091 0.5262788461538461 0.027812499999999896 0.02455769230769233
0 0.08064630681818183 0.8379134615384616 0.028764204545454555 0.04048076923076922
0 0.05472301136363636 0.8209615384615385 0.034815340909090914 0.052153846153846134
0 0.06482954545454546 0.8021153846153846 0.02477272727272727 0.02530769230769233
0 0.8941548295454546 0.8270096153846154 0.04697443181818173 0.051057692307692304
0 0.8837073863636363 0.8510865384615385 0.035994318181818065 0.04259615384615386
0 0.8641690340909091 0.8992884615384615 0.0425426136363637 0.03484615384615384
0 0.8691477272727273 0.9157019230769231 0.04511363636363635 0.023288461538461536
0 0.8697869318181817 0.9386634615384616 0.05426136363636354 0.04782692307692307
0 0.2005752840909091 0.12216346153846147 0.015355113636363639 0.0330576923076923
0 0.8745667613636363 0.8713173076923076 0.02714488636363638 0.03221153846153847
0 0.9758664772727272 0.9565 0.04582386363636362 0.030653846153846153
0 0.8650994318181818 0.5300288461538462 0.0191477272727273 0.03259615384615388
0 0.8424502840909092 0.5028846153846154 0.035298295454545485 0.0625384615384615
0 0.8716477272727274 0.4830384615384615 0.02465909090909093 0.03476923076923085
0 0.8620099431818182 0.44272115384615396 0.022286931818181897 0.060365384615384696
0 0.8298011363636365 0.4812115384615385 0.021534090909090864 0.061999999999999965
0 0.842322443181818 0.47460576923076925 0.026803977272727278 0.06567307692307688
0 0.8128480113636362 0.49704807692307684 0.016519886363636358 0.06032692307692314
0 0.7981463068181818 0.49122115384615384 0.02103693181818174 0.03521153846153852
0 0.2699005681818182 0.1457211538461538 0.017215909090909098 0.02098076923076928
0 0.7980397727272727 0.5284230769230769 0.022613636363636305 0.03857692307692308
0 0.8252840909090909 0.540673076923077 0.03551136363636364 0.06980769230769233
0 0.8227059659090908 0.4424615384615386 0.01978693181818175 0.046500000000000014
0 0.8338849431818183 0.44591346153846156 0.03453125000000008 0.04628846153846163
0 0.8811931818181816 0.4437596153846154 0.02144886363636367 0.04332692307692303
0 0.8827059659090909 0.41109615384615383 0.01944602272727264 0.028807692307692343
0 0.8065696022727273 0.4072403846153846 0.019190340909090896 0.04648076923076926
0 0.8220880681818182 0.4112403846153847 0.016306818181818207 0.029326923076923077
0 0.7835369318181818 0.38868269230769237 0.0316761363636363 0.03748076923076925
0 0.7779261363636365 0.37551923076923077 0.02144886363636367 0.02803846153846151
0 0.24730113636363635 0.14339423076923075 0.02022727272727274 0.032634615384615435
0 0.7705752840909091 0.3463076923076923 0.026690340909090858 0.05334615384615386
0 0.7372088068181818 0.3390961538461539 0.03348011363636363 0.03207692307692309
0 0.8026136363636364 0.42964423076923075 0.02434659090909089 0.043134615384615396
0 0.8967116477272726 0.37402884615384613 0.028821022727272674 0.0211346153846154
0 0.8762571022727272 0.3588365384615385 0.0332244318181818 0.027096153846153798
0 0.8738352272727273 0.38340384615384615 0.02573863636363637 0.031576923076922996
0 0.850184659090909 0.3702980769230769 0.02551136363636369 0.027403846153846154
0 0.8622798295454545 0.40276923076923077 0.022002840909090923 0.036346153846153806
0 0.8953977272727273 0.32265384615384607 0.034545454545454456 0.03634615384615391
0 0.9021022727272726 0.3513942307692308 0.028153409090909163 0.024711538461538396
0 0.2849573863636364 0.14048076923076924 0.017215909090909056 0.03611538461538456
0 0.9144247159090909 0.3308365384615384 0.022883522727272586 0.03425
0 0.9366477272727274 0.30700961538461535 0.034318181818181775 0.0306730769230769
0 0.9227840909090909 0.29509615384615384 0.027272727272727337 0.038423076923076956
0 0.9295596590909092 0.3995096153846154 0.03428977272727271 0.04190384615384608
0 0.9519247159090909 0.39811538461538454 0.03382102272727265 0.03207692307692309
0 0.5900213068181818 0.6054423076923077 0.020014204545454592 0.027384615384615348
0 0.5780042613636364 0.6278557692307692 0.012343749999999997 0.04155769230769228
0 0.5942329545454546 0.6211826923076923 0.024119318181818127 0.02374999999999999
0 0.4561860795454545 0.46632692307692314 0.02975852272727271 0.04784615384615384
0 0.45504971590909093 0.42125 0.025582386363636352 0.028576923076923104
0 0.23977272727272728 0.16757692307692307 0.014630681818181794 0.019230769230769232
0 0.4643821022727273 0.43190384615384625 0.0254119318181818 0.03184615384615385
0 0.47742187500000005 0.44526923076923075 0.014048295454545435 0.026576923076923064
0 0.4721306818181818 0.4736442307692307 0.02798295454545461 0.036211538461538434
0 0.4894673295454546 0.47372115384615376 0.030099431818181813 0.05478846153846156
0 0.49484375 0.4389711538461538 0.02482954545454548 0.03574999999999995
0 0.4916832386363636 0.3390480769230769 0.03484375000000004 0.049480769230769266
0 0.48130681818181814 0.3337692307692308 0.036931818181818184 0.051307692307692214
0 0.4815127840909091 0.4152211538461539 0.020411931818181826 0.035596153846153826
0 0.49796164772727275 0.48605769230769236 0.028906250000000033 0.03542307692307684
0 0.5103551136363635 0.4826442307692308 0.023409090909090855 0.0205192307692308
0 0.26430397727272725 0.1667019230769231 0.014630681818181834 0.03148076923076924
0 0.5108664772727273 0.4424807692307693 0.02573863636363637 0.02661538461538457
0 0.52421875 0.4065288461538461 0.043267045454545426 0.046596153846153884
0 0.0621875 0.5866057692307693 0.03832386363636364 0.04813461538461539
0 0.06136363636363637 0.5513076923076923 0.06883522727272728 0.04796153846153846
0 0.0697940340909091 0.5356442307692308 0.029133522727272723 0.03636538461538461
0 0.09449573863636364 0.5381634615384615 0.034275568181818185 0.06613461538461542
0 0.08631392045454546 0.4867307692307693 0.033224431818181806 0.05473076923076925
0 0.020838068181818183 0.25125 0.04167613636363637 0.06823076923076915
0 0.06046875 0.23789423076923077 0.045142045454545456 0.07448076923076927
0 0.02435369318181818 0.196951923076923 0.03632102272727273 0.07105769230769228
0 0.478359375 0.9930769230769231 0.03049715909090913 0.01376923076923077
0 0.23718750000000002 0.18883653846153847 0.01289772727272729 0.025634615384615464
0 0.05921164772727273 0.18102884615384618 0.054389204545454546 0.047749999999999966
0 0.04997159090909091 0.1355480769230769 0.048920454545454545 0.07105769230769228
0 0.019531250000000003 0.13251923076923067 0.028494318181818187 0.05788461538461532
0 0.01616477272727273 0.19414423076923082 0.03164772727272727 0.06863461538461538
0 0.15664772727272727 0.024884615384615394 0.03034090909090909 0.04976923076923076
0 0.12813920454545455 0.02197115384615389 0.037017045454545434 0.04394230769230774
0 0.10507102272727273 0.04033653846153851 0.04758522727272727 0.04409615384615386
0 0.16571732954545454 0.10853846153846158 0.032599431818181805 0.033115384615384665
0 0.16978693181818183 0.13724999999999998 0.03593750000000002 0.0273461538461539
0 0.18424005681818179 0.14440384615384616 0.027031250000000003 0.02807692307692301
0 0.2675284090909091 0.19671153846153844 0.015056818181818173 0.02038461538461532
0 0.19692471590909089 0.1568076923076922 0.018338068181818178 0.021307692307692278
0 0.19674005681818182 0.18339423076923078 0.021292613636363648 0.03736538461538463
0 0.21150568181818183 0.15755769230769234 0.016448863636363612 0.031461538461538485
0 0.21561789772727274 0.18199038461538464 0.019559659090909107 0.032249999999999966
0 0.21456676136363637 0.13151923076923078 0.01788352272727273 0.031076923076923123
0 0.16983664772727272 0.0681346153846153 0.040440340909090926 0.040269230769230765
0 0.20073863636363634 0.06632692307692312 0.02659090909090909 0.04350000000000001
0 0.2109588068181818 0.038971153846153794 0.03356534090909094 0.039673076923076915
0 0.2236434659090909 0.0442403846153846 0.024105113636363636 0.03874999999999996
0 0.17618607954545454 0.024730769230769223 0.03796875 0.04842307692307694
0 0.2533238636363636 0.20165384615384618 0.015056818181818173 0.023307692307692317
0 0.1936221590909091 0.021990384615384606 0.02767045454545457 0.04351923076923076
0 0.21467329545454544 0.013000000000000012 0.019602272727272742 0.025999999999999964
0 0.23326704545454546 0.012413461538461568 0.01786931818181816 0.024826923076923125
0 0.24759232954545454 0.008134615384615462 0.014786931818181814 0.01626923076923073
0 0.29710227272727274 0.01278846153846147 0.030056818181818178 0.025153846153846124
0 0.32908380681818183 0.17002884615384617 0.024531250000000015 0.07598076923076921
0 0.34534801136363635 0.1815961538461539 0.021349431818181778 0.05880769230769239
0 0.3526278409090909 0.1423461538461538 0.02363636363636362 0.03350000000000003
0 0.37539772727272724 0.20097115384615383 0.03559659090909091 0.05882692307692314
0 0.37795454545454543 0.21454807692307687 0.05252840909090908 0.061519230769230784
0 0.7380042613636363 0.5959423076923076 0.013849431818181818 0.01915384615384617
0 0.37983664772727277 0.22886538461538464 0.04137784090909094 0.04330769230769227
0 0.3867400568181818 0.24012500000000003 0.05177556818181821 0.04821153846153845
0 0.36117897727272724 0.16888461538461552 0.014517045454545453 0.034999999999999976
0 0.37110085227272727 0.18999038461538464 0.0329119318181818 0.07332692307692307
0 0.39031249999999995 0.14650961538461538 0.02306818181818175 0.035173076923076856
0 0.4128409090909091 0.17851923076923082 0.03105113636363638 0.025884615384615346
0 0.40257812499999995 0.1614134615384616 0.026946022727272687 0.03936538461538467
0 0.42000710227272725 0.21563461538461537 0.021122159090909098 0.02276923076923083
0 0.4458167613636364 0.1699615384615385 0.02424715909090908 0.03326923076923068
0 0.42385653409090907 0.19061538461538463 0.027485795454545405 0.030115384615384554
0 0.2733380681818182 0.16525 0.01636363636363638 0.023884615384615306
0 0.4051917613636364 0.20633653846153843 0.013082386363636416 0.02605769230769233
0 0.44625710227272725 0.19864423076923077 0.03575284090909093 0.03413461538461538
0 0.47115767045454543 0.17454807692307694 0.03055397727272726 0.03101923076923076
0 0.46542613636363633 0.14456730769230774 0.025511363636363606 0.032673076923076944
0 0.48994318181818186 0.14859615384615377 0.026278409090909092 0.04238461538461542
0 0.43889204545454547 0.15311538461538465 0.02460227272727272 0.044884615384615446
0 0.4603409090909091 0.11894230769230774 0.04062500000000003 0.033307692307692295
0 0.4939772727272727 0.11855769230769231 0.035227272727272746 0.03253846153846157
0 0.5196022727272728 0.1354615384615384 0.026079545454545473 0.047192307692307624
0 0.5028338068181818 0.17338461538461536 0.02183238636363637 0.03657692307692315
0 0.33493607954545457 0.6816826923076923 0.055298295454545426 0.02367307692307693
0 0.50671875 0.10078846153846144 0.027897727272727255 0.025538461538461597
0 0.4451491477272727 0.09561538461538466 0.020781249999999994 0.02626923076923082
0 0.46609375 0.08986538461538462 0.022073863636363586 0.029884615384615423
0 0.4793678977272728 0.04374038461538465 0.027997159090909062 0.04244230769230768
0 0.4749360795454546 0.025451923076923122 0.027684659090909104 0.048942307692307674
0 0.5331747159090909 0.41401923076923075 0.03484375000000004 0.036653846153846155
0 0.5562286931818181 0.42389423076923083 0.036235795454545444 0.037211538461538504
0 0.5333167613636364 0.43855769230769237 0.021803977272727305 0.028576923076923104
0 0.5173366477272727 0.45978846153846153 0.030355113636363642 0.026192307692307702
0 0.5528835227272727 0.4507692307692307 0.06829545454545452 0.04380769230769237
0 0.2516051136363636 0.17806730769230772 0.015056818181818173 0.03436538461538451
0 0.4602982954545455 0.3225769230769231 0.03849431818181821 0.04353846153846151
0 0.45958096590909087 0.3427307692307693 0.03242897727272725 0.04673076923076925
0 0.4201065340909091 0.25541346153846156 0.023252840909090914 0.036134615384615314
0 0.42721590909090906 0.2620961538461538 0.023920454545454592 0.03588461538461543
0 0.30774147727272727 0.042057692307692296 0.028323863636363633 0.04803846153846157
0 0.33377840909090906 0.04136538461538464 0.020681818181818187 0.03007692307692305
0 0.33735085227272726 0.016663461538461544 0.01862215909090911 0.0324807692307692
0 0.3552130681818182 0.0128173076923076 0.017102272727272674 0.025634615384615353
0 0.35828125 0.051903846153846134 0.027812499999999976 0.06288461538461536
0 0.3347940340909091 0.07419230769230778 0.026803977272727278 0.039038461538461564
0 0.008451704545454545 0.036192307692307635 0.014204545454545454 0.023307692307692317
0 0.3042258522727273 0.057980769230769225 0.03038352272727275 0.040730769230769244
0 0.3575852272727273 0.09781730769230768 0.02434659090909093 0.028749999999999977
0 0.36882812499999995 0.013403846153846155 0.01819602272727273 0.026807692307692303
0 0.3683806818181818 0.12103846153846154 0.02392045454545455 0.03103846153846151
0 0.328671875 0.08961538461538465 0.0341903409090909 0.07069230769230768
0 0.2736931818181818 0.06107692307692303 0.023522727272727275 0.03946153846153843
0 0.2690696022727273 0.07182692307692307 0.02473011363636363 0.026115384615384585
0 0.38336647727272727 0.018355769230769203 0.021704545454545417 0.036711538461538414
0 0.2406605113636364 0.05092307692307696 0.021122159090909098 0.02392307692307692
0 0.2513849431818182 0.08437499999999998 0.017769886363636352 0.023057692307692324
0 0.036640625 0.0455192307692307 0.022372159090909092 0.0279615384615385
0 0.27766335227272726 0.09484615384615391 0.01819602272727273 0.022461538461538474
0 0.296640625 0.1283653846153846 0.027002840909090896 0.04061538461538462
0 0.30171875 0.16595192307692308 0.02065340909090912 0.02721153846153842
0 0.324765625 0.11985576923076924 0.021434659090909094 0.03532692307692309
0 0.10373579545454546 0.7664615384615385 0.04247159090909092 0.050153846153846125
0 0.1441122159090909 0.763625 0.0501278409090909 0.06386538461538463
0 0.12022727272727272 0.8423173076923076 0.04142045454545454 0.053173076923076906
0 0.15463068181818182 0.8602019230769231 0.03832386363636362 0.06186538461538462
0 0.033799715909090915 0.5952211538461538 0.02424715909090909 0.04813461538461539
0 0.18301136363636364 0.20080769230769224 0.03565340909090906 0.04315384615384615
0 0.05514204545454546 0.043471153846153854 0.017215909090909098 0.033211538461538424
0 0.29363636363636364 0.1581634615384615 0.021732954545454562 0.02721153846153842
0 0.3050284090909091 0.1929326923076924 0.024261363636363654 0.046519230769230764
0 0.30178267045454543 0.12034615384615388 0.029588068181818198 0.04992307692307688
0 0.2757883522727273 0.0474230769230769 0.02964488636363637 0.03873076923076931
0 0.25625 0.054413461538461605 0.01948863636363636 0.029557692307692316
0 0.24642045454545458 0.02837500000000004 0.028124999999999976 0.024711538461538507
0 0.2595880681818182 0.015038461538461667 0.014772727272727241 0.019730769230769104
0 0.26762073863636365 0.020721153846153806 0.020184659090909062 0.027442307692307766
0 0.2746661931818182 0.00951923076923089 0.01836647727272728 0.019038461538461494
0 0.22558948863636363 0.07307692307692304 0.02157670454545454 0.024730769230769258
0 0.3374147727272727 0.8767211538461539 0.04227272727272726 0.06617307692307693
0 0.023948863636363636 0.08105769230769222 0.03744318181818182 0.043115384615384646
0 0.4018181818181818 0.04633653846153851 0.020142045454545465 0.03132692307692311
0 0.401221590909091 0.022230769230769165 0.020625000000000056 0.030846153846153884
0 0.2825497159090909 0.18464423076923075 0.025127840909090905 0.03221153846153846
0 0.2872230113636363 0.21389423076923086 0.030582386363636364 0.03482692307692299
0 0.47357954545454545 0.2040288461538462 0.017329545454545438 0.03359615384615379
0 0.5447017045454546 0.13121153846153855 0.027357954545454612 0.03307692307692305
0 0.5309446022727272 0.1132884615384615 0.0220880681818182 0.029692307692307688
0 0.5043892045454546 0.051701923076923006 0.02221590909090915 0.022903846153846094
0 0.4970099431818182 0.02550961538461538 0.014474431818181815 0.0342115384615385
0 0.5430042613636363 0.01202884615384614 0.027428977272727275 0.021711538461538393
0 0.25670454545454546 0.22326923076923078 0.04539772727272724 0.03188461538461535
0 0.5507954545454545 0.022278846153846232 0.02022727272727274 0.026788461538461553
0 0.5654829545454546 0.016009615384615317 0.03911931818181821 0.032019230769230723
0 0.5868465909090909 0.037192307692307636 0.029687499999999967 0.044846153846153945
0 0.5911931818181818 0.06356730769230756 0.028778409090909077 0.05540384615384616
0 0.5666832386363636 0.07016346153846154 0.02203124999999999 0.03044230769230766
0 0.5798721590909092 0.0871153846153846 0.024431818181818166 0.03796153846153848
0 0.5578267045454546 0.04855769230769236 0.03349431818181816 0.03476923076923085
0 0.5387002840909091 0.04013461538461538 0.018764204545454598 0.05496153846153843
0 0.5224573863636364 0.04079807692307691 0.018096590909090923 0.06698076923076932
0 0.43008522727272724 0.011634615384615299 0.025653409090909095 0.023269230769230813
0 0.7253267045454546 0.6090769230769231 0.020624999999999973 0.029038461538461582
0 0.45254971590909093 0.019692307692307676 0.01927556818181817 0.03157692307692311
0 0.44140625 0.028817307692307725 0.027698863636363636 0.0306730769230769
0 0.42431818181818187 0.0477788461538462 0.025340909090909056 0.034519230769230747
0 0.4006960227272728 0.09348076923076931 0.020568181818181763 0.025884615384615346
0 0.6765269886363636 0.10224038461538465 0.02529829545454546 0.04401923076923074
0 0.6822798295454546 0.07151923076923072 0.043593749999999994 0.030269230769230788
0 0.6706534090909091 0.027326923076923193 0.03659090909090908 0.05380769230769223
0 0.6954900568181818 0.04750961538461551 0.029360795454545396 0.047711538461538465
0 0.6928835227272727 0.014855769230769256 0.03446022727272726 0.02971153846153844
0 0.6950426136363637 0.10713461538461544 0.024687499999999994 0.04288461538461541
0 0.21853693181818182 0.20727884615384606 0.03704545454545452 0.04682692307692301
0 0.7122372159090908 0.09554807692307687 0.024105113636363595 0.052903846153846135
0 0.7327485795454546 0.09581730769230778 0.023906249999999976 0.051326923076923076
0 0.7607457386363637 0.0988461538461538 0.036747159090909094 0.04315384615384615
0 0.7618181818181817 0.06647115384615399 0.03343750000000011 0.04844230769230769
0 0.7365411931818181 0.0580480769230769 0.022542613636363725 0.04894230769230778
0 0.7163849431818182 0.03726923076923072 0.021008522727272758 0.06880769230769225
0 0.7271164772727272 0.010865384615384555 0.038295454545454514 0.02173076923076925
0 0.7999076704545455 0.08861538461538465 0.01686079545454546 0.024615384615384636
0 0.9381534090909092 0.42610576923076926 0.026619318181818195 0.026403846153846187
0 0.8915269886363636 0.8883653846153846 0.02279829545454539 0.027230769230769225
0 0.30330965909090907 0.6379807692307693 0.032499999999999994 0.03526923076923072
0 0.5445170454545455 0.19577884615384622 0.021051136363636355 0.02628846153846146
0 0.42958096590909084 0.2865192307692308 0.027258522727272725 0.03942307692307692
0 0.4072372159090909 0.2854230769230769 0.018167613636363586 0.03523076923076922
0 0.5578480113636364 0.9382596153846153 0.01916193181818183 0.04698076923076923
0 0.39568892045454546 0.9756634615384615 0.017940340909090902 0.02382692307692308
0 0.19195312499999997 0.9209807692307692 0.04901988636363635 0.06261538461538461
0 0.1639133522727273 0.4492211538461539 0.017855113636363648 0.03175000000000009
0 0.18560369318181816 0.4502307692307692 0.027002840909090896 0.042538461538461546
0 0.1344744318181818 0.4464326923076922 0.04130681818181818 0.02136538461538464
0 0.15004971590909089 0.4665 0.04765625 0.030346153846153905
0 0.2316193181818182 0.2171249999999999 0.030142045454545453 0.03336538461538455
0 0.044389204545454544 0.07173076923076915 0.026676136363636364 0.0279615384615385
0 0.24964488636363635 0.11750961538461546 0.02071022727272725 0.02628846153846157
0 0.24058948863636365 0.0953750000000001 0.018821022727272728 0.028519230769230738
0 0.2624076704545455 0.12650961538461547 0.015184659090909129 0.026442307692307692
0 0.23140625 0.1223653846153846 0.01835227272727275 0.019423076923076966
0 0.21318892045454543 0.1043846153846153 0.016207386363636358 0.02773076923076926
0 0.22640624999999998 0.10124038461538454 0.01809659090909088 0.03563461538461544
0 0.24438920454545457 0.06746153846153846 0.016676136363636337 0.02450000000000002
0 0.3720383522727273 0.1448076923076923 0.01759943181818184 0.027423076923076904
0 0.40698863636363636 0.0058942307692309015 0.02392045454545451 0.011788461538461529
0 0.3644460227272727 0.8598942307692308 0.023721590909090932 0.07355769230769232
0 0.32234375 0.014182692307692313 0.02161931818181818 0.028365384615384615
0 0.2907528409090909 0.028846153846153855 0.028437499999999973 0.02311538461538458
0 0.8509446022727274 0.28855769230769235 0.02384943181818193 0.027423076923076904
0 0.8326917613636362 0.28183653846153844 0.019417613636363577 0.0277115384615384
0 0.8432457386363637 0.2627019230769231 0.017713068181818222 0.02255769230769234
0 0.806640625 0.2667019230769231 0.020468750000000115 0.030557692307692282
0 0.7635795454545454 0.2743461538461538 0.01974431818181815 0.031076923076923123
0 0.7698295454545455 0.30827884615384615 0.02375000000000004 0.03525000000000008
0 0.7810724431818182 0.2793269230769231 0.018480113636363624 0.03230769230769222
0 0.8618181818181818 0.2711923076923076 0.015965909090909104 0.0238076923076923
0 0.7267045454545454 0.639375 0.016761363636363654 0.032980769230769244
0 0.8603053977272727 0.2516346153846154 0.018849431818181793 0.018923076923076876
0 0.874950284090909 0.28874038461538454 0.026406250000000044 0.018480769230769255
0 0.9455610795454544 0.2608076923076923 0.022713068181818195 0.03299999999999994
0 0.9483522727272727 0.28310576923076913 0.021590909090909157 0.020673076923076922
0 0.9607315340909092 0.235548076923077 0.028650568181818284 0.03021153846153842
0 0.8767613636363637 0.2641634615384616 0.02088068181818188 0.03471153846153848
0 0.8933806818181819 0.242826923076923 0.024062499999999917 0.02249999999999998
0 0.8981676136363635 0.15549999999999997 0.02318181818181825 0.025769230769230725
0 0.8819673295454545 0.1344519230769231 0.016775568181818103 0.03774999999999999
0 0.7717400568181819 0.20289423076923074 0.026690340909091018 0.03471153846153838
0 0.12149857954545454 0.4218557692307693 0.027741477272727275 0.02736538461538465
0 0.9374005681818182 0.22485576923076922 0.02093750000000001 0.026211538461538453
0 0.910703125 0.2712692307692308 0.02407670454545461 0.029769230769230805
0 0.9358806818181818 0.05478846153846151 0.029943181818181716 0.023500000000000052
0 0.9129829545454545 0.05905769230769242 0.02193181818181826 0.036153846153846175
0 0.9367329545454546 0.07544230769230775 0.022130681818181876 0.029692307692307688
0 0.9224289772727272 0.09120192307692299 0.02440340909090918 0.03021153846153842
0 0.9594318181818182 0.29185576923076917 0.022897727272727278 0.02609615384615383
0 0.9828977272727273 0.28255769230769223 0.027840909090909124 0.029692307692307688
0 0.9493252840909091 0.3174230769230769 0.01984374999999988 0.021423076923076895
0 0.8373508522727271 0.5487211538461538 0.05166193181818182 0.05313461538461538
0 0.18198863636363638 0.4007884615384615 0.033636363636363645 0.03434615384615376
0 0.8512215909090909 0.5134711538461538 0.017215909090909098 0.026942307692307675
0 0.8190411931818182 0.372201923076923 0.02291193181818181 0.0229038461538462
0 0.6689630681818182 0.41782692307692304 0.018693181818181772 0.023499999999999945
0 0.6702911931818182 0.4476923076923077 0.016036931818181766 0.03334615384615391
0 0.7378053977272727 0.4774615384615384 0.016889204545454527 0.01942307692307686
0 0.7460227272727273 0.4572307692307692 0.021960227272727163 0.021038461538461534
0 0.7231107954545455 0.3855384615384616 0.017244318181818163 0.021307692307692278
0 0.7188707386363636 0.4109134615384614 0.016463068181818145 0.025326923076923108
0 0.7290411931818181 0.40167307692307697 0.013394886363636454 0.022961538461538457
0 0.7090340909090909 0.3980769230769231 0.015710227272727275 0.021269230769230665
0 0.7266477272727273 0.6536538461538461 0.01781250000000003 0.019499999999999972
0 0.32789772727272726 0.987326923076923 0.038295454545454514 0.025
0 0.415234375 0.3920769230769231 0.022230113636363603 0.025538461538461486
0 0.42767755681818187 0.3722596153846154 0.020184659090909062 0.023519230769230803
0 0.4455752840909091 0.2269134615384616 0.02225852272727267 0.02571153846153847
0 0.5297585227272728 0.2685096153846154 0.02144886363636367 0.02855769230769235
0 0.18095880681818183 0.9655192307692307 0.031803977272727275 0.02688461538461539
0 0.19436079545454543 0.9830865384615385 0.033323863636363645 0.033826923076923074
0 0.3822159090909091 0.9908173076923077 0.017585227272727266 0.016173076923076922
0 0.36991477272727274 0.9956442307692308 0.023607954545454553 0.008711538461538462
0 0.40702414772727274 0.9776634615384615 0.02714488636363638 0.044326923076923076
0 0.4286221590909091 0.9912788461538462 0.021874999999999967 0.017442307692307694
0 0.24227272727272728 0.9868557692307692 0.034687500000000024 0.02594230769230769
0 0.9041974431818183 0.9405769230769231 0.02964488636363637 0.03138461538461539
0 0.9234588068181818 0.9479519230769231 0.02177556818181808 0.03959615384615384
0 0.9058096590909092 0.9185961538461539 0.02076704545454546 0.02623076923076923
0 0.9251775568181819 0.9206442307692307 0.019559659090909065 0.028673076923076916
0 0.9894460227272727 0.983326923076923 0.021107954545454565 0.033346153846153845
0 0.9067258522727273 0.9809903846153846 0.02938920454545446 0.03801923076923077
0 0.9511647727272727 0.9715288461538462 0.027812499999999896 0.018711538461538467
0 0.9560653409090908 0.9888846153846154 0.026363636363636447 0.02223076923076923
0 0.9435937499999999 0.9405192307692307 0.02247159090909098 0.028076923076923072
0 0.9430255681818182 0.9571923076923077 0.02017045454545461 0.020461538461538455
0 0.20696022727272725 0.9941923076923077 0.020113636363636358 0.01126923076923077
0 0.8458380681818182 0.8867019230769231 0.019346590909090914 0.029019230769230762
0 0.6404900568181818 0.6169903846153846 0.03856534090909096 0.04325000000000002
0 0.6280397727272727 0.6506826923076923 0.04017045454545451 0.033711538461538466
0 0.6130752840909092 0.6438846153846154 0.02322443181818177 0.01726923076923075
0 0.5949857954545454 0.639201923076923 0.017159090909090968 0.015865384615384615
0 0.7585511363636364 0.46987500000000004 0.029715909090909196 0.026980769230769287
0 0.7914417613636363 0.5609326923076923 0.03509943181818171 0.04348076923076926
0 0.7867471590909091 0.5311826923076923 0.01920454545454543 0.020942307692307666
0 0.7717116477272729 0.5285288461538462 0.01867897727272724 0.04698076923076924
0 0.7997017045454545 0.4491346153846153 0.020198863636363674 0.0244230769230769
0 0.45555397727272723 0.8990673076923077 0.03176136363636366 0.05109615384615383
0 0.7914275568181818 0.4634903846153846 0.022769886363636326 0.026134615384615336
0 0.7716122159090909 0.45661538461538465 0.021235795454545518 0.01969230769230771
0 0.7487144886363637 0.41037499999999993 0.019417613636363577 0.025442307692307726
0 0.7545028409090908 0.38468269230769225 0.016335227272727272 0.028749999999999977
0 0.7647301136363637 0.39966346153846155 0.016477272727272597 0.022134615384615367
0 0.7791974431818183 0.4171634615384615 0.01401988636363637 0.023326923076923068
0 0.8478338068181818 0.4029711538461539 0.01620738636363648 0.01898076923076924
0 0.7073650568181818 0.23303846153846153 0.022428977272727302 0.019307692307692238
0 0.9165198863636363 0.28665384615384615 0.029517045454545417 0.04030769230769238
0 0.940262784090909 0.34223076923076934 0.027173295454545447 0.04211538461538468
0 0.22763494318181818 0.9805673076923077 0.03455965909090907 0.036634615384615384
0 0.9625071022727273 0.32626923076923076 0.01813920454545452 0.03238461538461534
0 0.971981534090909 0.30427884615384615 0.026548295454545533 0.018903846153846122
0 0.9921235795454545 0.28992307692307695 0.015752840909090956 0.039653846153846165
0 0.9940625 0.3103461538461538 0.01187500000000002 0.02450000000000002
0 0.9787144886363636 0.32317307692307695 0.0191051136363637 0.030346153846153794
0 0.9111789772727273 0.008057692307692377 0.018380681818181897 0.016115384615384608
0 0.923330965909091 0.011125000000000163 0.016519886363636358 0.021519230769230655
0 0.917372159090909 0.030903846153846115 0.02423295454545463 0.023769230769230796
0 0.9360582386363636 0.015278846153846004 0.01703125000000001 0.026134615384615447
0 0.786434659090909 0.013374999999999915 0.018039772727272793 0.021826923076923122
0 0.2202059659090909 0.9587692307692308 0.04274147727272728 0.04
0 0.7740838068181817 0.03614423076923068 0.03188920454545445 0.029403846153846194
0 0.7573508522727272 0.028788461538461596 0.027855113636363657 0.028461538461538375
0 0.7357173295454544 0.022980769230769305 0.029786931818181775 0.029653846153846183
0 0.8903196022727274 0.06519230769230766 0.02535511363636367 0.025923076923076847
0 0.9437002840909091 0.1067403846153846 0.02075284090909093 0.02594230769230771
0 0.9030894886363637 0.10013461538461532 0.02643465909090911 0.01946153846153847
0 0.8919176136363638 0.04046153846153844 0.03707386363636367 0.025923076923076847
0 0.9525710227272726 0.08524038461538463 0.02323863636363638 0.022326923076923102
0 0.9558522727272727 0.06171153846153854 0.018096590909090923 0.028576923076922993
0 0.9791761363636362 0.1706057692307693 0.02428977272727276 0.03601923076923069
0 0.21445312500000002 0.9360384615384616 0.03955965909090908 0.05769230769230769
0 0.8761292613636364 0.005048076923076961 0.014360795454545473 0.009365384615384406
0 0.8977698863636363 0.07287499999999991 0.010823863636363644 0.015365384615384633
0 0.8964346590909091 0.08824999999999994 0.030511363636363663 0.023038461538461574
0 0.9553267045454544 0.008346153846153892 0.021278409090909115 0.016692307692307704
0 0.9772301136363637 0.0065480769230769065 0.01968750000000002 0.013096153846153742
0 0.935546875 0.03565384615384615 0.023593749999999858 0.020653846153846172
0 0.9545241477272726 0.022692307692307567 0.023934659090909124 0.025461538461538587
0 0.9669389204545453 0.024134615384615254 0.01933238636363638 0.022576923076923203
0 0.9750923295454544 0.024740384615384636 0.01862215909090911 0.025211538461538598
0 0.9945383522727272 0.16093269230769236 0.010923295454545533 0.020211538461538444
0 0.4255823863636364 0.9322596153846154 0.032073863636363616 0.04509615384615385
0 0.9492045454545455 0.21023076923076922 0.02499999999999987 0.02015384615384619
0 0.8935369318181817 0.27122115384615375 0.01519886363636354 0.03171153846153837
0 0.9731605113636363 0.36512500000000003 0.02526988636363631 0.04040384615384614
0 0.9506392045454546 0.37766346153846153 0.02369318181818191 0.03351923076923078
0 0.9653053977272728 0.356375 0.02873579545454548 0.03659615384615379
0 0.989090909090909 0.3585576923076923 0.021789772727272772 0.03103846153846151
0 0.982137784090909 0.5225865384615385 0.030894886363636364 0.0515192307692307
0 0.9955823863636365 0.4974519230769231 0.008693181818181824 0.026173076923076896
0 0.9914204545454546 0.571173076923077 0.017130681818181902 0.043615384615384625
0 0.9904900568181819 0.5384807692307692 0.019019886363636343 0.05157692307692306
0 0.38514204545454545 0.9704903846153846 0.016448863636363612 0.029134615384615387
0 0.674453125 0.39101923076923073 0.04265624999999996 0.03173076923076923
0 0.6756676136363636 0.36588461538461536 0.04298295454545453 0.02426923076923078
0 0.7021235795454545 0.3480961538461538 0.021605113636363606 0.03103846153846151
0 0.7120383522727273 0.33298076923076914 0.018991477272727278 0.029923076923076927
0 0.5606321022727273 0.09556730769230781 0.017258522727272695 0.025865384615384592
0 0.5156676136363636 0.08493269230769229 0.023409090909090855 0.02959615384615382
0 0.5067400568181818 0.07319230769230767 0.02220170454545454 0.026307692307692213
0 0.5049502840909091 0.008480769230769125 0.014161931818181856 0.016961538461538448
0 0.017151988636363635 0.05237500000000006 0.023139204545454543 0.030326923076923043
0 0.40299715909090916 0.5371634615384615 0.02301136363636362 0.039326923076923107
0 0.030632102272727276 0.9906730769230769 0.04580965909090909 0.018384615384615385
0 0.398153409090909 0.5712307692307692 0.021903409090909112 0.03307692307692305
0 0.4156107954545455 0.5738076923076922 0.017784090909090965 0.01588461538461537
0 0.3791832386363636 0.5728365384615385 0.01984375000000004 0.03932692307692306
0 0.4289204545454546 0.5915673076923077 0.023409090909090855 0.03532692307692309
0 0.9849147727272727 0.42135576923076923 0.026306818181818157 0.02524999999999999
0 0.9669247159090908 0.434298076923077 0.021747159090909175 0.036942307692307656
0 0.980759943181818 0.4405096153846154 0.017201704545454565 0.02394230769230778
0 0.9930326704545455 0.43951923076923083 0.013934659090909013 0.028576923076923104
0 0.9213352272727273 0.4657307692307693 0.020511363636363713 0.025076923076923007
0 0.929112215909091 0.47651923076923086 0.018764204545454598 0.022576923076923095
0 0.4393821022727273 0.5051346153846155 0.01546874999999998 0.03965384615384611
0 0.08420454545454546 0.9780192307692308 0.0690340909090909 0.04396153846153846
0 0.8867116477272727 0.45506730769230763 0.019446022727272805 0.02251923076923084
0 0.8723579545454545 0.5068365384615385 0.02551136363636369 0.021403846153846145
0 0.8835227272727273 0.39139423076923074 0.019005681818181974 0.01805769230769239
0 0.9668252840909091 0.9044038461538462 0.01808238636363639 0.036500000000000005
0 0.9634517045454545 0.9415192307692307 0.018096590909090923 0.032653846153846144
0 0.976015625 0.911875 0.01808238636363639 0.029019230769230762
0 0.9793821022727273 0.9330288461538462 0.01745738636363631 0.020749999999999998
0 0.6743110795454546 0.27422115384615386 0.036264204545454586 0.04136538461538471
0 0.4250142045454545 0.07570192307692314 0.028778409090909077 0.03501923076923084
0 0.42784090909090905 0.08991346153846158 0.03323863636363633 0.04394230769230774
0 0.1506534090909091 0.958375 0.04889204545454546 0.03459615384615385
0 0.4921875 0.01332692307692318 0.01107954545454539 0.023423076923076828
0 0.48305397727272725 0.2607307692307693 0.020028409090909124 0.01815384615384615
0 0.4310724431818182 0.3244711538461539 0.0247869318181818 0.03198076923076922
0 0.3604190340909091 0.6620480769230769 0.020468749999999994 0.03517307692307691
0 0.36602982954545454 0.5921153846153846 0.022230113636363603 0.0482307692307692
0 0.010191761363636363 0.8565576923076923 0.020383522727272726 0.04592307692307693
0 0.15522727272727274 0.9863173076923077 0.06048295454545454 0.027365384615384618
0 0.8879403409090908 0.48158653846153854 0.0215056818181818 0.030596153846153783
0 0.9237642045454545 0.34816346153846145 0.020340909090909163 0.024096153846153903
0 0.9172514204545454 0.3654807692307692 0.013991477272727143 0.014423076923076924
0 0.7137784090909091 0.37260576923076927 0.033380681818181816 0.04694230769230763
0 0.8823792613636363 0.3400961538461539 0.022400568181818317 0.012692307692307626
0 0.8728053977272728 0.3186923076923077 0.03441761363636366 0.03892307692307683
0 0.9850852272727273 0.3899038461538461 0.029829545454545456 0.016346153846153847
0 0.9397301136363635 0.48179807692307686 0.009517045454545358 0.01355769230769233
0 0.8354616477272727 0.2560096153846154 0.018394886363636266 0.019403846153846216
0 0.7533664772727273 0.3115961538461538 0.01718749999999987 0.03819230769230761
0 0.3718963068181818 0.0834903846153845 0.02467329545454546 0.022480769230769228
0 0.4178267045454545 0.01858653846153835 0.01514204545454549 0.02463461538461539
0 0.36845880681818177 0.06001923076923088 0.031122159090909127 0.048999999999999926
0 0.38423295454545453 0.05327884615384626 0.026448863636363642 0.04390384615384613
0 0.8669389204545456 0.14414423076923089 0.02461647727272733 0.03375000000000002
0 0.43006392045454545 0.2231249999999999 0.01626420454545453 0.023173076923076946
0 0.35290482954545455 0.11780769230769228 0.018536931818181834 0.01707692307692307
0 0.3234375 0.16390384615384623 0.02531250000000003 0.06403846153846156
0 0.33803267045454544 0.1286442307692307 0.013565340909090924 0.019749999999999965
0 0.23012073863636362 0.14413461538461536 0.02075284090909093 0.02830769230769236
0 0.22917613636363637 0.17962499999999992 0.01156249999999998 0.020788461538461544
0 0.2637713068181818 0.09879807692307696 0.01740056818181818 0.03101923076923076
0 0.19112926136363637 0.0845769230769231 0.016718750000000015 0.023307692307692317
0 0.18798295454545455 0.11048076923076933 0.019602272727272742 0.041230769230769224
0 0.2028125 0.09754807692307699 0.015426136363636383 0.02240384615384622
0 0.762393465909091 0.5631923076923078 0.022059659090909053 0.02719230769230772
0 0.16206676136363637 0.08655769230769228 0.018025568181818177 0.02242307692307686
0 0.3000568181818182 0.0918461538461538 0.03355113636363637 0.0482307692307692
0 0.30916903409090907 0.0918461538461538 0.026633522727272728 0.0362692307692308
0 0.9939488636363637 0.18616346153846153 0.012102272727272701 0.03148076923076924
0 0.967890625 0.26483653846153854 0.02419034090909087 0.028980769230769216
0 0.9805255681818181 0.24287499999999995 0.02349431818181813 0.0169807692307692
0 0.9341477272727274 0.25032692307692295 0.028607954545454527 0.029923076923076927
0 0.1800710227272727 0.4253269230769231 0.03911931818181817 0.03946153846153843
0 0.6373721590909092 0.8737884615384616 0.03948863636363638 0.09353846153846154
0 0.5726775568181819 0.9047307692307692 0.04367897727272727 0.06315384615384614
0 0.7469673295454545 0.5848942307692307 0.017428977272727245 0.02555769230769229
0 0.6513068181818181 0.8041346153846154 0.03869318181818183 0.0996153846153846
0 0.6473295454545455 0.6531346153846154 0.033863636363636325 0.05165384615384618
0 0.626534090909091 0.6742596153846154 0.03420454545454543 0.04178846153846152
0 0.7389133522727271 0.9893846153846154 0.04203125000000005 0.02123076923076923
0 0.6972088068181819 0.9920576923076923 0.037428977272727225 0.015884615384615386
0 0.8484801136363636 0.14574999999999994 0.022897727272727278 0.02946153846153845
0 0.815830965909091 0.14636538461538462 0.0292755681818182 0.043576923076923124
0 0.820887784090909 0.1300769230769231 0.02862215909090906 0.033807692307692275
0 0.8940625000000001 0.12955769230769232 0.0175568181818182 0.04753846153846159
0 0.2861221590909091 0.6598076923076923 0.02750000000000002 0.03623076923076924
0 0.7411647727272727 0.6151057692307693 0.018721590909090837 0.025019230769230807
0 0.7189914772727272 0.5774326923076922 0.029147727272727166 0.03963461538461536
0 0.3998650568181818 0.8943365384615385 0.01862215909090911 0.043211538461538475
0 0.9084161931818181 0.11883653846153852 0.01745738636363631 0.020903846153846162
0 0.7444105113636365 0.5458846153846154 0.028934659090909098 0.030307692307692344
0 0.9181178977272727 0.12254807692307701 0.04009943181818185 0.02890384615384621
0 0.76875 0.1361634615384616 0.07786931818181825 0.07540384615384622
0 0.8154119318181817 0.09786538461538463 0.02428977272727276 0.030961538461538506
0 0.9230539772727272 0.20255769230769238 0.029772727272727163 0.02369230769230768
0 0.395653409090909 0.4647788461538461 0.03897727272727272 0.02821153846153838
