0 0.6613068181818181 0.9818461538461538 0.06272727272727269 0.036307692307692305
0 0.5096448863636364 0.7889711538461539 0.05153409090909095 0.06544230769230769
0 0.539921875 0.9320096153846154 0.08430397727272722 0.12182692307692308
0 0.6206676136363636 0.32973076923076927 0.0253693181818182 0.0405
0 0.4598295454545455 0.9413076923076923 0.05110795454545449 0.11738461538461538
0 0.3198721590909091 0.2704423076923077 0.028011363636363636 0.02961538461538457
0 0.5650426136363635 0.20640384615384622 0.07062499999999995 0.06626923076923073
0 0.22504971590909092 0.797125 0.029133522727272713 0.052288461538461534
0 0.3043465909090909 0.3135961538461539 0.018920454545454535 0.02511538461538462
0 0.30222301136363633 0.9617596153846154 0.017485795454545417 0.019557692307692304
0 0.3572017045454546 0.6033653846153846 0.03164772727272727 0.0464230769230769
0 0.5419673295454546 0.28391346153846153 0.05376420454545458 0.09078846153846161
0 0.27788352272727274 0.3277692307692309 0.023835227272727275 0.02584615384615384
0 0.30655539772727275 0.9924615384615385 0.0204971590909091 0.015038461538461539
0 0.2334872159090909 0.6922884615384616 0.03231534090909091 0.0386923076923077
0 0.3428053977272727 0.5321442307692308 0.04379261363636366 0.04786538461538459
0 0.6213991477272728 0.6234326923076923 0.06808238636363638 0.09248076923076924
0 0.236953125 0.5548173076923077 0.02552556818181818 0.07309615384615382
0 0.5022798295454546 0.24280769230769228 0.07046875000000002 0.13353846153846152
0 0.3280681818181818 0.35996153846153833 0.027102272727272746 0.06284615384615386
0 0.27914772727272724 0.5319326923076924 0.039999999999999994 0.061634615384615406
0 0.28418323863636363 0.5708269230769232 0.051406249999999994 0.04230769230769231
0 0.27884943181818184 0.18356730769230767 0.03610795454545457 0.04590384615384616
0 0.3147798295454546 0.8775 0.04055397727272725 0.029730769230769245
0 0.40003551136363635 0.055865384615384595 0.03444602272727273 0.07134615384615389
0 0.30787642045454544 0.2874134615384616 0.012883522727272717 0.029865384615384672
0 0.4846732954545455 0.17065384615384616 0.05624999999999995 0.12350000000000005
0 0.13024147727272728 0.9884903846153846 0.04446022727272727 0.02301923076923077
0 0.2675568181818182 0.35698076923076927 0.028551136363636355 0.04699999999999999
0 0.8102911931818181 0.6037211538461538 0.0327982954545455 0.029673076923076937
0 0.8456392045454545 0.008423076923076867 0.024090909090908982 0.016807692307692326
0 0.43495738636363634 0.6033076923076923 0.03389204545454547 0.05161538461538457
0 0.5049218750000001 0.1245480769230769 0.02958806818181816 0.06494230769230766
0 0.9100923295454545 0.007461538461538408 0.017940340909090902 0.014884615384615402
0 0.25230823863636365 0.9649903846153847 0.03228693181818185 0.042673076923076925
0 0.6625142045454545 0.3254038461538462 0.030056818181818216 0.031076923076923123
0 0.10617187500000001 0.7635865384615385 0.027002840909090917 0.03694230769230768
0 0.26414062499999996 0.9721153846153846 0.04052556818181818 0.047115384615384615
0 0.7486576704545456 0.6969903846153847 0.020355113636363695 0.024980769230769247
0 0.3612073863636364 0.31065384615384606 0.033778409090909095 0.04384615384615387
0 0.053792613636363645 0.7886634615384616 0.036477272727272726 0.04259615384615386
0 0.9636292613636364 0.9796057692307693 0.04044034090909095 0.04078846153846154
0 0.6576846590909091 0.35831730769230763 0.03440340909090913 0.048865384615384554
0 0.29613636363636364 0.6977596153846153 0.03991477272727272 0.05309615384615382
0 0.3616903409090909 0.5670288461538462 0.030255681818181793 0.030673076923076956
0 0.12384232954545454 0.9575384615384616 0.06052556818181818 0.04676923076923077
0 0.7146306818181819 0.7343076923076923 0.03420454545454543 0.06288461538461536
0 0.36921875 0.5276442307692308 0.05838068181818185 0.03536538461538459
0 0.4343039772727273 0.55725 0.043295454545454574 0.046346153846153836
0 0.4388068181818182 0.02892307692307683 0.025539772727272755 0.05784615384615382
0 0.6981889204545454 0.7748846153846154 0.05041193181818183 0.05826923076923079
0 0.23496448863636363 0.7418365384615384 0.03958806818181819 0.06482692307692306
0 0.8763352272727274 0.9764615384615385 0.04588068181818192 0.04707692307692308
0 0.43036221590909096 0.28683653846153845 0.04288352272727272 0.0764423076923077
0 0.34561789772727275 0.7713557692307692 0.04757102272727274 0.05821153846153845
0 0.8776420454545455 0.025471153846153838 0.028352272727272778 0.05094230769230771
0 0.7816761363636363 0.029057692307692284 0.030000000000000006 0.058115384615384666
0 0.26023437499999996 0.2047500000000001 0.03407670454545452 0.04099999999999999
0 0.48863636363636365 0.5076057692307692 0.025965909090909053 0.03444230769230769
0 0.26514204545454545 0.4079519230769231 0.04681818181818179 0.09301923076923078
0 0.061619318181818185 0.8142211538461539 0.02525568181818182 0.04609615384615384
0 0.11619318181818182 0.9252403846153846 0.024857954545454544 0.04767307692307693
0 0.28790482954545454 0.9079134615384615 0.029928977272727263 0.049173076923076924
0 0.9725426136363636 0.8428461538461538 0.04582386363636362 0.03461538461538462
0 0.47198153409090904 0.4982788461538462 0.03075284090909096 0.03867307692307689
0 0.04886363636363637 0.16200961538461545 0.049886363636363645 0.05048076923076923
0 0.7750355113636364 0.2028461538461539 0.02734375 0.041346153846153845
0 0.05378551136363636 0.8233076923076923 0.02183238636363636 0.028730769230769226
0 0.03231534090909091 0.81625 0.023835227272727275 0.06988461538461539
0 0.10822443181818181 0.7391730769230769 0.031704545454545444 0.033269230769230766
0 0.802890625 0.5706442307692308 0.03830965909090913 0.04148076923076927
0 0.27238636363636365 0.9004615384615384 0.03150568181818183 0.02288461538461538
0 0.27002130681818187 0.22524999999999995 0.028451704545454547 0.041961538461538446
0 0.04195312500000001 0.8741442307692308 0.02725852272727273 0.05555769230769231
0 0.4159232954545455 0.03098076923076931 0.0234375 0.026846153846153808
0 0.23275568181818185 0.9238653846153846 0.022982954545454515 0.025307692307692316
0 0.29198863636363637 0.7616634615384615 0.038125000000000006 0.06359615384615383
0 0.5025568181818182 0.7717403846153846 0.05701704545454544 0.05901923076923077
0 0.24061079545454545 0.2923173076923077 0.021846590909090944 0.07309615384615382
0 0.6343323863636363 0.7292115384615385 0.032840909090909094 0.04326923076923077
0 0.3328338068181818 0.8191153846153846 0.024474431818181843 0.03738461538461538
0 0.2566264204545455 0.3402884615384616 0.026832386363636385 0.036653846153846155
0 0.9737571022727274 0.7932788461538461 0.038508522727272745 0.04436538461538463
0 0.35406960227272727 0.7733557692307692 0.03348011363636367 0.04713461538461542
0 0.14906960227272725 0.9744134615384615 0.03975852272727272 0.03255769230769231
0 0.046967329545454545 0.7479230769230769 0.051463068181818186 0.042076923076923095
0 0.9694460227272728 0.7498846153846154 0.046846590909090935 0.052884615384615384
0 0.9688849431818182 0.6861826923076924 0.062230113636363556 0.08351923076923078
0 0.33345170454545453 0.8509519230769231 0.022670454545454518 0.03367307692307693
0 0.5662428977272728 0.15139423076923086 0.06353693181818185 0.06659615384615383
0 0.35058238636363637 0.9601923076923077 0.03301136363636365 0.05465384615384614
0 0.8924147727272728 0.9439711538461538 0.04142045454545466 0.047442307692307686
0 0.30884232954545454 0.3961442307692308 0.03265624999999997 0.06201923076923077
0 0.6399786931818181 0.3925480769230769 0.04163352272727273 0.04328846153846152
0 0.4587571022727273 0.5214615384615384 0.028906249999999953 0.06015384615384621
0 0.8663352272727274 0.014923076923076928 0.03707386363636367 0.02984615384615381
0 0.6667400568181818 0.6530192307692307 0.03947443181818177 0.07473076923076925
0 0.08099431818181818 0.76125 0.022613636363636367 0.03819230769230772
0 0.42643465909090916 0.05774999999999997 0.022812500000000003 0.05092307692307685
0 0.5145738636363636 0.16289423076923082 0.023153409090909106 0.03648076923076917
0 0.2902485795454545 0.5532115384615385 0.03725852272727271 0.05915384615384619
0 0.3201349431818182 0.29782692307692304 0.023792613636363636 0.030346153846153794
0 0.23021306818181816 0.3958750000000001 0.028806818181818183 0.05048076923076923
0 0.31223011363636366 0.7961153846153846 0.03610795454545457 0.06080769230769232
0 0.4530326704545455 0.5900576923076923 0.026889204545454473 0.05357692307692305
0 0.2419034090909091 0.23783653846153852 0.050170454545454574 0.04851923076923081
0 0.24545454545454548 0.5428846153846154 0.029090909090909077 0.05553846153846153
0 0.5008025568181819 0.9327115384615384 0.035355113636363615 0.05911538461538461
0 0.9093039772727273 0.9826538461538461 0.03474431818181823 0.03423076923076923
0 0.8402485795454546 0.5974999999999999 0.027173295454545447 0.0710769230769231
0 0.570546875 0.6558846153846154 0.06728693181818182 0.07326923076923081
0 0.27561789772727274 0.7024711538461539 0.023678977272727296 0.032673076923076944
0 0.27255681818181815 0.30438461538461536 0.02017045454545453 0.03711538461538464
0 0.22749289772727274 0.81675 0.039190340909090876 0.03134615384615384
0 0.6405184659090909 0.33751923076923074 0.01808238636363639 0.03442307692307688
0 0.4861931818181818 0.4075288461538461 0.07440340909090916 0.05544230769230766
0 0.3180326704545455 0.9591153846153846 0.02262784090909092 0.022000000000000002
0 0.3459872159090909 0.9918461538461538 0.03160511363636364 0.016307692307692308
0 0.9959517045454546 0.8464326923076924 0.008096590909090973 0.03144230769230768
0 0.2827130681818182 0.025951923076923067 0.06730113636363635 0.05098076923076921
0 0.28003551136363636 0.39849038461538466 0.027144886363636343 0.102673076923077
0 0.9438707386363636 0.8915192307692308 0.047144886363636444 0.05619230769230769
0 0.93765625 0.8694711538461538 0.032670454545454544 0.021980769230769245
0 0.022265625 0.05506730769230772 0.04453125 0.03344230769230767
0 0.021086647727272725 0.8149230769230769 0.020440340909090908 0.028384615384615394
0 0.31033380681818185 0.2231057692307692 0.03120738636363636 0.0770961538461538
0 0.41242187500000005 0.012759615384615342 0.04103693181818188 0.025519230769230735
0 0.4651420454545454 0.2182980769230769 0.03551136363636364 0.07182692307692312
0 0.03370738636363637 0.756048076923077 0.04852272727272728 0.03675
0 0.5042329545454546 0.8789903846153846 0.062045454545454556 0.06682692307692308
0 0.014872159090909092 0.8027307692307692 0.029744318181818184 0.05069230769230769
0 0.3473295454545455 0.5964134615384615 0.038607954545454556 0.0345576923076923
0 0.7471306818181819 0.17954807692307695 0.028409090909090908 0.028903846153846103
0 0.8227627840909091 0.9700288461538461 0.07177556818181814 0.0599423076923077
0 0.6321590909090908 0.3151442307692308 0.02301136363636362 0.03924999999999994
0 0.341171875 0.2605480769230769 0.033735795454545456 0.057134615384615346
0 0.7037571022727273 0.7162884615384615 0.05089488636363642 0.053461538461538484
0 0.25524857954545455 0.7359038461538462 0.03893465909090909 0.05934615384615382
0 0.6170099431818182 0.6827692307692308 0.041434659090909036 0.06261538461538461
0 0.6513849431818182 0.26365384615384624 0.035298295454545485 0.022538461538461483
0 0.646953125 0.6162884615384616 0.05433238636363636 0.04746153846153847
0 0.6662499999999999 0.4489326923076923 0.03139204545454541 0.04471153846153846
0 0.48254971590909085 0.530875 0.040838068181818184 0.05017307692307693
0 0.39299715909090904 0.6080961538461538 0.03204545454545455 0.055461538461538465
0 0.40174715909090913 0.5448653846153846 0.035028409090909124 0.044538461538461534
0 0.9822727272727273 0.9396346153846153 0.03545454545454551 0.06411538461538462
0 0.4880184659090909 0.436125 0.06634943181818187 0.04113461538461547
0 0.7565482954545455 0.6036730769230769 0.028295454545454648 0.04288461538461541
0 0.8915482954545454 0.343923076923077 0.04755681818181821 0.04907692307692315
0 0.13076704545454546 0.9149038461538461 0.022670454545454556 0.05507692307692308
0 0.8295099431818183 0.5754615384615385 0.03132102272727266 0.04715384615384617
0 0.2319034090909091 0.8783557692307693 0.02573863636363637 0.03617307692307691
0 0.9032386363636363 0.02599038461538461 0.03735795454545448 0.051942307692307677
0 0.013707386363636364 0.036826923076923035 0.02741477272727273 0.03100000000000001
0 0.34022727272727277 0.2121153846153846 0.044829545454545455 0.04861538461538456
0 0.6341051136363636 0.9846730769230769 0.049488636363636325 0.030653846153846153
0 0.3345525568181818 0.9481153846153846 0.03603693181818182 0.026923076923076918
0 0.2658877840909091 0.7917788461538462 0.022343750000000027 0.06540384615384616
0 0.22438920454545455 0.3443653846153846 0.026562499999999985 0.08053846153846153
0 0.31134232954545454 0.91275 0.025269886363636394 0.02823076923076923
0 0.3431107954545455 0.8938653846153846 0.020482954545454526 0.050730769230769225
0 0.23391335227272728 0.9798269230769231 0.02370738636363636 0.040346153846153844
0 0.35434659090909093 0.9235769230769231 0.029346590909090944 0.041461538461538466
0 0.03786221590909091 0.03293269230769236 0.03223011363636363 0.06586538461538462
0 0.9259801136363636 0.017394230769230745 0.02852272727272717 0.03478846153846149
0 0.242578125 0.8492788461538462 0.018906250000000003 0.04898076923076923
0 0.10290482954545456 0.8065096153846154 0.061576704545454546 0.07871153846153844
0 0.34348011363636366 0.8588269230769231 0.020568181818181843 0.04946153846153846
0 0.6267187500000001 0.23312500000000003 0.020198863636363595 0.0342115384615385
0 0.14700994318181818 0.9113461538461538 0.034531250000000006 0.06819230769230768
0 0.09566051136363636 0.7923269230769231 0.018423295454545453 0.03826923076923075
0 0.192421875 0.9837884615384616 0.02123579545454546 0.03242307692307692
0 0.2113636363636364 0.9885961538461538 0.023238636363636343 0.022807692307692307
0 0.2501491477272727 0.6739711538461539 0.019616477272727275 0.03878846153846157
0 0.9877485795454546 0.7390865384615384 0.024502840909090908 0.08355769230769232
0 0.35308238636363637 0.245 0.03809659090909094 0.03969230769230778
0 0.2859375 0.8827403846153846 0.028409090909090908 0.024749999999999994
0 0.3169318181818182 0.8959038461538462 0.040539772727272716 0.03373076923076923
0 0.2221377840909091 0.8556826923076923 0.03288352272727273 0.05105769230769229
0 0.28573863636363633 0.9579230769230769 0.017727272727272755 0.023807692307692307
0 0.8901065340909091 0.26449038461538454 0.04436079545454548 0.034480769230769245
0 0.6571306818181818 0.300846153846154 0.035823863636363674 0.041230769230769224
0 0.28828835227272726 0.6776057692307693 0.042627840909090935 0.030211538461538477
0 0.9901278409090909 0.816375 0.01974431818181815 0.03686538461538459
0 0.9798437499999999 0.8770192307692307 0.040312499999999994 0.0508076923076923
0 0.6521448863636364 0.7625480769230769 0.03957386363636366 0.052519230769230776
0 0.3770951704545455 0.5620384615384615 0.04473011363636369 0.04503846153846151
0 0.007215909090909091 0.7740096153846154 0.014403409090909092 0.018403846153846142
0 0.7924715909090909 0.6315384615384615 0.03650568181818188 0.04426923076923079
0 0.34001420454545456 0.29890384615384613 0.023835227272727275 0.043076923076923034
0 0.2868678977272727 0.603548076923077 0.04612215909090909 0.04228846153846155
0 0.07818892045454545 0.7995384615384615 0.024957386363636366 0.0581923076923077
0 0.8802343749999999 0.295701923076923 0.03305397727272741 0.0740961538461538
0 0.21774147727272727 0.6320865384615384 0.03497159090909092 0.04809615384615383
0 0.5903409090909091 0.5979038461538462 0.03210227272727268 0.06953846153846154
0 0.6081960227272727 0.2338365384615385 0.019119318181818154 0.025788461538461586
0 0.06457386363636364 0.8818653846153847 0.04417613636363636 0.040730769230769216
0 0.4548366477272728 0.26939423076923075 0.03649147727272727 0.047596153846153844
0 0.5760653409090909 0.29181730769230774 0.05065340909090905 0.08859615384615384
0 0.2999289772727272 0.2581538461538462 0.023295454545454553 0.043807692307692256
0 0.3216193181818182 0.32225961538461534 0.026818181818181852 0.02832692307692311
0 0.24801136363636367 0.8745673076923077 0.027727272727272743 0.060596153846153855
0 0.99203125 0.19908653846153845 0.01593750000000004 0.05155769230769231
0 0.8896093750000001 0.3155769230769231 0.019360795454545447 0.023076923076923078
0 0.3456036931818182 0.8142596153846153 0.03044034090909092 0.06171153846153844
0 0.31106534090909094 0.9785865384615384 0.028238636363636358 0.020788461538461537
0 0.7918039772727272 0.5918076923076923 0.03551136363636364 0.057576923076923074
0 0.45113636363636367 0.24078846153846156 0.055852272727272716 0.09292307692307691
0 0.06909090909090909 0.7926826923076923 0.014460227272727272 0.03359615384615387
0 0.29043323863636367 0.851951923076923 0.02166193181818182 0.04928846153846153
0 0.3036292613636364 0.7602980769230769 0.029928977272727263 0.0668269230769231
0 0.24273437499999997 0.3583653846153847 0.023423295454545467 0.05911538461538463
0 0.2522940340909091 0.9358173076923078 0.034389204545454556 0.03717307692307692
0 0.29159090909090907 0.98025 0.017528409090909056 0.02623076923076923
0 0.032571022727272726 0.7887692307692308 0.042073863636363645 0.04842307692307694
0 0.486484375 0.9785480769230769 0.05262784090909092 0.042903846153846154
0 0.25287642045454545 0.2919134615384614 0.01990056818181817 0.07251923076923072
0 0.2584090909090909 0.8324807692307692 0.020312499999999976 0.03426923076923075
0 0.36143465909090905 0.8991730769230769 0.024005681818181787 0.05934615384615385
0 0.47850852272727273 0.9043076923076923 0.028920454545454565 0.10873076923076924
0 0.6472514204545454 0.22318269230769228 0.029559659090909095 0.03463461538461537
0 0.29933238636363635 0.8327788461538461 0.023267045454545447 0.04363461538461538
0 0.9070454545454545 0.317326923076923 0.024630681818181864 0.05096153846153846
0 0.29477982954545456 0.2917692307692308 0.02424715909090908 0.025615384615384602
0 0.32908380681818183 0.2310288461538461 0.021207386363636335 0.037403846153846135
0 0.6826491477272728 0.7610192307692307 0.03538352272727276 0.07815384615384616
0 0.21904829545454543 0.6923173076923077 0.029005681818181802 0.041980769230769203
0 0.836015625 0.0496826923076924 0.030639204545454615 0.06955769230769233
0 0.6528693181818181 0.6780288461538462 0.03440340909090913 0.046826923076923065
0 0.6086505681818182 0.35844230769230767 0.03008522727272728 0.05
0 0.5965553977272727 0.20291346153846146 0.029133522727272713 0.060442307692307705
0 0.7447514204545456 0.6234999999999999 0.029247159090909136 0.03180769230769235
0 0.6394602272727273 0.35924038461538454 0.02312499999999996 0.02394230769230767
0 0.653877840909091 0.7255576923076923 0.04159090909090913 0.08188461538461538
0 0.23779829545454545 0.5824134615384615 0.04971590909090909 0.04298076923076922
0 0.22351562500000002 0.6639423076923077 0.03552556818181821 0.029923076923076927
0 0.177421875 0.9895 0.02214488636363635 0.021
0 0.2033096590909091 0.8759134615384615 0.036363636363636355 0.05378846153846155
0 0.3096875 0.8541442307692307 0.020426136363636358 0.04567307692307692
0 0.2423721590909091 0.6469326923076923 0.02713068181818181 0.0443269230769231
0 0.08623579545454545 0.8737307692307692 0.07355113636363636 0.07934615384615386
0 0.2604900568181818 0.6215865384615384 0.040923295454545455 0.04825000000000001
0 0.2804616477272727 0.837173076923077 0.020071022727272722 0.047307692307692294
0 0.2403977272727273 0.22012500000000002 0.03596590909090908 0.02890384615384621
0 0.8344602272727273 0.0814903846153846 0.03826704545454537 0.0551346153846153
0 0.30495738636363634 0.7901057692307693 0.02568181818181816 0.044826923076923084
0 0.2733167613636364 0.9890096153846154 0.05865056818181817 0.02198076923076923
0 0.422265625 0.567048076923077 0.02473011363636367 0.03532692307692309
0 0.29597301136363635 0.21144230769230765 0.026718750000000003 0.05026923076923074
0 0.8219105113636364 0.0167115384615385 0.026093749999999846 0.033423076923076916
0 0.8090696022727273 0.037759615384615364 0.024730113636363592 0.036711538461538525
0 0.3053764204545455 0.3393942307692308 0.02279829545454543 0.032826923076923066
0 0.20850142045454545 0.8579326923076923 0.020355113636363612 0.050634615384615396
0 0.9431107954545456 0.8527211538461539 0.03718749999999993 0.025711538461538442
0 0.24725142045454546 0.7937884615384616 0.02203124999999999 0.06957692307692306
0 0.252265625 0.0742115384615385 0.046633522727272704 0.08226923076923083
0 0.9907173295454544 0.7813557692307692 0.01856534090909098 0.034019230769230795
0 0.8242542613636363 0.6289134615384615 0.03768465909090905 0.04271153846153842
0 0.08543323863636364 0.7515096153846154 0.031122159090909086 0.043173076923076925
0 0.5179332386363636 0.9866057692307693 0.042826704545454515 0.02678846153846154
0 0.8094318181818181 0.07045192307692305 0.0687215909090909 0.08236538461538459
0 0.06625 0.1246346153846154 0.06224431818181817 0.08288461538461543
0 0.6371875 0.19773076923076927 0.044659090909090905 0.05511538461538455
0 0.4555255681818183 0.3045000000000001 0.033295454545454545 0.04980769230769237
0 0.2624502840909091 0.522403846153846 0.05288352272727271 0.042807692307692345
0 0.9885298295454544 0.9788557692307692 0.022940340909090876 0.04228846153846154
0 0.5723792613636364 0.23642307692307696 0.06501420454545452 0.05880769230769239
0 0.3617258522727273 0.8026153846153846 0.028480113636363654 0.06438461538461536
0 0.7394815340909091 0.5893269230769231 0.05265624999999999 0.04003846153846158
0 0.7532883522727274 0.205576923076923 0.0332244318181818 0.04069230769230774
0 0.6228551136363637 0.25869230769230767 0.024062499999999997 0.03019230769230767
0 0.6212357954545454 0.3693846153846154 0.02755681818181823 0.041884615384615444
0 0.6728053977272727 0.7233653846153846 0.03200284090909095 0.07673076923076924
0 0.6373082386363635 0.2817884615384615 0.07024147727272725 0.029923076923076927
0 0.27019886363636364 0.7340288461538461 0.03741477272727269 0.0461346153846154
0 0.5282741477272727 0.12966346153846142 0.05674715909090908 0.07509615384615387
0 0.30484375 0.7108365384615385 0.03869318181818179 0.053903846153846156
0 0.646903409090909 0.2436346153846154 0.03315340909090905 0.024923076923076992
0 0.6171803977272727 0.2067596153846154 0.027372159090909065 0.04524999999999995
0 0.35763494318181815 0.2770961538461538 0.03742897727272727 0.03149999999999999
0 0.9824928977272727 0.8939711538461539 0.030355113636363642 0.05213461538461538
0 0.22092329545454545 0.6037788461538461 0.041193181818181816 0.049365384615384644
0 0.28055397727272724 0.26358653846153846 0.024687499999999994 0.058211538461538426
0 0.3341477272727273 0.5716442307692308 0.03125 0.04925000000000002
0 0.7223863636363635 0.6108750000000001 0.027642045454545426 0.06205769230769227
0 0.8377130681818182 0.9685288461538462 0.03880681818181809 0.03978846153846154
0 0.015248579545454544 0.02033653846153849 0.03049715909090909 0.04001923076923088
0 0.3369957386363636 0.7340384615384615 0.04183238636363635 0.07153846153846155
0 0.2655539772727273 0.8475673076923077 0.02295454545454545 0.06025000000000001
0 0.7984588068181818 0.01356730769230785 0.02291193181818181 0.02713461538461541
0 0.980546875 0.16399999999999992 0.03890624999999998 0.06142307692307692
0 0.28215198863636365 0.7964134615384615 0.021377840909090885 0.04901923076923076
0 0.8733380681818183 0.9244134615384616 0.08414772727272729 0.07451923076923077
0 0.3291122159090909 0.9250673076923077 0.022173295454545473 0.026980769230769225
0 0.2549502840909091 0.6934038461538461 0.025809659090909074 0.0398846153846154
0 0.31992187499999997 0.9372884615384616 0.020127840909090932 0.021192307692307684
0 0.2584872159090909 0.5927692307692307 0.022002840909090923 0.04957692307692308
0 0.051605113636363636 0.8362211538461538 0.02690340909090909 0.03028846153846154
0 0.6981960227272727 0.670923076923077 0.05275568181818188 0.04673076923076925
0 0.3259659090909091 0.9887692307692307 0.018437499999999985 0.02246153846153846
0 0.9622301136363636 0.8169903846153846 0.04431818181818188 0.045903846153846135
0 0.04373579545454545 0.12513461538461546 0.02130681818181818 0.04461538461538459
0 0.9914275568181817 0.24047115384615392 0.017144886363636435 0.05794230769230768
0 0.9903622159090908 0.13995192307692306 0.01927556818181825 0.04975000000000001
0 0.9827982954545454 0.019740384615384632 0.03414772727272722 0.03948076923076918
0 0.017620738636363636 0.8435096153846153 0.03524147727272727 0.05609615384615382
0 0.27016335227272725 0.8743365384615385 0.02396306818181819 0.03101923076923076
0 0.29124289772727274 0.36824038461538466 0.02274147727272726 0.08651923076923079
0 0.27103693181818184 0.6617500000000001 0.03167613636363638 0.039999999999999966
0 0.5335440340909091 0.18665384615384617 0.033082386363636314 0.05550000000000003
0 0.3435653409090909 0.3343076923076924 0.026789772727272745 0.053000000000000005
0 0.26517755681818184 0.26825 0.029673295454545435 0.04469230769230771
0 0.6070596590909091 0.30219230769230765 0.04161931818181812 0.033769230769230774
0 0.6167329545454545 0.7149711538461538 0.03528409090909095 0.05024999999999999
0 0.5642045454545455 0.6052211538461538 0.040795454545454586 0.06840384615384613
0 0.28154829545454546 0.6414711538461538 0.048664772727272716 0.05024999999999999
0 0.5801491477272728 0.6904423076923076 0.04600852272727271 0.05853846153846153
0 0.6035724431818182 0.26550961538461537 0.028764204545454544 0.04951923076923077
0 0.41854403409090907 0.6023942307692307 0.028196022727272677 0.0705192307692308
0 0.40571732954545453 0.5722019230769231 0.018707386363636305 0.06690384615384613
0 0.4923224431818182 0.3949999999999999 0.054701704545454616 0.04388461538461537
0 0.7685369318181817 0.16837499999999994 0.0441761363636364 0.04148076923076922
0 0.34332386363636364 0.956548076923077 0.042017045454545474 0.044826923076923084
0 0.46241477272727266 0.9022692307692308 0.022301136363636346 0.08388461538461536
0 0.09352982954545454 0.7127403846153846 0.05566761363636363 0.04213461538461543
0 0.9076988636363637 0.2833461538461539 0.0269602272727273 0.04215384615384619
0 0.32170454545454547 0.82875 0.034914772727272746 0.03761538461538462
0 0.16019176136363636 0.992423076923077 0.015866477272727275 0.015153846153846153
0 0.3136008522727272 0.3688942307692309 0.027571022727272722 0.04217307692307694
0 0.31708096590909096 0.8550769230769231 0.013821022727272713 0.034769230769230795
0 0.2881676136363636 0.31334615384615383 0.019943181818181808 0.03430769230769237
0 0.3752272727272727 0.6036057692307693 0.023579545454545405 0.06509615384615389
0 0.5966051136363636 0.337326923076923 0.029232954545454524 0.043692307692307635
