0 0.4223366477272727 0.46615384615384614 0.018991477272727278 0.01930769230769235
0 0.7489985795454547 0.9854807692307692 0.026718750000000083 0.02803846153846154
0 0.26702414772727273 0.09795192307692313 0.027116477272727278 0.036250000000000046
0 0.30899857954545457 0.7317211538461539 0.02069602272727272 0.025865384615384592
0 0.43169034090909086 0.9041730769230769 0.02369318181818183 0.027884615384615386
0 0.09977982954545456 0.2706153846153847 0.020667613636363633 0.022769230769230722
0 0.41356534090909086 0.4048173076923077 0.018267045454545393 0.02721153846153842
0 0.37082386363636366 0.4275673076923078 0.02193181818181814 0.03313461538461531
0 0.1299928977272727 0.5475 0.022173295454545452 0.029615384615384627
0 0.8642116477272727 0.29511538461538467 0.02268465909090913 0.031115384615384628
0 0.6865838068181819 0.5273173076923077 0.017627840909090944 0.023865384615384608
0 0.5513068181818181 0.13401923076923072 0.020454545454545423 0.028692307692307614
0 0.8515696022727273 0.7033557692307693 0.024417613636363713 0.019980769230769205
0 0.24464488636363635 0.8275384615384616 0.023352272727272725 0.03280769230769229
0 0.71234375 0.8843365384615385 0.02017045454545453 0.02521153846153846
0 0.2208877840909091 0.334375 0.019701704545454553 0.02667307692307693
0 0.7715909090909091 0.4748269230769231 0.016022727272727397 0.025730769230769224
0 0.28058238636363636 0.15395192307692307 0.026079545454545473 0.030211538461538533
0 0.9442258522727273 0.12869230769230777 0.024531249999999973 0.03942307692307692
0 0.8777059659090909 0.28058653846153836 0.02390625000000006 0.028634615384615467
0 0.7386860795454545 0.3704423076923077 0.03401988636363635 0.025730769230769224
0 0.8970738636363635 0.8513557692307692 0.020340909090909163 0.030826923076923078
0 0.6174644886363636 0.9780865384615385 0.018849431818181793 0.02663461538461539
0 0.40541193181818175 0.6905673076923078 0.0236363636363637 0.024096153846153847
0 0.3892755681818182 0.7720576923076923 0.0179829545454545 0.028230769230769243
0 0.3226633522727273 0.7252403846153845 0.015127840909090877 0.028749999999999977
0 0.37924005681818185 0.5835288461538461 0.015440340909090916 0.030865384615384638
0 0.6253764204545454 0.7426346153846154 0.033565340909090906 0.028461538461538427
0 0.3371875 0.48261538461538467 0.024034090909090932 0.02488461538461538
0 0.8561647727272728 0.7520961538461539 0.024090909090909142 0.03715384615384614
0 0.9641548295454547 0.6767115384615384 0.021860795454545435 0.024153846153846102
0 0.8298792613636364 0.305076923076923 0.019616477272727195 0.03276923076923081
0 0.4908380681818182 0.9494807692307692 0.02252840909090911 0.03530769230769231
0 0.3668678977272727 0.8801057692307692 0.015667613636363677 0.027250000000000017
0 0.18123579545454546 0.4017115384615384 0.02210227272727273 0.03123076923076925
0 0.405625 0.7687403846153846 0.0179829545454545 0.027096153846153853
0 0.41186079545454546 0.88625 0.025227272727272713 0.016384615384615376
0 0.2211292613636364 0.2146538461538462 0.02498579545454546 0.033192307692307674
0 0.8179758522727273 0.42019230769230764 0.024531249999999973 0.026230769230769203
0 0.9359019886363636 0.9365192307692307 0.018536931818181755 0.03300000000000001
0 0.15744318181818182 0.3480384615384615 0.02258522727272728 0.0279615384615385
0 0.7802272727272727 0.9940673076923077 0.022386363636363624 0.010865384615384615
0 0.65953125 0.5077692307692308 0.019346590909090914 0.02750000000000002
0 0.42409801136363634 0.6721923076923078 0.02365056818181815 0.04269230769230767
0 0.4115411931818182 0.6435384615384615 0.02305397727272722 0.025692307692307664
0 0.9413920454545455 0.8995673076923077 0.015795454545454553 0.035326923076923075
0 0.9842755681818183 0.5117211538461538 0.021363636363636473 0.02551923076923079
0 0.4567897727272728 0.7356153846153846 0.020142045454545465 0.025692307692307664
0 0.9293252840909091 0.6925961538461538 0.023082386363636364 0.03261538461538463
0 0.8833735795454545 0.11851923076923077 0.019303977272727316 0.029884615384615315
0 0.7950923295454545 0.2341057692307693 0.025440340909091027 0.02698076923076918
0 0.4188636363636364 0.4453750000000001 0.020085227272727255 0.02324999999999995
0 0.6303480113636364 0.9598942307692307 0.02467329545454546 0.02851923076923077
0 0.9500426136363636 0.6884038461538462 0.021846590909090902 0.02553846153846154
0 0.33156250000000004 0.8372307692307692 0.018806818181818154 0.017461538461538487
0 0.8291406249999999 0.6939326923076923 0.02157670454545446 0.03344230769230767
0 0.17667613636363638 0.312576923076923 0.012017045454545466 0.014307692307692303
0 0.8797372159090909 0.9584230769230769 0.018650568181818174 0.024346153846153847
0 0.2928693181818182 0.6779038461538461 0.02093750000000001 0.029961538461538484
0 0.3935866477272727 0.5878557692307692 0.016178977272727255 0.027557692307692276
0 0.34152698863636366 0.9040192307692307 0.023252840909090914 0.032461538461538465
0 0.48815340909090904 0.6997788461538461 0.01684659090909085 0.024788461538461568
0 0.17498579545454546 0.20619230769230779 0.02403409090909091 0.030576923076923144
0 0.3891122159090909 0.9030384615384616 0.026406250000000044 0.03969230769230769
0 0.2148011363636364 0.7905384615384615 0.020994318181818183 0.030807692307692328
0 0.26887784090909095 0.5699038461538461 0.02275568181818183 0.03119230769230769
0 0.043252840909090914 0.5274326923076923 0.03269886363636364 0.02751923076923072
0 0.5920383522727272 0.14810576923076924 0.020838068181818204 0.030173076923076917
0 0.4924076704545454 0.5393846153846154 0.02697443181818175 0.02488461538461538
0 0.7173224431818181 0.7661923076923077 0.027741477272727234 0.03226923076923077
0 0.59328125 0.7416346153846154 0.03488636363636364 0.03976923076923076
0 0.8597727272727272 0.09777884615384624 0.023607954545454553 0.026557692307692313
0 0.28264204545454547 0.18393269230769227 0.026079545454545435 0.032519230769230814
0 0.9281107954545454 0.9684711538461539 0.024232954545454467 0.034442307692307696
0 0.45996448863636363 0.39147115384615394 0.021917613636363565 0.030173076923076917
0 0.4782599431818182 0.6397692307692308 0.016548295454545423 0.023192307692307696
0 0.8646732954545455 0.12205769230769237 0.021761363636363548 0.031115384615384628
0 0.889268465909091 0.9884807692307692 0.024588068181818266 0.02303846153846154
0 0.9856889204545454 0.5363942307692309 0.024815340909090787 0.03317307692307692
0 0.007954545454545454 0.9905096153846153 0.015880681818181818 0.018980769230769228
0 0.6285227272727273 0.49814423076923076 0.025710227272727225 0.03440384615384618
0 0.8271235795454547 0.40385576923076927 0.0214630681818182 0.024480769230769264
0 0.17948863636363635 0.5819038461538462 0.023039772727272725 0.028000000000000004
0 0.0706534090909091 0.4959134615384615 0.02386363636363636 0.031519230769230744
0 0.6605255681818182 0.611173076923077 0.019999999999999976 0.023076923076923078
0 0.8078480113636363 0.4021538461538462 0.01967329545454549 0.025730769230769224
0 0.6141903409090909 0.48415384615384616 0.020681818181818187 0.028807692307692343
0 0.6481178977272727 0.3224711538461539 0.018991477272727278 0.023750000000000045
0 0.6366477272727272 0.7869903846153846 0.018806818181818195 0.027326923076923092
0 0.564268465909091 0.2828942307692308 0.0171732954545455 0.02771153846153851
0 0.5947940340909091 0.013125000000000053 0.016548295454545423 0.025211538461538487
0 0.5441761363636364 0.18570192307692313 0.015710227272727275 0.029173076923076843
0 0.4364985795454545 0.677125 0.017514204545454524 0.029634615384615377
0 0.6344318181818182 0.653375 0.022755681818181793 0.031211538461538495
0 0.838309659090909 0.09217307692307697 0.02482954545454548 0.03361538461538465
0 0.9178835227272728 0.917923076923077 0.025056818181818163 0.029269230769230766
0 0.1670809659090909 0.5652980769230769 0.022457386363636367 0.027596153846153836
0 0.5825426136363636 0.28882692307692304 0.02156250000000001 0.03165384615384623
0 0.8488920454545454 0.1654230769230769 0.017784090909090885 0.030692307692307654
0 0.9736008522727272 0.447923076923077 0.024502840909090908 0.03488461538461536
0 0.22259232954545452 0.9917596153846154 0.021065340909090926 0.016480769230769233
0 0.36945312500000005 0.7374807692307692 0.02492897727272729 0.03430769230769232
0 0.6675213068181818 0.4569519230769231 0.02157670454545454 0.026403846153846187
0 0.8755326704545454 0.9786730769230769 0.023252840909090754 0.03115384615384616
0 0.131015625 0.310298076923077 0.027400568181818172 0.03317307692307692
0 0.7187144886363637 0.8434903846153846 0.03484375000000004 0.03278846153846153
0 0.1961363636363636 0.3945576923076922 0.02306818181818179 0.03253846153846157
0 0.42762784090909084 0.8743173076923076 0.02937500000000001 0.035134615384615375
0 0.781200284090909 0.8311442307692307 0.01873579545454537 0.027634615384615365
0 0.8942613636363635 0.3932692307692308 0.02943181818181806 0.0398461538461539
0 0.7172230113636364 0.9512692307692308 0.018281250000000006 0.03676923076923076
0 0.3943892045454545 0.36722115384615395 0.017897727272727225 0.030173076923076917
0 0.10289772727272727 0.23970192307692306 0.015369318181818171 0.04294230769230766
0 0.8506392045454544 0.7255865384615385 0.0210795454545455 0.028557692307692298
0 0.3463494318181818 0.9867596153846154 0.024744318181818162 0.02648076923076923
0 0.38215198863636357 0.3969038461538461 0.0197301136363637 0.029192307692307705
0 0.5790696022727272 0.2643461538461538 0.022656249999999985 0.027192307692307665
0 0.8621875 0.44191346153846145 0.02755681818181815 0.027057692307692293
0 0.8248224431818181 0.38475961538461545 0.03586647727272727 0.03113461538461538
0 0.7131889204545454 0.7444519230769231 0.024332386363636358 0.023057692307692296
0 0.6171306818181819 0.02768269230769227 0.020681818181818187 0.024096153846153903
0 0.729794034090909 0.3488557692307692 0.019928977272727234 0.029057692307692225
0 0.25806107954545454 0.9810192307692308 0.019588068181818172 0.024
0 0.45770596590909096 0.5836923076923077 0.02183238636363637 0.03519230769230766
0 0.5779900568181818 0.6759711538461539 0.015071022727272666 0.027596153846153836
0 0.5476491477272728 0.24085576923076923 0.01754261363636367 0.02571153846153847
0 0.05316051136363636 0.2449134615384616 0.020667613636363644 0.027326923076923037
0 0.5923082386363636 0.7911538461538461 0.020951704545454544 0.03088461538461539
0 0.4016974431818181 0.4693653846153846 0.02740056818181821 0.03461538461538462
0 0.36297585227272733 0.8142019230769231 0.02916193181818182 0.03398076923076923
0 0.8286576704545454 0.16521153846153835 0.02268465909090913 0.036115384615384674
0 0.8686576704545454 0.36234615384615376 0.024218749999999935 0.02780769230769227
0 0.6995454545454546 0.8691826923076923 0.019403409090909127 0.026403846153846163
0 0.8081392045454546 0.8259423076923077 0.015738636363636423 0.02538461538461539
0 0.6225923295454545 0.92275 0.02299715909090909 0.03076923076923077
0 0.6468394886363636 0.3548653846153845 0.021548295454545396 0.029192307692307705
0 0.8045880681818183 0.2754038461538463 0.02053977272727262 0.03403846153846152
0 0.7813991477272727 0.00846153846153841 0.022542613636363642 0.016923076923076943
0 0.5341335227272727 0.1209134615384615 0.022642045454545453 0.030173076923077028
0 0.3286221590909091 0.9837692307692307 0.013664772727272734 0.0215
0 0.34906960227272726 0.7362115384615384 0.018053977272727284 0.029115384615384644
0 0.6294744318181817 0.09546153846153849 0.02150568181818188 0.029923076923076927
0 0.24139914772727272 0.7383269230769232 0.023934659090909083 0.036000000000000025
0 0.9341264204545454 0.8231442307692307 0.021803977272727145 0.02951923076923076
0 0.7678124999999999 0.8454230769230769 0.016732954545454506 0.03623076923076924
0 0.7929190340909091 0.8966346153846154 0.02171874999999995 0.03211538461538462
0 0.9472798295454545 0.9703846153846154 0.016548295454545583 0.02515384615384616
0 0.6422585227272727 0.45253846153846156 0.017130681818181823 0.024807692307692263
0 0.9736505681818183 0.10732692307692304 0.020852272727272657 0.031538461538461494
0 0.5207954545454545 0.12684615384615383 0.020085227272727255 0.027192307692307665
0 0.7730539772727273 0.569548076923077 0.013068181818181883 0.02755769230769233
0 0.8065553977272728 0.68225 0.019076704545454473 0.024461538461538458
0 0.6747656249999999 0.5091057692307692 0.013764204545454543 0.027519230769230775
0 0.07694602272727273 0.2416538461538461 0.013465909090909086 0.039038461538461564
0 0.3386008522727273 0.0076153846153846905 0.018536931818181834 0.015230769230769152
0 0.23715909090909087 0.023134615384615365 0.02161931818181818 0.026961538461538537
0 0.4645170454545454 0.8342788461538462 0.02034090909090908 0.028249999999999997
0 0.12188210227272728 0.2488173076923077 0.02643465909090909 0.02863461538461536
0 0.9312713068181818 0.8967788461538462 0.014758522727272709 0.02882692307692308
0 0.17235085227272728 0.30281730769230775 0.014900568181818175 0.020826923076923045
0 0.8171590909090909 0.055442307692307735 0.023607954545454553 0.029884615384615423
0 0.13221590909090908 0.2774423076923077 0.017301136363636373 0.03642307692307692
0 0.9959019886363637 0.5965673076923077 0.008167613636363636 0.03190384615384616
0 0.9496377840909092 0.8733076923076923 0.022656249999999902 0.025576923076923084
0 0.38886363636363636 0.7455 0.022897727272727278 0.028230769230769243
0 0.15792613636363637 0.31517307692307694 0.014886363636363642 0.023423076923076935
0 0.7562713068181818 0.8513173076923077 0.017741477272727287 0.03171153846153848
0 0.3213778409090909 0.46917307692307697 0.027215909090909127 0.04115384615384622
0 0.38616477272727273 0.45724999999999993 0.01900568181818181 0.027192307692307665
0 0.6833593750000001 0.5764423076923078 0.017968750000000047 0.02111538461538465
0 0.8107244318181818 0.22061538461538466 0.01931818181818169 0.02573076923076933
0 0.6991335227272727 0.5670384615384616 0.021022727272727207 0.02799999999999995
0 0.8073792613636364 0.4380288461538461 0.020298295454545402 0.02748076923076927
0 0.8964346590909091 0.666048076923077 0.023835227272727234 0.030596153846153894
0 0.7104048295454546 0.8628076923076923 0.020951704545454544 0.027307692307692314
0 0.9959019886363637 0.5468076923076923 0.008167613636363636 0.02084615384615385
0 0.9428480113636365 0.9914326923076923 0.023252840909090914 0.017134615384615384
0 0.8406107954545454 0.0053076923076922355 0.02022727272727274 0.01061538461538458
0 0.8823224431818182 0.544 0.023622159090909086 0.03034615384615385
0 0.6881463068181819 0.3214807692307693 0.019303977272727237 0.035615384615384583
0 0.3752059659090909 0.3776153846153847 0.021917613636363645 0.026230769230769203
0 0.8091193181818181 0.9242115384615385 0.02204545454545452 0.03300000000000001
0 0.6903125 0.29501923076923076 0.02156250000000001 0.024230769230769167
0 0.849041193181818 0.2502884615384615 0.018707386363636305 0.023653846153846175
0 0.9935724431818183 0.039673076923076867 0.012855113636363573 0.037346153846153765
0 0.995909090909091 0.42219230769230764 0.008181818181818169 0.025076923076923115
0 0.7305397727272727 0.009980769230769293 0.02318181818181825 0.019961538461538454
0 0.986903409090909 0.7448461538461538 0.020596590909090908 0.026884615384615364
0 0.9943536931818183 0.7226730769230769 0.01117897727272728 0.03226923076923077
0 0.6481178977272727 0.8044326923076923 0.028906249999999953 0.03486538461538463
0 0.20094460227272729 0.3093269230769231 0.020184659090909062 0.03123076923076925
0 0.3457528409090909 0.7746538461538461 0.017244318181818163 0.030538461538461556
0 0.24693892045454546 0.17207692307692313 0.018536931818181834 0.027423076923076904
0 0.7514204545454546 0.8662692307692308 0.020738636363636234 0.028999999999999998
0 0.7138991477272728 0.9255673076923077 0.014417613636363685 0.025134615384615384
0 0.8379261363636363 0.756625 0.01707386363636361 0.027173076923076942
0 0.8294247159090908 0.2772692307692308 0.031576704545454574 0.032769230769230696
0 0.5936789772727272 0.30936538461538465 0.020454545454545423 0.032153846153846206
0 0.6796306818181819 0.5456826923076923 0.0220454545454546 0.027557692307692276
0 0.2708025568181818 0.9345096153846154 0.02069602272727272 0.025019230769230773
0 0.4763423295454546 0.5641153846153846 0.02183238636363629 0.02523076923076924
0 0.06387073863636364 0.4763750000000001 0.02328124999999999 0.029903846153846177
0 0.8852130681818182 0.17185576923076928 0.025454545454545396 0.03528846153846158
0 0.4679829545454546 0.9822596153846154 0.025113636363636373 0.03548076923076923
0 0.8856747159090909 0.021413461538461576 0.02268465909090913 0.03401923076923087
0 0.8163920454545455 0.19447115384615388 0.02392045454545443 0.034865384615384604
0 0.8210227272727273 0.8109903846153846 0.022755681818181793 0.025365384615384613
0 0.849034090909091 0.030124999999999957 0.02482954545454548 0.03236538461538459
0 0.013792613636363638 0.5110673076923077 0.02738636363636364 0.025134615384615318
0 0.24130681818181818 0.27255769230769233 0.02306818181818183 0.033192307692307674
0 0.21909090909090911 0.6567115384615385 0.020681818181818187 0.028000000000000004
0 0.6127911931818182 0.7239326923076923 0.031661931818181846 0.0428653846153846
0 0.6442045454545454 0.9047499999999999 0.024119318181818207 0.029269230769230766
0 0.8076136363636363 0.8790096153846154 0.023039772727272603 0.03209615384615386
0 0.8832173295454545 0.37977884615384616 0.01839488636363643 0.03528846153846158
0 0.3016974431818182 0.845625 0.030525568181818154 0.03378846153846155
0 0.779005681818182 0.37884615384615383 0.023607954545454553 0.028846153846153848
0 0.6731463068181818 0.36698076923076917 0.019360795454545447 0.027692307692307648
0 0.4345241477272727 0.851173076923077 0.01904829545454549 0.025307692307692302
0 0.6309517045454546 0.33087500000000003 0.02338068181818187 0.04055769230769237
0 0.284140625 0.8722788461538462 0.02612215909090907 0.039019230769230764
0 0.004808238636363636 0.4466634615384615 0.009417613636363635 0.026326923076923074
0 0.09677556818181818 0.45271153846153844 0.026619318181818185 0.028269230769230748
0 0.60171875 0.4013557692307692 0.024119318181818207 0.03413461538461538
0 0.7022088068181819 0.3393076923076923 0.024218750000000015 0.029884615384615315
0 0.6660866477272728 0.5641346153846154 0.01933238636363638 0.021307692307692278
0 0.5776065340909091 0.23912500000000003 0.01973011363636362 0.026211538461538564
0 0.505 0.6929807692307692 0.01920454545454543 0.027192307692307665
0 0.6047301136363636 0.6859807692307691 0.017727272727272755 0.030807692307692328
0 0.801065340909091 0.37397115384615387 0.02329545454545451 0.03194230769230761
0 0.7654119318181819 0.13201923076923072 0.020852272727272816 0.030576923076923144
0 0.04428267045454545 0.5499615384615385 0.022968749999999996 0.024730769230769202
0 0.8700639204545456 0.5245288461538462 0.025752840909090902 0.033211538461538424
0 0.6937215909090909 0.8172596153846153 0.025596590909090885 0.036019230769230776
0 0.18316051136363634 0.32461538461538453 0.02595170454545456 0.034499999999999996
0 0.6487784090909091 0.8751057692307692 0.022727272727272728 0.03151923076923077
0 0.4810653409090909 0.6025673076923077 0.01920454545454543 0.02721153846153847
0 0.37631392045454537 0.8631730769230769 0.02279829545454547 0.025230769230769213
0 0.8169176136363636 0.46979807692307696 0.02906250000000005 0.030326923076923043
0 0.79609375 0.8435096153846153 0.01937499999999998 0.019903846153846144
0 0.24178977272727273 0.24262499999999998 0.02210227272727273 0.027980769230769253
0 0.5702982954545455 0.303673076923077 0.024119318181818207 0.025730769230769224
0 0.19205255681818179 0.24295192307692315 0.031235795454545447 0.03644230769230767
0 0.05676136363636363 0.22213461538461532 0.017301136363636362 0.023423076923076935
0 0.8646732954545455 0.16853846153846153 0.0199147727272727 0.02780769230769227
0 0.4930326704545455 0.7167788461538462 0.01359374999999999 0.028403846153846172
0 0.9896235795454544 0.5657307692307693 0.02075284090909093 0.03230769230769233
0 0.89171875 0.5712692307692308 0.020596590909090908 0.027461538461538464
0 0.19709517045454544 0.19252884615384613 0.02498579545454546 0.027980769230769253
0 0.5923224431818181 0.7053846153846154 0.020099431818181787 0.02399999999999998
0 0.9502982954545455 0.7062019230769231 0.029289772727272734 0.027557692307692276
0 0.07718039772727273 0.4162307692307692 0.026207386363636367 0.03430769230769237
0 0.7562286931818182 0.45251923076923073 0.018593749999999885 0.028923076923076853
0 0.4411576704545455 0.5896826923076923 0.025497159090909074 0.029211538461538455
0 0.8445951704545455 0.3150384615384616 0.020838068181818124 0.031115384615384628
0 0.2920809659090909 0.13931730769230766 0.02231534090909088 0.026019230769230718
0 0.6826420454545455 0.40185576923076927 0.02082386363636367 0.029173076923076954
0 0.9768963068181816 0.468125 0.017911931818181837 0.02167307692307689
0 0.6624786931818182 0.5869807692307693 0.029161931818181778 0.027961538461538447
0 0.7954261363636363 0.5239711538461538 0.018096590909090923 0.027557692307692276
0 0.665546875 0.9754903846153846 0.0247869318181818 0.02848076923076923
0 0.8747869318181819 0.011951923076923165 0.021761363636363548 0.023903846153846168
0 0.5590980113636363 0.5189615384615385 0.0240198863636364 0.033192307692307674
0 0.9311079545454546 0.7828173076923077 0.0230113636363637 0.0321346153846154
0 0.2552414772727273 0.22603846153846163 0.02883522727272729 0.024730769230769258
0 0.8181321022727271 0.8398942307692308 0.025383522727272734 0.034365384615384624
0 0.6332457386363637 0.4757403846153846 0.02748579545454549 0.03040384615384616
0 0.4019389204545455 0.8645096153846153 0.01492897727272734 0.03344230769230771
0 0.14314630681818183 0.538298076923077 0.023053977272727278 0.033596153846153845
0 0.8568607954545455 0.2727019230769231 0.020852272727272816 0.026134615384615447
0 0.7226704545454545 0.07038461538461538 0.022926136363636426 0.023038461538461463
0 0.3889275568181818 0.6429423076923076 0.022769886363636326 0.03319230769230773
0 0.6702201704545455 0.3899807692307692 0.021548295454545476 0.0232307692307692
0 0.6882528409090909 0.35652884615384617 0.023295454545454595 0.038596153846153836
0 0.8675852272727272 0.25132692307692306 0.020852272727272657 0.029884615384615315
0 0.05265625 0.9585192307692307 0.01957386363636364 0.022
0 0.8772727272727273 0.9444230769230769 0.018153409090909053 0.029269230769230766
0 0.5823863636363636 0.12375000000000003 0.01877840909090913 0.024192307692307662
0 0.8228053977272727 0.9927115384615385 0.01802556818181826 0.014461538461538461
0 0.9540198863636365 0.7298942307692309 0.021846590909090902 0.023865384615384608
0 0.790234375 0.6922884615384616 0.02075284090909093 0.028076923076923065
0 0.64953125 0.5707884615384615 0.019659090909090873 0.039038461538461564
0 0.4999786931818182 0.7397884615384616 0.017428977272727245 0.023192307692307696
0 0.9639275568181819 0.7937980769230769 0.023252840909090914 0.035096153846153846
0 0.4474502840909091 0.6972884615384616 0.01546874999999998 0.02173076923076925
0 0.4763352272727273 0.6579711538461538 0.02215909090909086 0.027596153846153836
0 0.4763352272727273 0.6839711538461539 0.01684659090909085 0.028403846153846172
0 0.8545596590909091 0.055653846153846165 0.02545454545454556 0.029461538461538556
0 0.8310653409090908 0.6277307692307692 0.018749999999999902 0.028538461538461544
0 0.1675426136363636 0.33990384615384617 0.02355113636363636 0.024730769230769258
0 0.878622159090909 0.271875 0.022073863636363746 0.025326923076922997
0 0.8018323863636364 0.3083942307692308 0.0199147727272727 0.03528846153846158
0 0.25243607954545455 0.11724038461538466 0.026093750000000006 0.03113461538461538
0 0.5542542613636363 0.9614615384615385 0.0218892045454545 0.027884615384615386
0 0.4521022727272727 0.6557692307692308 0.026306818181818237 0.031192307692307745
0 0.6427982954545454 0.1290769230769231 0.02332386363636366 0.025
0 0.589296875 0.19535576923076914 0.034332386363636384 0.04351923076923076
0 0.3562144886363637 0.47159615384615383 0.019730113636363657 0.031153846153846133
0 0.47830255681818185 0.5853557692307692 0.020355113636363612 0.023903846153846168
0 0.761143465909091 0.4252307692307692 0.01802556818181826 0.042615384615384555
0 0.6663565340909091 0.050365384615384645 0.017372159090909115 0.02465384615384625
0 0.527919034090909 0.14712499999999995 0.01680397727272725 0.02721153846153842
0 0.34323863636363633 0.8264903846153846 0.021761363636363665 0.02436538461538462
0 0.8439843749999999 0.37334615384615377 0.025752840909090902 0.0232307692307692
0 0.36784090909090905 0.51 0.022556818181818136 0.027884615384615386
0 0.2570667613636364 0.012682692307692367 0.01819602272727273 0.02463461538461528
0 0.6744247159090908 0.31281730769230776 0.021917613636363645 0.026211538461538453
0 0.22158380681818182 0.45427884615384617 0.021548295454545476 0.03413461538461538
0 0.8061150568181819 0.856625 0.022713068181818195 0.024403846153846175
0 0.4370738636363637 0.9782403846153847 0.025113636363636373 0.03967307692307692
0 0.3119105113636364 0.7110576923076923 0.029730113636363645 0.026230769230769203
0 0.5624715909090909 0.6905769230769232 0.02363636363636362 0.033615384615384596
0 0.5841832386363636 0.22824038461538465 0.024105113636363674 0.025211538461538487
0 0.8098153409090909 0.7181153846153847 0.028437499999999973 0.043499999999999955
0 0.2769034090909091 0.9815192307692308 0.021051136363636355 0.033
0 0.8479545454545455 0.5325288461538462 0.023920454545454592 0.04017307692307695
0 0.5127627840909091 0.3719230769230769 0.014247159090909052 0.02769230769230776
0 0.6680752840909091 0.9478557692307692 0.019247159090909106 0.028711538461538462
0 0.7559232954545455 0.604326923076923 0.01974431818181815 0.027538461538461526
0 0.27090909090909093 0.789201923076923 0.017784090909090885 0.021557692307692295
0 0.6464701704545455 0.9461826923076924 0.02632102272727269 0.034942307692307696
0 0.7870525568181819 0.7158461538461538 0.020411931818181826 0.026269230769230763
0 0.8328267045454545 0.9554134615384615 0.0253693181818182 0.03301923076923077
0 0.3226349431818182 0.027086538461538523 0.019559659090909107 0.026480769230769197
0 0.8416761363636364 0.8573076923076923 0.027045454545454494 0.032999999999999995
0 0.6104971590909091 0.46134615384615385 0.01980113636363636 0.028000000000000004
0 0.8798508522727272 0.6238076923076923 0.02160511363636369 0.02653846153846156
0 0.9874147727272728 0.4219807692307692 0.01508522727272728 0.028923076923076853
0 0.28110085227272724 0.05241346153846149 0.018877840909090896 0.026942307692307675
0 0.5220809659090909 0.42683653846153846 0.01973011363636362 0.026711538461538436
0 0.6892329545454546 0.9128076923076923 0.024943181818181823 0.02888461538461539
0 0.7804616477272727 0.48322115384615383 0.01921875000000012 0.013596153846153832
0 0.4851775568181818 0.415701923076923 0.024105113636363674 0.03313461538461531
0 0.669921875 0.7956923076923077 0.02478693181818188 0.03353846153846153
0 0.3064985795454545 0.03173076923076923 0.02231534090909092 0.03300000000000005
0 0.3647727272727273 0.5652788461538462 0.023295454545454553 0.03221153846153846
0 0.58265625 0.7714615384615384 0.01792613636363637 0.028038461538461536
0 0.6019034090909091 0.3397788461538461 0.020823863636363592 0.026711538461538436
0 0.11683238636363637 0.29793269230769226 0.02786931818181819 0.034480769230769245
0 0.4122727272727273 0.6631057692307692 0.014005681818181837 0.020557692307692305
0 0.4617116477272727 0.6937788461538461 0.017144886363636355 0.022403846153846163
0 0.2310511363636364 0.688923076923077 0.01860795454545454 0.029192307692307705
0 0.020887784090909092 0.8944903846153847 0.01737215909090909 0.029019230769230762
0 0.5061860795454546 0.40012499999999995 0.02521306818181818 0.03759615384615376
0 0.1415838068181818 0.36040384615384613 0.02546875000000001 0.033192307692307785
0 0.17811079545454545 0.2797211538461538 0.02355113636363638 0.02667307692307693
0 0.5051491477272727 0.5536538461538462 0.021576704545454625 0.03219230769230771
0 0.7802201704545454 0.2641923076923077 0.024531249999999973 0.028230769230769243
0 0.9023792613636363 0.21564423076923078 0.02299715909090917 0.033211538461538424
0 0.8529900568181819 0.7846634615384616 0.022713068181818195 0.032673076923076916
0 0.36278409090909086 0.38577884615384617 0.025568181818181778 0.026711538461538436
0 0.8548650568181819 0.011538461538461497 0.019928977272727397 0.023076923076923078
0 0.9559872159090909 0.9379134615384616 0.02299715909090917 0.03578846153846155
0 0.4449076704545455 0.8686346153846154 0.01921875000000004 0.04407692307692307
0 0.4676065340909091 0.9071730769230769 0.022400568181818157 0.02623076923076923
0 0.8786576704545456 0.8213461538461538 0.022769886363636485 0.03246153846153848
0 0.660731534090909 0.6361057692307692 0.03012784090909088 0.029903846153846177
0 0.664637784090909 0.07555769230769227 0.022230113636363683 0.026807692307692303
0 0.3763068181818182 0.3580865384615385 0.018267045454545473 0.026711538461538436
0 0.9768963068181816 0.4906634615384615 0.022940340909090876 0.027634615384615393
0 0.15436789772727275 0.5751057692307693 0.019502840909090914 0.028788461538461537
0 0.7083664772727273 0.3910576923076924 0.021960227272727326 0.03373076923076927
0 0.4203267045454545 0.38305769230769227 0.02374999999999996 0.02523076923076924
0 0.16369318181818182 0.32071153846153844 0.013948863636363646 0.014961538461538519
0 0.2663352272727273 0.1765 0.03261363636363634 0.027884615384615386
0 0.23183238636363637 0.17185576923076928 0.020596590909090908 0.03532692307692309
0 0.8741548295454545 0.42265384615384605 0.019985795454545527 0.030346153846153905
0 0.6520880681818182 0.06493269230769227 0.016136363636363657 0.023519230769230803
0 0.5165980113636364 0.9703942307692308 0.0238210227272727 0.033557692307692316
0 0.9089701704545454 0.010701923076923192 0.0214630681818182 0.021403846153846145
0 0.9243039772727273 0.04402884615384617 0.01900568181818181 0.03194230769230772
0 0.634921875 0.9835288461538462 0.0204971590909091 0.02851923076923077
0 0.6101207386363636 0.9527596153846154 0.02632102272727277 0.03451923076923077
0 0.5508806818181818 0.5445288461538462 0.023778409090909104 0.0318653846153846
0 0.6537784090909091 0.37267307692307694 0.02375000000000004 0.027192307692307665
0 0.820049715909091 0.5741442307692308 0.023622159090909086 0.03401923076923077
0 0.8007599431818182 0.1836826923076923 0.017769886363636352 0.028211538461538493
0 0.7854048295454544 0.9818557692307692 0.024701704545454527 0.03436538461538462
0 0.6005539772727273 0.12396153846153857 0.01937499999999998 0.031153846153846133
0 0.687059659090909 0.9656730769230769 0.02852272727272733 0.027846153846153847
0 0.49465198863636367 0.6443749999999999 0.02098011363636361 0.0315961538461538
0 0.20117897727272727 0.2650769230769231 0.02258522727272728 0.029923076923076927
0 0.45885653409090915 0.81475 0.02291193181818181 0.027538461538461526
0 0.8267045454545454 0.5311057692307692 0.01883522727272726 0.02482692307692307
0 0.8632954545454545 0.14591346153846152 0.022073863636363586 0.02240384615384611
0 0.4633309659090909 0.6039615384615384 0.017428977272727245 0.030807692307692272
0 0.9893963068181819 0.38125 0.021178977272727228 0.03249999999999996
0 0.09497159090909091 0.29273076923076924 0.033153409090909094 0.03707692307692313
0 0.6545241477272726 0.46653846153846157 0.023338068181818192 0.032000000000000084
0 0.21849431818181816 0.5627019230769231 0.02482954545454544 0.033596153846153845
0 0.401512784090909 0.44661538461538464 0.01754261363636359 0.027692307692307648
0 0.3878977272727273 0.7160576923076922 0.01605113636363638 0.03242307692307695
0 0.5772443181818182 0.16344230769230772 0.024119318181818207 0.032153846153846206
0 0.6262997159090908 0.4589423076923076 0.014786931818181854 0.023192307692307696
0 0.12053977272727273 0.5721057692307692 0.023352272727272725 0.02840384615384612
0 0.3818181818181818 0.4947403846153846 0.024034090909090932 0.0318653846153846
0 0.3845454545454546 0.6878076923076923 0.02102272727272729 0.02726923076923078
0 0.5045383522727274 0.3293942307692307 0.022656249999999985 0.03759615384615387
0 0.45092329545454546 0.9894519230769231 0.01931818181818185 0.021096153846153848
0 0.26105113636363636 0.8027403846153847 0.015369318181818171 0.03201923076923078
0 0.5976420454545455 0.7646346153846154 0.02065340909090904 0.028576923076923076
0 0.7884943181818183 0.28411538461538466 0.025142045454545518 0.029884615384615315
0 0.3496306818181818 0.8715576923076923 0.02156249999999997 0.03115384615384616
0 0.8553267045454547 0.3474038461538461 0.01900568181818181 0.03030769230769229
0 0.843828125 0.14114423076923077 0.02177556818181824 0.03444230769230774
0 0.8456747159090909 0.294076923076923 0.01686079545454546 0.02157692307692302
0 0.8150142045454545 0.3216826923076923 0.02482954545454548 0.026980769230769287
0 0.08166903409090909 0.01402884615384603 0.028480113636363633 0.02805769230769226
0 0.7445667613636363 0.5573942307692308 0.016946022727272657 0.024326923076923034
0 0.5643678977272727 0.7612115384615384 0.022940340909090876 0.03169230769230767
0 0.7319886363636363 0.8641538461538462 0.020909090909090867 0.025615384615384616
0 0.45649857954545453 0.7142884615384615 0.021321022727272713 0.02726923076923078
0 0.8383167613636363 0.3501057692307692 0.0285085227272728 0.02821153846153838
0 0.06172585227272727 0.00888461538461538 0.026576704545454546 0.017769230769230787
0 0.788387784090909 0.593701923076923 0.013565340909090845 0.015980769230769236
0 0.4637997159090909 0.42064423076923074 0.022286931818181813 0.03413461538461538
0 0.5050852272727272 0.4317788461538461 0.018636363636363642 0.02771153846153851
0 0.46540482954545453 0.6715673076923077 0.017428977272727245 0.02440384615384615
0 0.97265625 0.5514903846153846 0.022613636363636468 0.03275
0 0.8248224431818181 0.5557692307692308 0.022116477272727343 0.02723076923076928
0 0.7098650568181818 0.3002115384615385 0.021917613636363645 0.023730769230769184
0 0.27144176136363635 0.768 0.018849431818181793 0.02515384615384618
0 0.8058664772727272 0.46344230769230776 0.02210227272727281 0.02746153846153841
0 0.5371519886363636 0.5586346153846153 0.02231534090909088 0.039499999999999987
0 0.3024431818181818 0.696326923076923 0.018551136363636367 0.021461538461538456
0 0.4606747159090909 0.635375 0.02038352272727276 0.03040384615384616
0 0.5685369318181818 0.6603749999999999 0.025710227272727305 0.032403846153846144
0 0.9410014204545454 0.047769230769230786 0.018707386363636305 0.031115384615384628
0 0.5666690340909091 0.7289038461538462 0.02203124999999999 0.03542307692307695
0 0.9268394886363637 0.8487307692307693 0.024758522727272816 0.021653846153846162
0 0.6568110795454545 0.9874519230769231 0.018849431818181793 0.025096153846153848
0 0.5772443181818182 0.18570192307692313 0.022642045454545453 0.02721153846153842
0 0.8911079545454544 0.4519615384615384 0.02724431818181811 0.03238461538461534
0 0.5067684659090909 0.7155865384615385 0.02038352272727276 0.03321153846153848
0 0.7611576704545455 0.5646442307692308 0.018849431818181793 0.03563461538461539
0 0.8740198863636363 0.20401923076923079 0.02329545454545451 0.033192307692307785
0 0.5140340909090909 0.19436538461538455 0.020454545454545423 0.027692307692307648
0 0.7837357954545454 0.5821346153846154 0.011818181818181728 0.015307692307692322
0 0.959247159090909 0.0909326923076923 0.026363636363636447 0.03444230769230774
0 0.15857244318181818 0.012750000000000039 0.028480113636363633 0.02549999999999998
0 0.8367542613636364 0.4468461538461539 0.024531249999999973 0.03607692307692306
0 0.8272798295454545 0.1289038461538461 0.021150568181818163 0.02903846153846147
0 0.14078125 0.570701923076923 0.020681818181818187 0.031211538461538443
0 0.26031960227272727 0.45987500000000003 0.021832386363636328 0.02721153846153842
0 0.15625 0.3018461538461539 0.02403409090909089 0.029269230769230714
0 0.8242116477272726 0.36006730769230777 0.01686079545454546 0.02490384615384613
0 0.7552201704545454 0.5105288461538462 0.02061079545454544 0.02790384615384608
0 0.772862215909091 0.36670192307692306 0.024531249999999973 0.03236538461538469
0 0.608125 0.6123653846153847 0.022755681818181793 0.021999999999999995
0 0.4014772727272727 0.6686346153846154 0.02568181818181816 0.03242307692307695
0 0.5582457386363636 0.3739038461538461 0.024105113636363674 0.03065384615384615
0 0.7823650568181819 0.030201923076923043 0.022542613636363642 0.02832692307692311
0 0.6497585227272726 0.4050673076923077 0.02301136363636362 0.04451923076923073
0 0.5980610795454545 0.24357692307692302 0.024843749999999932 0.029192307692307705
0 0.8006107954545456 0.12247115384615381 0.023607954545454553 0.03444230769230763
0 0.08727982954545453 0.2588942307692308 0.02546875 0.034480769230769134
0 0.4609161931818182 0.8454326923076922 0.023423295454545467 0.018480769230769255
0 0.9828196022727272 0.7605192307692308 0.022286931818181897 0.02426923076923078
0 0.9300213068181818 0.46898076923076926 0.023309659090909207 0.03115384615384624
0 0.287109375 0.028942307692307767 0.018536931818181834 0.021846153846153873
0 0.5308451704545455 0.40482692307692303 0.020468750000000036 0.02523076923076924
0 0.8579332386363636 0.19156730769230768 0.024218749999999935 0.02490384615384613
0 0.5407102272727272 0.22180769230769237 0.017528409090909056 0.024230769230769167
0 0.8747017045454545 0.6040769230769231 0.0288920454545455 0.028576923076923104
0 0.06228693181818181 0.2735384615384615 0.02258522727272727 0.0351538461538461
0 0.27080255681818177 0.9555096153846154 0.017741477272727246 0.02701923076923077
0 0.5445099431818182 0.5085096153846154 0.020355113636363612 0.030865384615384638
0 0.5750497159090909 0.13822115384615385 0.022656249999999985 0.026211538461538453
0 0.5810795454545455 0.33581730769230766 0.02374999999999996 0.03659615384615379
0 0.23947443181818182 0.45191346153846157 0.021818181818181837 0.031211538461538495
0 0.3053480113636364 0.9495096153846154 0.022542613636363642 0.031019230769230768
0 0.5881747159090909 0.6831730769230769 0.019502840909090935 0.027615384615384642
0 0.6101207386363636 0.3585673076923077 0.020468750000000036 0.026711538461538436
0 0.3287713068181818 0.7442884615384615 0.028934659090909056 0.03234615384615383
0 0.9863636363636363 0.011538461538461497 0.027272727272727337 0.023076923076923078
0 0.951122159090909 0.17454807692307694 0.022982954545454473 0.026557692307692313
0 0.6036789772727272 0.03636538461538452 0.015312499999999962 0.025769230769230836
0 0.5491122159090909 0.21760576923076913 0.01754261363636367 0.026711538461538543
0 0.31679687500000003 0.008076923076923204 0.029190340909090926 0.01615384615384611
0 0.9933948863636364 0.395826923076923 0.013210227272727209 0.027653846153846143
0 0.9776775568181819 0.40156730769230764 0.020724431818181864 0.02040384615384618
0 0.7521874999999999 0.5806346153846154 0.03619318181818185 0.03523076923076922
0 0.9459943181818182 0.7892115384615385 0.01937499999999998 0.033115384615384616
0 0.8182315340909092 0.2969807692307692 0.020838068181818124 0.025730769230769224
0 0.030859375 0.9550096153846154 0.024758522727272726 0.030019230769230767
0 0.29001420454545457 0.9922596153846154 0.022159090909090903 0.015480769230769232
0 0.9932315340909091 0.4891730769230769 0.012883522727272638 0.03657692307692304
0 0.9748508522727274 0.41773076923076924 0.018224431818181876 0.022961538461538457
0 0.5613494318181819 0.1476153846153846 0.0230113636363637 0.032153846153846206
0 0.040653409090909094 0.9415096153846154 0.01920454545454546 0.02901923076923077
0 0.07982954545454546 0.2790769230769231 0.02113636363636364 0.03188461538461546
0 0.4538352272727273 0.892673076923077 0.02471590909090906 0.032769230769230766
0 0.7778338068181818 0.5016826923076922 0.0191051136363637 0.027903846153846137
0 0.6198082386363637 0.3382980769230769 0.020099431818181867 0.023749999999999934
0 0.8713139204545454 0.7381442307692307 0.021860795454545435 0.028826923076923094
0 0.41357244318181813 0.48840384615384624 0.022656249999999985 0.032153846153846095
0 0.7167826704545455 0.8148461538461538 0.030440340909091 0.028538461538461544
0 0.6099431818181817 0.31800961538461536 0.02082386363636367 0.026711538461538436
0 0.6503125000000001 0.43574038461538467 0.022642045454545453 0.0306730769230769
0 0.7927769886363637 0.40636538461538463 0.014417613636363765 0.019961538461538454
0 0.33945312499999997 0.03847115384615385 0.025752840909090902 0.03251923076923071
0 0.9236860795454547 0.2077596153846153 0.02390625000000006 0.03236538461538459
0 0.4703622159090909 0.7413557692307693 0.01867897727272724 0.027673076923076925
0 0.5281036931818182 0.1921346153846153 0.024474431818181763 0.02819230769230774
0 0.7097798295454546 0.7955096153846154 0.017514204545454604 0.028980769230769244
0 0.7612428977272727 0.09061538461538465 0.022230113636363603 0.029653846153846076
0 0.40088778409090914 0.710923076923077 0.017514204545454524 0.026884615384615364
0 0.014673295454545453 0.3928173076923077 0.022102272727272724 0.031096153846153878
0 0.8583735795454547 0.8274615384615385 0.021036931818181902 0.03030769230769229
0 0.15071732954545453 0.2764615384615384 0.021633522727272734 0.03188461538461535
0 0.02550426136363636 0.9762692307692308 0.01848011363636364 0.024500000000000004
0 0.5310298295454546 0.36178846153846156 0.03325284090909095 0.02523076923076924
0 0.2158309659090909 0.8237403846153846 0.0254119318181818 0.03801923076923079
0 0.6283735795454546 0.5695673076923078 0.0254119318181818 0.032403846153846144
0 0.9905610795454546 0.46345192307692307 0.018849431818181793 0.032749999999999946
0 0.8927130681818182 0.8341346153846154 0.01840909090909096 0.026576923076923064
0 0.7492613636363636 0.34678846153846155 0.023920454545454592 0.033192307692307674
0 0.8275213068181819 0.5132596153846154 0.015752840909090956 0.01967307692307696
0 0.878544034090909 0.8497115384615385 0.018650568181818174 0.024923076923076912
0 0.5582457386363636 0.19089423076923073 0.01680397727272733 0.026711538461538436
0 0.9011576704545454 0.014855769230769256 0.019928977272727234 0.02971153846153844
0 0.05893465909090909 0.9875096153846153 0.01957386363636364 0.02498076923076923
0 0.6999076704545455 0.0612211538461539 0.0204971590909091 0.027288461538461536
0 0.7041974431818182 0.944701923076923 0.0171732954545455 0.028134615384615383
0 0.9447514204545455 0.850326923076923 0.01921874999999996 0.028000000000000004
0 0.82375 0.03324038461538459 0.02451704545454544 0.03363461538461529
0 0.870497159090909 0.334548076923077 0.022982954545454473 0.028634615384615467
0 0.5978835227272726 0.16962499999999991 0.017897727272727225 0.023750000000000045
0 0.165859375 0.4257884615384615 0.027883522727272722 0.03642307692307692
0 0.4710866477272727 0.8922307692307693 0.018025568181818177 0.021961538461538466
0 0.7834517045454544 0.4623846153846154 0.02306818181818183 0.029230769230769317
0 0.35484375 0.5229519230769231 0.023039772727272766 0.025903846153846152
0 0.6214488636363636 0.28264423076923084 0.018267045454545473 0.03313461538461531
0 0.7822301136363637 0.5656346153846155 0.01883522727272742 0.029269230769230766
0 0.30014914772727275 0.1948557692307692 0.01990056818181817 0.027403846153846154
0 0.8312286931818181 0.6617115384615384 0.01705965909090924 0.028538461538461544
0 0.19997869318181818 0.21660576923076924 0.021150568181818163 0.027980769230769253
0 0.8216122159090908 0.4406923076923076 0.021491477272727266 0.030346153846153905
0 0.4240909090909091 0.892576923076923 0.020340909090909163 0.026153846153846142
0 0.61359375 0.41792307692307695 0.020085227272727334 0.028692307692307614
0 0.8554758522727273 0.23431730769230774 0.022372159090909092 0.01824999999999991
0 0.5919318181818182 0.10489423076923066 0.02028409090909095 0.02582692307692309
0 0.9517329545454545 0.023288461538461536 0.016250000000000077 0.02780769230769227
0 0.36332386363636365 0.8545096153846155 0.02616477272727275 0.026557692307692313
0 0.8550213068181818 0.4184423076923076 0.025752840909090902 0.027653846153846143
0 0.71125 0.3575769230769231 0.02392045454545451 0.03484615384615385
0 0.8361292613636363 0.5671634615384615 0.02160511363636369 0.029596153846153876
0 0.7100994318181818 0.9773653846153846 0.033380681818181816 0.03880769230769231
0 0.7628835227272728 0.4839903846153847 0.016335227272727272 0.03536538461538459
0 0.8687571022727273 0.7127692307692308 0.022428977272727222 0.026538461538461507
0 0.6363068181818182 0.8291923076923077 0.026392045454545432 0.03676923076923075
0 0.48682528409090914 0.7441923076923076 0.017741477272727287 0.032
0 0.451015625 0.41175000000000006 0.01862215909090911 0.029192307692307705
0 0.958018465909091 0.04714423076923069 0.017769886363636352 0.031557692307692356
0 0.7479190340909092 0.013903846153846211 0.02316761363636372 0.02780769230769227
0 0.8889914772727271 0.5187884615384615 0.02119318181818176 0.029923076923076927
0 0.8286576704545454 0.8717692307692307 0.022372159090909092 0.03211538461538462
0 0.04928977272727273 0.41694230769230756 0.027698863636363643 0.04507692307692307
0 0.6072017045454546 0.29155769230769235 0.021931818181818177 0.029192307692307705
0 0.906825284090909 0.052538461538461534 0.024531249999999973 0.03484615384615385
0 0.8180823863636365 0.14300961538461543 0.02053977272727262 0.027403846153846154
0 0.3013494318181818 0.05055769230769225 0.025056818181818163 0.028807692307692232
0 0.9646093750000001 0.12765384615384612 0.029133522727272713 0.038999999999999944
0 0.4512144886363636 0.6761730769230769 0.01862215909090903 0.02399999999999998
0 0.4887428977272727 0.6733750000000001 0.02038352272727276 0.031211538461538495
0 0.9911363636363636 0.259375 0.017727272727272755 0.03067307692307701
0 0.60859375 0.8653557692307692 0.021051136363636355 0.03301923076923076
0 0.8214701704545455 0.9330288461538462 0.022031250000000148 0.028942307692307694
0 0.46910511363636365 0.3790961538461538 0.02119318181818176 0.032153846153846206
0 0.9541832386363637 0.15173076923076922 0.02728693181818187 0.0356923076923077
0 0.7435227272727274 0.08261538461538465 0.025710227272727305 0.026807692307692303
0 0.5733380681818182 0.7862788461538461 0.021647727272727287 0.028673076923076916
0 0.7547443181818182 0.5482115384615385 0.021022727272727207 0.028000000000000004
0 0.913778409090909 0.9518076923076924 0.024630681818181864 0.031692307692307686
0 0.24493607954545454 0.7709326923076923 0.02098011363636361 0.029211538461538455
0 0.7323579545454545 0.5654326923076922 0.026448863636363642 0.0321346153846154
0 0.5902130681818182 0.44018269230769225 0.02375000000000004 0.0336346153846154
0 0.4453125 0.6161730769230769 0.025710227272727305 0.03199999999999997
0 0.592109375 0.0795865384615384 0.021065340909090888 0.02594230769230771
0 0.6773224431818182 0.887673076923077 0.03768465909090913 0.030384615384615392
0 0.7945880681818184 0.7400865384615385 0.02542613636363633 0.030365384615384627
0 0.8610014204545454 0.6222788461538461 0.020099431818181787 0.028903846153846155
0 0.7272159090909092 0.4105865384615385 0.024261363636363612 0.030173076923076917
0 0.5772443181818182 0.09914423076923062 0.02119318181818176 0.030173076923076917
0 0.8954687499999999 0.9658942307692308 0.020624999999999973 0.02694230769230769
0 0.4015127840909091 0.4201538461538462 0.026292613636363624 0.03315384615384617
0 0.34920454545454543 0.8422115384615384 0.01883522727272726 0.02550000000000001
0 0.2707954545454545 0.13049038461538465 0.025056818181818204 0.0306730769230769
0 0.9583238636363638 0.007182692307692307 0.02144886363636367 0.014365384615384669
0 0.6609730113636364 0.827875 0.027116477272727316 0.03309615384615383
0 0.8049005681818181 0.0128173076923076 0.030255681818181755 0.025634615384615353
0 0.06946732954545455 0.9722692307692308 0.017741477272727277 0.0235
0 0.46928267045454547 0.32617307692307695 0.030326704545454577 0.02523076923076924
0 0.6674857954545454 0.9090576923076923 0.02355113636363634 0.028884615384615377
0 0.8403977272727272 0.5914903846153846 0.020596590909090908 0.026519230769230753
0 0.47490056818181814 0.9457788461538461 0.024147727272727272 0.03225
0 0.6188849431818182 0.44118269230769236 0.02484375000000001 0.026711538461538436
0 0.27251420454545455 0.028009615384615216 0.014772727272727281 0.025557692307692347
0 0.3085724431818182 0.6766923076923077 0.019446022727272763 0.029153846153846148
0 0.9201136363636363 0.8745769230769231 0.020596590909090908 0.03323076923076923
0 0.3011789772727273 0.009711538461538383 0.023352272727272725 0.019423076923076966
0 0.34761363636363635 0.6540096153846153 0.02034090909090908 0.03401923076923077
0 0.7880113636363636 0.5311057692307692 0.022869318181818053 0.03163461538461542
0 0.8029545454545454 0.5928461538461538 0.022613636363636305 0.02653846153846156
0 0.5604332386363636 0.0870288461538461 0.02995738636363633 0.029673076923076937
0 0.6369744318181818 0.3897307692307692 0.024488636363636376 0.031653846153846116
0 0.7738778409090908 0.5964326923076922 0.018551136363636447 0.027942307692307693
0 0.6537642045454546 0.92125 0.03269886363636361 0.03226923076923077
0 0.695 0.79975 0.018068181818181775 0.02338461538461538
0 0.21420454545454548 0.6907211538461538 0.01980113636363636 0.033596153846153845
0 0.5272230113636364 0.5141538461538462 0.0181392045454546 0.025576923076923098
0 0.6036079545454546 0.9392596153846153 0.02548295454545454 0.027749999999999993
0 0.60375 0.917125 0.025767045454545435 0.021750000000000005
0 0.8783948863636365 0.5698269230769231 0.01937499999999998 0.026230769230769203
0 0.4128338068181818 0.5466826923076923 0.020838068181818204 0.04082692307692306
0 0.9036079545454545 0.8187211538461538 0.02616477272727283 0.03313461538461537
0 0.9820809659090909 0.04818269230769223 0.031576704545454574 0.03113461538461538
0 0.9746946022727272 0.3826442307692308 0.01916193181818167 0.026788461538461553
0 0.33032670454545454 0.5119903846153846 0.01471590909090907 0.019249999999999982
0 0.7515625 0.3129615384615385 0.02911931818181818 0.02865384615384611
0 0.4184943181818182 0.35832692307692315 0.04713068181818183 0.046000000000000034
0 0.8435227272727271 0.39928846153846154 0.016249999999999917 0.031115384615384628
0 0.7991903409090909 0.5720961538461539 0.02011363636363648 0.02450000000000002
0 0.7745880681818181 0.41701923076923086 0.02130681818181818 0.04926923076923078
0 0.6026349431818182 0.26904807692307686 0.031065340909090914 0.023749999999999934
0 0.3377982954545455 0.723625 0.020965909090909077 0.024788461538461513
0 0.04009943181818182 0.9912692307692308 0.021051136363636366 0.0165
0 0.48799005681818175 0.5569711538461539 0.019133522727272687 0.03021153846153842
0 0.34874999999999995 0.9635192307692307 0.021420454545454562 0.031000000000000003
0 0.3112571022727273 0.9805096153846153 0.022542613636363642 0.03898076923076923
0 0.6406321022727273 0.5091538461538461 0.023338068181818192 0.033192307692307674
0 0.3128409090909091 0.8546057692307693 0.01937500000000002 0.03378846153846155
0 0.262734375 0.04334615384615381 0.026093750000000006 0.043230769230769156
0 0.2744034090909091 0.07239423076923068 0.023352272727272725 0.03159615384615386
0 0.8330752840909089 0.7883365384615385 0.02075284090909093 0.041673076923076924
0 0.45486505681818185 0.9193461538461538 0.02163352272727267 0.02684615384615385
0 0.6659161931818182 0.5295192307692307 0.030156250000000027 0.023076923076923078
0 0.38616477272727273 0.43400000000000005 0.01900568181818181 0.027192307692307665
0 0.814403409090909 0.11603846153846165 0.018693181818181772 0.027384615384615292
0 0.2348934659090909 0.712125 0.02038352272727272 0.028403846153846172
0 0.44906960227272724 0.8236442307692308 0.021377840909090926 0.02928846153846152
0 0.08968039772727274 0.22571153846153846 0.02450284090909092 0.04099999999999999
0 0.7578409090909091 0.3926442307692307 0.020852272727272816 0.03278846153846156
0 0.39846590909090907 0.7944711538461539 0.0224715909090909 0.030980769230769256
0 0.010539772727272727 0.9567596153846154 0.021051136363636366 0.03551923076923077
0 0.8995880681818181 0.5491250000000001 0.02542613636363633 0.029096153846153893
0 0.8230610795454545 0.6027115384615385 0.03115056818181811 0.02584615384615384
0 0.895205965909091 0.9288557692307692 0.0238210227272727 0.03498076923076924
0 0.5378409090909091 0.9575384615384616 0.02318181818181817 0.033115384615384616
0 0.9036150568181818 0.7733076923076923 0.023735795454545506 0.0341153846153846
0 0.47943892045454545 0.7231634615384616 0.017741477272727287 0.026057692307692275
0 0.3395170454545454 0.9477596153846154 0.024374999999999994 0.03451923076923077
0 0.7495596590909092 0.5249903846153846 0.019346590909090914 0.020749999999999984
0 0.46272017045454544 0.8666923076923077 0.021377840909090843 0.026153846153846156
0 0.6099431818181817 0.14786538461538457 0.02156250000000001 0.03065384615384615
0 0.8399289772727272 0.8279134615384616 0.01761363636363633 0.02690384615384617
0 0.8443323863636363 0.6824038461538462 0.019602272727272663 0.028846153846153848
0 0.060042613636363644 0.5182500000000001 0.02150568181818182 0.033115384615384616
0 0.6379758522727272 0.5811634615384615 0.02157670454545454 0.027596153846153836
0 0.4178764204545455 0.7510384615384615 0.02941761363636369 0.030423076923076938
0 0.8461292613636363 0.11229807692307692 0.025127840909090825 0.027403846153846154
0 0.6012571022727272 0.986951923076923 0.02509943181818184 0.025711538461538463
0 0.6678480113636364 0.2930384615384616 0.026292613636363624 0.02819230769230763
0 0.3559659090909091 0.7554615384615384 0.0224715909090909 0.02488461538461538
0 0.2948295454545455 0.02127884615384623 0.02093750000000001 0.01486538461538454
0 0.6218892045454546 0.07528846153846147 0.02440340909090902 0.029692307692307688
0 0.8352414772727272 0.4868173076923077 0.02755681818181831 0.035673076923076946
0 0.29025568181818184 0.4471153846153846 0.01985795454545457 0.028692307692307614
0 0.022919034090909087 0.9920096153846154 0.016264204545454543 0.015980769230769232
0 0.9135440340909091 0.834625 0.022769886363636326 0.03278846153846153
0 0.9945099431818182 0.3546634615384615 0.01032670454545452 0.03828846153846148
0 0.4429758522727273 0.39739423076923075 0.019360795454545447 0.03709615384615388
0 0.06806107954545454 0.2169326923076923 0.020667613636363633 0.026019230769230718
0 0.3562926136363636 0.8951730769230769 0.02034090909090912 0.032461538461538465
0 0.8437642045454545 0.8017788461538462 0.02017045454545461 0.02613461538461539
0 0.5044105113636363 0.6751730769230769 0.02098011363636361 0.03161538461538461
0 0.6821732954545454 0.5647403846153847 0.01696022727272735 0.016980769230769254
0 0.5463707386363637 0.1075576923076923 0.019360795454545447 0.027192307692307665
0 0.2285369318181818 0.7637307692307692 0.017727272727272713 0.02600000000000002
0 0.2013565340909091 0.6705192307692308 0.02069602272727272 0.023615384615384618
0 0.5545880681818182 0.16567307692307687 0.024119318181818207 0.029692307692307688
0 0.6938068181818182 0.8910576923076923 0.021903409090909032 0.024384615384615383
0 0.11996448863636365 0.22636538461538458 0.02643465909090909 0.026692307692307682
0 0.4719034090909091 0.6219615384615385 0.018607954545454497 0.021999999999999995
0 0.44868607954545453 0.9395576923076923 0.022656250000000065 0.028230769230769236
0 0.75109375 0.27830769230769237 0.01900568181818181 0.031538461538461605
0 0.05474431818181818 0.5647115384615384 0.02386363636363636 0.027923076923076943
0 0.8612926136363637 0.937875 0.0230113636363637 0.025711538461538463
0 0.8611505681818182 0.07308653846153845 0.02392045454545443 0.02863461538461536
0 0.990802556818182 0.23144230769230778 0.01830965909090907 0.036115384615384674
0 0.6282741477272726 0.8647884615384616 0.01995738636363638 0.031153846153846147
0 0.329296875 0.8572980769230769 0.028394886363636337 0.02982692307692306
0 0.15936789772727272 0.3887115384615385 0.02836647727272729 0.03903846153846145
0 0.4887428977272728 0.6229711538461538 0.018025568181818177 0.026403846153846135
0 0.6577201704545454 0.5448269230769232 0.03080965909090909 0.025307692307692302
0 0.5164133522727273 0.21043269230769235 0.02595170454545452 0.016326923076923093
0 0.7828267045454546 0.24177884615384615 0.02545454545454556 0.026557692307692313
0 0.6775284090909092 0.04000961538461545 0.02232954545454541 0.027442307692307658
0 0.88859375 0.8036346153846154 0.02761363636363628 0.033769230769230774
0 0.5498437500000001 0.4342499999999999 0.030681818181818133 0.029692307692307688
0 0.8147727272727271 0.4943653846153846 0.01508522727272728 0.02549999999999998
0 0.8690482954545454 0.9895865384615384 0.020284090909091033 0.020442307692307694
0 0.009524147727272727 0.46759615384615383 0.018849431818181817 0.028307692307692253
0 0.6768039772727273 0.08026923076923076 0.01181818181818181 0.028692307692307722
0 0.7399147727272727 0.397 0.021761363636363548 0.029038461538461582
0 0.8114914772727272 0.3575673076923077 0.017159090909090968 0.02490384615384624
0 0.8631463068181818 0.39866346153846155 0.024218749999999935 0.027403846153846154
0 0.5366619318181818 0.5314230769230769 0.02477272727272727 0.01892307692307693
0 0.7964275568181818 0.5542403846153846 0.03066761363636368 0.020749999999999984
0 0.5606249999999999 0.1031057692307692 0.015710227272727275 0.02028846153846156
0 0.25572443181818183 0.7781442307692308 0.017727272727272755 0.028403846153846148
0 0.4365838068181818 0.9189903846153846 0.01904829545454549 0.02613461538461539
0 0.563174715909091 0.208951923076923 0.020099431818181867 0.027211538461538527
0 0.5756178977272728 0.7015769230769231 0.018025568181818177 0.02519230769230768
0 0.19781249999999997 0.6947211538461538 0.017130681818181823 0.025596153846153852
0 0.23563920454545453 0.7887403846153846 0.02423295454545451 0.033596153846153845
0 0.8570099431818182 0.21481730769230778 0.02359375000000002 0.02490384615384613
0 0.6727840909090909 0.3391923076923077 0.017897727272727305 0.030500000000000027
0 0.6020809659090909 0.20350961538461543 0.02484375000000001 0.05490384615384618
0 0.2375 0.006923076923076921 0.024374999999999994 0.013846153846153933
0 0.22854403409090907 0.6257115384615385 0.023053977272727257 0.034000000000000016
0 0.8600852272727273 0.9630096153846154 0.020596590909090908 0.027865384615384615
0 0.6835795454545455 0.9401442307692308 0.02906250000000005 0.03136538461538462
0 0.9135653409090909 0.2320288461538461 0.02022727272727274 0.03028846153846154
0 0.366484375 0.9847692307692307 0.02291193181818181 0.0295
0 0.20356534090909092 0.9920096153846154 0.016988636363636334 0.015980769230769232
0 0.6276633522727273 0.35535576923076917 0.01754261363636367 0.029173076923076954
0 0.23650568181818182 0.3171346153846153 0.024034090909090932 0.023423076923076935
0 0.5235369318181818 0.38528846153846164 0.017528409090909136 0.02769230769230776
0 0.42818181818181816 0.39913461538461537 0.015340909090909027 0.025730769230769224
0 0.3193465909090909 0.6882211538461538 0.01823863636363637 0.02794230769230764
0 0.6934872159090909 0.7737692307692308 0.025781250000000047 0.04611538461538459
0 0.20017755681818183 0.6483173076923077 0.02776988636363634 0.03278846153846156
0 0.2454900568181818 0.4422884615384616 0.02745738636363638 0.03584615384615382
0 0.25056107954545453 0.6879230769230769 0.023934659090909083 0.02961538461538457
0 0.9691974431818182 0.5200096153846154 0.02134943181818194 0.03444230769230774
0 0.3411079545454545 0.4563942307692308 0.022556818181818216 0.029557692307692316
0 0.9724431818181819 0.6699038461538461 0.020852272727272816 0.026192307692307702
0 0.473487215909091 0.43870192307692313 0.022656249999999985 0.0277115384615384
0 0.2564630681818182 0.6537211538461538 0.07417613636363636 0.049211538461538466
0 0.8137642045454547 0.5171634615384615 0.021107954545454565 0.026865384615384614
0 0.5542542613636363 0.9849903846153846 0.02061079545454544 0.02701923076923077
0 0.6178835227272728 0.637576923076923 0.01920454545454543 0.034000000000000016
0 0.9169318181818181 0.7615 0.022272727272727364 0.030153846153846166
0 0.5491051136363636 0.38924038461538457 0.02338068181818187 0.031673076923076866
0 0.2756534090909091 0.4593846153846154 0.020085227272727255 0.026230769230769203
0 0.2781818181818182 0.009240384615384789 0.02883522727272729 0.018480769230769255
0 0.30036931818181817 0.7487884615384616 0.01883522727272726 0.030538461538461528
0 0.4178764204545455 0.7933557692307692 0.022059659090909053 0.03098076923076923
0 0.35250000000000004 0.025923076923076938 0.025056818181818204 0.028807692307692343
0 0.5767897727272727 0.07389423076923063 0.014488636363636427 0.02463461538461539
0 0.4809730113636364 0.3622788461538461 0.022286931818181813 0.030173076923076917
0 0.9338423295454544 0.8674903846153846 0.015099431818181812 0.030673076923076914
0 0.7649857954545454 0.017605769230769175 0.02252840909090911 0.03521153846153847
0 0.8094957386363636 0.5435192307692307 0.02311079545454543 0.028576923076923104
0 0.964275568181818 0.98875 0.030681818181818213 0.0225
0 0.4730823863636363 0.7061826923076924 0.016249999999999997 0.026403846153846187
0 0.5869318181818182 0.035250000000000115 0.01985795454545457 0.02465384615384614
0 0.9573082386363635 0.8465288461538462 0.018906250000000083 0.03159615384615383
0 0.7811434659090909 0.30735576923076935 0.022684659090908967 0.026557692307692313
0 0.3016903409090909 0.06891346153846156 0.025056818181818204 0.03113461538461538
0 0.9089488636363637 0.8972403846153846 0.024374999999999956 0.03251923076923078
0 0.7613707386363636 0.26232692307692307 0.019928977272727234 0.025307692307692357
0 0.008323863636363636 0.9310096153846154 0.016619318181818183 0.04401923076923077
0 0.9679829545454546 0.020163461538461602 0.018693181818181772 0.029057692307692444
0 0.7679119318181818 0.5311153846153847 0.02235795454545456 0.03503846153846154
0 0.5414346590909092 0.15181730769230772 0.018267045454545473 0.0336346153846154
0 0.6673011363636363 0.41619230769230764 0.025198863636363568 0.031153846153846133
0 0.46708806818181825 0.3489326923076923 0.02374999999999996 0.029173076923076843
0 0.04693181818181818 0.9725192307692307 0.028806818181818183 0.033
0 0.8242116477272727 0.10233653846153856 0.024218749999999935 0.030711538461538405
0 0.48772727272727273 0.3872596153846154 0.02338068181818179 0.03067307692307701
0 0.029552556818181818 0.5036923076923077 0.022400568181818185 0.028730769230769226
0 0.49723011363636366 0.3709326923076923 0.01900568181818181 0.029673076923076937
0 0.5430823863636364 0.4174326923076923 0.028125000000000015 0.0336346153846154
0 0.8143323863636364 0.6596634615384616 0.03213068181818182 0.039865384615384594
0 0.36719460227272727 0.9064807692307693 0.020838068181818162 0.030807692307692314
0 0.8432670454545456 0.5058750000000001 0.01937499999999998 0.03444230769230763
0 0.07285511363636364 0.5645192307692308 0.022386363636363645 0.02511538461538462
0 0.9620170454545455 0.9651923076923077 0.025028409090909098 0.033346153846153845
0 0.8404545454545456 0.2650192307692306 0.026051136363636408 0.0356923076923077
0 0.8291406249999999 0.8233076923076923 0.0249857954545455 0.030000000000000016
0 0.8635014204545454 0.679326923076923 0.021008522727272674 0.034999999999999976
0 0.8021164772727274 0.708375 0.0210795454545455 0.0321730769230769
0 0.4766761363636364 0.9950192307692308 0.012869318181818185 0.009576923076923078
0 0.7888423295454546 0.39083653846153854 0.01967329545454549 0.0324038461538462
0 0.03104403409090909 0.9211057692307693 0.024389204545454547 0.028211538461538465
0 0.7998082386363637 0.4300288461538462 0.022713068181818032 0.030326923076923043
0 0.8071164772727273 0.9843557692307692 0.02338068181818187 0.030288461538461542
0 0.32030539772727273 0.9670192307692308 0.01700284090909091 0.024
0 0.6759446022727272 0.4439326923076924 0.022457386363636367 0.03240384615384609
0 0.2718323863636364 0.743125 0.03928977272727272 0.033596153846153845
0 0.6283025568181818 0.016221153846153857 0.016548295454545423 0.0324423076923077
0 0.3706747159090909 0.7132884615384616 0.023053977272727257 0.035576923076923075
0 0.009673295454545455 0.4925288461538462 0.019147727272727275 0.025519230769230735
0 0.6533451704545455 0.7733942307692308 0.023735795454545426 0.03671153846153844
0 0.2549857954545454 0.5473076923076923 0.01920454545454547 0.02600000000000002
0 0.36676136363636364 0.6523942307692308 0.019147727272727257 0.0348269230769231
0 0.18953125 0.5672980769230769 0.03309659090909092 0.023596153846153812
0 0.5331676136363637 0.9828173076923077 0.02542613636363641 0.029634615384615384
0 0.5421661931818181 0.4619519230769231 0.02703124999999996 0.0306730769230769
0 0.8563991477272727 0.37977884615384616 0.02299715909090917 0.02698076923076918
0 0.6200923295454546 0.11555769230769242 0.028764204545454544 0.03976923076923078
0 0.7915625 0.3301923076923077 0.02392045454545443 0.031538461538461494
0 0.15313920454545454 0.9457596153846154 0.02622159090909092 0.031519230769230765
0 0.24523437499999998 0.7985384615384615 0.017428977272727287 0.027615384615384615
0 0.6314985795454545 0.41792307692307695 0.019360795454545447 0.028692307692307614
0 0.3954261363636364 0.5626249999999999 0.024261363636363695 0.027557692307692276
0 0.3828125 0.8797788461538462 0.019119318181818234 0.031865384615384615
0 0.39714488636363643 0.5350673076923077 0.026732954545454535 0.030211538461538477
0 0.9331818181818182 0.022653846153846247 0.022073863636363586 0.031538461538461494
0 0.29444602272727277 0.9772692307692308 0.014772727272727281 0.027499999999999997
0 0.4093110795454545 0.8723653846153846 0.01754261363636359 0.012653846153846151
0 0.9717613636363637 0.6978076923076924 0.02556818181818182 0.030923076923076945
0 0.6159659090909091 0.17111538461538467 0.02119318181818184 0.039576923076923044
0 0.32640625 0.9950096153846154 0.021051136363636355 0.009980769230769232
0 0.6091477272727274 0.8218269230769231 0.0279261363636364 0.03676923076923075
0 0.7169389204545454 0.04969230769230759 0.024673295454545382 0.03246153846153845
0 0.18868607954545455 0.29500961538461534 0.019701704545454553 0.026019230769230826
0 0.84265625 0.4296249999999999 0.02119318181818192 0.03032692307692315
0 0.61609375 0.04980769230769222 0.021931818181818177 0.025769230769230836
0 0.83390625 0.7362307692307692 0.02241477272727285 0.02899999999999997
0 0.5591548295454545 0.25693269230769233 0.020099431818181867 0.027211538461538527
0 0.3835227272727273 0.6593461538461538 0.025397727272727266 0.03911538461538462
0 0.5297514204545455 0.17111538461538467 0.02776988636363638 0.025730769230769224
0 0.23622159090909092 0.548701923076923 0.021278409090909077 0.03040384615384616
0 0.6974147727272727 0.8436346153846154 0.021335227272727245 0.027846153846153854
0 0.12139914772727273 0.2859038461538461 0.019701704545454553 0.026038461538461576
0 0.5831818181818181 0.7239326923076923 0.01835227272727267 0.02548076923076923
0 0.524403409090909 0.5485096153846154 0.022812500000000003 0.02721153846153847
0 0.5551420454545455 0.47035576923076927 0.020823863636363592 0.029673076923076937
0 0.6179190340909091 0.7655865384615385 0.02407670454545453 0.03305769230769233
0 0.3683309659090909 0.9595192307692307 0.019218750000000003 0.023999999999999997
0 0.8029616477272729 0.4999807692307693 0.0175994318181818 0.030615384615384645
0 0.6142329545454546 0.008942307692307638 0.01985795454545457 0.017884615384615405
0 0.3062713068181818 0.9935096153846154 0.018480113636363624 0.012980769230769231
0 0.003338068181818181 0.39840384615384616 0.0064772727272727265 0.027923076923076887
0 0.7945667613636364 0.4885673076923077 0.02606534090909078 0.042249999999999996
0 0.24436079545454545 0.04334615384615381 0.02093750000000001 0.026500000000000058
0 0.78890625 0.42265384615384605 0.014829545454545533 0.030346153846153905
0 0.6689772727272728 0.10190384615384618 0.01772727272727267 0.030576923076923033
0 0.011242897727272728 0.4283076923076924 0.022485795454545456 0.031115384615384628
0 0.6901491477272728 0.026846153846153853 0.019446022727272725 0.02465384615384625
0 0.5635369318181819 0.2339230769230769 0.018636363636363642 0.024730769230769258
0 0.08240056818181819 0.439875 0.02642045454545455 0.031442307692307735
0 0.6143252840909091 0.24480769230769228 0.026661931818181793 0.042538461538461546
0 0.6461079545454546 0.30218269230769224 0.020085227272727255 0.022749999999999968
0 0.9087286931818181 0.9871057692307692 0.022599431818181935 0.025788461538461538
0 0.35803267045454545 0.44661538461538464 0.01973011363636362 0.025730769230769224
0 0.696171875 0.9882211538461538 0.02151988636363641 0.023557692307692307
0 0.6770028409090909 0.9888557692307692 0.02803977272727274 0.022288461538461538
0 0.9971164772727273 0.7491057692307692 0.005767045454545377 0.020480769230769216
0 0.8884872159090907 0.6976346153846154 0.026803977272727278 0.031923076923076915
0 0.9856036931818182 0.027221153846153756 0.0214630681818182 0.03236538461538459
0 0.06732954545454546 0.2416538461538461 0.011534090909090905 0.029923076923076927
0 0.2173153409090909 0.6165096153846154 0.02718750000000002 0.030019230769230743
0 0.4152130681818182 0.8556346153846154 0.019573863636363598 0.027538461538461553
0 0.8843252840909092 0.8761346153846153 0.0254119318181818 0.030807692307692314
0 0.28613636363636363 0.9542596153846153 0.01883522727272726 0.03451923076923076
0 0.4382528409090909 0.6480865384615384 0.024517045454545524 0.030826923076923078
0 0.4279971590909091 0.4255961538461539 0.02375000000000004 0.029192307692307597
0 0.24950994318181818 0.19997115384615383 0.02299715909090909 0.03021153846153842
0 0.5159375 0.5292596153846154 0.017159090909090888 0.028557692307692298
0 0.5282883522727272 0.4493365384615384 0.021917613636363645 0.030173076923076917
0 0.5714843749999999 0.9690961538461539 0.02092329545454548 0.032692307692307694
0 0.5408948863636364 0.257423076923077 0.018636363636363642 0.02819230769230774
0 0.008686079545454545 0.8582307692307692 0.01737215909090909 0.02750000000000002
0 0.36009232954545456 0.7787884615384615 0.016718749999999973 0.026576923076923064
0 0.6525 0.04112499999999997 0.0244034090909091 0.027442307692307658
