0 0.8047372159090909 0.32106730769230774 0.029048295454545518 0.02321153846153845
0 0.9101988636363636 0.8969519230769231 0.02065340909090904 0.03205769230769231
0 0.3598792613636364 0.9040192307692307 0.018110795454545494 0.025499999999999995
0 0.31833096590909093 0.873048076923077 0.021718749999999988 0.025942307692307695
0 0.3410724431818182 0.8851634615384616 0.024275568181818186 0.0335576923076923
0 0.19541903409090908 0.948125 0.018650568181818174 0.022480769230769235
0 0.17905539772727275 0.9398269230769231 0.023252840909090914 0.028730769230769226
0 0.13063210227272729 0.945701923076923 0.02044034090909091 0.02940384615384616
0 0.1538849431818182 0.9425865384615385 0.03066761363636362 0.03632692307692307
0 0.067890625 0.8396634615384615 0.02274147727272727 0.035288461538461526
0 0.08911221590909091 0.8510865384615385 0.026321022727272728 0.04290384615384616
0 0.11402698863636364 0.9180288461538462 0.02299715909090909 0.03286538461538462
0 0.90890625 0.8713173076923078 0.02065340909090904 0.03321153846153845
0 0.14034801136363637 0.9164711538461539 0.027599431818181808 0.03390384615384616
0 0.18480823863636367 0.9187211538461538 0.024019886363636358 0.0245576923076923
0 0.1719034090909091 0.9022788461538461 0.023267045454545467 0.03459615384615385
0 0.1931178977272727 0.9031538461538462 0.020696022727272757 0.02388461538461539
0 0.18506392045454545 0.8851634615384616 0.018906250000000003 0.02594230769230768
0 0.20026988636363638 0.9285865384615385 0.022244318181818178 0.033211538461538466
0 0.21943892045454547 0.9235673076923077 0.022230113636363645 0.028711538461538462
0 0.23438210227272727 0.9009134615384615 0.025553977272727287 0.036673076923076926
0 0.24678267045454547 0.9323942307692308 0.025809659090909074 0.035980769230769226
0 0.18985085227272727 0.8545961538461538 0.018167613636363645 0.030076923076923077
0 0.9265482954545454 0.9068653846153846 0.01980113636363628 0.02388461538461539
0 0.2104190340909091 0.8518653846153846 0.027514204545454553 0.0416923076923077
0 0.20512073863636363 0.8918461538461538 0.02600852272727273 0.03484615384615384
0 0.10798295454545456 0.8180096153846154 0.02727272727272728 0.03382692307692308
0 0.09725142045454546 0.8045576923076923 0.022343749999999996 0.029769230769230777
0 0.17012073863636362 0.8606826923076923 0.02413352272727272 0.033634615384615374
0 0.16183948863636363 0.8417692307692308 0.026207386363636367 0.029423076923076944
0 0.3103125 0.7731442307692308 0.018977272727272707 0.021942307692307685
0 0.2987571022727273 0.7565673076923076 0.015866477272727254 0.028942307692307715
0 0.31686079545454543 0.7619326923076923 0.018977272727272745 0.019134615384615417
0 0.3132457386363636 0.7451153846153846 0.023451704545454533 0.02661538461538462
0 0.9261931818181818 0.8877019230769231 0.01883522727272726 0.02221153846153847
0 0.3206534090909091 0.8251923076923077 0.026562500000000024 0.032692307692307694
0 0.3616974431818182 0.8324326923076923 0.023792613636363636 0.03128846153846153
0 0.3863565340909091 0.8102596153846154 0.020014204545454592 0.03175000000000001
0 0.3680752840909091 0.8058173076923076 0.020696022727272757 0.03594230769230769
0 0.3492826704545454 0.7843365384615384 0.021718749999999988 0.03128846153846153
0 0.33134943181818177 0.8072211538461538 0.018977272727272707 0.02567307692307694
0 0.34962357954545453 0.8109519230769231 0.021036931818181823 0.02848076923076921
0 0.3387642045454546 0.8322019230769231 0.02482954545454544 0.032673076923076916
0 0.3275568181818182 0.7808365384615384 0.025170454545454544 0.03175000000000001
0 0.14822443181818182 0.6363365384615385 0.019659090909090893 0.03594230769230769
0 0.9216335227272726 0.8657019230769231 0.01761363636363633 0.026711538461538464
0 0.1646022727272727 0.6370384615384614 0.016562499999999994 0.02988461538461537
0 0.21334517045454546 0.7220384615384615 0.018252840909090903 0.03334615384615385
0 0.19683238636363634 0.7261538461538461 0.019403409090909086 0.03373076923076922
0 0.1900284090909091 0.7436153846153846 0.022017045454545456 0.03019230769230767
0 0.1717755681818182 0.719875 0.023181818181818192 0.034519230769230747
0 0.17003551136363637 0.6828173076923076 0.02433238636363638 0.03413461538461538
0 0.18568181818181817 0.6659519230769231 0.02318181818181817 0.03490384615384617
0 0.1758309659090909 0.64125 0.015639204545454533 0.022346153846153856
0 0.17727982954545454 0.6443749999999999 0.02376420454545453 0.03490384615384617
0 0.19828125 0.6402692307692308 0.024034090909090932 0.03215384615384615
0 0.9287713068181819 0.8630288461538462 0.01973011363636362 0.028788461538461523
0 0.2055255681818182 0.6651730769230769 0.02113636363636363 0.03334615384615385
0 0.19900568181818182 0.6938076923076923 0.02548295454545454 0.03176923076923074
0 0.18741477272727272 0.7096826923076923 0.01622159090909091 0.021173076923076906
0 0.22709517045454544 0.7295480769230769 0.022400568181818157 0.03228846153846152
0 0.005383522727272727 0.49003846153846153 0.010767045454545454 0.03361538461538465
0 0.006960227272727273 0.5748653846153846 0.013920454545454547 0.028653846153846165
0 0.006384943181818182 0.5499903846153846 0.01265625 0.023057692307692324
0 0.009517045454545455 0.5336923076923077 0.01903409090909091 0.026692307692307682
0 0.015845170454545452 0.5161538461538462 0.023224431818181814 0.032807692307692315
0 0.030319602272727272 0.5225384615384616 0.021207386363636362 0.027346153846153843
0 0.9413778409090909 0.8800961538461538 0.02065340909090904 0.03330769230769232
0 0.03335227272727273 0.4947499999999999 0.023892045454545454 0.032807692307692315
0 0.053203125 0.5184423076923077 0.027258522727272725 0.02369230769230768
0 0.04428267045454545 0.49884615384615383 0.01345170454545454 0.025500000000000037
0 0.057748579545454544 0.49678846153846157 0.018167613636363635 0.024153846153846158
0 0.04865767045454546 0.4721923076923077 0.024900568181818187 0.030538461538461528
0 0.06784090909090909 0.4744711538461539 0.020198863636363636 0.028711538461538476
0 0.061115056818181815 0.4530480769230769 0.024900568181818183 0.022326923076923102
0 0.07807528409090908 0.49660576923076927 0.027059659090909086 0.036903846153846204
0 0.015376420454545457 0.4688653846153845 0.02322443181818182 0.032807692307692315
0 0.03041903409090909 0.4592884615384615 0.02262784090909091 0.027884615384615386
0 0.9398508522727272 0.9144230769230769 0.015184659090909169 0.02630769230769232
0 0.026683238636363637 0.43209615384615385 0.018366477272727274 0.030346153846153794
0 0.06535511363636363 0.4305961538461539 0.022613636363636367 0.027884615384615386
0 0.041526988636363636 0.4392019230769231 0.01978693181818182 0.02925000000000007
0 0.0466690340909091 0.4018846153846154 0.025241477272727277 0.035538461538461574
0 0.26598011363636365 0.5950769230769231 0.02323863636363638 0.031115384615384628
0 0.26120738636363633 0.5713173076923077 0.025056818181818204 0.02971153846153844
0 0.28625 0.5849423076923077 0.022982954545454556 0.035307692307692276
0 0.28870738636363635 0.535826923076923 0.024261363636363612 0.034961538461538474
0 0.28160511363636365 0.5615288461538461 0.024545454545454506 0.032519230769230766
0 0.18218749999999997 0.6256826923076924 0.020397727272727272 0.029365384615384633
0 0.9359090909090909 0.9296346153846153 0.01701704545454548 0.029615384615384613
0 0.15171164772727275 0.610298076923077 0.021434659090909077 0.025865384615384648
0 0.17056107954545452 0.609423076923077 0.02350852272727272 0.03042307692307691
0 0.19238636363636363 0.5868653846153846 0.025823863636363645 0.03076923076923077
0 0.138671875 0.5328557692307693 0.01910511363636362 0.03459615384615387
0 0.15610795454545456 0.5412403846153846 0.022982954545454536 0.033903846153846146
0 0.08038352272727273 0.009269230769230696 0.02167613636363636 0.018423076923077
0 0.8148437500000001 0.39374038461538463 0.02363636363636362 0.033903846153846146
0 0.8443039772727274 0.38012499999999994 0.02610795454545454 0.025788461538461586
0 0.8315980113636363 0.36484615384615393 0.022571022727272707 0.02865384615384622
0 0.8208380681818181 0.351 0.022215909090909234 0.034384615384615375
0 0.9252769886363637 0.9452596153846153 0.023082386363636364 0.023019230769230774
0 0.8416548295454547 0.35171153846153846 0.017997159090909032 0.025307692307692357
0 0.773387784090909 0.3951730769230769 0.02328124999999998 0.026269230769230708
0 0.7695099431818181 0.37104807692307695 0.022571022727272707 0.02674999999999994
0 0.7887357954545454 0.365798076923077 0.0179829545454545 0.031519230769230855
0 0.807784090909091 0.36270192307692306 0.02221590909090907 0.034865384615384604
0 0.7989630681818182 0.3416826923076923 0.02363636363636362 0.033903846153846146
0 0.7827130681818182 0.3276634615384615 0.021903409090909032 0.028019230769230755
0 0.9819105113636364 0.3053365384615384 0.025497159090909157 0.028019230769230755
0 0.9724644886363637 0.3199519230769231 0.018593749999999885 0.028019230769230866
0 0.9610653409090908 0.3028942307692307 0.018607954545454577 0.029634615384615322
0 0.8014133522727271 0.30874999999999997 0.018906250000000083 0.019423076923076966
0 0.9389417613636365 0.9600673076923076 0.020042613636363657 0.033711538461538466
0 0.9379616477272728 0.3295 0.025809659090909032 0.03411538461538453
0 0.9205610795454546 0.31406730769230773 0.018593750000000044 0.0324807692307692
0 0.9310582386363637 0.30227884615384615 0.01740056818181818 0.030865384615384527
0 0.9024147727272727 0.30918269230769224 0.02130681818181818 0.030865384615384638
0 0.8307173295454546 0.3321346153846153 0.02370738636363628 0.03126923076923075
0 0.8418181818181819 0.3095961538461539 0.027897727272727255 0.0357307692307692
0 0.8639275568181819 0.31598076923076923 0.023394886363636402 0.03484615384615385
0 0.8169176136363636 0.3015096153846153 0.018210227272727184 0.03190384615384611
0 0.8160227272727273 0.27709615384615394 0.016420454545454467 0.03142307692307687
0 0.7985227272727274 0.2635576923076923 0.02071022727272733 0.03334615384615391
0 0.950028409090909 0.977326923076923 0.02156249999999993 0.030423076923076924
0 0.8320951704545455 0.2879807692307692 0.021434659090909136 0.028038461538461616
0 0.9454829545454545 0.29982692307692305 0.018210227272727184 0.03142307692307687
0 0.8692329545454546 0.26984615384615385 0.025000000000000033 0.031423076923076984
0 0.8285227272727272 0.2601730769230769 0.025000000000000033 0.02757692307692303
0 0.8206605113636364 0.23842307692307696 0.01856534090909082 0.030461538461538415
0 0.838700284090909 0.23478846153846156 0.020355113636363695 0.03288461538461532
0 0.9497727272727274 0.2758846153846155 0.028210227272727293 0.02899999999999997
0 0.011598011363636362 0.20260576923076923 0.023196022727272725 0.025634615384615353
0 0.008920454545454546 0.22340384615384612 0.01784090909090909 0.022730769230769218
0 0.022485795454545453 0.2821442307692308 0.024289772727272726 0.03382692307692303
0 0.95109375 0.9942115384615384 0.021874999999999967 0.011576923076923077
0 0.012308238636363635 0.25749038461538454 0.018224431818181817 0.02901923076923072
0 0.028025568181818183 0.25821153846153844 0.013920454545454543 0.022730769230769218
0 0.03426846590909091 0.2669134615384614 0.017144886363636366 0.020788461538461544
0 0.04392045454545455 0.24902884615384613 0.020710227272727276 0.026596153846153926
0 0.059453125 0.2521730769230769 0.020355113636363643 0.03384615384615389
0 0.04838068181818182 0.2277499999999999 0.02392045454545454 0.021769230769230756
0 0.027883522727272732 0.23349999999999993 0.0225 0.025538461538461597
0 0.05112926136363636 0.13066346153846153 0.02742897727272727 0.03336538461538466
0 0.05509232954545454 0.15894230769230766 0.024644886363636365 0.03192307692307686
0 0.06441761363636364 0.17766346153846158 0.025284090909090905 0.03394230769230765
0 0.9310511363636365 0.9882211538461538 0.02125000000000005 0.023442307692307696
0 0.07374289772727273 0.2372788461538461 0.025071022727272727 0.03713461538461539
0 0.06077414772727272 0.2202980769230769 0.019701704545454543 0.027557692307692387
0 0.05402698863636363 0.20318269230769226 0.021207386363636362 0.03336538461538455
0 0.034957386363636364 0.21232692307692302 0.0225 0.03538461538461545
0 0.022734374999999998 0.1872307692307693 0.025071022727272727 0.033346153846153796
0 0.24640625 0.18381730769230775 0.025198863636363648 0.027288461538461536
0 0.20272017045454546 0.24151923076923087 0.020156249999999997 0.03696153846153841
0 0.2176349431818182 0.24067307692307693 0.020582386363636376 0.029576923076923067
0 0.3896235795454545 0.15169230769230768 0.026036931818181796 0.03696153846153851
0 0.4253196022727273 0.1497019230769231 0.024360795454545423 0.0329807692307693
0 0.9059943181818181 0.9861634615384616 0.027642045454545346 0.027557692307692307
0 0.4070525568181818 0.13320192307692302 0.023934659090909124 0.030711538461538512
0 0.4062073863636364 0.16448076923076915 0.023948863636363574 0.03638461538461542
0 0.2510227272727273 0.1522596153846154 0.034431818181818195 0.043788461538461505
0 0.2614772727272727 0.12240384615384614 0.022926136363636385 0.03207692307692309
0 0.24107244318181814 0.09750000000000003 0.023934659090909083 0.03411538461538463
0 0.24283380681818179 0.056894230769230836 0.022940340909090917 0.03275000000000006
0 0.2506392045454545 0.07532692307692301 0.0234375 0.030692307692307654
0 0.5108451704545455 0.4940192307692307 0.018281250000000006 0.02607692307692308
0 0.47973011363636364 0.48632692307692305 0.024204545454545482 0.033423076923076916
0 0.43107954545454547 0.49468269230769235 0.01678977272727272 0.016711538461538458
0 0.9031107954545454 0.958625 0.021874999999999967 0.030826923076923078
0 0.43231534090909096 0.5070576923076924 0.015312500000000041 0.01203846153846152
0 0.4162571022727272 0.4983653846153846 0.01680397727272725 0.022730769230769218
0 0.4236647727272727 0.488 0.017784090909090885 0.015384615384615385
0 0.416015625 0.4742884615384615 0.01728693181818176 0.02407692307692304
0 0.4081107954545455 0.4833076923076923 0.014318181818181876 0.020730769230769178
0 0.39675426136363634 0.49669230769230766 0.021235795454545518 0.03276923076923081
0 0.3895880681818182 0.5210961538461538 0.02568181818181816 0.020076923076923072
0 0.3811860795454546 0.5120673076923077 0.014815340909090919 0.02205769230769225
0 0.37186789772727274 0.49540384615384614 0.02879261363636365 0.034461538461538495
0 0.36993607954545454 0.5193365384615385 0.015213068181818194 0.01971153846153846
0 0.9211860795454547 0.9695192307692307 0.023991477272727255 0.03453846153846153
0 0.3580184659090909 0.5159807692307692 0.019190340909090938 0.02642307692307694
0 0.3709303977272727 0.5354615384615384 0.019190340909090896 0.01880769230769231
0 0.3553764204545455 0.5372596153846154 0.012571022727272759 0.020596153846153806
0 0.3423011363636364 0.52225 0.014886363636363621 0.021038461538461534
0 0.33629261363636365 0.6958076923076923 0.02690340909090909 0.032692307692307694
0 0.46614346590909084 0.6584615384615384 0.026349431818181834 0.03307692307692305
0 0.45859375 0.6904134615384615 0.022784090909090938 0.03382692307692308
0 0.47657670454545453 0.7084423076923076 0.019772727272727296 0.031961538461538416
0 0.49387073863636366 0.7065865384615384 0.01921874999999996 0.03344230769230772
0 0.7637286931818181 0.7411538461538462 0.0230539772727273 0.0356923076923077
0 0.985078125 0.9140961538461538 0.02606534090909078 0.03353846153846153
0 0.7825355113636363 0.7531442307692308 0.022230113636363603 0.028442307692307676
0 0.7829545454545456 0.7266538461538462 0.023607954545454553 0.029000000000000026
0 0.7049786931818182 0.6443269230769231 0.02086647727272727 0.02638461538461538
0 0.7095099431818181 0.6735096153846154 0.023338068181818192 0.034211538461538446
0 0.7206321022727272 0.6541826923076923 0.022514204545454577 0.031211538461538443
0 0.4627272727272727 0.4742884615384615 0.01883522727272726 0.024769230769230762
0 0.44900568181818185 0.4670000000000001 0.019375000000000062 0.026230769230769314
0 0.47160511363636365 0.46117307692307696 0.01829545454545454 0.026230769230769203
0 0.4742897727272727 0.4382211538461539 0.019375000000000062 0.03132692307692301
0 0.43882102272727275 0.5196442307692308 0.018607954545454577 0.027326923076923037
0 0.9903053977272727 0.9366634615384615 0.01938920454545451 0.03132692307692308
0 0.4061292613636363 0.5167692307692309 0.013821022727272673 0.027346153846153843
0 0.42047585227272727 0.5208365384615384 0.017627840909090944 0.028442307692307676
0 0.5093821022727273 0.6320769230769231 0.0254119318181818 0.03188461538461541
0 0.5146732954545455 0.6539326923076924 0.02065340909090912 0.024019230769230734
0 0.5268465909090909 0.6435384615384615 0.017471590909090926 0.03261538461538463
0 0.5436505681818182 0.6383557692307692 0.02460227272727272 0.03582692307692307
0 0.6906534090909091 0.5885384615384616 0.019573863636363677 0.03296153846153849
0 0.7045454545454546 0.5903365384615384 0.016136363636363657 0.027942307692307693
0 0.6813068181818182 0.5512019230769231 0.025255681818181778 0.031211538461538495
0 0.6780113636363636 0.5226634615384615 0.025255681818181778 0.035365384615384646
0 0.9968678977272728 0.9197692307692308 0.0062642045454545 0.02515384615384615
0 0.7057883522727273 0.5330673076923077 0.02370738636363644 0.034173076923076945
0 0.6998579545454546 0.5614615384615385 0.02460227272727272 0.032692307692307694
0 0.7185227272727274 0.5800384615384615 0.024147727272727352 0.034192307692307695
0 0.7223721590909091 0.5500096153846155 0.02744318181818189 0.03417307692307689
0 0.7371946022727273 0.5315769230769232 0.026349431818181834 0.034192307692307695
0 0.3145241477272727 0.5582211538461539 0.023366477272727296 0.036211538461538434
0 0.34665482954545457 0.5596730769230769 0.01813920454545456 0.03246153846153845
0 0.3345099431818182 0.5430288461538462 0.023366477272727258 0.024134615384615407
0 0.33357954545454543 0.566125 0.017215909090909098 0.02540384615384617
0 0.45931818181818185 0.44771153846153844 0.013522727272727247 0.02746153846153841
0 0.7828622159090909 0.28055769230769223 0.020298295454545402 0.032230769230769216
0 0.9450639204545456 0.8434230769230769 0.024190340909091033 0.03411538461538463
0 0.45409801136363637 0.4364807692307693 0.023366477272727337 0.029961538461538432
0 0.4491761363636364 0.49224038461538466 0.022130681818181796 0.02913461538461545
0 0.4295028409090909 0.4672788461538462 0.020909090909090947 0.02748076923076927
0 0.39608664772727276 0.46653846153846157 0.021690340909090965 0.02761538461538453
0 0.40345880681818175 0.45434615384615384 0.01649147727272721 0.027884615384615386
0 0.41950994318181817 0.4522980769230769 0.018650568181818174 0.030250000000000034
0 0.6513991477272727 0.51675 0.02734375 0.03288461538461532
0 0.6477130681818182 0.4904711538461538 0.0234375 0.026134615384615336
0 0.647059659090909 0.4732884615384616 0.022556818181818258 0.02819230769230774
0 0.6196590909090909 0.5084903846153845 0.016079545454545444 0.03355769230769229
0 0.9581676136363636 0.8925480769230769 0.029744318181818098 0.03821153846153847
0 0.6343536931818182 0.5020673076923077 0.01850852272727277 0.032326923076923024
0 0.62953125 0.5295288461538462 0.024176136363636337 0.030865384615384583
0 0.5993039772727272 0.5338750000000001 0.024943181818181823 0.03128846153846156
0 0.6020596590909091 0.5095288461538461 0.022499999999999964 0.03148076923076924
0 0.5399928977272727 0.42736538461538465 0.021747159090909095 0.0279615384615385
0 0.5309659090909091 0.406326923076923 0.02204545454545452 0.029423076923076944
0 0.40492897727272725 0.3155576923076924 0.023096590909090896 0.03411538461538453
0 0.4164772727272727 0.33161538461538465 0.020994318181818142 0.03696153846153851
0 0.4302769886363636 0.3632884615384615 0.02279829545454547 0.036153846153846175
0 0.4368821022727273 0.3330288461538462 0.021008522727272674 0.0324807692307692
0 0.8862144886363637 0.4265961538461538 0.022968750000000104 0.03534615384615384
0 0.44782670454545453 0.3492692307692308 0.02130681818181818 0.033307692307692295
0 0.45578125 0.3622788461538461 0.020994318181818142 0.0300576923076923
0 0.5139772727272728 0.34744230769230766 0.026392045454545432 0.036153846153846175
0 0.4748295454545454 0.36795192307692304 0.024886363636363693 0.03655769230769229
0 0.42593039772727276 0.41201923076923075 0.019502840909090935 0.03696153846153851
0 0.44558238636363634 0.40999038461538473 0.021590909090909157 0.034519230769230747
0 0.4638778409090909 0.4122307692307693 0.020994318181818142 0.02842307692307687
0 0.4928267045454545 0.43172115384615384 0.01829545454545454 0.025980769230769214
0 0.48412642045454546 0.4142596153846153 0.021292613636363648 0.028442307692307732
0 0.5073792613636363 0.44654807692307685 0.021008522727272674 0.024788461538461513
0 0.87890625 0.4287115384615384 0.01392045454545448 0.020730769230769178
0 0.51203125 0.4280673076923077 0.02369318181818183 0.030057692307692407
0 0.5399289772727273 0.5027980769230769 0.019488636363636402 0.030057692307692355
0 0.5223721590909091 0.5101057692307692 0.025198863636363648 0.03167307692307698
0 0.4944815340909091 0.4993461538461539 0.023394886363636402 0.028846153846153792
0 0.4664275568181818 0.49995192307692315 0.0218892045454545 0.03167307692307692
0 0.4566832386363636 0.517423076923077 0.02160511363636369 0.02842307692307687
0 0.44707386363636364 0.5358942307692307 0.01980113636363636 0.028019230769230755
0 0.4286292613636364 0.5436153846153846 0.025497159090909157 0.03126923076923075
0 0.42428267045454543 0.5789519230769231 0.023991477272727255 0.03613461538461537
0 0.4626846590909091 0.5984519230769231 0.02460227272727272 0.033711538461538466
0 0.8324431818181818 0.4289519230769231 0.021931818181818098 0.02686538461538467
0 0.47393465909090904 0.5444326923076923 0.023096590909090896 0.032903846153846124
0 0.48937499999999995 0.564125 0.02579545454545458 0.03655769230769229
0 0.47588068181818177 0.5821923076923077 0.01980113636363636 0.030461538461538467
0 0.46147727272727274 0.5665673076923077 0.020994318181818142 0.035750000000000004
0 0.44183238636363636 0.5677884615384615 0.02130681818181818 0.03492307692307697
0 0.3669815340909091 0.5586442307692308 0.023991477272727293 0.0312884615384615
0 0.008004261363636363 0.8760384615384615 0.016008522727272725 0.02830769230769229
0 0.03906960227272727 0.8510673076923077 0.023366477272727268 0.02998076923076921
0 0.014012784090909088 0.9126634615384616 0.019360795454545453 0.03078846153846155
0 0.05781960227272727 0.9378461538461539 0.019673295454545457 0.021230769230769237
0 0.8465340909090909 0.4409615384615384 0.0222727272727272 0.030153846153846166
0 0.01924005681818182 0.9517884615384615 0.02612215909090909 0.018307692307692306
0 0.011711647727272727 0.9363846153846154 0.019673295454545454 0.02080769230769231
0 0.029545454545454545 0.9430384615384615 0.019062500000000003 0.02330769230769231
0 0.026931818181818182 0.9184903846153846 0.020596590909090908 0.02663461538461539
0 0.028323863636363633 0.8221923076923077 0.024943181818181816 0.02584615384615387
0 0.02767045454545454 0.7979615384615384 0.023210227272727268 0.02553846153846154
0 0.6545738636363636 0.8459903846153846 0.01974431818181815 0.028750000000000005
0 0.6908806818181819 0.9017692307692308 0.019403409090909044 0.02865384615384615
0 0.7870099431818183 0.8332403846153846 0.026093750000000006 0.04155769230769231
0 0.7663778409090909 0.846375 0.03210227272727276 0.033442307692307695
0 0.8793892045454544 0.5091153846153846 0.02210227272727281 0.030269230769230788
0 0.766015625 0.8449423076923077 0.013764204545454623 0.021961538461538466
0 0.7591335227272729 0.8594999999999999 0.021874999999999967 0.03103846153846154
0 0.70375 0.8747884615384616 0.016221590909090852 0.026269230769230763
0 0.6887571022727272 0.8704903846153846 0.017997159090909112 0.032019230769230765
0 0.6764133522727273 0.8614134615384615 0.02504261363636363 0.028173076923076933
0 0.6321306818181818 0.9311538461538462 0.021875000000000047 0.031038461538461532
0 0.6298366477272727 0.9060769230769231 0.016576704545454568 0.02865384615384615
0 0.6208451704545456 0.917298076923077 0.016946022727272737 0.031057692307692304
0 0.6190838068181819 0.8912692307692308 0.01904829545454549 0.02580769230769231
0 0.6263139204545455 0.872875 0.020099431818181787 0.02244230769230768
0 0.8583948863636363 0.4986442307692307 0.024801136363636254 0.02725000000000003
0 0.634950284090909 0.8817211538461538 0.014815340909090919 0.026749999999999993
0 0.6855752840909091 0.91825 0.02151988636363641 0.032
0 0.65171875 0.8275096153846154 0.02434659090909089 0.023403846153846157
0 0.7265056818181818 0.8647596153846153 0.02011363636363632 0.03582692307692308
0 0.7282670454545456 0.8358557692307692 0.02363636363636362 0.02578846153846153
0 0.6046164772727273 0.9139519230769231 0.023295454545454595 0.02913461538461538
0 0.6005610795454546 0.8879230769230769 0.022230113636363603 0.028653846153846165
0 0.6099076704545454 0.9340192307692308 0.021178977272727228 0.03200000000000001
0 0.6584161931818181 0.9321057692307693 0.02856534090909085 0.03105769230769231
0 0.9963494318181819 0.6413461538461538 0.007301136363636344 0.02961538461538457
0 0.8974431818181817 0.47869230769230764 0.023323863636363577 0.029923076923076927
0 0.9524715909090908 0.6353653846153846 0.017642045454545396 0.02434615384615384
0 0.9905752840909091 0.6059903846153847 0.017627840909091027 0.0315192307692308
0 0.9894673295454546 0.5802019230769231 0.021065340909090968 0.027711538461538454
0 0.8736363636363635 0.3637403846153846 0.017642045454545396 0.023019230769230712
0 0.8864630681818181 0.3587403846153846 0.020994318181818305 0.03317307692307692
0 0.9062357954545455 0.36987499999999995 0.018551136363636287 0.03078846153846152
0 0.9002840909090909 0.35850000000000004 0.01926136363636372 0.032692307692307694
0 0.9057102272727273 0.3388461538461538 0.025909090909090923 0.03411538461538463
0 0.8799857954545455 0.34145192307692296 0.01926136363636356 0.02605769230769233
0 0.8428835227272727 0.40446153846153843 0.02204545454545452 0.035538461538461574
0 0.8881107954545455 0.45641346153846163 0.024318181818181826 0.030596153846153894
0 0.835887784090909 0.4167884615384616 0.012940340909090929 0.01565384615384613
0 0.8231107954545455 0.40612499999999996 0.020994318181818142 0.02936538461538458
0 0.8610866477272728 0.34263461538461526 0.021349431818181778 0.02465384615384614
0 0.8554829545454545 0.3637211538461538 0.019943181818181766 0.03174999999999998
0 0.961200284090909 0.25968269230769225 0.023934659090909124 0.026596153846153815
0 0.9642897727272728 0.23534615384615387 0.025198863636363648 0.029000000000000078
0 0.9088423295454546 0.19918269230769226 0.024190340909091033 0.022173076923076872
0 0.9569815340909091 0.21624038461538475 0.02419034090909087 0.033788461538461524
0 0.980284090909091 0.20499038461538466 0.013352272727272857 0.01944230769230761
0 0.9867116477272727 0.17427884615384615 0.020156250000000077 0.03171153846153848
0 0.7952840909090909 0.2902692307692307 0.01434659090909078 0.02699999999999993
0 0.87890625 0.47786538461538464 0.01718749999999987 0.028923076923076853
0 0.997762784090909 0.17581730769230774 0.004474431818181786 0.024557692307692273
0 0.9919673295454546 0.15039423076923075 0.01606534090909083 0.0324038461538462
0 0.3524502840909091 0.364 0.01953125 0.024730769230769147
0 0.7725639204545455 0.34843269230769236 0.021747159090909015 0.0277115384615384
0 0.761221590909091 0.33670192307692315 0.026136363636363603 0.029865384615384672
0 0.7492471590909091 0.3175096153846154 0.024261363636363695 0.029865384615384672
0 0.7683096590909091 0.2923461538461538 0.016392045454545402 0.028153846153846127
0 0.7512997159090908 0.2887211538461538 0.022059659090909053 0.03198076923076922
0 0.7329190340909091 0.2176730769230769 0.021974431818181858 0.027961538461538392
0 0.7383451704545455 0.19618269230769225 0.017997159090909032 0.01863461538461538
0 0.8623224431818183 0.47486538461538463 0.021860795454545435 0.030923076923077
0 0.734112215909091 0.18345192307692304 0.022230113636363603 0.0211346153846154
0 0.7206392045454546 0.20344230769230776 0.020198863636363674 0.032230769230769216
0 0.686875 0.22633653846153856 0.024857954545454544 0.0318653846153846
0 0.9927130681818181 0.09296153846153854 0.014545454545454558 0.02642307692307683
0 0.9899005681818182 0.06564423076923076 0.020198863636363674 0.03290384615384618
0 0.9156321022727273 0.17675000000000007 0.026463068181818174 0.033423076923076916
0 0.9018750000000001 0.15740384615384617 0.019403409090909044 0.024346153846153896
0 0.954268465909091 0.1480865384615384 0.02328124999999998 0.031519230769230744
0 0.9711931818181818 0.16361538461538472 0.025397727272727266 0.02819230769230774
0 0.9745525568181819 0.13805769230769227 0.022230113636363603 0.023884615384615414
0 0.8576562499999999 0.45608653846153835 0.020880681818181722 0.026596153846153815
0 0.9743750000000001 0.09579807692307696 0.025397727272727266 0.034865384615384604
0 0.9539133522727273 0.0986634615384615 0.026803977272727278 0.030096153846153804
0 0.9585014204545456 0.06928846153846147 0.028224431818181826 0.035346153846153944
0 0.9720738636363635 0.031076923076923002 0.02363636363636362 0.02865384615384622
0 0.9703124999999999 0.053048076923077 0.02363636363636362 0.025788461538461586
0 0.8565411931818183 0.017221153846153858 0.028224431818181826 0.02959615384615382
0 0.8482457386363635 0.0033653846153846034 0.01657670454545449 0.006692307692307727
0 0.8660653409090909 0.004798076923076877 0.01974431818181815 0.00955769230769236
0 0.8994105113636363 0.12301923076923083 0.025752840909090902 0.03580769230769221
0 0.9629119318181818 0.12373076923076931 0.02011363636363648 0.02769230769230776
0 0.8700568181818181 0.4437884615384615 0.02357954545454549 0.029923076923076927
0 0.9463210227272728 0.12039423076923084 0.02363636363636362 0.026750000000000048
0 0.9233948863636363 0.12469230769230777 0.02363636363636362 0.039153846153846074
0 0.7466477272727274 0.1674326923076923 0.02786931818181819 0.03582692307692307
0 0.7702840909090909 0.13805769230769238 0.02434659090909089 0.042038461538461566
0 0.75140625 0.143076923076923 0.025397727272727266 0.031038461538461622
0 0.683671875 0.1753173076923077 0.0254119318181818 0.03532692307692309
0 0.6669176136363636 0.1533461538461539 0.019403409090909044 0.024846153846153875
0 0.7002485795454546 0.1552596153846154 0.023281250000000062 0.031519230769230744
0 0.6827840909090909 0.14618269230769232 0.02011363636363632 0.02959615384615382
0 0.663387784090909 0.10463461538461527 0.022230113636363683 0.029615384615384682
0 0.6761079545454546 0.8187980769230769 0.017784090909090885 0.027365384615384625
0 0.6968963068181818 0.12588461538461537 0.026463068181818174 0.03199999999999997
0 0.6877272727272726 0.10582692307692299 0.0236363636363637 0.032000000000000084
0 0.7087144886363637 0.108201923076923 0.019758522727272684 0.034865384615384604
0 0.7258309659090909 0.10391346153846148 0.020099431818181704 0.031057692307692373
0 0.7455894886363637 0.09699038461538467 0.02504261363636363 0.0324807692307692
0 0.7850994318181819 0.0857596153846154 0.026448863636363642 0.03390384615384626
0 0.7194815340909091 0.0754903846153846 0.025752840909090982 0.03344230769230767
0 0.6976065340909091 0.07071153846153844 0.02080965909090906 0.034384615384615375
0 0.6790838068181818 0.06737499999999996 0.019048295454545408 0.031519230769230855
0 0.6669105113636363 0.07835576923076926 0.022940340909090876 0.0277115384615384
0 0.67328125 0.8415192307692307 0.021846590909090902 0.028999999999999998
0 0.6550923295454546 0.0633173076923077 0.024701704545454527 0.033903846153846146
0 0.6314630681818182 0.05399999999999994 0.021874999999999967 0.03246153846153845
0 0.6256321022727273 0.015548076923077025 0.02504261363636363 0.02913461538461545
0 0.6030539772727272 0.005278846153846217 0.018693181818181772 0.010519230769230822
0 0.62140625 0.004317307692307648 0.019403409090909127 0.0085961538461539
0 0.6459161931818183 0.04588461538461541 0.01904829545454549 0.030576923076923033
0 0.639921875 0.029403846153846058 0.019048295454545408 0.02723076923076928
0 0.6584446022727273 0.032990384615384616 0.02080965909090906 0.03248076923076931
0 0.6632102272727273 0.014105769230769338 0.022585227272727323 0.028211538461538493
0 0.6527982954545455 0.0064615384615385185 0.02011363636363632 0.012923076923076976
0 0.7561647727272726 0.8833942307692307 0.02264204545454537 0.02517307692307693
0 0.6990198863636364 0.020807692307692305 0.02434659090909089 0.033923076923076896
0 0.675205965909091 0.00335576923076919 0.01904829545454549 0.006711538461538479
0 0.6903764204545454 0.00335576923076919 0.014815340909090919 0.006711538461538479
0 0.7087144886363637 0.007182692307692307 0.02328124999999998 0.014365384615384669
0 0.7143607954545454 0.02916346153846161 0.02610795454545454 0.031519230769230744
0 0.7395880681818183 0.036557692307692236 0.019403409090909044 0.03199999999999997
0 0.7593465909090908 0.040153846153846096 0.02363636363636362 0.03534615384615384
0 0.769580965909091 0.05232692307692299 0.02151988636363633 0.03103846153846151
0 0.7320028409090908 0.005759615384615446 0.01974431818181815 0.011480769230769284
0 0.7522869318181818 0.004548076923076905 0.02011363636363648 0.00909615384615388
0 0.7403977272727272 0.8779230769230769 0.022642045454545533 0.030653846153846163
0 0.7404687499999999 0.012923076923076926 0.016221590909090852 0.01911538461538461
0 0.7533522727272728 0.019605769230769177 0.019403409090909207 0.024826923076923017
0 0.80203125 0.011480769230769239 0.02434659090909105 0.022961538461538457
0 0.7739914772727274 0.01985576923076926 0.02610795454545454 0.03582692307692307
0 0.6888494318181819 0.761875 0.02548295454545454 0.0339423076923077
0 0.7104758522727272 0.727875 0.02038352272727276 0.030557692307692282
0 0.8078835227272727 0.288846153846154 0.015056818181818053 0.02511538461538462
0 0.6965269886363636 0.7249230769230769 0.024502840909090908 0.036461538461538476
0 0.9963068181818181 0.5618461538461539 0.007386363636363701 0.026269230769230763
0 0.9781818181818182 0.5641442307692308 0.027414772727272663 0.029557692307692316
0 0.9709090909090908 0.5858269230769231 0.022556818181818174 0.027576923076923082
0 0.9434943181818182 0.6079903846153847 0.023039772727272766 0.032519230769230814
0 0.9500497159090909 0.5838557692307692 0.024502840909090908 0.032826923076923066
0 0.7406392045454546 0.790201923076923 0.013238636363636435 0.02555769230769229
0 0.7300639204545455 0.7923076923076923 0.012400568181818207 0.027461538461538464
0 0.7235795454545454 0.7896346153846154 0.017471590909090843 0.026692307692307682
0 0.7379616477272727 0.8167211538461538 0.025923295454545456 0.03205769230769231
0 0.7826917613636364 0.3061538461538462 0.021349431818181778 0.02653846153846156
0 0.7128764204545455 0.7861923076923076 0.01973011363636362 0.028999999999999998
0 0.7083664772727273 0.7570192307692307 0.017471590909090843 0.03396153846153848
0 0.7695880681818181 0.9160865384615384 0.023153409090909186 0.025019230769230766
0 0.7700568181818181 0.8903365384615385 0.027499999999999858 0.03240384615384616
0 0.7508025568181819 0.9089519230769231 0.019247159090909186 0.030903846153846153
0 0.7304545454545455 0.9104423076923077 0.02198863636363639 0.032384615384615394
0 0.7058380681818182 0.9914326923076923 0.021732954545454562 0.017134615384615384
0 0.6859019886363636 0.9891923076923077 0.022002840909090923 0.021615384615384616
0 0.6705042613636363 0.9940384615384615 0.020894886363636334 0.011923076923076923
0 0.5841477272727272 0.9191923076923076 0.020909090909090947 0.02903846153846154
0 0.7685156250000001 0.3194134615384616 0.014701704545454579 0.03032692307692315
0 0.5884090909090909 0.8992788461538461 0.020624999999999973 0.028673076923076916
0 0.7079048295454545 0.911 0.0175994318181818 0.02607692307692308
0 0.7215198863636364 0.8927596153846153 0.01786931818181816 0.02532692307692308
0 0.7637286931818181 0.8220096153846154 0.022002840909090923 0.02532692307692308
0 0.777890625 0.8119615384615384 0.025582386363636352 0.03126923076923075
0 0.8056676136363637 0.8318846153846153 0.020625000000000136 0.027923076923076943
0 0.8089772727272727 0.8071153846153847 0.018977272727272745 0.029038461538461527
0 0.8238494318181818 0.8332115384615384 0.020568181818181843 0.029692307692307688
0 0.824921875 0.8040576923076923 0.01921874999999996 0.03126923076923075
0 0.5462855113636365 0.8776153846153846 0.026889204545454556 0.03726923076923076
0 0.9074005681818181 0.9246346153846154 0.0167897727272728 0.026807692307692303
0 0.5644815340909091 0.8722788461538462 0.023991477272727255 0.028326923076923083
0 0.5611008522727272 0.844375 0.022372159090909092 0.029634615384615377
0 0.575752840909091 0.8493942307692308 0.019488636363636323 0.027903846153846137
0 0.21094460227272727 0.9850480769230769 0.02339488636363636 0.029903846153846156
0 0.31723721590909093 0.9896538461538461 0.025923295454545456 0.02069230769230769
0 0.22874999999999998 0.9639807692307693 0.024573863636363654 0.031538461538461536
0 0.2165909090909091 0.9473461538461538 0.01732954545454548 0.024153846153846144
0 0.19046164772727273 0.9659038461538462 0.02612215909090909 0.026269230769230767
0 0.1623934659090909 0.967125 0.0263778409090909 0.03501923076923077
0 0.2329403409090909 0.939076923076923 0.01701704545454544 0.029923076923076927
0 0.9211718750000002 0.929298076923077 0.019360795454545447 0.027980769230769233
0 0.3501065340909091 0.9530576923076923 0.023906249999999976 0.023538461538461543
0 0.36133522727272727 0.9479038461538462 0.02173295454545452 0.026000000000000006
0 0.36965909090909094 0.9270673076923077 0.023181818181818133 0.02351923076923077
0 0.353359375 0.9251057692307693 0.013764204545454583 0.02351923076923078
0 0.3408664772727273 0.9309903846153846 0.02065340909090912 0.02255769230769231
0 0.34448863636363636 0.9116153846153846 0.01701704545454544 0.02107692307692308
0 0.3336221590909091 0.9106346153846154 0.01701704545454548 0.028923076923076923
0 0.3245667613636364 0.9003461538461539 0.016292613636363636 0.027961538461538475
0 0.3117116477272727 0.8880865384615385 0.023906250000000018 0.03286538461538461
0 0.37454545454545457 0.9160288461538462 0.0199147727272727 0.02598076923076924
