0 0.20679687499999996 0.6476249999999999 0.019758522727272722 0.021211538461538462
0 0.010170454545454545 0.07627884615384606 0.02034090909090909 0.033288461538461545
0 0.5573224431818182 0.3456538461538462 0.027428977272727275 0.03711538461538464
0 0.06843039772727272 0.22950961538461545 0.018593749999999996 0.028519230769230738
0 0.9324928977272726 0.6414519230769231 0.02396306818181819 0.028519230769230793
0 0.556065340909091 0.37578846153846157 0.015596590909090853 0.017538461538461548
0 0.008323863636363636 0.699875 0.016647727272727272 0.02863461538461536
0 0.6187784090909091 0.2604326923076923 0.022130681818181876 0.02951923076923081
0 0.27019886363636364 0.43025961538461543 0.022301136363636346 0.03409615384615388
0 0.11634232954545455 0.74675 0.01941761363636364 0.02180769230769234
0 0.10271306818181819 0.9256923076923077 0.026022727272727274 0.035230769230769225
0 0.9459161931818181 0.5279519230769231 0.022713068181818195 0.027403846153846154
0 0.8472017045454546 0.6146153846153846 0.01857954545454551 0.022923076923076952
0 0.5185014204545454 0.48231730769230774 0.021150568181818243 0.02863461538461536
0 0.4264701704545455 0.5344326923076923 0.01552556818181819 0.021903846153846128
0 0.6310085227272727 0.027817307692307724 0.023267045454545447 0.026480769230769197
0 0.9394815340909091 0.7481057692307692 0.015639204545454533 0.024326923076923086
0 0.2307528409090909 0.08747115384615389 0.026022727272727305 0.028519230769230738
0 0.4021875 0.05375961538461549 0.018494318181818157 0.02324999999999995
0 0.7495170454545454 0.1983076923076923 0.01818181818181812 0.023500000000000052
0 0.5674005681818183 0.6205480769230769 0.025113636363636373 0.03578846153846157
0 0.5284090909090909 0.12064423076923081 0.017840909090909015 0.020134615384615438
0 0.04220170454545455 0.6925192307692307 0.020653409090909083 0.02403846153846154
0 0.23157670454545454 0.11208653846153838 0.024375000000000036 0.03074999999999991
0 0.675546875 0.3998173076923076 0.012428977272727272 0.02182692307692301
0 0.007791193181818182 0.6733942307692309 0.015582386363636364 0.02505769230769231
0 0.8913920454545454 0.6132307692307692 0.01775568181818182 0.029076923076923087
0 0.2305965909090909 0.5228461538461538 0.019062500000000024 0.02546153846153848
0 0.05789772727272728 0.688875 0.01900568181818182 0.02571153846153847
0 0.03291193181818182 0.7101249999999999 0.026022727272727274 0.033557692307692344
0 0.8441051136363636 0.6501346153846154 0.02312499999999996 0.027961538461538447
0 0.3205752840909091 0.978423076923077 0.021803977272727305 0.025038461538461537
0 0.6887642045454545 0.40483653846153844 0.017187500000000033 0.025403846153846114
0 0.8393536931818182 0.6269230769230769 0.020241477272727272 0.02403846153846154
0 0.7363210227272727 0.6077019230769231 0.01718749999999987 0.021634615384615384
0 0.6854545454545454 0.38156730769230773 0.016392045454545402 0.02040384615384618
0 0.6888920454545455 0.4717596153846154 0.01744318181818186 0.026134615384615447
0 0.037656249999999995 0.6715480769230768 0.020653409090909094 0.02459615384615383
0 0.7013210227272727 0.017971153846153887 0.023267045454545447 0.03113461538461538
0 0.5272514204545454 0.7735384615384615 0.022144886363636408 0.030423076923076938
0 0.6763423295454545 0.36260576923076915 0.016661931818181843 0.026826923076923054
0 0.6719815340909091 0.4529711538461537 0.019559659090909065 0.0193269230769231
0 0.7453835227272727 0.22431730769230762 0.02147727272727257 0.030750000000000017
0 0.3215625 0.8117884615384615 0.017840909090909095 0.02550000000000001
0 0.42845170454545456 0.5125192307692308 0.01684659090909093 0.021923076923076934
0 0.6642258522727272 0.9872307692307692 0.021065340909090888 0.025538461538461538
0 0.8630965909090907 0.958798076923077 0.021477272727272734 0.03132692307692308
0 0.4003693181818182 0.31053846153846154 0.01883522727272726 0.024153846153846158
0 0.5553977272727273 0.4221346153846154 0.017443181818181778 0.027923076923076887
0 0.5416264204545455 0.1327115384615385 0.0171732954545455 0.02549999999999998
0 0.09342329545454547 0.7397692307692307 0.022301136363636367 0.03019230769230767
0 0.703700284090909 0.20799999999999996 0.017457386363636394 0.02899999999999997
0 0.6410866477272728 0.23850961538461535 0.01850852272727269 0.025057692307692364
0 0.44266335227272724 0.5319711538461538 0.017514204545454524 0.02324999999999995
0 0.6875710227272728 0.20245192307692306 0.019034090909090876 0.03148076923076924
0 0.5280752840909091 0.17722115384615378 0.01916193181818183 0.028634615384615467
0 0.625390625 0.9448653846153846 0.02214488636363633 0.030423076923076917
0 0.3656747159090909 0.3170192307692308 0.01686079545454546 0.022807692307692223
0 0.6718465909090909 0.4717596153846154 0.01664772727272723 0.021826923076923122
0 0.3752627840909091 0.3069615384615385 0.017514204545454604 0.027730769230769153
0 0.361875 0.9034903846153846 0.024460227272727272 0.0335576923076923
0 0.38038352272727266 0.1705096153846153 0.020482954545454568 0.029519230769230704
0 0.5794602272727273 0.2973365384615385 0.019488636363636402 0.026403846153846187
0 0.4449715909090909 0.5098269230769231 0.016193181818181787 0.02192307692307688
0 0.46710937500000005 0.5006538461538462 0.020156249999999997 0.024153846153846158
0 0.5827698863636364 0.5125096153846154 0.021477272727272734 0.029980769230769293
0 0.6528125 0.38568269230769237 0.015056818181818215 0.025057692307692257
0 0.7588281249999999 0.836 0.020156249999999917 0.024615384615384636
0 0.9621803977272727 0.521798076923077 0.020298295454545402 0.0294807692307692
0 0.07999289772727272 0.9917788461538461 0.021065340909090905 0.016442307692307694
0 0.6217542613636364 0.3901634615384615 0.018167613636363666 0.025057692307692257
0 0.43539772727272724 0.49730769230769234 0.01883522727272726 0.02192307692307699
0 0.1349289772727273 0.7562596153846154 0.018579545454545453 0.027403846153846154
0 0.4629829545454545 0.48253846153846147 0.02048295454545449 0.02638461538461533
0 0.8818963068181819 0.9540480769230769 0.020241477272727272 0.03075
0 0.41473721590909096 0.08708653846153847 0.01916193181818183 0.029096153846153838
0 0.3339488636363636 0.9620961538461539 0.01883522727272726 0.03176923076923077
0 0.44514204545454544 0.2217403846153846 0.018494318181818157 0.02371153846153854
0 0.6680184659090909 0.38514423076923077 0.01691761363636367 0.02040384615384607
0 0.11758522727272727 0.7668846153846154 0.019403409090909086 0.02515384615384615
0 0.6620667613636364 0.40554807692307693 0.019303977272727237 0.021826923076923122
0 0.8197301136363635 0.9613173076923077 0.021477272727272734 0.03075
0 0.524112215909091 0.10766346153846151 0.021803977272727225 0.027288461538461536
0 0.2545028409090909 0.43780769230769234 0.02065340909090908 0.029076923076923087
0 0.3152840909090909 0.9598557692307692 0.018494318181818195 0.021903846153846156
0 0.9317471590909091 0.9896923076923076 0.019289772727272784 0.020615384615384615
0 0.19234375 0.23286538461538464 0.024375000000000015 0.03300000000000005
0 0.3883096590909091 0.30135576923076934 0.015198863636363701 0.027288461538461536
0 0.6939204545454545 0.36296153846153845 0.01744318181818186 0.02899999999999997
0 0.904609375 0.4004519230769231 0.017769886363636352 0.025173076923076874
0 0.7608806818181818 0.2086538461538462 0.015284090909090896 0.026269230769230708
0 0.7173011363636363 0.37332692307692306 0.021477272727272654 0.03019230769230778
0 0.47917613636363643 0.5165384615384615 0.021818181818181757 0.029961538461538432
0 0.701455965909091 0.3898076923076924 0.018764204545454518 0.026115384615384585
0 0.39640625 0.6990480769230769 0.021477272727272734 0.030865384615384638
0 0.7206605113636364 0.059855769230769185 0.023792613636363636 0.03174999999999998
0 0.6082102272727273 0.30963461538461534 0.01883522727272726 0.02773076923076926
0 0.526924715909091 0.1414423076923077 0.018167613636363666 0.023269230769230813
0 0.6561150568181818 0.24360576923076926 0.017968750000000047 0.026480769230769197
0 0.5343536931818181 0.9442019230769231 0.021150568181818163 0.028173076923076926
0 0.39888494318181816 0.07523076923076921 0.01850852272727269 0.026846153846153915
0 0.5419531249999999 0.1671538461538462 0.01916193181818175 0.032653846153846186
0 0.14546164772727274 0.7417211538461539 0.012400568181818167 0.021826923076923067
0 0.32519886363636363 0.5214615384615384 0.021818181818181837 0.029961538461538432
