0 0.5319957386363636 0.4920769230769231 0.03126420454545453 0.033115384615384665
0 0.0353125 0.19955769230769227 0.02707386363636364 0.039653846153846165
0 0.8320099431818181 0.8504326923076924 0.0534801136363636 0.08374999999999999
0 0.14086647727272728 0.24530769230769234 0.026732954545454535 0.03003846153846155
0 0.842940340909091 0.8989134615384615 0.0362784090909092 0.06736538461538462
0 0.8587499999999999 0.9124423076923077 0.0362784090909092 0.09192307692307694
0 0.8240696022727273 0.5269038461538462 0.04225852272727273 0.028076923076923065
0 0.35060369318181817 0.1949519230769231 0.026576704545454556 0.029903846153846066
0 0.33299005681818183 0.1535288461538462 0.08447443181818186 0.06505769230769227
0 0.7912571022727274 0.5169519230769231 0.048025568181818266 0.07355769230769231
0 0.06842329545454545 0.7864519230769231 0.035767045454545454 0.051480769230769254
0 0.4304190340909091 0.4405769230769231 0.031548295454545426 0.03473076923076923
0 0.30821732954545455 0.2662788461538462 0.05103693181818179 0.06748076923076918
0 0.09394176136363637 0.26901923076923073 0.07404829545454546 0.06515384615384615
0 0.9229403409090909 0.9023653846153846 0.05394886363636366 0.049115384615384616
0 0.7791832386363637 0.4979326923076923 0.037002840909091006 0.06609615384615386
0 0.3515056818181818 0.10403846153846164 0.06417613636363638 0.06465384615384616
0 0.49189630681818175 0.45435576923076926 0.0341903409090909 0.06148076923076928
0 0.7827272727272727 0.45814423076923083 0.04198863636363645 0.06467307692307692
0 0.7545312500000001 0.33170192307692314 0.06698863636363632 0.09486538461538459
0 0.6273579545454545 0.27265384615384614 0.04130681818181816 0.10196153846153853
0 0.38627130681818184 0.1345384615384615 0.02328124999999998 0.03030769230769229
0 0.5206605113636363 0.8345384615384616 0.039389204545454574 0.055000000000000014
0 0.08475852272727273 0.9650384615384615 0.09207386363636362 0.06992307692307692
0 0.9923011363636363 0.2915961538461538 0.015397727272727318 0.05930769230769237
0 0.9859801136363636 0.3311923076923078 0.02803977272727274 0.05969230769230773
0 0.38209517045454544 0.17071153846153841 0.03759943181818186 0.06626923076923073
0 0.4948082386363637 0.7543269230769231 0.055383522727272656 0.0637307692307692
0 0.9556463068181817 0.34432692307692303 0.044389204545454544 0.05730769230769233
0 0.14848011363636363 0.6187884615384616 0.05147727272727274 0.06969230769230765
0 0.9717258522727273 0.3815384615384615 0.05654829545454538 0.051346153846153826
0 0.5192755681818182 0.7664134615384616 0.03539772727272721 0.03790384615384614
0 0.981015625 0.013221153846153855 0.03796875000000002 0.026442307692307692
0 0.9824928977272727 0.03863461538461532 0.035014204545454515 0.06653846153846159
0 0.5023650568181819 0.5381826923076923 0.028593749999999994 0.04071153846153844
0 0.9847656250000001 0.18635576923076913 0.02365056818181815 0.05548076923076917
0 0.08975142045454546 0.8230961538461539 0.05592329545454546 0.04461538461538462
0 0.3586647727272727 0.1749519230769231 0.02178977272727273 0.0294807692307692
0 0.19326704545454546 0.21780769230769226 0.06255681818181819 0.13426923076923075
0 0.4686363636363636 0.930826923076923 0.04409090909090912 0.08438461538461538
0 0.3300284090909091 0.98625 0.07340909090909092 0.0275
0 0.6208948863636364 0.08280769230769236 0.02488636363636361 0.04492307692307695
0 0.9931747159090908 0.1667115384615384 0.013650568181818201 0.07365384615384607
0 0.9604971590909092 0.1577980769230769 0.05366477272727285 0.03532692307692309
0 0.9606178977272727 0.19065384615384617 0.05194602272727264 0.04492307692307695
0 0.45045454545454544 0.651625 0.07102272727272728 0.08940384615384617
0 0.8824786931818184 0.15609615384615372 0.03072443181818181 0.03996153846153852
0 0.8745951704545454 0.11850961538461535 0.03421875000000005 0.07128846153846163
0 0.8753551136363636 0.6796057692307692 0.056221590909090804 0.05609615384615382
0 0.8801278409090909 0.10797115384615386 0.03954545454545443 0.057980769230769294
0 0.9031747159090909 0.172048076923077 0.030326704545454577 0.07628846153846157
0 0.9105468750000001 0.11434615384615388 0.022940340909090876 0.05353846153846149
0 0.7854545454545455 0.11779807692307687 0.06982954545454541 0.08028846153846154
0 0.15249289772727273 0.17564423076923075 0.056946022727272734 0.07094230769230767
0 0.7848508522727274 0.1612307692307693 0.03461647727272728 0.04988461538461538
0 0.7525710227272726 0.14205769230769227 0.038863636363636385 0.06357692307692309
0 0.013764204545454545 0.9653557692307693 0.026988636363636364 0.04455769230769231
0 0.7637997159090908 0.17026923076923084 0.035411931818181745 0.03726923076923076
0 0.03989346590909091 0.023471153846153947 0.04103693181818182 0.04694230769230774
0 0.6995596590909091 0.07833653846153854 0.028778409090909077 0.038980769230769194
0 0.9733380681818182 0.6063942307692307 0.03681818181818192 0.04640384615384614
0 0.7193465909090909 0.08507692307692305 0.021164772727272695 0.02865384615384611
0 0.7106463068181819 0.056740384615384554 0.03103693181818185 0.03374999999999991
0 0.09477272727272727 0.4818269230769231 0.04457386363636363 0.03946153846153843
0 0.7259375 0.046875 0.03573863636363632 0.03501923076923084
0 0.09728693181818183 0.23824999999999996 0.06522727272727273 0.044884615384615335
0 0.7349857954545456 0.07090384615384615 0.02610795454545454 0.043615384615384625
0 0.3414914772727273 0.8285 0.053522727272727284 0.04661538461538461
0 0.6340269886363636 0.06391346153846156 0.02294034090909096 0.016096153846153854
0 0.5284161931818182 0.07433653846153843 0.031803977272727255 0.04567307692307692
0 0.5513849431818182 0.051942307692307677 0.04240056818181821 0.05480769230769231
0 0.12994318181818182 0.45379807692307694 0.030852272727272725 0.04690384615384624
0 0.5194176136363636 0.036067307692307704 0.03244318181818178 0.034365384615384624
0 0.4901917613636364 0.03432692307692309 0.028593750000000074 0.06742307692307682
0 0.5163707386363636 0.0636826923076923 0.02697443181818183 0.021750000000000005
0 0.48376420454545455 0.06542307692307692 0.029232954545454604 0.028692307692307722
0 0.42522727272727273 0.2454615384615384 0.0820738636363636 0.12365384615384617
0 0.5086647727272727 0.09930769230769232 0.036619318181818225 0.07226923076923074
0 0.31448863636363633 0.24789423076923067 0.04806818181818182 0.05009615384615387
0 0.4803125 0.11242307692307696 0.036846590909090905 0.06811538461538465
0 0.32952414772727273 0.1072884615384615 0.02481534090909091 0.02630769230769232
0 0.44461647727272724 0.07838461538461539 0.07872159090909094 0.1304615384615384
0 0.03472301136363636 0.6808173076923076 0.024502840909090908 0.027365384615384597
0 0.3180823863636364 0.10290384615384618 0.02525568181818182 0.02923076923076921
0 0.00926846590909091 0.29935576923076923 0.01853693181818182 0.07090384615384616
0 0.4699005681818182 0.12848076923076923 0.05397727272727273 0.07450000000000001
0 0.44870028409090906 0.13721153846153855 0.06370738636363639 0.057038461538461586
0 0.9001420454545456 0.8721442307692308 0.06139204545454533 0.051634615384615376
0 0.7053409090909091 0.5872980769230769 0.03414772727272722 0.06255769230769231
0 0.7030042613636364 0.6569615384615385 0.03660511363636369 0.054384615384615385
0 0.4445099431818182 0.8953173076923077 0.05586647727272733 0.06071153846153846
0 0.21396306818181818 0.04391346153846154 0.05463068181818183 0.03944230769230767
0 0.07513494318181818 0.6783461538461539 0.04703125 0.0645769230769231
0 0.7353622159090908 0.5771826923076924 0.045980113636363645 0.053173076923076934
0 0.7141548295454545 0.6994134615384615 0.04464488636363637 0.06617307692307692
0 0.008892045454545455 0.24656730769230772 0.01778409090909091 0.029749999999999943
0 0.08589488636363636 0.6332788461538461 0.03610795454545456 0.07398076923076922
0 0.058565340909090914 0.6274615384615385 0.023181818181818182 0.044384615384615356
0 0.2152698863636364 0.016673076923076846 0.04994318181818181 0.033346153846153796
0 0.1489559659090909 0.4616538461538462 0.04291193181818181 0.0600769230769231
0 0.43307528409090906 0.4657307692307693 0.03921875000000002 0.06426923076923069
0 0.022833806818181816 0.30510576923076915 0.04049715909090909 0.07601923076923083
0 0.24787642045454544 0.1004711538461539 0.060014204545454544 0.056403846153846235
0 0.28765625 0.0580480769230769 0.03431818181818181 0.048788461538461544
0 0.8899147727272727 0.9281923076923076 0.05394886363636366 0.06296153846153847
0 0.03472301136363636 0.6249903846153846 0.029815340909090906 0.03317307692307692
0 0.9770028409090908 0.5101442307692308 0.04599431818181818 0.065826923076923
0 0.9752627840909092 0.5383557692307692 0.049474431818181876 0.06582692307692312
0 0.01122159090909091 0.023471153846153947 0.02244318181818182 0.04694230769230774
0 0.9884588068181818 0.5549807692307692 0.023082386363636364 0.04388461538461537
0 0.30524857954545453 0.09297115384615395 0.018991477272727278 0.047326923076922996
0 0.26762073863636365 0.2798173076923077 0.04924715909090911 0.0484807692307693
0 0.6588565340909092 0.8949711538461539 0.06563920454545452 0.07190384615384615
0 0.9776207386363635 0.5750384615384615 0.03427556818181818 0.03384615384615384
0 0.981747159090909 0.6187692307692307 0.03650568181818188 0.04230769230769231
0 0.5370880681818182 0.014759615384615343 0.03244318181818178 0.029134615384615342
0 0.6406605113636363 0.07906730769230774 0.015213068181818152 0.04117307692307686
0 0.5035227272727273 0.010624999999999996 0.03534090909090908 0.02086538461538455
0 0.7363707386363636 0.6713173076923076 0.04129261363636371 0.04382692307692306
0 0.4427769886363636 0.15913461538461537 0.022372159090909092 0.022461538461538366
0 0.8328551136363636 0.6701346153846154 0.037926136363636266 0.06480769230769229
0 0.5012286931818182 0.7990288461538462 0.022428977272727222 0.029942307692307706
0 0.4792684659090909 0.8180096153846154 0.023366477272727258 0.05525000000000001
0 0.34784801136363636 0.7938942307692307 0.039218749999999976 0.09432692307692304
0 0.5663210227272727 0.014442307692307699 0.030511363636363663 0.02888461538461535
0 0.8340696022727272 0.7061923076923077 0.03981534090909103 0.05973076923076923
0 0.011044034090909092 0.9260673076923077 0.022088068181818184 0.0410576923076923
0 0.8580539772727271 0.8381442307692308 0.02465909090909093 0.05290384615384616
0 0.03113636363636364 0.9323269230769231 0.02625 0.03353846153846153
0 0.9917045454545456 0.6581153846153847 0.01659090909090902 0.050769230769230726
0 0.3356747159090909 0.11620192307692301 0.02504261363636363 0.0330192307692308
0 0.04033380681818182 0.7339038461538461 0.04154829545454546 0.03942307692307692
0 0.83703125 0.6226057692307692 0.04465909090909099 0.07101923076923078
0 0.031321022727272725 0.9022788461538461 0.04732954545454546 0.04655769230769231
0 0.9939701704545455 0.8250384615384615 0.012059659090909104 0.05203846153846154
0 0.9110795454545454 0.8453846153846154 0.052556818181818184 0.06234615384615385
0 0.010561079545454545 0.17974038461538466 0.02112215909090909 0.07567307692307686
0 0.5661363636363637 0.6654903846153846 0.04343750000000006 0.06921153846153848
0 0.289140625 0.6122403846153847 0.042769886363636385 0.0827884615384615
0 0.24092329545454547 0.7203942307692308 0.03866477272727273 0.10471153846153847
0 0.5842755681818181 0.6862884615384616 0.04318181818181815 0.058461538461538474
0 0.162734375 0.8068461538461539 0.03268465909090908 0.04369230769230769
0 0.014438920454545453 0.22403846153846152 0.028877840909090905 0.03753846153846151
0 0.20050426136363636 0.08917307692307697 0.01691761363636367 0.02515384615384623
0 0.7486505681818181 0.62175 0.07164772727272727 0.07584615384615384
0 0.15664772727272727 0.7884326923076923 0.041619318181818195 0.05690384615384616
0 0.03780539772727273 0.7572980769230769 0.04660511363636364 0.04309615384615384
0 0.6410582386363637 0.5586826923076923 0.015809659090909086 0.021596153846153827
0 0.1087002840909091 0.7897211538461538 0.04865056818181819 0.08594230769230769
0 0.6938494318181818 0.6355 0.04375000000000002 0.046538461538461515
0 0.6737571022727272 0.6028653846153846 0.04330965909090911 0.06226923076923076
0 0.6584730113636363 0.5808076923076924 0.03370738636363639 0.061653846153846156
0 0.6879332386363637 0.5536057692307692 0.04666193181818185 0.045942307692307664
0 0.21095170454545453 0.6518365384615384 0.0459090909090909 0.08671153846153846
0 0.7054545454545454 0.5091923076923077 0.03974431818181821 0.09488461538461533
0 0.6458593749999999 0.5037403846153846 0.07856534090909091 0.06648076923076916
0 0.6844744318181818 0.4984615384615384 0.021874999999999967 0.06619230769230766
0 0.2849360795454545 0.3212307692307692 0.0361221590909091 0.042423076923076924
0 0.27658380681818184 0.34325961538461536 0.039701704545454526 0.04282692307692304
0 0.8505823863636363 0.4920769230769231 0.03857954545454541 0.08349999999999998
0 0.9756534090909091 0.7361249999999999 0.04869318181818178 0.08082692307692305
0 0.2472088068181818 0.6415288461538462 0.04254261363636362 0.05040384615384611
0 0.8277414772727273 0.509673076923077 0.03911931818181813 0.041230769230769224
0 0.23269886363636363 0.6665576923076924 0.03480113636363636 0.05400000000000003
0 0.13910511363636366 0.9663653846153846 0.04991477272727273 0.05957692307692307
0 0.1555681818181818 0.2711923076923076 0.0652272727272727 0.03765384615384612
0 0.169140625 0.6379326923076922 0.03867897727272728 0.06021153846153847
0 0.30240056818181815 0.36305769230769236 0.044176136363636355 0.042038461538461566
0 0.13465198863636363 0.8791057692307692 0.029786931818181817 0.06863461538461536
0 0.48285511363636363 0.7716153846153846 0.03801136363636362 0.05357692307692308
0 0.650546875 0.9801538461538462 0.046576704545454574 0.03969230769230769
0 0.8322443181818183 0.8044615384615385 0.04278409090909092 0.08123076923076922
0 0.6997301136363636 0.982375 0.07014204545454537 0.03525
0 0.3281747159090909 0.6145288461538462 0.03964488636363636 0.08932692307692305
0 0.06977982954545454 0.9177980769230769 0.05177556818181817 0.044557692307692305
0 0.5190269886363637 0.5383846153846155 0.0283096590909091 0.03711538461538464
0 0.3876775568181818 0.7619134615384615 0.03521306818181821 0.056942307692307716
0 0.045745738636363636 0.9556057692307692 0.04288352272727272 0.0440576923076923
0 0.8309943181818181 0.9658942307692308 0.02670454545454539 0.04017307692307692
0 0.30061079545454544 0.3083076923076924 0.03164772727272727 0.031115384615384628
0 0.3819460227272727 0.559826923076923 0.03767045454545452 0.058961538461538454
0 0.3809801136363636 0.728173076923077 0.04485795454545456 0.05357692307692308
0 0.12308238636363637 0.2103846153846154 0.07940340909090908 0.044884615384615335
0 0.052265625 0.6626826923076923 0.02649147727272727 0.049480769230769266
0 0.297578125 0.09092307692307688 0.02396306818181819 0.046153846153846156
0 0.26984375 0.08434615384615385 0.03323863636363633 0.07100000000000004
0 0.27379261363636365 0.6884807692307693 0.03383522727272726 0.05400000000000003
0 0.022265624999999997 0.6456634615384615 0.04424715909090909 0.04267307692307692
0 0.9924005681818181 0.5885192307692308 0.015198863636363701 0.0357307692307692
0 0.8580113636363635 0.6329903846153846 0.09252840909090908 0.10998076923076923
0 0.16064630681818182 0.24043269230769226 0.040099431818181805 0.04271153846153842
0 0.8596235795454544 0.7107403846153846 0.04197443181818192 0.05351923076923079
0 0.0927627840909091 0.4435096153846154 0.04098011363636364 0.03890384615384619
0 0.22181818181818186 0.21695192307692313 0.04142045454545454 0.08767307692307698
0 0.43462357954545455 0.94575 0.05205965909090914 0.05557692307692307
0 0.5251207386363637 0.7980673076923077 0.03538352272727268 0.048750000000000016
0 0.4920454545454545 0.8304615384615385 0.027102272727272704 0.048923076923076916
0 0.25602982954545456 0.738548076923077 0.06839488636363637 0.09128846153846154
0 0.6677343750000001 0.9322307692307692 0.057968750000000006 0.07053846153846154
0 0.09566051136363636 0.9878076923076923 0.040468750000000005 0.024384615384615383
0 0.13647017045454543 0.9882692307692308 0.04387784090909091 0.02346153846153846
0 0.4699289772727273 0.4256057692307692 0.04806818181818178 0.047903846153846096
0 0.14737926136363635 0.8800288461538461 0.04796875 0.06678846153846153
0 0.25718039772727275 0.3030576923076924 0.028366477272727272 0.04080769230769225
0 0.37497159090909093 0.5278653846153847 0.04428977272727274 0.10103846153846147
0 0.1859375 0.6465961538461538 0.04713068181818183 0.07426923076923078
0 0.8178977272727272 0.4588461538461539 0.02835227272727262 0.06184615384615389
0 0.8207883522727273 0.5485865384615385 0.06981534090909088 0.03659615384615385
0 0.7695454545454545 0.9686057692307692 0.05764204545454535 0.06278846153846153
0 0.04506392045454546 0.8047788461538461 0.04768465909090909 0.05059615384615385
0 0.46299715909090916 0.46832692307692303 0.03420454545454543 0.036730769230769164
0 0.45710227272727266 0.44617307692307695 0.03420454545454543 0.04111538461538461
0 0.9199147727272727 0.8154807692307693 0.0590624999999999 0.09696153846153846
0 0.31762073863636364 0.32588461538461544 0.0358096590909091 0.1083076923076923
0 0.33373579545454546 0.22344230769230766 0.051335227272727296 0.04969230769230775
0 0.8745667613636363 0.7843076923076924 0.047428977272727255 0.07492307692307688
0 0.07680397727272727 0.7493846153846153 0.035767045454545454 0.05234615384615387
0 0.33762073863636366 0.18243269230769232 0.028650568181818204 0.04040384615384614
0 0.8736363636363635 0.8419230769230769 0.025113636363636293 0.0491153846153846
