0 0.9262286931818182 0.6010865384615385 0.026349431818181914 0.02924999999999996
0 0.06867897727272727 0.09786538461538463 0.030511363636363642 0.03407692307692313
0 0.7418110795454546 0.6062019230769231 0.02515625000000005 0.024442307692307708
0 0.7356889204545454 0.637625 0.025781249999999967 0.054134615384615344
0 0.7066690340909091 0.656826923076923 0.04771306818181815 0.08030769230769234
0 0.650575284090909 0.5721634615384614 0.021917613636363645 0.03840384615384615
0 0.6589630681818182 0.539423076923077 0.033522727272727225 0.05500000000000004
0 0.680234375 0.6585769230769232 0.06705965909090915 0.06284615384615386
0 0.6347798295454545 0.6009615384615384 0.05350852272727275 0.061115384615384565
0 0.6215696022727273 0.5485961538461538 0.05416193181818181 0.06807692307692309
0 0.7460014204545454 0.554701923076923 0.03867897727272722 0.05063461538461541
0 0.5251704545454546 0.6293269230769231 0.031590909090909024 0.04276923076923079
0 0.07783380681818182 0.1133653846153847 0.01830965909090909 0.040269230769230765
0 0.4503835227272727 0.6520288461538462 0.05221590909090908 0.04278846153846154
0 0.4158948863636364 0.7463076923076923 0.029659090909090902 0.037538461538461555
0 0.43523437499999995 0.7519711538461539 0.05157670454545455 0.07332692307692307
0 0.4274928977272728 0.6288942307692307 0.030951704545454574 0.06459615384615386
0 0.3652769886363636 0.695673076923077 0.030298295454545432 0.06896153846153849
0 0.7173082386363636 0.9440096153846154 0.047059659090909006 0.05759615384615385
0 0.6973224431818181 0.917826923076923 0.030298295454545432 0.04888461538461538
0 0.07408380681818182 0.9125769230769231 0.03362215909090909 0.053000000000000005
0 0.08651988636363636 0.958 0.05755681818181819 0.084
0 0.05934659090909091 0.939076923076923 0.03639204545454546 0.052384615384615384
0 0.07402698863636364 0.07360576923076922 0.022883522727272728 0.035096153846153846
0 0.08061789772727272 0.8597403846153846 0.03416193181818183 0.06321153846153847
0 0.10288352272727273 0.8948653846153847 0.03718749999999999 0.05619230769230769
0 0.1346590909090909 0.8802307692307693 0.047982954545454544 0.04096153846153847
0 0.11887784090909091 0.8454134615384615 0.051875 0.052096153846153855
0 0.04884232954545454 0.8638365384615385 0.044957386363636366 0.1334423076923077
0 0.03500710227272728 0.8234615384615385 0.034588068181818185 0.038615384615384614
0 0.013394886363636364 0.8471634615384616 0.026789772727272728 0.0614423076923077
0 0.012102272727272727 0.808826923076923 0.024204545454545454 0.046807692307692314
0 0.04192471590909091 0.8038557692307693 0.030269886363636367 0.03336538461538463
0 0.014914772727272728 0.7839519230769231 0.029829545454545456 0.04155769230769231
0 0.02137784090909091 0.10148076923076921 0.04275568181818182 0.0660769230769231
0 0.03955255681818182 0.7775192307692308 0.030696022727272728 0.04388461538461537
0 0.06526988636363637 0.770201923076923 0.029403409090909084 0.05617307692307691
0 0.03284801136363637 0.7409423076923077 0.05794034090909092 0.03746153846153844
0 0.011235795454545455 0.7456153846153846 0.02247159090909091 0.04565384615384617
0 0.02247159090909091 0.8998365384615384 0.04409090909090909 0.08721153846153848
0 0.31125 0.4617596153846154 0.053607954545454556 0.06671153846153846
0 0.3503764204545455 0.4895673076923077 0.03501420454545456 0.04155769230769234
0 0.31102982954545455 0.41581730769230774 0.0488494318181818 0.07082692307692305
0 0.34669744318181817 0.5115096153846154 0.03632102272727276 0.04098076923076924
0 0.3408664772727273 0.5340384615384615 0.02204545454545452 0.03453846153846155
0 0.041605113636363635 0.03695192307692319 0.020596590909090908 0.05678846153846149
0 0.37004261363636365 0.48487499999999994 0.02247159090909094 0.03921153846153844
0 0.3592400568181819 0.4696634615384616 0.025071022727272737 0.027519230769230775
0 0.38495738636363636 0.4500576923076922 0.04366477272727274 0.03161538461538461
0 0.3938210227272727 0.4840096153846154 0.03545454545454551 0.0526730769230769
0 0.3600994318181818 0.4459615384615384 0.023352272727272763 0.029269230769230714
0 0.3406463068181818 0.4512307692307692 0.02075284090909093 0.04096153846153849
0 0.013657670454545455 0.5904038461538461 0.02731534090909091 0.05126923076923076
0 0.5392897727272726 0.7250192307692307 0.023579545454545405 0.04230769230769231
0 0.5603977272727273 0.7357788461538461 0.026306818181818157 0.046019230769230784
0 0.4238849431818182 0.798875 0.05044034090909089 0.07421153846153844
0 0.054573863636363636 0.016153846153846074 0.029744318181818184 0.03230769230769233
0 0.9808238636363636 0.9582884615384616 0.037755681818181716 0.0773076923076923
0 0.9762144886363636 0.942076923076923 0.0359232954545454 0.043653846153846154
0 0.9799076704545455 0.9062211538461539 0.034076704545454556 0.04051923076923077
0 0.9906392045454546 0.8946923076923077 0.018721590909090837 0.04861538461538463
0 0.2468181818181818 0.8027307692307692 0.09590909090909093 0.09073076923076924
0 0.2839275568181818 0.7803269230769231 0.04683238636363636 0.05715384615384615
0 0.29198863636363637 0.7678557692307693 0.03531250000000002 0.04675000000000001
0 0.32575994318181817 0.7533076923076923 0.03990056818181819 0.04261538461538464
0 0.3161647727272727 0.7382403846153847 0.043749999999999976 0.04363461538461541
0 0.2859161931818182 0.8303173076923077 0.03822443181818181 0.048634615384615366
0 0.08240767045454546 0.16911538461538456 0.036605113636363644 0.03407692307692313
0 0.27003551136363635 0.9035673076923076 0.07092329545454547 0.09290384615384616
0 0.4820028409090909 0.678625 0.03176136363636366 0.06528846153846157
0 0.51640625 0.7407211538461539 0.025284090909090926 0.06367307692307692
0 0.4946448863636364 0.7411153846153846 0.031164772727272725 0.07084615384615382
0 0.4790625 0.7267884615384615 0.03292613636363637 0.06446153846153849
0 0.5296306818181818 0.7554519230769231 0.035284090909090876 0.04378846153846156
0 0.5108167613636364 0.6010096153846154 0.03646306818181821 0.05971153846153848
0 0.599893465909091 0.677826923076923 0.04410511363636365 0.03980769230769229
0 0.5975426136363636 0.7056923076923076 0.027642045454545426 0.017499999999999988
0 0.6225355113636364 0.6471826923076923 0.0635085227272727 0.07244230769230772
0 0.01948863636363636 0.03731730769230768 0.03889204545454545 0.07463461538461538
0 0.5922514204545455 0.7359423076923077 0.03586647727272727 0.046153846153846156
0 0.5828409090909091 0.764201923076923 0.037045454545454604 0.06128846153846155
0 0.4587784090909091 0.5528461538461539 0.07585227272727278 0.06050000000000001
0 0.4543678977272727 0.5019038461538461 0.03762784090909092 0.05573076923076921
0 0.48817471590909095 0.5437019230769231 0.03234374999999998 0.04855769230769231
0 0.4843536931818182 0.5074711538461538 0.028224431818181826 0.03501923076923084
0 0.4837642045454546 0.48041346153846154 0.03880681818181817 0.03501923076923084
0 0.4734801136363637 0.4561346153846155 0.034687500000000024 0.05492307692307693
0 0.9121164772727273 0.36578846153846156 0.0464488636363637 0.0684615384615384
0 0.9368110795454545 0.3172211538461538 0.03234374999999998 0.06686538461538458
0 0.09803977272727273 0.10149038461538462 0.029744318181818177 0.04336538461538464
0 0.6669318181818181 0.5150384615384616 0.0488068181818182 0.045384615384615426
0 0.6719247159090909 0.4812019230769231 0.0729119318181818 0.07005769230769232
0 0.7621803977272728 0.6312692307692307 0.04058238636363643 0.06288461538461541
0 0.7751207386363635 0.5874807692307693 0.044105113636363734 0.08357692307692309
0 0.26914772727272723 0.6762403846153846 0.023522727272727275 0.03663461538461535
0 0.27826704545454545 0.6563365384615385 0.031164772727272725 0.03344230769230772
0 0.17595170454545456 0.5082692307692308 0.031164772727272725 0.06050000000000001
0 0.1580184659090909 0.5030961538461538 0.031747159090909104 0.05334615384615381
0 0.1653693181818182 0.4561346153846154 0.03352272727272727 0.05969230769230762
0 0.1803622159090909 0.43345192307692304 0.028224431818181805 0.05413461538461545
0 0.09270596590909091 0.0612211538461539 0.022116477272727274 0.04336538461538464
0 0.21241477272727274 0.45254807692307686 0.03704545454545456 0.07482692307692301
0 0.2079971590909091 0.5126538461538461 0.042329545454545474 0.059692307692307676
0 0.19036221590909094 0.48041346153846154 0.03410511363636364 0.04775000000000008
0 0.5296306818181818 0.14566346153846155 0.05173295454545457 0.04855769230769231
0 0.5019957386363636 0.10547115384615391 0.0576278409090909 0.05732692307692308
0 0.5781392045454545 0.16954807692307694 0.03352272727272731 0.04855769230769231
0 0.55109375 0.15721153846153846 0.04056818181818182 0.055730769230769264
0 0.6022727272727273 0.3153076923076924 0.04409090909090904 0.05107692307692308
0 0.7362997159090909 0.49540384615384614 0.04356534090909101 0.034076923076923074
0 0.728799715909091 0.46788461538461534 0.03436079545454537 0.03669230769230766
0 0.9412357954545455 0.6090096153846154 0.01903409090909104 0.02725000000000003
0 0.12855823863636362 0.13039423076923062 0.05720170454545454 0.10325
0 0.743565340909091 0.46723076923076934 0.03968750000000008 0.04980769230769237
0 0.770674715909091 0.4809903846153847 0.03387784090909094 0.041942307692307695
0 0.671924715909091 0.39711538461538465 0.03001420454545454 0.05373076923076934
0 0.65546875 0.40793269230769236 0.027102272727272704 0.03867307692307695
0 0.6155397727272727 0.3715576923076924 0.04599431818181818 0.08519230769230772
0 0.58359375 0.42037500000000005 0.0517897727272727 0.06355769230769233
0 0.5310724431818182 0.3817211538461539 0.04066761363636363 0.04521153846153844
0 0.4971946022727272 0.36631730769230775 0.03580965909090906 0.030134615384615416
0 0.505419034090909 0.39711538461538465 0.02225852272727267 0.032769230769230696
0 0.5196946022727272 0.435125 0.045014204545454545 0.07078846153846154
0 0.03817471590909091 0.20009615384615376 0.038139204545454546 0.07123076923076926
0 0.4911434659090909 0.37614423076923087 0.02856534090909093 0.04848076923076919
0 0.4758948863636363 0.401048076923077 0.026136363636363683 0.052442307692307656
0 0.48678267045454543 0.4285769230769231 0.02856534090909093 0.05503846153846155
0 0.51921875 0.5101538461538462 0.0498579545454545 0.10026923076923079
0 0.5543110795454546 0.7771923076923077 0.03291193181818184 0.05765384615384613
0 0.7885866477272727 0.4941057692307692 0.04356534090909085 0.048480769230769244
0 0.7796235795454546 0.5327692307692309 0.04501420454545462 0.048499999999999995
0 0.7575994318181817 0.5150673076923076 0.027102272727272784 0.044557692307692284
0 0.7956036931818182 0.4472403846153846 0.03242897727272717 0.06225000000000001
0 0.7745454545454545 0.435125 0.030000000000000006 0.05636538461538462
0 0.08431818181818182 0.21351923076923074 0.03585227272727273 0.05884615384615378
0 0.7273508522727272 0.41612499999999997 0.037258522727272675 0.03932692307692306
0 0.7605042613636364 0.4210384615384616 0.04259943181818183 0.05569230769230776
0 0.7295312500000001 0.4416826923076923 0.03389204545454539 0.0222884615384616
0 0.5468039772727272 0.28210576923076924 0.039204545454545485 0.042596153846153804
0 0.5259943181818182 0.2647403846153845 0.0508238636363636 0.06290384615384612
0 0.49936789772727275 0.2847307692307691 0.053735795454545515 0.06357692307692309
0 0.48581676136363633 0.3276538461538462 0.04115056818181822 0.052423076923076906
0 0.4640411931818182 0.35452884615384617 0.03146306818181815 0.05898076923076926
0 0.42894886363636364 0.35779807692307697 0.04937499999999999 0.06421153846153843
0 0.43765625 0.41874038461538465 0.06485795454545458 0.061596153846153794
0 0.025205965909090907 0.17789423076923072 0.025923295454545456 0.06609615384615386
0 0.29655539772727274 0.2699903846153846 0.03242897727272725 0.04717307692307698
0 0.3727911931818182 0.41612499999999997 0.04259943181818183 0.04586538461538466
0 0.31132102272727274 0.5134326923076924 0.04161931818181816 0.06094230769230774
0 0.37884232954545455 0.5311250000000001 0.03242897727272729 0.05571153846153846
0 0.3677130681818182 0.5514423076923076 0.039204545454545485 0.058307692307692296
0 0.3331107954545454 0.561923076923077 0.05034090909090909 0.05307692307692306
0 0.29050426136363633 0.6680865384615384 0.0329119318181818 0.04913461538461541
0 0.31325994318181816 0.39286538461538456 0.04066761363636363 0.07011538461538458
0 0.3230539772727273 0.8520096153846154 0.0775284090909091 0.08063461538461539
0 0.36494318181818186 0.8001730769230769 0.050965909090909124 0.08203846153846153
0 0.01565340909090909 0.17273076923076924 0.03130681818181818 0.06196153846153851
0 0.9548011363636365 0.903298076923077 0.02701704545454559 0.03340384615384615
0 0.9522585227272728 0.8725480769230769 0.02428977272727276 0.03128846153846153
0 0.23414772727272723 0.8570769230769231 0.10053977272727273 0.06442307692307692
0 0.10136363636363636 0.8243461538461538 0.040681818181818194 0.053000000000000005
0 0.08370738636363635 0.7947211538461538 0.039147727272727265 0.07067307692307692
0 0.010191761363636363 0.28865384615384615 0.020383522727272726 0.04157692307692309
0 0.03534801136363636 0.2782596153846154 0.03606534090909091 0.07275000000000008
0 0.06490056818181818 0.2008461538461539 0.033778409090909095 0.04676923076923087
0 0.09828835227272727 0.14109615384615382 0.0329971590909091 0.04573076923076918
0 0.1727414772727273 0.010798076923076994 0.03454545454545455 0.02159615384615388
0 0.017585227272727273 0.1443365384615385 0.033551136363636366 0.03821153846153847
0 0.14396306818181817 0.02118269230769232 0.039914772727272736 0.04236538461538456
0 0.15125 0.087576923076923 0.062159090909090935 0.059230769230769253
0 0.1224715909090909 0.0615961538461538 0.041448863636363645 0.042615384615384666
0 0.16199573863636363 0.043413461538461484 0.0545028409090909 0.06651923076923083
0 0.3410866477272727 0.4026153846153846 0.030298295454545432 0.06896153846153849
0 0.4493963068181818 0.1573269230769231 0.036747159090909094 0.05500000000000004
0 0.46390625 0.14554807692307692 0.028380681818181763 0.038403846153846205
0 0.2991690340909091 0.033923076923076945 0.05995738636363637 0.06784615384615379
0 0.2530752840909091 0.01559615384615387 0.03867897727272726 0.031192307692307745
0 0.22019176136363636 0.026942307692307654 0.036093749999999994 0.05388461538461535
0 0.06333806818181818 0.3281442307692307 0.05948863636363637 0.09809615384615383
0 0.25436079545454543 0.036432692307692416 0.029659090909090902 0.04713461538461526
0 0.24534090909090908 0.04646153846153844 0.03352272727272731 0.04276923076923068
0 0.22889204545454545 0.06610576923076927 0.03803977272727273 0.055865384615384525
0 0.6728551136363636 0.9566153846153846 0.06917613636363643 0.07765384615384616
0 0.5752059659090909 0.9343557692307692 0.029957386363636408 0.0719423076923077
0 0.6015625 0.9020865384615384 0.043863636363636355 0.03713461538461539
0 0.6146448863636365 0.940923076923077 0.02531249999999999 0.04053846153846154
0 0.5899715909090909 0.9765961538461538 0.035852272727272656 0.04680769230769231
0 0.6000923295454546 0.9409134615384616 0.026576704545454518 0.03940384615384615
0 0.5876491477272728 0.9175096153846154 0.02953125000000003 0.03940384615384616
0 0.08774857954545455 0.2992211538461539 0.03660511363636363 0.052673076923077
0 0.6743252840909091 0.8926634615384615 0.045980113636363645 0.0628269230769231
0 0.4585795454545455 0.96375 0.05062500000000006 0.07250000000000001
0 0.42899147727272724 0.9767115384615385 0.0570454545454545 0.04657692307692307
0 0.9256605113636364 0.15341346153846147 0.033196022727272734 0.04867307692307693
0 0.9432954545454545 0.1389038461538462 0.024204545454545565 0.03276923076923081
0 0.941221590909091 0.1140961538461539 0.02974431818181826 0.029961538461538432
0 0.9557386363636364 0.15248076923076914 0.028352272727272778 0.04680769230769226
0 0.9712997159090908 0.04810576923076926 0.02765625000000004 0.040250000000000015
0 0.9439843750000001 0.05325000000000002 0.03387784090909094 0.05430769230769233
0 0.9256605113636364 0.039673076923076867 0.037343749999999946 0.06084615384615393
0 0.02025568181818182 0.3482692307692308 0.03889204545454545 0.07846153846153849
0 0.9401846590909091 0.1843076923076924 0.030426136363636468 0.04492307692307684
0 0.9738920454545454 0.2456250000000001 0.05221590909090908 0.08705769230769238
0 0.9470951704545455 0.23814423076923086 0.031803977272727414 0.08332692307692305
0 0.9107954545454546 0.22269230769230774 0.0449431818181818 0.0898846153846154
0 0.8921235795454546 0.06260576923076921 0.047713068181818225 0.026211538461538453
0 0.056299715909090914 0.26150000000000007 0.052911931818181816 0.047769230769230724
0 0.1039275568181818 0.24915384615384606 0.05410511363636363 0.05492307692307693
0 0.12598011363636363 0.2901538461538461 0.04880681818181818 0.06526923076923076
0 0.10774857954545455 0.36657692307692313 0.06055397727272727 0.0636923076923077
0 0.11245738636363636 0.4008076923076923 0.04644886363636363 0.0684615384615385
0 0.027116477272727278 0.32246153846153847 0.034318181818181824 0.041307692307692344
0 0.046590909090909086 0.5289615384615385 0.031164772727272735 0.05253846153846158
0 0.08099431818181818 0.5138461538461538 0.05056818181818181 0.08438461538461538
0 0.043359375 0.67425 0.02822443181818182 0.04538461538461537
0 0.05924005681818181 0.6822115384615385 0.022343749999999996 0.04696153846153849
0 0.2435795454545455 0.7371346153846154 0.03704545454545456 0.059692307692307704
0 0.27121448863636366 0.7291826923076923 0.04174715909090907 0.04378846153846156
0 0.2988494318181818 0.7176346153846154 0.0546875 0.06207692307692308
0 0.8900710227272728 0.028644230769230727 0.06349431818181825 0.056519230769230634
0 0.8562642045454545 0.09871153846153857 0.058210227272727136 0.050153846153846125
0 0.9103551136363636 0.1305384615384615 0.021761363636363548 0.03423076923076914
0 0.12299005681818183 0.014096153846153925 0.013423295454545459 0.02819230769230774
0 0.05075994318181818 0.48199038461538457 0.03890625 0.054711538461538436
0 0.8874289772727273 0.13015384615384606 0.025284090909090843 0.03184615384615385
0 0.8542045454545453 0.13651923076923078 0.05056818181818185 0.04934615384615378
0 0.88859375 0.16755769230769235 0.0523295454545455 0.04457692307692309
0 0.7042684659090909 0.07641346153846151 0.06115056818181828 0.06448076923076917
0 0.6572301136363636 0.03581730769230773 0.03292613636363629 0.06767307692307703
0 0.6387073863636363 0.026067307692307695 0.034687500000000024 0.05213461538461541
0 0.6722159090909091 0.044173076923076815 0.027642045454545506 0.0636923076923077
0 0.5352201704545455 0.09950000000000003 0.03234374999999998 0.04219230769230769
0 0.5693181818181817 0.045769230769230784 0.055852272727272716 0.0636923076923077
0 0.6198863636363636 0.03601923076923086 0.04880681818181812 0.0720384615384615
0 0.39205965909090906 0.7158653846153846 0.035085227272727254 0.04338461538461539
0 0.7183735795454546 0.1962211538461538 0.07526988636363638 0.0859807692307692
0 0.5869602272727273 0.13293269230769234 0.03821022727272732 0.045365384615384675
0 0.6181178977272727 0.07522115384615391 0.029985795454545393 0.049365384615384644
0 0.9188849431818181 0.4187211538461538 0.031747159090909124 0.06448076923076917
0 0.937109375 0.4087692307692308 0.03762784090909092 0.07642307692307694
0 0.9491619318181819 0.42428846153846156 0.0429261363636364 0.05492307692307693
0 0.966512784090909 0.3904615384615384 0.03410511363636362 0.10030769230769236
0 0.9441690340909091 0.35225000000000006 0.018821022727272728 0.04138461538461535
0 0.967393465909091 0.3192115384615385 0.044105113636363734 0.06288461538461536
0 0.18066051136363637 0.7936538461538462 0.04174715909090909 0.05015384615384615
0 0.4134232954545455 0.7076057692307691 0.03355113636363637 0.04544230769230774
0 0.12774147727272728 0.7009134615384616 0.0405681818181818 0.06686538461538463
0 0.15890625 0.7064903846153846 0.0346875 0.054134615384615344
0 0.18301136363636364 0.6467884615384616 0.06644886363636361 0.06369230769230765
0 0.15243607954545454 0.6547499999999999 0.05115056818181817 0.06526923076923076
0 0.1803693181818182 0.7160384615384616 0.06821022727272728 0.08119230769230772
0 0.3241264204545455 0.7940480769230769 0.03586647727272727 0.04617307692307691
0 0.3832954545454546 0.670951923076923 0.03127840909090915 0.052673076923076954
0 0.4015980113636364 0.6761153846153846 0.022116477272727263 0.04234615384615387
0 0.3962642045454546 0.6327403846153846 0.038892045454545526 0.05059615384615385
0 0.4164772727272728 0.6642307692307692 0.035085227272727254 0.03303846153846155
0 0.4359161931818182 0.6916057692307692 0.04348011363636366 0.06505769230769233
0 0.5472727272727272 0.6110673076923077 0.05261363636363639 0.05059615384615385
0 0.5716761363636365 0.6167307692307692 0.03431818181818185 0.047500000000000035
0 0.111015625 0.02146153846153842 0.017542613636363627 0.02169230769230775
0 0.5705326704545454 0.6435865384615385 0.0381392045454545 0.04336538461538464
0 0.5526136363636364 0.650298076923077 0.02670454545454547 0.03821153846153847
0 0.5348792613636364 0.6774134615384615 0.03291193181818176 0.03598076923076925
0 0.5244389204545455 0.6474230769230769 0.031008522727272704 0.030846153846153884
0 0.5649431818181818 0.6804230769230769 0.027215909090909127 0.040269230769230765
0 0.49849431818181816 0.6285769230769231 0.03355113636363637 0.0771153846153846
0 0.513046875 0.6859807692307692 0.031008522727272784 0.05311538461538463
0 0.5453267045454546 0.6984134615384616 0.03355113636363637 0.0351346153846154
0 0.5734872159090909 0.7095480769230769 0.026576704545454518 0.03682692307692309
0 0.786434659090909 0.9014615384615384 0.034346590909091 0.08361538461538462
0 0.10144176136363635 0.00840384615384615 0.027542613636363636 0.016807692307692326
0 0.8113849431818182 0.8738269230769231 0.03941761363636364 0.05196153846153847
0 0.9920951704545454 0.04917307692307693 0.015809659090909086 0.03892307692307694
0 0.9898224431818182 0.07376923076923081 0.020355113636363695 0.030730769230769266
0 0.986036931818182 0.10193269230769231 0.02792613636363632 0.03994230769230766
0 0.969424715909091 0.07632692307692313 0.023451704545454533 0.03996153846153841
0 0.9663991477272728 0.11985576923076935 0.01740056818181818 0.04098076923076924
0 0.98078125 0.13574038461538473 0.018920454545454615 0.033788461538461524
0 0.993984375 0.13778846153846147 0.012031250000000038 0.03584615384615393
0 0.9788849431818182 0.16391346153846154 0.030269886363636287 0.04098076923076924
0 0.9886860795454546 0.18951923076923072 0.022627840909090837 0.04096153846153849
0 0.09651988636363637 0.028173076923076912 0.023636363636363626 0.030961538461538395
0 0.8763636363636365 0.08605769230769234 0.04312500000000002 0.06146153846153853
0 0.9081392045454545 0.10090384615384618 0.03252840909090906 0.0583846153846153
0 0.9334872159090909 0.10398076923076927 0.025724431818181837 0.05223076923076917
0 0.9675355113636364 0.19361538461538452 0.024218749999999935 0.0368846153846154
0 0.9951207386363637 0.17774038461538466 0.009758522727272734 0.04813461538461533
0 0.9559659090909091 0.0946538461538462 0.023153409090909027 0.030730769230769155
0 0.5355326704545454 0.34470192307692304 0.07095170454545453 0.05609615384615377
0 0.5625284090909091 0.3017788461538462 0.08224431818181822 0.03824999999999997
0 0.5713210227272728 0.3455480769230769 0.03326704545454548 0.03740384615384624
0 0.5581392045454545 0.36424999999999996 0.029517045454545417 0.05100000000000007
0 0.07897727272727273 0.012538461538461498 0.023636363636363636 0.025076923076923115
0 0.5732102272727273 0.37657692307692303 0.04332386363636364 0.06546153846153839
0 0.6636860795454546 0.1437019230769231 0.036150568181818166 0.037326923076923126
0 0.7209730113636363 0.13209615384615392 0.052684659090909136 0.06719230769230769
0 0.6643039772727272 0.0931153846153846 0.026335227272727302 0.04230769230769231
0 0.6109943181818182 0.1561538461538461 0.03247159090909093 0.04396153846153849
0 0.6015056818181819 0.19099038461538465 0.028181818181818145 0.06386538461538468
0 0.5350284090909091 0.05702884615384607 0.06556818181818186 0.06471153846153853
0 0.5677485795454545 0.08355769230769228 0.03458806818181821 0.044884615384615446
0 0.5583877840909092 0.11770192307692318 0.05044034090909089 0.04098076923076924
0 0.5951349431818183 0.0918461538461538 0.028821022727272758 0.038038461538461486
0 0.07974431818181818 0.04004807692307688 0.020596590909090908 0.03821153846153847
0 0.6606960227272727 0.21573076923076928 0.07926136363636357 0.07707692307692315
0 0.7235369318181818 0.5020192307692306 0.04221590909090913 0.054192307692307706
0 0.7120241477272727 0.5268846153846154 0.02686079545454549 0.050461538461538426
0 0.7266619318181818 0.5500384615384615 0.042982954545454616 0.05611538461538463
0 0.6955752840909091 0.5760288461538461 0.038224431818181775 0.0461346153846154
0 0.7190625 0.5962884615384616 0.02809659090909095 0.060461538461538455
0 0.6990269886363637 0.6040769230769231 0.03776988636363641 0.03242307692307695
0 0.6921661931818182 0.536375 0.02771306818181825 0.04190384615384614
0 0.6731463068181818 0.5682307692307693 0.02322443181818177 0.03403846153846157
0 0.6728267045454546 0.6206057692307692 0.04190340909090909 0.025326923076923108
0 0.06906250000000001 0.14124038461538457 0.029744318181818188 0.032019230769230723
0 0.669921875 0.5970288461538461 0.02708806818181825 0.03578846153846151
0 0.7595383522727274 0.8938173076923077 0.04126420454545448 0.05848076923076924
0 0.7563139204545455 0.9077884615384615 0.03481534090909089 0.051500000000000004
0 0.7353693181818183 0.9056057692307692 0.014829545454545371 0.052365384615384626
0 0.7221519886363637 0.9047307692307692 0.024502840909090908 0.036653846153846155
0 0.7305326704545455 0.8501730769230769 0.041264204545454646 0.04799999999999999
0 0.7057102272727273 0.845375 0.05480113636363642 0.04190384615384614
0 0.71828125 0.8837788461538462 0.03869318181818175 0.029673076923076937
0 0.6986079545454545 0.875048076923077 0.03159090909090911 0.02794230769230768
0 0.7453551136363636 0.5808846153846154 0.0257954545454545 0.03492307692307692
