0 0.6274147727272728 0.5146346153846153 0.02124999999999997 0.0291538461538462
0 0.5879190340909091 0.9083557692307692 0.01680397727272725 0.02351923076923078
0 0.595284090909091 0.9316346153846153 0.02210227272727273 0.02965384615384615
0 0.018714488636363637 0.22863461538461538 0.020894886363636365 0.029384615384615332
0 0.6369957386363637 0.19417307692307695 0.013224431818181821 0.023269230769230705
0 0.9235014204545454 0.3342788461538463 0.020071022727272722 0.024596153846153886
0 0.8495028409090909 0.32164423076923077 0.01792613636363637 0.02748076923076916
0 0.6612428977272727 0.011951923076923165 0.01910511363636362 0.023903846153846168
0 0.7546590909090909 0.008615384615384691 0.019829545454545506 0.016230769230769226
0 0.8261363636363637 0.3093461538461538 0.0160511363636363 0.02076923076923079
0 0.9088494318181817 0.3299230769230769 0.007556818181818253 0.014730769230769169
0 0.6677059659090909 0.03496153846153849 0.01680397727272733 0.02373076923076929
0 0.7480610795454545 0.88175 0.017940340909090902 0.018923076923076917
0 0.9174857954545454 0.3552115384615384 0.013210227272727209 0.014692307692307666
0 0.8938210227272727 0.16364423076923085 0.01840909090909096 0.027173076923077022
0 0.6769034090909091 0.01927884615384612 0.012982954545454527 0.015980769230769236
0 0.8406036931818182 0.49077884615384615 0.014957386363636326 0.021865384615384623
0 0.9154758522727271 0.31798076923076923 0.015809659090909086 0.02076923076923079
0 0.6522514204545454 0.06055769230769237 0.0206960227272728 0.02946153846153845
0 0.8854119318181819 0.1797884615384615 0.01812499999999999 0.026846153846153915
0 0.9339488636363636 0.12335576923076919 0.019829545454545506 0.02651923076923081
0 0.9826917613636365 0.16349038461538457 0.018650568181818174 0.023634615384615424
0 0.8962926136363637 0.19171153846153843 0.023267045454545447 0.029038461538461582
0 0.7786434659090908 0.6242403846153846 0.015497159090909046 0.020442307692307683
0 0.8323863636363636 0.38621153846153844 0.020539772727272778 0.03003846153846155
0 0.7828693181818182 0.007653846153846233 0.016221590909091012 0.015307692307692378
0 0.7779758522727271 0.1449999999999999 0.019360795454545447 0.022461538461538474
0 0.6735582386363637 0.13906730769230768 0.029048295454545518 0.029326923076923077
0 0.8470951704545455 0.47288461538461535 0.018281250000000006 0.019230769230769232
0 0.7381036931818182 0.04887499999999989 0.022599431818181855 0.031211538461538388
0 0.8954119318181818 0.3315673076923076 0.020539772727272778 0.02748076923076927
0 0.9186008522727271 0.11170192307692317 0.018877840909091018 0.03259615384615382
0 0.6455965909090909 0.026692307692307682 0.021874999999999967 0.03142307692307687
0 0.7447585227272726 0.22245192307692307 0.017698863636363527 0.027173076923076914
0 0.3200497159090909 0.7455288461538462 0.022286931818181813 0.027596153846153836
0 0.9062713068181818 0.3480096153846155 0.016292613636363674 0.020134615384615327
0 0.7463210227272726 0.02260576923076918 0.0199147727272727 0.01648076923076922
0 0.7340198863636364 0.20662499999999995 0.019346590909090834 0.02428846153846153
0 0.6891477272727272 0.03167307692307697 0.023892045454545444 0.023961538461538423
0 0.2531605113636364 0.2062019230769231 0.01879261363636362 0.02405769230769229
0 0.004865056818181818 0.8681442307692308 0.009730113636363636 0.043673076923076926
0 0.18589488636363638 0.8730769230769231 0.016988636363636355 0.025884615384615388
0 0.736015625 0.7198365384615384 0.021917613636363645 0.02924999999999996
0 0.34515625 0.8100769230769231 0.01812499999999999 0.02580769230769231
0 0.08240056818181819 0.019519230769230678 0.023039772727272735 0.0279615384615385
0 0.6465838068181818 0.841923076923077 0.017514204545454604 0.024538461538461547
0 0.9326846590909089 0.9465384615384616 0.021477272727272734 0.025884615384615388
0 0.737109375 0.9184423076923077 0.020213068181818127 0.027346153846153857
0 0.7616264204545454 0.6750480769230769 0.020241477272727272 0.02721153846153847
0 0.31350142045454543 0.43446153846153845 0.023565340909090914 0.027423076923076904
0 0.33517755681818184 0.7991538461538461 0.020071022727272722 0.02557692307692307
0 0.16334517045454547 0.70975 0.022855113636363642 0.024076923076923096
0 0.5235653409090909 0.65375 0.022840909090909068 0.026500000000000003
0 0.737862215909091 0.8942788461538461 0.015667613636363598 0.020980769230769223
0 0.7105397727272728 0.018230769230769273 0.02434659090909097 0.024961538461538497
0 0.7904048295454544 0.413625 0.022656249999999902 0.02651923076923081
0 0.6218607954545454 0.8600673076923077 0.016306818181818127 0.01863461538461538
0 0.05121448863636364 0.18130769230769228 0.018849431818181814 0.023615384615384673
0 0.1404616477272727 0.931076923076923 0.01958806818181819 0.025576923076923077
0 0.9749715909090909 0.5917692307692308 0.01653409090909105 0.01757692307692305
0 0.6579261363636364 0.8605961538461538 0.02204545454545452 0.02584615384615384
0 0.9442542613636363 0.95725 0.018167613636363586 0.02876923076923077
0 0.15509232954545454 0.73325 0.015241477272727278 0.028076923076923065
0 0.9835866477272727 0.5781923076923077 0.021491477272727266 0.025576923076923098
0 0.6447727272727272 0.8736346153846154 0.020852272727272737 0.025769230769230766
0 0.28410511363636365 0.5917884615384617 0.01588068181818183 0.02338461538461538
0 0.8569886363636363 0.4901730769230769 0.020852272727272657 0.03088461538461539
0 0.5428480113636364 0.5446442307692307 0.023849431818181846 0.025557692307692347
0 0.39431818181818185 0.3110384615384616 0.01900568181818181 0.030230769230769283
0 0.025958806818181815 0.21127884615384618 0.017485795454545455 0.022173076923076872
0 0.7545241477272726 0.38167307692307695 0.018877840909091018 0.025884615384615346
0 0.7216406249999999 0.9231826923076923 0.016605113636363633 0.040942307692307695
0 0.7578551136363636 0.31616346153846153 0.01835227272727267 0.02205769230769225
0 0.584609375 0.7342980769230769 0.017997159090909032 0.02436538461538459
0 0.782421875 0.6605384615384615 0.014730113636363644 0.01892307692307693
0 0.46438920454545457 0.4218557692307693 0.022727272727272728 0.029096153846153838
0 0.2413849431818182 0.17181730769230774 0.018963068181818213 0.025903846153846097
0 0.19191761363636364 0.8935961538461539 0.01840909090909092 0.019807692307692304
0 0.007201704545454546 0.49757692307692314 0.014403409090909092 0.02376923076923074
0 0.43999289772727274 0.5556153846153846 0.021122159090909098 0.02907692307692303
0 0.45984375000000005 0.37596153846153846 0.015284090909090896 0.023500000000000052
0 0.6126420454545454 0.7318365384615384 0.02139204545454546 0.02863461538461536
0 0.7440198863636364 0.6813942307692307 0.020085227272727255 0.03128846153846156
0 0.16472301136363637 0.6871057692307692 0.022230113636363645 0.027519230769230775
0 0.32406960227272724 0.9245384615384615 0.021008522727272716 0.028846153846153855
0 0.7055752840909091 0.5989711538461538 0.019928977272727313 0.02924999999999996
0 0.9906676136363637 0.5912884615384615 0.016278409090908982 0.01853846153846151
0 0.5457102272727273 0.8572307692307692 0.02076704545454546 0.03273076923076922
0 0.7111647727272726 0.7656538461538461 0.013892045454545497 0.020653846153846172
0 0.3784019886363636 0.29900961538461546 0.018593749999999964 0.03078846153846152
0 0.02477272727272727 0.903375 0.023068181818181818 0.03325
0 0.26734375 0.5736153846153846 0.014886363636363621 0.014769230769230783
0 0.24342329545454547 0.19544230769230764 0.018693181818181814 0.022192307692307622
0 0.7251420454545454 0.8902211538461539 0.02065340909090904 0.02498076923076922
0 0.2670099431818182 0.5945961538461538 0.01819602272727273 0.028346153846153865
0 0.35005681818181816 0.9223846153846154 0.020994318181818183 0.02823076923076923
0 0.735184659090909 0.8036442307692307 0.013607954545454604 0.021057692307692312
0 0.011995738636363636 0.884375 0.01365056818181818 0.022403846153846163
0 0.20879261363636364 0.9478557692307692 0.019829545454545464 0.026519230769230767
0 0.40865767045454554 0.133826923076923 0.01910511363636362 0.03100000000000001
0 0.7412997159090909 0.34316346153846156 0.017940340909091065 0.023634615384615313
0 0.48281960227272724 0.7957788461538462 0.017571022727272654 0.02351923076923078
0 0.49134943181818175 0.3115096153846154 0.02133522727272733 0.026826923076923054
0 0.20041193181818182 0.8714711538461538 0.016761363636363654 0.023326923076923082
0 0.7652627840909091 0.35770192307692306 0.01674715909090904 0.02524999999999999
0 0.49061079545454545 0.8144423076923077 0.02235795454545456 0.02657692307692309
0 0.37882102272727275 0.5340769230769231 0.01943181818181811 0.027423076923076904
0 0.9830255681818181 0.6759999999999999 0.02076704545454546 0.028769230769230783
0 0.019786931818181818 0.9952788461538462 0.01815340909090909 0.009442307692307693
0 0.7616051136363637 0.3361346153846154 0.0184090909090908 0.020461538461538434
0 0.653984375 0.8221923076923077 0.021150568181818243 0.028846153846153848
0 0.030447443181818187 0.48831730769230763 0.02518465909090909 0.027980769230769253
0 0.6653196022727272 0.8391923076923077 0.01933238636363638 0.02519230769230771
0 0.8819886363636363 0.4757403846153846 0.019488636363636402 0.02086538461538466
0 0.02999289772727273 0.5134807692307692 0.021178977272727273 0.02869230769230767
0 0.7690127840909091 0.6509615384615385 0.012088068181818169 0.020192307692307693
0 0.3440909090909091 0.5687788461538461 0.019431818181818192 0.02517307692307693
0 0.044460227272727276 0.5285192307692308 0.019119318181818182 0.029384615384615387
0 0.7014985795454546 0.5774903846153847 0.02387784090909091 0.02801923076923081
0 0.026370738636363637 0.5400769230769231 0.02015625 0.025884615384615346
0 0.2333309659090909 0.05168269230769229 0.015241477272727259 0.02132692307692314
0 0.02439630681818182 0.8695480769230769 0.016946022727272726 0.031903846153846144
0 0.5140482954545454 0.5507115384615384 0.021960227272727242 0.028115384615384625
0 0.32960937500000004 0.006471153846153821 0.028934659090909056 0.012865384615384721
0 0.014275568181818183 0.8549903846153846 0.0140625 0.02744230769230771
0 0.3695099431818182 0.5198076923076923 0.020667613636363654 0.029115384615384588
0 0.3048366477272727 0.08824999999999994 0.01643465909090908 0.021076923076923038
0 0.3528977272727273 0.6295 0.01653409090909089 0.021461538461538456
0 0.3323082386363636 0.38184615384615384 0.023139204545454536 0.026307692307692213
0 0.6580610795454546 0.8911153846153846 0.0193323863636363 0.02515384615384615
0 0.4751136363636364 0.6513846153846155 0.015965909090909104 0.021269230769230773
0 0.4046590909090909 0.5058076923076923 0.015710227272727275 0.022384615384615413
0 0.47844460227272734 0.3773653846153846 0.021917613636363645 0.029653846153846183
