0 0.8884730113636364 0.4699326923076923 0.022656250000000065 0.0318653846153846
0 0.9693039772727272 0.8625576923076923 0.018721590909091 0.023038461538461518
0 0.0042968749999999995 0.7186923076923077 0.008593749999999999 0.023423076923076935
0 0.22862926136363634 0.6886057692307692 0.009644886363636352 0.01644230769230766
0 0.40444602272727276 0.8392403846153846 0.02295454545454549 0.03286538461538462
0 0.40875710227272727 0.8650865384615385 0.022286931818181813 0.02898076923076923
0 0.7328835227272728 0.8945673076923077 0.016107954545454592 0.02055769230769232
0 0.6824147727272727 0.9054134615384615 0.012386363636363595 0.017865384615384613
0 0.672549715909091 0.9015288461538462 0.006889204545454497 0.010750000000000006
0 0.7781107954545454 0.9649711538461538 0.02011363636363632 0.02748076923076923
0 0.7239133522727272 0.9691057692307692 0.0228551136363636 0.030403846153846153
0 0.7038068181818182 0.9510961538461539 0.01931818181818177 0.02642307692307692
0 0.9519602272727273 0.8523365384615385 0.02232954545454533 0.029096153846153838
0 0.6985866477272727 0.9740384615384615 0.01990056818181817 0.026423076923076928
0 0.6850852272727272 0.9598942307692307 0.02011363636363632 0.02748076923076923
0 0.6817329545454546 0.9386923076923077 0.011420454545454494 0.017076923076923076
0 0.6669531249999999 0.9532307692307692 0.021690340909090965 0.03123076923076923
0 0.670625 0.9838076923076923 0.016164772727272722 0.021346153846153848
0 0.8055255681818182 0.7525096153846154 0.019232954545454494 0.028019230769230755
0 0.8414275568181818 0.7790288461538462 0.01751420454545444 0.020442307692307683
0 0.8089346590909091 0.7890865384615384 0.02312499999999996 0.033288461538461545
0 0.8410653409090909 0.8027596153846154 0.019232954545454494 0.023711538461538458
0 0.4254971590909091 0.5676057692307692 0.015312499999999962 0.02025
0 0.9551491477272727 0.8167692307692308 0.021491477272727266 0.03169230769230767
0 0.8540838068181817 0.81775 0.01703125000000001 0.02338461538461538
0 0.8523792613636364 0.8380192307692308 0.019474431818181707 0.02503846153846153
0 0.2230823863636364 0.6927115384615385 0.01107954545454543 0.015000000000000022
0 0.8288352272727273 0.8141634615384615 0.017954545454545598 0.02621153846153848
0 0.8151917613636364 0.8238269230769231 0.018821022727272728 0.026923076923076925
0 0.8252272727272728 0.843 0.021647727272727287 0.027653846153846143
0 0.6562926136363636 0.3032596153846153 0.01803977272727271 0.027673076923076897
0 0.6414204545454545 0.3122115384615385 0.017130681818181823 0.02523076923076924
0 0.6333025568181818 0.3295 0.017741477272727204 0.022384615384615468
0 0.6260866477272727 0.30773076923076914 0.017741477272727287 0.026038461538461576
0 0.9910014204545454 0.6805769230769231 0.017258522727272695 0.03353846153846153
0 0.9457812499999999 0.2139326923076923 0.023380681818181707 0.02667307692307693
0 0.6136079545454546 0.331125 0.022244318181818216 0.03132692307692301
0 0.3712073863636364 0.42444230769230773 0.012386363636363595 0.01942307692307686
0 0.10591619318181818 0.8778269230769231 0.017571022727272734 0.023769230769230754
0 0.9921448863636364 0.3805192307692308 0.015710227272727195 0.029153846153846093
0 0.09727982954545454 0.8629807692307692 0.016207386363636358 0.022961538461538457
0 0.12993607954545452 0.893875 0.02086647727272727 0.02663461538461539
0 0.13504261363636363 0.9174326923076923 0.020880681818181823 0.027711538461538468
0 0.1504403409090909 0.946 0.021534090909090906 0.027115384615384618
0 0.15220170454545456 0.9658557692307692 0.019232954545454553 0.020249999999999997
0 0.984637784090909 0.7273173076923076 0.01813920454545468 0.026903846153846115
0 0.083671875 0.9749423076923077 0.01700284090909091 0.020307692307692304
0 0.3768963068181818 0.9936634615384615 0.020582386363636376 0.01225
0 0.3230681818181818 0.9882596153846154 0.022386363636363624 0.023480769230769232
0 0.8495951704545455 0.3906057692307693 0.022002840909090923 0.03148076923076924
0 0.9009801136363635 0.35842307692307696 0.012670454545454487 0.019384615384615462
0 0.6625852272727273 0.014951923076923057 0.0068749999999999645 0.012711538461538378
0 0.671171875 0.014798076923076775 0.012599431818181824 0.017980769230769276
0 0.8780752840909091 0.08150000000000002 0.022343750000000027 0.03169230769230773
0 0.8969531249999999 0.07789423076923074 0.016491477272727293 0.02809615384615387
0 0.9119886363636364 0.06511538461538469 0.024204545454545402 0.03276923076923081
0 0.9180397727272727 0.4699326923076923 0.020596590909090908 0.02709615384615391
0 0.8876491477272727 0.11084615384615382 0.021803977272727305 0.030615384615384645
0 0.8843039772727272 0.23812500000000003 0.01812499999999999 0.023134615384615333
0 0.8860085227272727 0.21731730769230773 0.01102272727272726 0.017788461538461538
0 0.898622159090909 0.22567307692307692 0.015767045454545325 0.02169230769230775
0 0.896775568181818 0.20398076923076924 0.01576704545454549 0.025269230769230742
0 0.9080823863636364 0.19846153846153847 0.00840909090909085 0.01707692307692307
0 0.8815411931818182 0.1842403846153846 0.015752840909090956 0.0234807692307693
0 0.9254190340909091 0.18725961538461533 0.022059659090909053 0.027403846153846154
0 0.8599076704545454 0.8652307692307692 0.015667613636363598 0.01919230769230767
0 0.686221590909091 0.3075 0.018465909090909092 0.025
0 0.9189346590909092 0.28965384615384615 0.01852272727272738 0.023038461538461574
0 0.6193181818181818 0.20480769230769236 0.019886363636363636 0.032692307692307694
0 0.40269886363636365 0.17884615384615388 0.02130681818181818 0.03076923076923077
0 0.5117045454545455 0.2653461538461539 0.019886363636363636 0.028846153846153848
0 0.8561363636363637 0.8983846153846153 0.01434659090909094 0.019846153846153847
0 0.5269602272727273 0.2668846153846154 0.018465909090909092 0.028846153846153848
0 0.7315340909090909 0.1365384615384615 0.014204545454545454 0.019230769230769232
0 0.7848011363636364 0.17019230769230764 0.01278409090909091 0.021153846153846155
0 0.3678977272727273 0.12211538461538463 0.02556818181818182 0.032692307692307694
0 0.28551136363636365 0.17884615384615388 0.017045454545454544 0.023076923076923078
0 0.3259943181818182 0.2778846153846154 0.02130681818181818 0.028846153846153848
0 0.9180894886363636 0.26575000000000004 0.01850852272727269 0.02419230769230777
0 0.2294034090909091 0.25576923076923075 0.02130681818181818 0.03076923076923077
0 0.18181818181818182 0.2519230769230769 0.019886363636363636 0.026923076923076925
0 0.1612215909090909 0.31634615384615383 0.018465909090909092 0.025
0 0.37357954545454547 0.38076923076923075 0.019886363636363636 0.026923076923076925
0 0.35298295454545453 0.4240384615384616 0.02130681818181818 0.028846153846153848
0 0.3856534090909091 0.4461538461538461 0.01278409090909091 0.019230769230769232
0 0.2599431818181818 0.45288461538461533 0.017045454545454544 0.025
0 0.2450284090909091 0.3730769230769231 0.01278409090909091 0.023076923076923078
0 0.6946022727272727 0.6451923076923076 0.022727272727272728 0.032692307692307694
0 0.5374857954545454 0.5054519230769232 0.020681818181818187 0.03278846153846156
0 0.9303977272727273 0.4533942307692307 0.02119318181818192 0.02748076923076927
0 0.48769176136363634 0.5316538461538461 0.015071022727272747 0.021999999999999995
0 0.6370667613636364 0.5280576923076923 0.017144886363636355 0.029192307692307705
0 0.6245099431818182 0.5558557692307693 0.023338068181818192 0.029596153846153876
0 0.6250994318181818 0.5844615384615385 0.02215909090909094 0.02999999999999999
0 0.4500710227272728 0.5584423076923077 0.019573863636363677 0.02892307692307691
0 0.43191051136363634 0.5350673076923077 0.01958806818181813 0.02363461538461537
0 0.42567471590909095 0.5541057692307692 0.01850852272727269 0.023134615384615385
0 0.43618607954545463 0.5758076923076924 0.018877840909090938 0.025076923076923063
0 0.44457386363636364 0.5959326923076923 0.0215056818181818 0.028288461538461554
0 0.3580823863636363 0.5973461538461539 0.02059659090909087 0.028384615384615366
0 0.9309801136363638 0.40519230769230763 0.01647727272727276 0.02111538461538465
0 0.35511363636363635 0.6133846153846154 0.016420454545454547 0.021884615384615377
0 0.22875000000000004 0.5745 0.025767045454545476 0.03742307692307694
0 0.25174715909090906 0.19832692307692312 0.02156250000000001 0.03007692307692305
0 0.23532670454545457 0.19179807692307693 0.01963068181818185 0.02832692307692311
0 0.48379261363636367 0.13738461538461533 0.012642045454545503 0.016500000000000077
0 0.4862073863636364 0.1211826923076923 0.01241477272727274 0.018365384615384638
0 0.41608664772727266 0.029461538461538428 0.02177556818181816 0.02950000000000006
0 0.39813210227272733 0.019115384615384534 0.020781249999999994 0.030384615384615406
0 0.5644602272727273 0.5894230769230769 0.014204545454545454 0.01730769230769231
0 0.5614488636363636 0.02738461538461545 0.019517045454545467 0.027807692307692377
0 0.9295667613636364 0.3121153846153847 0.01978693181818175 0.028807692307692343
0 0.5740696022727273 0.021923076923076934 0.017514204545454524 0.024615384615384636
0 0.540703125 0.8318749999999999 0.011633522727272723 0.015903846153846147
0 0.5827627840909091 0.007894230769230792 0.018849431818181793 0.015788461538461498
0 0.9100994318181819 0.31153846153846154 0.019573863636363598 0.02592307692307696
0 0.2210866477272727 0.025076923076922997 0.021264204545454544 0.029961538461538432
0 0.212890625 0.04141346153846148 0.015809659090909086 0.02217307692307698
0 0.20067471590909092 0.03811538461538455 0.017826704545454562 0.02569230769230772
0 0.17377130681818184 0.10692307692307701 0.017315340909090926 0.021307692307692278
0 0.15750710227272727 0.09388461538461546 0.01626420454545455 0.021999999999999995
0 0.07495738636363636 0.13639423076923074 0.023863636363636368 0.035519230769230824
0 0.7279829545454546 0.6634615384615384 0.015625 0.019230769230769232
0 0.09135653409090909 0.18201923076923077 0.02026988636363637 0.02665384615384607
0 0.07063210227272727 0.18988461538461543 0.018792613636363642 0.024615384615384636
0 0.08774147727272727 0.20500961538461537 0.02022727272727273 0.024942307692307635
0 0.07657670454545454 0.22135576923076927 0.017215909090909087 0.022480769230769228
0 0.01862215909090909 0.2722403846153846 0.023125000000000003 0.03236538461538469
0 0.04150568181818182 0.3088846153846154 0.020255681818181822 0.03042307692307691
0 0.02424715909090909 0.3032211538461538 0.02025568181818182 0.029903846153846177
0 0.25848011363636364 0.312125 0.02124999999999997 0.03228846153846147
0 0.25698863636363634 0.3355961538461538 0.020511363636363633 0.024730769230769258
0 0.1896377840909091 0.35768269230769234 0.0183380681818182 0.027326923076923148
0 0.9674005681818181 0.8850288461538461 0.019602272727272826 0.026134615384615378
0 0.17576704545454544 0.34868269230769233 0.016732954545454547 0.024826923076923017
0 0.17347301136363635 0.36450961538461535 0.018110795454545456 0.022980769230769207
0 0.1753125 0.38422115384615374 0.01948863636363636 0.023903846153846168
0 0.16166903409090908 0.39725 0.020639204545454547 0.02699999999999993
0 0.09739346590909091 0.48616346153846157 0.02075284090909092 0.030211538461538533
0 0.10612215909090911 0.5735 0.02076704545454544 0.027769230769230765
0 0.098828125 0.5905673076923077 0.020525568181818176 0.029096153846153838
0 0.011008522727272728 0.6704711538461539 0.021732954545454545 0.03140384615384618
0 0.006541193181818183 0.6942692307692307 0.013082386363636365 0.02611538461538464
0 0.014815340909090908 0.7219807692307693 0.015227272727272726 0.025307692307692302
