0 0.5932599431818182 0.007307692307692237 0.015809659090909166 0.014538461538461653
0 0.38252130681818175 0.09863461538461527 0.014303977272727263 0.019884615384615337
0 0.5160724431818182 0.3819134615384616 0.011406249999999962 0.01605769230769224
0 0.5696306818181818 0.3755480769230769 0.01588068181818183 0.02251923076923073
0 0.5138352272727272 0.3193173076923077 0.020198863636363674 0.022326923076923102
0 0.49942471590909093 0.334548076923077 0.015099431818181892 0.022749999999999968
0 0.516299715909091 0.34080769230769237 0.018650568181818174 0.022730769230769218
0 0.7897798295454546 0.5311538461538461 0.020298295454545402 0.027269230769230726
0 0.7656392045454545 0.5469326923076923 0.021051136363636272 0.03198076923076922
0 0.7421519886363637 0.6112788461538461 0.01856534090909082 0.028365384615384615
0 0.732421875 0.6304807692307692 0.016633522727272778 0.023730769230769236
0 0.6893465909090909 0.7279326923076923 0.018238636363636408 0.02721153846153847
0 0.4287997159090909 0.17806730769230772 0.009218750000000013 0.011749999999999917
0 0.541875 0.7050384615384615 0.017414772727272713 0.024730769230769258
0 0.6153053977272728 0.74975 0.020639204545454506 0.026307692307692292
0 0.5554403409090909 0.8304615384615385 0.016477272727272677 0.02407692307692307
0 0.5117471590909091 0.8022884615384616 0.016874999999999994 0.024461538461538458
0 0.49676846590909096 0.7969423076923077 0.014275568181818198 0.01973076923076924
0 0.5053125 0.8207980769230769 0.01338068181818184 0.020134615384615383
0 0.40007812499999995 0.5950576923076923 0.014048295454545516 0.021615384615384634
0 0.35017045454545453 0.6490576923076923 0.017045454545454544 0.02399999999999998
0 0.3601278409090909 0.6615192307692308 0.016221590909090932 0.023076923076923078
0 0.42107954545454546 0.6668749999999999 0.019772727272727216 0.030096153846153856
0 0.4349289772727273 0.1730576923076923 0.007954545454545487 0.01615384615384611
0 0.2604048295454545 0.4540192307692308 0.014360795454545433 0.018384615384615388
0 0.3148934659090909 0.480923076923077 0.01933238636363638 0.02723076923076928
0 0.3025355113636364 0.49133653846153846 0.01680397727272729 0.020596153846153917
0 0.3003977272727273 0.46880769230769226 0.01948863636363636 0.02573076923076933
0 0.45429687500000004 0.43816346153846164 0.018394886363636346 0.022596153846153846
0 0.44943181818181815 0.4579230769230769 0.01866477272727279 0.022961538461538457
0 0.6671803977272727 0.31773076923076926 0.019928977272727234 0.025769230769230836
0 0.6464204545454546 0.40122115384615387 0.01744318181818186 0.024211538461538524
0 0.7468465909090909 0.5129903846153846 0.017528409090909136 0.024865384615384574
0 0.76875 0.4860192307692308 0.01835227272727267 0.0279615384615385
0 0.052201704545454544 0.1239134615384615 0.012471590909090911 0.017403846153846065
0 0.7211860795454546 0.4203461538461538 0.0183664772727272 0.030500000000000027
0 0.7381889204545454 0.45508653846153846 0.020241477272727272 0.02486538461538463
0 0.7423650568181818 0.4281153846153847 0.014815340909091 0.021192307692307656
0 0.8324360795454546 0.5270673076923077 0.008963068181818266 0.014519230769230736
0 0.37825284090909084 0.9418942307692307 0.01767045454545454 0.02286538461538461
0 0.43661931818181815 0.6317692307692307 0.017130681818181823 0.01961538461538465
0 0.2791690340909091 0.00652884615384608 0.01589488636363636 0.013057692307692237
0 0.7533167613636365 0.44619230769230767 0.015440340909090916 0.022307692307692244
0 0.7418394886363636 0.4778269230769231 0.021292613636363648 0.025153846153846124
0 0.8257102272727272 0.5299230769230769 0.00909090909090906 0.015076923076923083
0 0.35058238636363637 0.6746346153846154 0.017045454545454544 0.021615384615384634
0 0.9338636363636365 0.0612211538461539 0.016988636363636254 0.024711538461538396
0 0.9248295454545455 0.08972115384615376 0.02022727272727274 0.023980769230769174
0 0.9186860795454546 0.06953846153846155 0.018423295454545494 0.028615384615384605
0 0.9700213068181818 0.017019230769230842 0.018423295454545494 0.023692307692307568
0 0.9639488636363637 0.007019230769230722 0.020369318181818065 0.013961538461538444
0 0.875987215909091 0.26837500000000003 0.017059659090909077 0.024365384615384535
0 0.9947585227272726 0.5501923076923076 0.010482954545454538 0.026692307692307682
0 0.9911292613636363 0.5200769230769231 0.017741477272727287 0.028230769230769188
0 0.9831818181818183 0.49876923076923074 0.018210227272727343 0.024346153846153896
0 0.40830965909090916 0.9665288461538462 0.0181818181818182 0.023096153846153846
0 0.9743607954545456 0.5203846153846154 0.016249999999999917 0.021076923076923094
0 0.9683735795454546 0.5026826923076922 0.015326704545454494 0.01998076923076926
0 0.95515625 0.5951153846153846 0.020738636363636397 0.02684615384615386
0 0.9726988636363636 0.678548076923077 0.020909090909090947 0.026596153846153815
0 0.9222301136363636 0.7414326923076924 0.026732954545454456 0.03063461538461537
0 0.9582102272727272 0.8056538461538462 0.018636363636363642 0.025076923076923063
0 0.9779119318181819 0.8340096153846154 0.016676136363636376 0.020480769230769243
0 0.9329900568181819 0.8234230769230769 0.01842329545454533 0.026615384615384596
0 0.9456321022727273 0.9852115384615384 0.022002840909090923 0.029576923076923077
0 0.918778409090909 0.9194807692307693 0.015681818181818293 0.01965384615384615
0 0.004346590909090909 0.061576923076923085 0.008579545454545454 0.026730769230769297
0 0.7924431818181819 0.8779615384615385 0.015426136363636222 0.020884615384615383
0 0.789872159090909 0.859375 0.014005681818181837 0.016288461538461536
0 0.7691903409090909 0.864048076923077 0.013125000000000013 0.018211538461538487
0 0.7696235795454546 0.8792307692307693 0.010724431818181916 0.014230769230769227
0 0.7794176136363636 0.8686346153846154 0.011704545454545467 0.015538461538461536
0 0.8075994318181817 0.7873749999999999 0.019545454545454533 0.023711538461538458
0 0.7922514204545454 0.7920961538461538 0.017372159090909115 0.03315384615384617
0 0.7133735795454546 0.813548076923077 0.01632102272727266 0.020826923076923073
0 0.7039559659090909 0.8315096153846154 0.020724431818181784 0.02613461538461539
0 0.7035582386363637 0.7989903846153846 0.022769886363636326 0.027826923076923075
0 0.49483664772727276 0.9963557692307692 0.01754261363636367 0.007288461538461539
0 0.7652556818181818 0.9874038461538461 0.019289772727272624 0.02519230769230769
0 0.5868821022727272 0.9547980769230769 0.017088068181818225 0.027096153846153846
0 0.5513707386363637 0.5834519230769231 0.016690340909090908 0.022134615384615423
0 0.5423579545454545 0.5718269230769231 0.020369318181818228 0.025076923076923063
0 0.4346306818181818 0.7844423076923077 0.02017045454545453 0.026153846153846142
0 0.3328551136363636 0.6162307692307692 0.020198863636363636 0.024000000000000035
0 0.13392045454545454 0.7128942307692308 0.018977272727272728 0.024749999999999953
0 0.17986505681818182 0.8216153846153846 0.020781249999999994 0.028307692307692305
0 0.16748579545454545 0.8088557692307692 0.021164772727272737 0.021519230769230766
0 0.1665909090909091 0.7850673076923077 0.020142045454545465 0.025365384615384613
0 0.4753196022727273 0.9945096153846154 0.014190340909090922 0.010980769230769231
0 0.21481534090909093 0.9184230769230769 0.01809659090909088 0.01988461538461539
0 0.20438210227272727 0.9318076923076923 0.020724431818181822 0.01988461538461539
0 0.20747159090909092 0.9506442307692308 0.01576704545454549 0.02155769230769231
0 0.18871448863636367 0.8385576923076923 0.015383522727272746 0.021538461538461545
0 0.10470880681818183 0.9329615384615385 0.011406250000000001 0.019307692307692314
0 0.08918323863636364 0.9378942307692307 0.021548295454545455 0.031749999999999994
0 0.021157670454545453 0.6112884615384615 0.01799715909090909 0.023076923076923078
0 0.011548295454545453 0.6231057692307692 0.01650568181818182 0.02232692307692305
0 0.12909801136363636 0.46499999999999986 0.01680397727272727 0.023653846153846175
0 0.11745738636363635 0.4504807692307692 0.015795454545454553 0.020730769230769178
0 0.777919034090909 0.8851634615384616 0.013252840909090968 0.02151923076923078
0 0.03710227272727273 0.4487884615384615 0.01946022727272727 0.025
0 0.03677556818181818 0.4918076923076923 0.01380681818181818 0.021384615384615394
0 0.04578125 0.4257596153846154 0.015653409090909096 0.023596153846153812
0 0.1298934659090909 0.3809711538461539 0.017968749999999988 0.02663461538461532
0 0.20887784090909092 0.36349999999999993 0.02090909090909091 0.0244230769230769
0 0.27196022727272723 0.3142307692307692 0.02071022727272729 0.023846153846153913
0 0.32222301136363635 0.3518461538461538 0.015099431818181812 0.018769230769230753
0 0.06281960227272727 0.3139326923076923 0.023309659090909086 0.030942307692307755
0 0.11795454545454544 0.21287500000000004 0.019034090909090896 0.022788461538461584
0 0.09087357954545454 0.15647115384615384 0.019133522727272714 0.025557692307692236
0 0.012137784090909091 0.41376923076923067 0.015724431818181818 0.017230769230769192
0 0.1175497159090909 0.12976923076923086 0.018480113636363645 0.02892307692307696
0 0.1528622159090909 0.10336538461538458 0.01353693181818182 0.020115384615384684
0 0.009275568181818182 0.10767307692307693 0.018522727272727274 0.02546153846153848
0 0.7266051136363636 0.11838461538461542 0.019886363636363636 0.03103846153846151
0 0.4933167613636363 0.015942307692307645 0.015156250000000022 0.024461538461538514
0 0.5177769886363636 0.04140384615384607 0.01578125000000002 0.024192307692307662
0 0.5290056818181817 0.033346153846153914 0.01588068181818183 0.02334615384615393
0 0.48144886363636363 0.15818269230769233 0.02088068181818188 0.02809615384615387
0 0.520497159090909 0.17466346153846146 0.021051136363636355 0.026173076923076948
0 0.5706818181818182 0.1278942307692308 0.01840909090909096 0.02405769230769229
0 0.258125 0.10266346153846151 0.014488636363636348 0.019365384615384604
0 0.6347372159090909 0.035557692307692346 0.015411931818181769 0.021807692307692368
0 0.69921875 0.04384615384615387 0.015284090909090896 0.018999999999999993
0 0.64203125 0.05232692307692299 0.01678977272727272 0.024769230769230762
0 0.7001136363636363 0.06890384615384626 0.02119318181818176 0.02626923076923082
0 0.6588991477272728 0.06452884615384613 0.01637784090909087 0.019019230769230743
0 0.6571022727272727 0.08372115384615375 0.020511363636363633 0.024211538461538413
0 0.6703053977272727 0.17561538461538473 0.020099431818181867 0.03184615384615385
0 0.6776775568181819 0.24780769230769228 0.021434659090909056 0.03130769230769226
0 0.6800923295454546 0.2987692307692308 0.018281250000000006 0.029730769230769193
0 0.5100568181818183 0.3897403846153845 0.01664772727272723 0.0217115384615385
