0 0.3329261363636364 0.01012499999999994 0.022073863636363624 0.019211538461538478
0 0.2647301136363636 0.011990384615384597 0.01812499999999999 0.022942307692307706
0 0.9219247159090909 0.5808461538461539 0.021690340909090885 0.026153846153846142
0 0.8633877840909091 0.68225 0.02759943181818175 0.029346153846153883
0 0.8198224431818182 0.7716442307692307 0.017741477272727287 0.020288461538461533
0 0.8649644886363635 0.6539711538461539 0.02285511363636368 0.03148076923076924
0 0.9166051136363635 0.6051346153846154 0.019715909090909086 0.025615384615384658
0 0.9548366477272728 0.633951923076923 0.01813920454545452 0.028826923076923094
0 0.9016264204545454 0.6475673076923076 0.02049715909090918 0.028288461538461554
0 0.9394673295454545 0.6368942307692308 0.01734375000000005 0.024019230769230786
0 0.9197585227272728 0.6678365384615383 0.022073863636363586 0.028288461538461554
0 0.8874289772727273 0.6619711538461539 0.024431818181818245 0.03148076923076924
0 0.26315340909090906 0.04000961538461545 0.022073863636363624 0.032019230769230723
0 0.9209374999999999 0.6342211538461537 0.023664772727272684 0.03040384615384616
0 0.9027982954545455 0.6811826923076922 0.025227272727272713 0.0282884615384615
0 0.938877840909091 0.6726442307692307 0.018522727272727222 0.029365384615384633
0 0.9503053977272727 0.739625 0.022457386363636287 0.023480769230769246
0 0.9311860795454546 0.7657692307692308 0.02049715909090902 0.03096153846153845
0 0.9637073863636364 0.8015288461538461 0.023267045454545447 0.0309423076923077
0 0.93828125 0.7102692307692308 0.024431818181818086 0.028807692307692343
0 0.9568110795454546 0.6619711538461539 0.021292613636363648 0.029365384615384633
0 0.9215269886363636 0.6953365384615384 0.024048295454545544 0.02774999999999996
0 0.948927556818182 0.7615 0.019701704545454553 0.02669230769230771
0 0.28897727272727275 0.03920192307692305 0.0224715909090909 0.02828846153846161
0 0.9173863636363637 0.7532307692307693 0.025227272727272713 0.03042307692307691
0 0.8497798295454545 0.7692403846153846 0.020894886363636414 0.03148076923076924
0 0.8625923295454545 0.7252115384615385 0.024446022727272778 0.03096153846153845
0 0.8618110795454544 0.7796442307692307 0.019701704545454553 0.03309615384615383
0 0.8379616477272727 0.7641730769230769 0.016946022727272657 0.030961538461538478
0 0.8127272727272729 0.7316153846153846 0.01931818181818185 0.02453846153846152
0 0.8446590909090909 0.7454903846153846 0.02247159090909082 0.027750000000000014
0 0.8215980113636363 0.7505673076923077 0.019701704545454553 0.028288461538461554
0 0.8227840909090909 0.7916634615384615 0.019715909090909086 0.027211538461538447
0 0.6560369318181819 0.8407596153846154 0.022073863636363666 0.027211538461538447
0 0.25369318181818185 0.025067307692307583 0.015767045454545447 0.0181346153846154
0 0.64953125 0.9803173076923077 0.01931818181818177 0.02775
0 0.9173863636363635 0.30707692307692314 0.018920454545454615 0.029346153846153827
0 0.6308096590909091 0.9699038461538462 0.022869318181818133 0.029346153846153848
0 0.9286292613636363 0.3454999999999999 0.020894886363636414 0.02934615384615394
0 0.6329829545454545 0.9914903846153846 0.0224715909090909 0.01701923076923077
0 0.9278338068181818 0.3212115384615384 0.017741477272727287 0.021346153846153782
0 0.6424360795454546 0.9562980769230769 0.020099431818181867 0.026673076923076924
0 0.7047230113636364 0.9047980769230769 0.018536931818181755 0.02828846153846154
0 0.6613565340909091 0.9530961538461539 0.020894886363636334 0.029884615384615378
0 0.6438210227272727 0.921875 0.022073863636363586 0.028288461538461526
0 0.2933096590909091 0.015990384615384712 0.0224715909090909 0.02348076923076919
0 0.6887571022727272 0.9007980769230769 0.019701704545454553 0.028826923076923066
0 0.7254190340909091 0.9312115384615385 0.019701704545454553 0.025615384615384616
0 0.7141832386363636 0.9197403846153847 0.017741477272727204 0.02828846153846154
0 0.732713068181818 0.9434903846153846 0.016164772727272722 0.018134615384615384
0 0.740390625 0.9853846153846154 0.02049715909090918 0.026153846153846153
0 0.7425639204545454 0.9611057692307692 0.016946022727272816 0.02348076923076923
0 0.7285724431818181 0.9917596153846154 0.019701704545454553 0.016480769230769233
0 0.7254190340909091 0.9650961538461539 0.019701704545454553 0.03042307692307692
0 0.9028053977272728 0.3260192307692307 0.026803977272727278 0.030961538461538395
0 0.7729119318181819 0.9485576923076923 0.015369318181818092 0.022961538461538457
0 0.3553977272727273 0.0330673076923077 0.021278409090909077 0.028826923076923094
0 0.882109375 0.3457692307692307 0.019303977272727157 0.025615384615384602
0 0.7106392045454546 0.9898942307692308 0.016164772727272722 0.02021153846153846
0 0.7534019886363637 0.9912211538461538 0.02759943181818191 0.01755769230769231
0 0.7823792613636364 0.9640384615384615 0.023252840909090914 0.030423076923076924
0 0.755568181818182 0.9506923076923077 0.01931818181818185 0.029346153846153848
0 0.7815909090909091 0.9368173076923076 0.021676136363636352 0.024019230769230772
0 0.9102982954545454 0.3505673076923076 0.022073863636363586 0.02348076923076919
0 0.7910511363636363 0.9803173076923077 0.021676136363636352 0.028826923076923076
0 0.8842755681818182 0.3679134615384615 0.022073863636363586 0.021865384615384623
0 0.9020099431818182 0.3641826923076923 0.01734375000000005 0.02721153846153842
0 0.23161221590909092 0.01226923076923081 0.0204971590909091 0.02453846153846152
0 0.8340198863636363 0.9877596153846154 0.02482954545454548 0.024480769230769233
0 0.939268465909091 0.9928269230769231 0.020894886363636414 0.014346153846153845
0 0.9546377840909092 0.9509615384615384 0.024048295454545385 0.02669230769230769
0 0.8704829545454544 0.9845865384615384 0.026022727272727343 0.028826923076923076
0 0.9438068181818182 0.9664423076923077 0.025227272727272876 0.029884615384615384
0 0.9063494318181817 0.37912499999999993 0.022869318181818213 0.03574999999999995
0 0.783125 0.4069038461538462 0.021761363636363707 0.025192307692307625
0 0.8677982954545456 0.006519230769230777 0.023977272727272722 0.013038461538461487
0 0.9674502840909092 0.015057692307692383 0.025866477272727326 0.030115384615384662
0 0.9374857954545455 0.19919230769230778 0.022073863636363586 0.025615384615384602
0 0.28188210227272725 0.05548076923076928 0.024048295454545465 0.028807692307692232
0 0.9767542613636363 0.12404807692307696 0.024275568181818065 0.030750000000000017
0 0.8364204545454546 0.13557692307692304 0.01985795454545457 0.029884615384615315
0 0.81765625 0.13450961538461537 0.022698863636363663 0.028596153846153854
0 0.85234375 0.1402692307692308 0.03028409090909098 0.03415384615384614
0 0.8392542613636365 0.09864423076923079 0.026803977272727278 0.030326923076923043
0 0.9305539772727273 0.2207499999999999 0.025852272727272793 0.024346153846153896
0 0.9679190340909091 0.2408173076923077 0.02049715909090902 0.024326923076923142
0 0.9331960227272728 0.23930769230769233 0.018721590909090837 0.024692307692307753
0 0.835987215909091 0.37298076923076917 0.016946022727272657 0.030961538461538506
0 0.9023934659090909 0.27866346153846144 0.015269886363636364 0.02736538461538454
0 0.25329545454545455 0.05468269230769229 0.019715909090909086 0.026134615384615447
0 0.9373792613636364 0.38540384615384604 0.018224431818181876 0.028692307692307722
0 0.8190340909090907 0.36550961538461535 0.01931818181818185 0.0234807692307693
0 0.9181676136363636 0.42509615384615373 0.02119318181818192 0.02534615384615386
0 0.8062286931818182 0.3390961538461539 0.02049715909090902 0.02723076923076928
0 0.8740696022727273 0.40575000000000006 0.02365056818181815 0.026692307692307682
0 0.8452343750000001 0.2993461538461538 0.022173295454545473 0.028692307692307722
0 0.8201136363636364 0.3106923076923077 0.024147727272727272 0.03134615384615376
0 0.7776420454545455 0.3420288461538462 0.02247159090909098 0.02028846153846156
0 0.8132102272727273 0.271 0.01920454545454543 0.029346153846153827
0 0.9531534090909091 0.31935576923076925 0.023153409090909027 0.030019230769230795
0 0.29449573863636364 0.07390384615384615 0.020099431818181825 0.026153846153846198
0 0.8078053977272728 0.29293269230769237 0.021292613636363648 0.027750000000000014
0 0.9694105113636362 0.3323750000000001 0.02316761363636372 0.028019230769230755
0 0.8608238636363637 0.3158846153846153 0.018522727272727222 0.028807692307692343
0 0.9777840909090909 0.2976730769230769 0.02119318181818192 0.02534615384615386
0 0.9627627840909091 0.26032692307692307 0.01674715909090904 0.02534615384615386
0 0.9649786931818182 0.22196153846153843 0.02612215909090907 0.03134615384615387
0 0.945021306818182 0.26032692307692307 0.019701704545454553 0.02534615384615386
0 0.9393536931818183 0.285673076923077 0.017258522727272695 0.02134615384615389
0 0.9501988636363637 0.23930769230769244 0.017244318181818163 0.021999999999999995
0 0.9211221590909091 0.19661538461538464 0.02610795454545454 0.032692307692307694
0 0.32740767045454544 0.03760576923076919 0.01654829545454546 0.02936538461538458
0 0.2420596590909091 0.03680769230769232 0.021676136363636352 0.029884615384615423
0 0.8324289772727272 0.26765384615384613 0.020198863636363674 0.03334615384615391
0 0.7873437499999999 0.2763269230769231 0.021676136363636352 0.029346153846153827
0 0.8074147727272728 0.3937980769230769 0.018920454545454615 0.025634615384615353
0 0.8787428977272728 0.21061538461538454 0.02612215909090907 0.028692307692307722
0 0.8602627840909091 0.15458653846153847 0.020696022727272636 0.02736538461538465
0 0.8477059659090909 0.12289423076923067 0.01921874999999996 0.026673076923076824
0 0.8188423295454546 0.4228846153846153 0.021292613636363648 0.029346153846153827
0 0.8024786931818183 0.4226153846153846 0.017741477272727287 0.03415384615384614
0 0.8174005681818183 0.1065576923076923 0.021676136363636352 0.028692307692307722
0 0.959552556818182 0.1329038461538462 0.02612215909090907 0.036038461538461554
0 0.25073863636363636 0.07362499999999994 0.01696022727272727 0.02455769230769238
0 0.6607102272727272 0.19327884615384616 0.022670454545454518 0.030019230769230795
0 0.8467116477272728 0.1815961538461539 0.025127840909090825 0.029346153846153827
0 0.8129687499999999 0.2192980769230769 0.022670454545454435 0.030019230769230687
0 0.7869105113636364 0.4319519230769231 0.021292613636363648 0.02828846153846161
0 0.7476775568181818 0.19694230769230758 0.022173295454545473 0.03469230769230773
0 0.6816477272727273 0.19227884615384616 0.020198863636363674 0.0306730769230769
0 0.7642400568181817 0.40367307692307686 0.020894886363636414 0.025076923076923115
0 0.13372159090909091 0.1370961538461538 0.013409090909090905 0.035769230769230706
0 0.098046875 0.19553846153846144 0.016946022727272716 0.025615384615384602
0 0.7366477272727273 0.43835576923076924 0.01931818181818177 0.024019230769230786
0 0.29449573863636364 0.10111538461538461 0.024048295454545423 0.03149999999999999
0 0.7090553977272728 0.36551923076923076 0.020099431818181787 0.029884615384615315
0 0.008167613636363634 0.07546153846153847 0.016164772727272726 0.026692307692307682
0 0.004971590909090909 0.09494230769230771 0.009943181818181818 0.026153846153846198
0 0.10415482954545453 0.15418269230769222 0.018139204545454538 0.0282884615384615
0 0.08365767045454545 0.054115384615384565 0.02129261363636364 0.02134615384615389
0 0.026107954545454545 0.06878846153846152 0.022073863636363635 0.02723076923076928
0 0.050546875 0.09200000000000008 0.021292613636363634 0.030961538461538395
0 0.07892755681818181 0.06691346153846145 0.02129261363636364 0.027750000000000014
0 0.06690340909090908 0.18726923076923074 0.02642045454545455 0.025076923076923007
0 0.05310369318181818 0.06318269230769236 0.020099431818181822 0.030942307692307644
0 0.30178267045454543 0.05201923076923065 0.017343750000000012 0.025076923076923115
0 0.03162642045454545 0.08852884615384604 0.02049715909090909 0.027211538461538527
0 0.067890625 0.08346153846153836 0.01893465909090909 0.029884615384615423
0 0.054680397727272734 0.11468269230769224 0.020099431818181815 0.02828846153846161
0 0.6686505681818182 0.34790384615384606 0.022073863636363666 0.028807692307692232
0 0.6901349431818182 0.3388269230769231 0.021690340909090885 0.02561538461538471
0 0.11973011363636363 0.5240192307692308 0.02167613636363637 0.03576923076923076
0 0.3821946022727273 0.7311153846153846 0.01734375000000005 0.012807692307692301
0 0.018224431818181817 0.1037403846153846 0.02127840909090909 0.030942307692307755
0 0.031427556818181816 0.20434615384615384 0.019303977272727275 0.025076923076923007
0 0.7325142045454546 0.4474326923076922 0.027585227272727216 0.037903846153846114
0 0.2745880681818182 0.08163461538461536 0.021278409090909115 0.032038461538461474
0 0.010291193181818183 0.19100000000000006 0.020582386363636365 0.03042307692307691
0 0.04897017045454546 0.20754807692307697 0.018139204545454545 0.02721153846153842
0 0.08464488636363637 0.1493653846153845 0.02482954545454545 0.03042307692307691
0 0.7092542613636363 0.3412307692307692 0.01813920454545452 0.026153846153846198
0 0.037734375 0.18193269230769238 0.024048295454545454 0.0282884615384615
0 0.03399147727272727 0.22995192307692303 0.019715909090909093 0.02721153846153842
0 0.07223011363636363 0.16884615384615376 0.026022727272727274 0.03523076923076922
0 0.047982954545454544 0.24090384615384608 0.022471590909090903 0.030961538461538395
0 0.0740056818181818 0.20887500000000003 0.02247159090909091 0.032019230769230723
0 0.12110795454545453 0.3249519230769231 0.025227272727272734 0.0336346153846154
0 0.23398437500000002 0.06988461538461543 0.01813920454545456 0.029884615384615423
0 0.027485795454545457 0.4106153846153846 0.022471590909090913 0.029884615384615423
0 0.17511363636363636 0.7601730769230769 0.021278409090909098 0.02561538461538463
0 0.24935369318181821 0.010663461538461427 0.01654829545454546 0.021326923076923028
0 0.007734375000000001 0.6264807692307692 0.015468750000000002 0.03042307692307691
0 0.04384943181818182 0.6987884615384615 0.018920454545454546 0.021346153846153834
0 0.024723011363636364 0.6320865384615384 0.020894886363636365 0.028826923076923094
0 0.00950284090909091 0.5944615384615385 0.01900568181818182 0.03042307692307691
0 0.011477272727272727 0.6566346153846154 0.022954545454545453 0.03096153846153845
0 0.05073863636363636 0.6745192307692307 0.018522727272727278 0.03469230769230773
0 0.046796875 0.5640384615384615 0.014588068181818181 0.029346153846153883
0 0.234375 0.24441346153846155 0.01812499999999999 0.027750000000000014
0 0.04759232954545454 0.5360192307692309 0.020099431818181815 0.02988461538461537
0 0.141796875 0.517076923076923 0.017741477272727266 0.029346153846153827
0 0.06473721590909091 0.5531057692307693 0.02129261363636364 0.019211538461538478
0 0.6467755681818181 0.36657692307692313 0.01931818181818185 0.025615384615384602
0 0.039900568181818176 0.516548076923077 0.02443181818181818 0.028288461538461554
0 0.06218039772727273 0.5744519230769232 0.020894886363636365 0.02667307692307693
0 0.06691051136363636 0.5301538461538462 0.020894886363636365 0.028807692307692288
0 0.6329758522727272 0.39486538461538456 0.018536931818181834 0.028807692307692343
0 0.13036931818181818 0.5029423076923076 0.0224715909090909 0.029884615384615423
0 0.62390625 0.35376923076923084 0.0224715909090909 0.028807692307692232
0 0.22196022727272727 0.26575961538461534 0.02403409090909089 0.03628846153846155
0 0.15461647727272726 0.5013365384615385 0.019715909090909103 0.0234807692307693
0 0.6286363636363637 0.36950961538461535 0.02247159090909098 0.024019230769230786
0 0.15757102272727275 0.5266826923076924 0.020880681818181823 0.03148076923076924
0 0.6181960227272728 0.40900961538461544 0.022869318181818133 0.02828846153846161
0 0.6116903409090909 0.3943365384615385 0.024034090909090852 0.033096153846153914
0 0.10848721590909091 0.5381634615384616 0.017343750000000012 0.03309615384615381
0 0.08306818181818182 0.5114711538461538 0.03428977272727273 0.05336538461538467
0 0.01960227272727273 0.5749807692307692 0.024829545454545455 0.03307692307692311
0 0.035561079545454545 0.6171346153846153 0.02365056818181818 0.029884615384615423
0 0.03615767045454545 0.6681057692307693 0.024048295454545458 0.028288461538461554
0 0.2138778409090909 0.2300000000000001 0.021278409090909077 0.03842307692307685
0 0.06257102272727272 0.6611730769230769 0.02247159090909091 0.027230769230769225
0 0.6097230113636364 0.3639134615384616 0.020099431818181787 0.030942307692307644
0 0.061583806818181826 0.7465576923076923 0.02444602272727273 0.03361538461538462
0 0.5935582386363637 0.3777884615384616 0.021690340909090885 0.029884615384615423
0 0.07538352272727272 0.7660384615384616 0.018920454545454546 0.028807692307692315
0 0.08188210227272727 0.7873846153846153 0.013792613636363638 0.022423076923076917
0 0.6422514204545454 0.8585192307692308 0.019701704545454553 0.02669230769230771
0 0.067890625 0.7775096153846154 0.014190340909090911 0.028288461538461526
0 0.09923295454545454 0.6771826923076922 0.0224715909090909 0.025096153846153813
0 0.07439630681818182 0.8044711538461539 0.018536931818181814 0.027750000000000014
0 0.19889914772727268 0.2670865384615384 0.02365056818181819 0.0336346153846154
0 0.053302556818181815 0.7761826923076923 0.019701704545454547 0.027749999999999986
0 0.10396306818181818 0.702 0.021676136363636352 0.02988461538461537
0 0.055276988636363635 0.8017980769230769 0.02129261363636363 0.0309423076923077
0 0.16525568181818182 0.9216153846153846 0.019715909090909086 0.030423076923076924
0 0.16723011363636361 0.9493557692307693 0.022073863636363645 0.028288461538461533
0 0.15402698863636363 0.9037307692307692 0.023252840909090914 0.029884615384615384
0 0.1449502840909091 0.9504326923076923 0.024048295454545465 0.031480769230769236
0 0.22511363636363638 0.44453846153846155 0.017727272727272713 0.01707692307692307
0 0.4452698863636364 0.7087115384615384 0.014971590909090938 0.02453846153846152
0 0.2952840909090909 0.9413942307692308 0.01852272727272726 0.019211538461538457
0 0.34751420454545456 0.010663461538461427 0.012613636363636356 0.021326923076923028
0 0.2416690340909091 0.27082692307692313 0.022457386363636367 0.03042307692307691
0 0.29725142045454545 0.992576923076923 0.012230113636363615 0.014846153846153846
0 0.6322017045454545 0.774201923076923 0.018522727272727222 0.021365384615384616
0 0.33115056818181815 0.985951923076923 0.01380681818181818 0.02721153846153846
0 0.6048011363636363 0.8024903846153846 0.022869318181818133 0.03309615384615386
0 0.636534090909091 0.8449134615384615 0.02011363636363632 0.020826923076923073
0 0.30691051136363634 0.9574134615384615 0.021292613636363648 0.02775
0 0.18943892045454547 0.9448653846153846 0.02600852272727275 0.03469230769230769
0 0.3136150568181818 0.9877788461538461 0.0204971590909091 0.024442307692307694
0 0.6325923295454546 0.8051538461538461 0.020894886363636334 0.02561538461538463
0 0.5973082386363636 0.7787307692307692 0.0204971590909091 0.026153846153846142
0 0.19081676136363637 0.5104519230769231 0.016946022727272737 0.02294230769230765
0 0.6128835227272728 0.7429807692307693 0.0248295454545454 0.025076923076923063
0 0.3211008522727273 0.9445961538461538 0.019701704545454553 0.02026923076923077
0 0.3057244318181818 0.9758173076923077 0.015767045454545447 0.027211538461538457
0 0.325234375 0.9616826923076923 0.011434659090909106 0.019211538461538464
0 0.3425852272727273 0.9869711538461539 0.01696022727272727 0.02605769230769231
0 0.281484375 0.9888461538461538 0.020894886363636376 0.022307692307692306
0 0.27063920454545454 0.9656826923076923 0.018920454545454535 0.028288461538461537
0 0.18254261363636362 0.9301826923076923 0.01852272727272728 0.027750000000000007
0 0.5971164772727273 0.756048076923077 0.021676136363636352 0.027749999999999986
0 0.20776988636363633 0.9395288461538461 0.020880681818181843 0.036826923076923083
0 0.1888494318181818 0.23639423076923083 0.02642045454545454 0.03628846153846155
0 0.2578338068181818 0.9739519230769231 0.023252840909090876 0.028826923076923073
0 0.2862144886363636 0.9574038461538461 0.020099431818181825 0.02880769230769231
0 0.6191903409090909 0.7894134615384616 0.018522727272727302 0.02509615384615384
0 0.264921875 0.9368557692307692 0.024048295454545465 0.03363461538461538
0 0.32425426136363633 0.8978942307692308 0.01813920454545456 0.022942307692307692
0 0.30454545454545456 0.9037692307692308 0.01812499999999999 0.028269230769230776
0 0.27931107954545453 0.9200480769230769 0.0204971590909091 0.032019230769230765
0 0.6152485795454545 0.766201923076923 0.018536931818181834 0.023480769230769246
0 0.31301846590909094 0.9240480769230769 0.016946022727272737 0.025096153846153855
0 0.3605184659090909 0.9595384615384616 0.024446022727272778 0.03307692307692308
0 0.5576207386363636 0.29937500000000006 0.02365056818181815 0.032019230769230723
0 0.35992897727272727 0.9877788461538461 0.021676136363636352 0.024442307692307694
0 0.3398224431818182 0.9614038461538461 0.020099431818181825 0.026153846153846156
0 0.33174005681818186 0.9216442307692307 0.02129261363636361 0.024557692307692315
0 0.6280539772727273 0.7544615384615385 0.019715909090909086 0.02561538461538463
0 0.18411931818181818 0.5600865384615386 0.020113636363636337 0.024019230769230786
0 0.2970525568181818 0.9208461538461539 0.01734374999999997 0.025076923076923077
0 0.26118607954545453 0.9029711538461539 0.02365056818181815 0.033096153846153845
0 0.19476562500000003 0.9731538461538461 0.027201704545454532 0.030423076923076924
0 0.3788494318181818 0.6977692307692307 0.021676136363636352 0.024000000000000035
0 0.36544744318181815 0.7108461538461538 0.018536931818181834 0.022423076923076917
0 0.5394886363636364 0.2721538461538461 0.019715909090909086 0.026692307692307682
0 0.5812642045454545 0.14221153846153856 0.025227272727272713 0.03469230769230773
0 0.584424715909091 0.06401923076923077 0.021292613636363648 0.026692307692307682
0 0.17780539772727272 0.5235192307692308 0.017741477272727246 0.024538461538461575
0 0.5686576704545454 0.13687499999999997 0.021292613636363648 0.03148076923076924
0 0.5838352272727273 0.09977884615384613 0.021676136363636352 0.033096153846153914
0 0.5798863636363637 0.17609615384615385 0.01931818181818185 0.030961538461538506
0 0.37747159090909094 0.14327884615384612 0.018920454545454535 0.018673076923076994
0 0.3352911931818182 0.06135576923076913 0.01498579545454543 0.028826923076922986
0 0.34850142045454546 0.9104423076923077 0.020099431818181787 0.028807692307692315
0 0.36347301136363636 0.8664134615384615 0.024048295454545506 0.02721153846153847
0 0.5607741477272726 0.32018269230769236 0.0204971590909091 0.027750000000000014
0 0.4040767045454546 0.8592115384615384 0.0248295454545454 0.035230769230769246
0 0.3820028409090908 0.8210480769230769 0.0208806818181818 0.028288461538461526
0 0.42240767045454547 0.8706826923076922 0.02365056818181815 0.03148076923076924
0 0.35816051136363636 0.888826923076923 0.0204971590909091 0.022961538461538457
0 0.3766761363636364 0.8536057692307693 0.022073863636363586 0.02509615384615387
0 0.3668252840909091 0.9131057692307692 0.021292613636363648 0.030942307692307686
0 0.34691761363636364 0.9411346153846154 0.01852272727272726 0.02615384615384615
0 0.38180397727272725 0.9704807692307692 0.018920454545454535 0.02826923076923077
0 0.44014914772727276 0.9864903846153846 0.01813920454545452 0.020826923076923076
0 0.4318678977272727 0.7385961538461538 0.021292613636363568 0.02988461538461537
0 0.5656960227272727 0.3527403846153846 0.021676136363636352 0.032019230769230723
0 0.40782670454545455 0.7639519230769231 0.022073863636363666 0.03255769230769232
0 0.4728622159090909 0.7377884615384616 0.024446022727272698 0.03042307692307691
0 0.5022372159090909 0.6929615384615384 0.02720170454545451 0.026153846153846142
0 0.44842329545454546 0.7340576923076922 0.018920454545454615 0.02399999999999998
0 0.4342329545454545 0.7036442307692308 0.021278409090909115 0.028288461538461554
0 0.4608451704545455 0.7191153846153846 0.021690340909090885 0.029346153846153827
0 0.4612357954545455 0.6977692307692307 0.01931818181818177 0.020807692307692294
0 0.39205965909090906 0.7738173076923076 0.022073863636363586 0.028826923076923066
0 0.3853551136363636 0.7127115384615386 0.021278409090909035 0.025076923076923063
0 0.3406107954545455 0.7380576923076922 0.01931818181818181 0.02453846153846152
0 0.5444105113636364 0.34687500000000004 0.023252840909090914 0.03521153846153836
0 0.35795454545454547 0.7732884615384615 0.016164772727272722 0.02988461538461537
0 0.36288352272727276 0.8197115384615384 0.019715909090909124 0.02988461538461537
0 0.3739204545454546 0.7764903846153847 0.016562499999999956 0.0245576923076923
0 0.39757812499999995 0.7474038461538461 0.01813920454545452 0.02615384615384617
0 0.37294034090909095 0.7991730769230769 0.02482954545454548 0.02615384615384617
0 0.37372159090909096 0.836798076923077 0.01931818181818177 0.023480769230769218
0 0.34317471590909093 0.861875 0.02365056818181815 0.0309423076923077
0 0.34633522727272725 0.8226442307692308 0.015767045454545447 0.027211538461538447
0 0.31420454545454546 0.8698846153846154 0.02482954545454544 0.026692307692307682
0 0.3567755681818182 0.8450673076923076 0.01852272727272726 0.02936538461538461
0 0.182734375 0.4987019230769232 0.0204971590909091 0.0282884615384615
0 0.3323366477272727 0.8354615384615385 0.021690340909090885 0.029346153846153827
0 0.34475142045454543 0.8842980769230769 0.017343750000000012 0.023480769230769218
0 0.3193252840909091 0.8469326923076923 0.020099431818181825 0.022403846153846163
0 0.3473153409090909 0.7860961538461538 0.020880681818181843 0.03415384615384617
0 0.3076988636363636 0.8141153846153846 0.022073863636363624 0.026153846153846142
0 0.3281960227272727 0.7957019230769231 0.019715909090909086 0.02667307692307693
0 0.32267755681818183 0.7676826923076923 0.021292613636363648 0.02509615384615384
0 0.30632102272727274 0.8514711538461539 0.015369318181818171 0.022942307692307706
0 0.33844460227272727 0.8968365384615384 0.013394886363636333 0.024019230769230772
0 0.32997159090909095 0.8762884615384615 0.01380681818181818 0.022423076923076917
0 0.5796946022727273 0.29457692307692296 0.0204971590909091 0.03307692307692305
0 0.2921306818181818 0.8528076923076924 0.018522727272727302 0.030961538461538478
0 0.2913423295454546 0.8173076923076923 0.020099431818181825 0.026153846153846142
0 0.3147940340909091 0.7863653846153846 0.0204971590909091 0.029346153846153855
0 0.3205113636363636 0.7340576923076922 0.02247159090909094 0.03149999999999999
0 0.3023721590909091 0.7668846153846154 0.0224715909090909 0.025615384615384602
0 0.26255681818181814 0.7738173076923076 0.01931818181818181 0.027749999999999986
0 0.24324573863636365 0.7447403846153846 0.022457386363636367 0.028288461538461554
0 0.28916903409090905 0.7255192307692309 0.02444602272727274 0.03149999999999999
0 0.28779119318181823 0.7578076923076923 0.020099431818181825 0.025615384615384602
0 0.2521164772727273 0.7642115384615384 0.022073863636363624 0.027769230769230793
0 0.17485795454545452 0.5459326923076924 0.018920454545454535 0.02455769230769233
0 0.4976988636363636 0.275625 0.021278409090909115 0.02721153846153842
0 0.2795099431818182 0.7772884615384615 0.017741477272727287 0.028269230769230776
0 0.2970596590909091 0.7900961538461538 0.015767045454545447 0.022961538461538457
0 0.2883806818181818 0.7951634615384615 0.013409090909090905 0.023480769230769246
0 0.3035582386363636 0.7455384615384615 0.017741477272727246 0.022423076923076945
0 0.31301846590909094 0.7015 0.01615056818181819 0.026153846153846198
0 0.2933096590909091 0.6766826923076923 0.020113636363636358 0.027750000000000014
0 0.3343039772727273 0.7020384615384616 0.025624999999999988 0.036807692307692284
0 0.307890625 0.7199134615384616 0.016946022727272737 0.023480769230769246
0 0.29626420454545455 0.704173076923077 0.018920454545454535 0.026153846153846142
0 0.31085227272727267 0.6676153846153847 0.022869318181818175 0.03203846153846153
0 0.49474431818181813 0.30044230769230773 0.015369318181818171 0.021346153846153782
0 0.3457386363636364 0.6758846153846154 0.024034090909090932 0.029346153846153827
0 0.3268181818181818 0.6750961538461538 0.01616477272727276 0.02988461538461537
0 0.35283380681818177 0.6476057692307693 0.023252840909090876 0.0336346153846154
0 0.3297727272727273 0.61825 0.024431818181818166 0.032538461538461516
0 0.3323366477272727 0.6502788461538462 0.021690340909090885 0.04109615384615385
0 0.3772727272727273 0.6796249999999999 0.0201136363636364 0.02509615384615387
0 0.3605184659090909 0.6876346153846153 0.01813920454545456 0.026153846153846142
0 0.3778622159090909 0.7535384615384615 0.0204971590909091 0.028807692307692315
0 0.36446022727272726 0.7377884615384616 0.019715909090909086 0.029346153846153827
0 0.26118607954545453 0.5798269230769231 0.021292613636363648 0.027230769230769225
0 0.44921164772727273 0.26575000000000004 0.01498579545454539 0.02242307692307686
0 0.18747159090909093 0.5808942307692307 0.022869318181818175 0.02721153846153842
0 0.19416903409090908 0.5355288461538461 0.021292613636363648 0.0336346153846154
0 0.24600142045454546 0.5136538461538462 0.020099431818181787 0.029346153846153775
0 0.24501420454545456 0.5515384615384615 0.018920454545454535 0.029346153846153883
0 0.22885653409090911 0.509375 0.021292613636363648 0.036826923076923035
0 0.20461647727272728 0.4885673076923077 0.023267045454545447 0.02936538461538458
0 0.2540838068181818 0.5309903846153846 0.021292613636363648 0.023480769230769246
0 0.23891335227272725 0.480826923076923 0.023252840909090914 0.029884615384615423
0 0.2647301136363636 0.552875 0.022869318181818175 0.027750000000000014
0 0.2085582386363636 0.5144519230769231 0.020894886363636376 0.03201923076923078
0 0.5049928977272727 0.2921730769230769 0.013792613636363608 0.017615384615384554
0 0.8318536931818182 0.5133461538461539 0.02365056818181831 0.035230769230769274
0 0.8921590909090908 0.4837307692307692 0.024431818181818086 0.026153846153846087
0 0.8574715909090909 0.4354230769230769 0.021278409090909115 0.030961538461538506
0 0.8949218750000001 0.4613076923076923 0.02285511363636368 0.021884615384615377
0 0.9321732954545454 0.43836538461538466 0.021676136363636352 0.03042307692307691
0 0.9558238636363637 0.552298076923077 0.01931818181818185 0.028826923076923094
0 0.937890625 0.414875 0.02759943181818191 0.0282884615384615
0 0.8539204545454545 0.5176153846153846 0.022073863636363586 0.029884615384615423
0 0.8793536931818182 0.4738461538461538 0.020099431818181787 0.028807692307692232
0 0.8454474431818181 0.49279807692307687 0.026406250000000044 0.0336346153846154
0 0.48055397727272725 0.31325000000000003 0.02011363636363632 0.022423076923076973
0 0.874424715909091 0.43274999999999997 0.02049715909090902 0.029884615384615423
0 0.8645738636363636 0.4823942307692308 0.022073863636363586 0.027750000000000014
0 0.11992897727272728 0.14670192307692298 0.015767045454545468 0.0282884615384615
0 0.8860511363636363 0.4415673076923077 0.02482954545454548 0.02721153846153842
0 0.9097017045454546 0.4436923076923077 0.02247159090909098 0.025076923076923115
0 0.9374928977272727 0.4629134615384616 0.01813920454545452 0.024019230769230678
0 0.9654829545454546 0.45971153846153834 0.019715909090909086 0.025076923076923115
0 0.9572088068181818 0.4164807692307694 0.01734375000000005 0.028269230769230748
0 0.9185724431818181 0.4621057692307693 0.022088068181818278 0.032019230769230723
0 0.9252769886363637 0.39620192307692303 0.024446022727272778 0.027211538461538527
0 0.5221377840909092 0.2892403846153846 0.0228551136363636 0.02028846153846156
0 0.947940340909091 0.393 0.021676136363636352 0.022961538461538457
0 0.9681818181818183 0.42835576923076923 0.021676136363636352 0.02148076923076915
0 0.9702059659090909 0.4058076923076923 0.02049715909090918 0.025076923076923115
0 0.945575284090909 0.3599038461538461 0.031917613636363515 0.029346153846153827
0 0.9603551136363635 0.3895288461538461 0.022869318181818213 0.029903846153846177
0 0.8501775568181817 0.3689807692307693 0.017741477272727287 0.03042307692307691
0 0.8385440340909092 0.42501923076923076 0.02049715909090902 0.02723076923076917
0 0.7662144886363635 0.45516346153846154 0.020894886363636414 0.032019230769230723
0 0.774296875 0.38339423076923074 0.021292613636363648 0.02721153846153842
0 0.7677911931818181 0.42528846153846145 0.021690340909090885 0.026692307692307682
0 0.5524928977272728 0.25614423076923076 0.024446022727272698 0.030942307692307755
0 0.7987428977272728 0.45009615384615387 0.02049715909090902 0.029346153846153827
0 0.8277059659090908 0.4450288461538461 0.023252840909090914 0.02455769230769238
0 0.8446590909090909 0.397 0.02011363636363648 0.029884615384615315
0 0.8832883522727273 0.38739423076923074 0.024048295454545385 0.02240384615384611
0 0.864375 0.36524999999999996 0.01931818181818185 0.025076923076923007
0 0.8304687500000001 0.40447115384615395 0.02011363636363632 0.029903846153846177
0 0.7969602272727272 0.3679134615384615 0.01931818181818185 0.02828846153846161
0 0.8265269886363636 0.3508365384615385 0.023252840909090754 0.022942307692307595
0 0.8434801136363635 0.3257596153846154 0.02482954545454532 0.03255769230769232
0 0.9899857954545456 0.4815769230769231 0.020028409090909124 0.028807692307692343
0 0.5219460227272728 0.26575961538461546 0.018522727272727302 0.027750000000000014
0 0.3497230113636363 0.7417211538461539 0.011036931818181833 0.03201923076923075
0 0.27735795454545453 0.8053365384615385 0.018920454545454535 0.023480769230769218
0 0.26669744318181815 0.8007692307692308 0.02365056818181819 0.030423076923076938
0 0.037457386363636366 0.6457115384615385 0.013238636363636364 0.01792307692307691
0 0.047556818181818186 0.7302500000000001 0.015767045454545457 0.023038461538461518
0 0.8209730113636362 0.3827019230769231 0.02365056818181815 0.018673076923076994
0 0.9939275568181817 0.6085096153846155 0.011832386363636422 0.030019230769230743
0 0.8765056818181818 0.1888557692307693 0.016164772727272722 0.015480769230769253
0 0.9951136363636363 0.04662500000000003 0.009772727272727266 0.024557692307692273
0 0.9941264204545455 0.011038461538461553 0.011747159090909065 0.022076923076923112
0 0.5233238636363636 0.31192307692307686 0.025227272727272713 0.026153846153846198
0 0.8785653409090909 0.320951923076923 0.01931818181818169 0.02936538461538458
0 0.8870383522727271 0.2713173076923078 0.019701704545454553 0.0282884615384615
0 0.8976775568181818 0.3033365384615385 0.021292613636363648 0.03148076923076924
0 0.8639772727272728 0.34070192307692304 0.02798295454545461 0.027211538461538527
0 0.9879545454545454 0.3068076923076922 0.022869318181818213 0.027769230769230765
0 0.9217258522727273 0.2747788461538462 0.02208806818181812 0.027750000000000014
0 0.9953125 0.27957692307692306 0.009375000000000033 0.022961538461538457
0 0.9815553977272727 0.46209615384615377 0.02049715909090918 0.02723076923076928
0 0.9738636363636363 0.4738365384615384 0.016164772727272722 0.018673076923076883
0 0.9762357954545454 0.49250961538461546 0.02562499999999995 0.019749999999999965
0 0.5383025568181818 0.30498076923076933 0.018934659090909068 0.026153846153846087
0 0.9754403409090909 0.5151923076923077 0.03508522727272718 0.02988461538461537
0 0.9634161931818181 0.48424999999999996 0.01734375000000005 0.02561538461538471
0 0.9460795454545454 0.47676923076923083 0.018920454545454615 0.026692307692307682
0 0.9582954545454545 0.529875 0.021278409090909115 0.02509615384615387
0 0.9897940340909092 0.5538846153846153 0.020411931818181826 0.034692307692307675
0 0.9519957386363636 0.5029230769230768 0.02365056818181815 0.02988461538461537
0 0.9736718749999999 0.5429519230769231 0.02049715909090902 0.02667307692307693
0 0.9372940340909092 0.3094807692307693 0.020099431818181787 0.026692307692307682
0 0.9895951704545454 0.5848461538461538 0.02080965909090906 0.029346153846153827
0 0.9916051136363635 0.7246730769230769 0.016164772727272722 0.030423076923076966
0 0.3199147727272727 0.021865384615384675 0.013409090909090905 0.028807692307692343
0 0.5055823863636364 0.31725000000000003 0.022073863636363586 0.03042307692307691
0 0.98234375 0.671298076923077 0.026022727272727343 0.033634615384615346
0 0.9592826704545455 0.7075961538461538 0.020099431818181787 0.030423076923076966
0 0.884090909090909 0.5823653846153846 0.02906250000000005 0.038692307692307644
0 0.9464772727272728 0.6894423076923077 0.025227272727272713 0.025076923076923063
0 0.9693394886363635 0.6811730769230769 0.02049715909090902 0.025615384615384602
0 0.9730823863636363 0.7182692307692308 0.02247159090909098 0.03361538461538465
0 0.9949147727272728 0.778298076923077 0.0101704545454545 0.028826923076923066
0 0.9864772727272727 0.7422788461538462 0.01931818181818185 0.024019230769230758
0 0.9839204545454546 0.7799038461538461 0.016562499999999956 0.01815384615384615
0 0.9716974431818183 0.7646923076923077 0.02444602272727262 0.027230769230769225
0 0.44389204545454547 0.5502115384615385 0.021676136363636352 0.02988461538461537
0 0.9829332386363635 0.7969807692307692 0.01615056818181819 0.020269230769230782
0 0.9915624999999999 0.7598846153846154 0.016874999999999994 0.0218846153846154
0 0.9687428977272727 0.7820384615384616 0.017741477272727287 0.020269230769230782
0 0.9949147727272728 0.7999134615384615 0.0101704545454545 0.01975000000000002
0 0.7485866477272727 0.4873076923076922 0.020213068181818207 0.017999999999999915
0 0.8015553977272728 0.3138653846153847 0.013792613636363527 0.016692307692307704
0 0.7749502840909092 0.2588269230769231 0.014786931818181774 0.021346153846153782
0 0.9028125 0.5880384615384615 0.020198863636363674 0.032692307692307694
0 0.8446732954545454 0.6524134615384616 0.020198863636363674 0.02001923076923076
0 0.6544673295454545 0.09323076923076923 0.02285511363636368 0.025615384615384602
0 0.5318039772727272 0.3324615384615385 0.0224715909090909 0.028807692307692343
0 0.6481676136363637 0.08068269230769232 0.01576704545454549 0.024019230769230786
0 0.6373224431818181 0.07561538461538464 0.020894886363636334 0.028807692307692343
0 0.5990838068181819 0.08682692307692308 0.023252840909090914 0.029884615384615423
0 0.631015625 0.09482692307692309 0.020099431818181787 0.02453846153846152
0 0.6032244318181817 0.11776923076923074 0.024431818181818166 0.03415384615384614
0 0.6134730113636363 0.162875 0.021292613636363648 0.03148076923076924
0 0.6402769886363636 0.13111538461538463 0.02285511363636368 0.028807692307692343
0 0.593565340909091 0.16447115384615385 0.02088068181818188 0.027211538461538527
0 0.6245099431818182 0.11911538461538462 0.021292613636363568 0.030423076923077018
0 0.6544744318181818 0.11750961538461546 0.022073863636363586 0.03148076923076924
0 0.5097230113636364 0.4037115384615385 0.019303977272727237 0.03469230769230762
0 0.626484375 0.1457980769230769 0.0204971590909091 0.02828846153846161
0 0.5990838068181819 0.14712499999999995 0.01299715909090906 0.02667307692307693
0 0.6140696022727273 0.0982884615384616 0.017741477272727287 0.03042307692307691
0 0.6111079545454546 0.13458653846153845 0.016562500000000036 0.026134615384615336
0 0.5955326704545455 0.3160384615384616 0.020894886363636414 0.03469230769230773
0 0.5781960227272728 0.31737499999999996 0.01931818181818185 0.030942307692307644
0 0.5804829545454545 0.3428653846153845 0.018920454545454535 0.03042307692307691
0 0.5923792613636363 0.3541923076923077 0.017741477272727204 0.02134615384615389
0 0.6832457386363636 0.5375192307692307 0.01813920454545452 0.03896153846153844
0 0.6176136363636363 0.6498557692307693 0.0224715909090909 0.02774999999999996
0 0.492578125 0.3941057692307691 0.021292613636363648 0.03040384615384616
0 0.6154403409090908 0.6997596153846154 0.025227272727272713 0.03148076923076924
0 0.4192542613636363 0.5197884615384616 0.0228551136363636 0.03096153846153845
0 0.6558522727272728 0.8168942307692307 0.0224715909090909 0.0245576923076923
0 0.4943465909090909 0.4218557692307693 0.021676136363636352 0.03255769230769232
0 0.47325994318181813 0.4031730769230769 0.018934659090909068 0.026153846153846087
0 0.5383025568181818 0.36688461538461536 0.02365056818181823 0.03042307692307691
0 0.3609090909090909 0.011201923076923137 0.015767045454545447 0.02240384615384611
0 0.5103125 0.43199999999999994 0.01576704545454549 0.025076923076923115
0 0.48725142045454545 0.44026923076923075 0.016946022727272737 0.028807692307692343
0 0.4513778409090909 0.41038461538461535 0.02562500000000003 0.03523076923076922
0 0.46912642045454545 0.3780961538461539 0.020894886363636334 0.02723076923076928
0 0.4645880681818182 0.4325288461538461 0.025227272727272713 0.036826923076923146
0 0.5028267045454545 0.4512115384615385 0.022869318181818213 0.03042307692307691
0 0.5300213068181818 0.5051153846153846 0.019701704545454553 0.021884615384615322
0 0.5152414772727273 0.4760192307692307 0.01931818181818177 0.025615384615384602
0 0.5412571022727273 0.5197884615384616 0.014588068181818155 0.024538461538461467
0 0.522734375 0.49150000000000005 0.016946022727272737 0.025615384615384602
0 0.3214985795454545 0.06188461538461543 0.017343750000000012 0.026692307692307682
0 0.5278551136363636 0.5277884615384616 0.0201136363636364 0.025615384615384658
0 0.4693181818181818 0.5389903846153845 0.018920454545454535 0.03201923076923078
0 0.5089346590909091 0.5115192307692308 0.021676136363636352 0.029346153846153827
0 0.4793678977272728 0.5155192307692307 0.020099431818181867 0.02453846153846152
0 0.4618252840909091 0.548875 0.01813920454545452 0.02721153846153847
0 0.4346306818181818 0.5296634615384616 0.021278409090909115 0.02721153846153847
0 0.5028196022727273 0.5445961538461539 0.0204971590909091 0.025076923076923115
0 0.5335724431818182 0.5467403846153847 0.018934659090909068 0.024019230769230786
0 0.49415482954545453 0.5256634615384616 0.0204971590909091 0.02348076923076919
0 0.34061789772727274 0.8053076923076923 0.014588068181818197 0.013884615384615382
0 0.33725852272727275 0.03040384615384617 0.016562499999999994 0.02561538461538471
0 0.644815340909091 0.698951923076923 0.02562500000000003 0.03736538461538457
0 0.6363352272727273 0.6559903846153846 0.022869318181818133 0.02721153846153847
0 0.6126846590909091 0.6738653846153846 0.01812499999999999 0.022423076923076917
0 0.6534872159090909 0.673875 0.023252840909090914 0.03309615384615386
0 0.7001988636363636 0.5468557692307692 0.026022727272727343 0.0309423076923077
0 0.6696448863636363 0.5423173076923077 0.0224715909090909 0.028288461538461554
0 0.6323934659090908 0.6784134615384616 0.021292613636363648 0.024019230769230786
0 0.5929758522727273 0.6770673076923077 0.024446022727272698 0.028826923076923038
0 0.636534090909091 0.8251634615384615 0.02011363636363632 0.02294230769230768
0 0.6475710227272727 0.8062211538461539 0.01696022727272727 0.02028846153846156
0 0.30867897727272725 0.02613461538461548 0.016164772727272722 0.029884615384615315
0 0.6381107954545455 0.7894134615384616 0.0224715909090909 0.014403846153846144
0 0.925078125 0.36924999999999997 0.016946022727272816 0.029884615384615315
0 0.925078125 0.4914615384615385 0.027997159090909142 0.0363076923076923
0 0.8491903409090908 0.6699807692307692 0.022073863636363746 0.026153846153846142
0 0.9845951704545454 0.6270192307692308 0.024048295454545385 0.03096153846153845
0 0.9638991477272728 0.5832596153846155 0.029957386363636408 0.02455769230769233
0 0.9365127840909092 0.5563076923076924 0.020894886363636254 0.029346153846153827
0 0.9692258522727273 0.5648461538461538 0.020894886363636414 0.025076923076923115
0 0.9688352272727272 0.604875 0.02877840909090924 0.03148076923076924
0 0.9361150568181817 0.5341634615384615 0.024048295454545544 0.02774999999999996
