0 0.6373721590909092 0.9067788461538461 0.04235795454545454 0.1430961538461539
0 0.5112357954545454 0.36342307692307696 0.022926136363636426 0.03519230769230766
0 0.509453125 0.2520192307692308 0.02063920454545459 0.03276923076923075
0 0.472890625 0.08823076923076922 0.017741477272727287 0.025884615384615388
0 0.07208806818181823 0.04110576923076923 0.0783806818181819 0.08221153846153846
0 0.07086647727272744 0.21136538461538462 0.06659090909090909 0.08265384615384616
0 0.028132102272727222 0.28965384615384615 0.05575284090909091 0.08515384615384615
0 0.2271164772727272 0.31232692307692306 0.07568181818181814 0.1130769230769231
0 0.1834659090909091 0.4520480769230769 0.023778409090909104 0.03778846153846149
0 0.1881605113636362 0.4665096153846154 0.1287642045454545 0.21236538461538462
0 0.2631107954545455 0.4922980769230769 0.06840909090909095 0.1351730769230769
0 0.2628835227272728 0.6024711538461538 0.021590909090909074 0.041557692307692226
0 0.23696732954545463 0.3998653846153846 0.07453124999999995 0.07453846153846153
0 0.020745738636363642 0.6093942307692307 0.041434659090909196 0.13440384615384612
0 0.0505894886363637 0.7855576923076923 0.07186079545454534 0.08434615384615388
0 0.01990056818181818 0.776826923076923 0.03980113636363634 0.06807692307692303
0 0.11309659090909097 0.7770192307692307 0.022215909090909234 0.03296153846153844
0 0.21521306818181818 0.7131634615384616 0.04582386363636362 0.08132692307692312
0 0.17994318181818192 0.7161826923076923 0.06874999999999996 0.07771153846153851
0 0.20733664772727278 0.9530096153846154 0.0277698863636363 0.038480769230769214
0 0.1881250000000001 0.9476442307692308 0.030767045454545408 0.10471153846153844
0 0.1505823863636363 0.8852403846153847 0.06571022727272725 0.10059615384615385
0 0.7078835227272728 0.62475 0.04761363636363638 0.08838461538461545
0 0.485625 0.7387115384615385 0.026363636363636367 0.03457692307692311
0 0.7209161931818182 0.26819230769230773 0.05973011363636365 0.06373076923076923
0 0.7427911931818182 0.25271153846153843 0.07461647727272727 0.07603846153846155
0 0.7372443181818182 0.16914423076923077 0.05994318181818184 0.08748076923076925
0 0.6943110795454546 0.1273173076923077 0.032627840909090905 0.04375
0 0.7253835227272727 0.05575961538461538 0.021704545454545456 0.02832692307692308
0 0.822734375 0.02480769230769231 0.058252840909090914 0.04953846153846154
0 0.5341193181818182 0.017990384615384616 0.05306818181818184 0.035903846153846154
0 0.7170738636363636 0.019009615384615385 0.0731818181818182 0.03801923076923077
0 0.5551633522727273 0.18415384615384617 0.060980113636363645 0.07265384615384615
0 0.8548224431818181 0.1525 0.022656250000000003 0.03173076923076923
0 0.6323011363636364 0.191375 0.07196022727272727 0.09371153846153844
0 0.8606605113636363 0.1586346153846154 0.026150568181818178 0.039038461538461536
0 0.9430965909090909 0.5122692307692308 0.05019886363636363 0.05265384615384615
0 0.24114346590909108 0.8363076923076923 0.01225852272727272 0.01873076923076925
0 0.24575284090909089 0.8011250000000001 0.040426136363636414 0.06328846153846159
0 0.24919744318181825 0.8278269230769232 0.059588068181818166 0.05965384615384623
