0 0.6001491477272727 0.5444134615384616 0.0359232954545454 0.1226346153846154
0 0.2549573863636364 0.6449423076923076 0.08409090909090908 0.09399999999999999
0 0.2634801136363637 0.5881346153846153 0.024261363636363532 0.02407692307692304
0 0.23607244318181808 0.6029807692307693 0.03853693181818181 0.04161538461538459
0 0.2266051136363636 0.593875 0.02690340909090917 0.04901923076923079
0 0.44968039772727275 0.051057692307692304 0.010156249999999967 0.017884615384615388
0 0.3450781249999999 0.48917307692307693 0.011093750000000003 0.016653846153846148
0 0.09525568181818178 0.26497115384615383 0.09644886363636361 0.07594230769230768
0 0.048821022727272734 0.2290096153846154 0.04392045454545465 0.09963461538461539
0 0.06409801136363635 0.20089423076923077 0.050752840909090935 0.09482692307692309
0 0.11291903409090909 0.1950673076923077 0.06705965909090915 0.10886538461538464
0 0.6062357954545454 0.4775384615384615 0.03610795454545457 0.09780769230769233
0 0.13799715909090904 0.18904807692307693 0.07982954545454551 0.08236538461538462
0 0.07808948863636356 0.4069615384615385 0.026036931818181876 0.037230769230769255
0 0.023153409090909016 0.4270096153846154 0.04630681818181821 0.1041730769230769
0 0.43201704545454545 0.9473365384615384 0.01749999999999999 0.03894230769230769
0 0.524481534090909 0.9417980769230769 0.017940340909090902 0.02840384615384612
0 0.5564701704545454 0.9508846153846154 0.08862215909090908 0.0982307692307692
0 0.5606676136363635 0.5394807692307692 0.019715909090909086 0.02453846153846163
0 0.9743323863636364 0.6941538461538462 0.051335227272727275 0.11523076923076926
0 0.9447301136363636 0.4258846153846154 0.042102272727272724 0.10707692307692308
0 0.9787784090909091 0.04014423076923077 0.04244318181818182 0.054788461538461536
0 0.43817471590909096 0.4901346153846154 0.06524147727272728 0.09123076923076917
0 0.9794034090909091 0.08795192307692308 0.041193181818181816 0.07213461538461537
0 0.9644176136363636 0.09525961538461537 0.07116477272727273 0.09086538461538461
0 0.8773011363636364 0.14834615384615385 0.07741477272727272 0.056153846153846144
0 0.8750142045454545 0.09225 0.10147727272727272 0.07953846153846156
0 0.5425994318181818 0.17773076923076925 0.01187500000000002 0.016230769230769226
0 0.5950426136363636 0.10003846153846153 0.019375000000000062 0.029653846153846142
0 0.6805894886363637 0.11663461538461539 0.048821022727272734 0.08703846153846154
0 0.2037926136363637 0.071125 0.05590909090909093 0.12055769230769231
0 0.162109375 0.06394230769230769 0.05228693181818174 0.09638461538461539
0 0.19400568181818167 0.16729807692307694 0.03167613636363646 0.09982692307692309
0 0.3987428977272728 0.30480769230769234 0.013821022727272673 0.02111538461538465
0 0.30439630681818186 0.2055769230769231 0.07475852272727272 0.06869230769230769
0 0.030717329545454586 0.6654134615384615 0.06143465909090909 0.10701923076923073
0 0.09450284090909089 0.9635769230769231 0.05210227272727266 0.07284615384615384
0 0.5258238636363637 0.6903461538461538 0.03767045454545452 0.051230769230769205
0 0.5201420454545455 0.7008076923076924 0.05968749999999998 0.06396153846153844
0 0.715234375 0.9889038461538462 0.022230113636363645 0.022192307692307733
0 0.7058451704545454 0.959 0.028565340909090887 0.04523076923076919
0 0.6823295454545455 0.9661538461538461 0.056590909090909094 0.06769230769230768
0 0.7280681818181818 0.9507980769230768 0.08221590909090909 0.07398076923076917
0 0.7740482954545455 0.9432115384615385 0.10147727272727272 0.06407692307692306
0 0.9001065340909091 0.025951923076923074 0.03188920454545454 0.05190384615384615
0 0.8411363636363636 0.9494807692307693 0.07366477272727275 0.10103846153846158
0 0.8618678977272727 0.8670865384615385 0.06634943181818181 0.1258269230769231
0 0.8184090909090909 0.8543846153846153 0.025909090909090923 0.0357307692307692
0 0.8253977272727273 0.8952692307692308 0.05732954545454545 0.05530769230769229
0 0.7816477272727272 0.8023846153846154 0.07409090909090911 0.11557692307692312
0 0.8128977272727272 0.83025 0.10732954545454546 0.13003846153846155
0 0.7787428977272728 0.7695673076923077 0.04634943181818185 0.059865384615384605
0 0.7773792613636363 0.7018653846153846 0.08507102272727271 0.08380769230769228
0 0.6982457386363636 0.4927692307692308 0.08112215909090911 0.07761538461538464
0 0.8833025568181818 0.25848076923076924 0.0495028409090909 0.08165384615384612
0 0.7293607954545455 0.26492307692307693 0.1273579545454546 0.11626923076923079
0 0.2760369318181819 0.5868076923076923 0.016221590909090932 0.02050000000000005
0 0.2704545454545454 0.5635096153846153 0.014630681818181834 0.019980769230769312
