0 0.6653196022727272 0.017788461538461538 0.028110795454545444 0.035576923076923075
0 0.5923153409090909 0.9207692307692308 0.022869318181818213 0.030961538461538506
0 0.7285511363636363 0.3904423076923077 0.08917613636363636 0.08507692307692309
0 0.7656178977272727 0.43527884615384616 0.06171874999999998 0.0687884615384615
0 0.8056889204545454 0.4026730769230769 0.06961647727272728 0.08915384615384613
0 0.9727698863636364 0.4261057692307692 0.053806818181818185 0.13601923076923075
0 0.8524289772727273 0.6110384615384615 0.030113636363636346 0.05576923076923077
0 0.5324360795454546 0.8042403846153846 0.06586647727272728 0.09955769230769228
0 0.11844460227272724 0.1747019230769231 0.05083806818181813 0.12840384615384617
0 0.5383167613636364 0.3185192307692308 0.08330965909090914 0.08423076923076925
0 0.831356534090909 0.6232019230769231 0.025440340909090923 0.028942307692307604
0 0.8175142045454545 0.5075192307692307 0.058522727272727254 0.10042307692307686
0 0.6358522727272726 0.9742307692307692 0.033948863636363645 0.05153846153846156
0 0.7656605113636363 0.6736730769230769 0.019843749999999997 0.04042307692307689
0 0.5195028409090909 0.16290384615384618 0.07380681818181815 0.07757692307692306
0 0.6482599431818181 0.14122115384615386 0.11674715909090913 0.15671153846153849
0 0.6074644886363636 0.9365096153846154 0.031235795454545388 0.04748076923076923
0 0.636299715909091 0.9333653846153847 0.03333806818181814 0.04442307692307686
0 0.591669034090909 0.3625288461538461 0.028167613636363612 0.05140384615384613
0 0.43223011363636354 0.20179807692307694 0.03721590909090908 0.05625
0 0.36164062500000005 0.2906634615384615 0.015667613636363677 0.019788461538461522
0 0.35045454545454546 0.32308653846153845 0.05318181818181818 0.08709615384615384
0 0.35865767045454544 0.25940384615384615 0.05453124999999998 0.09257692307692311
0 0.4691619318181819 0.19026923076923077 0.06482954545454543 0.07996153846153846
0 0.6016122159090909 0.976875 0.0381392045454545 0.04625000000000002
0 0.5872798295454547 0.14768269230769232 0.08941761363636362 0.09375
0 0.5589488636363636 0.08768269230769231 0.08085227272727268 0.08428846153846155
0 0.1536079545454545 0.24695192307692307 0.05048295454545449 0.1313269230769231
0 0.14819602272727284 0.1744519230769231 0.04471590909090912 0.04882692307692308
0 0.16658380681818175 0.10390384615384615 0.05265624999999991 0.09519230769230769
0 0.31336647727272726 0.01814423076923077 0.06130681818181822 0.03628846153846154
0 0.32923295454545454 0.1707980769230769 0.05914772727272733 0.09032692307692307
0 0.3001988636363637 0.12318269230769233 0.04579545454545448 0.12205769230769233
0 0.606512784090909 0.03183653846153846 0.04973011363636362 0.06367307692307692
0 0.26557528409090914 0.18079807692307692 0.04867897727272725 0.10155769230769231
0 0.6447798295454545 0.011346153846153846 0.03890624999999998 0.022692307692307692
0 0.22109374999999998 0.10528846153846154 0.051107954545454574 0.07973076923076923
0 0.20720880681818177 0.11401923076923076 0.0406392045454544 0.0796153846153846
0 0.26104403409090904 0.11489423076923078 0.05578125000000005 0.11532692307692308
0 0.5803551136363637 0.03125 0.057073863636363645 0.0625
0 0.6886647727272728 0.0873846153846154 0.05318181818181818 0.1445769230769231
0 0.700127840909091 0.018375 0.0709090909090909 0.03675
0 0.5604332386363637 0.719298076923077 0.09464488636363635 0.09375
0 0.6221732954545454 0.8093557692307692 0.021221590909090905 0.0277115384615384
0 0.6571519886363637 0.8141250000000001 0.07268465909090907 0.07198076923076924
0 0.6880326704545454 0.9805192307692308 0.07080965909090912 0.03896153846153844
0 0.5457599431818183 0.017201923076923076 0.02075284090909085 0.03440384615384615
0 0.7023224431818182 0.8896153846153847 0.02328124999999998 0.053499999999999985
0 0.6750355113636364 0.9141346153846154 0.03552556818181817 0.0630769230769231
0 0.662684659090909 0.9555384615384616 0.03622159090909091 0.0726153846153846
0 0.7124360795454545 0.9595192307692308 0.03504261363636362 0.06019230769230771
0 0.6075071022727272 0.8923653846153846 0.027457386363636423 0.03603846153846145
0 0.5716122159090908 0.8737307692307693 0.01626420454545453 0.03953846153846154
0 0.5961647727272728 0.8802980769230769 0.06068181818181822 0.07355769230769231
0 0.7326065340909091 0.8790288461538462 0.04328125 0.10159615384615382
0 0.7417755681818181 0.9572692307692308 0.042812500000000024 0.08546153846153846
0 0.8536505681818182 0.827701923076923 0.04968749999999999 0.04101923076923074
0 0.3287073863636363 0.062278846153846164 0.07178977272727276 0.10717307692307693
0 0.020816761363636305 0.26733653846153843 0.04163352272727265 0.12194230769230768
0 0.06305397727272721 0.9202115384615385 0.07610795454545444 0.1416923076923077
0 0.039943181818181794 0.6952115384615385 0.07988636363636364 0.18661538461538454
0 0.042919034090909025 0.8133750000000001 0.085497159090909 0.06736538461538467
0 0.02024857954545456 0.9585576923076923 0.04049715909090908 0.08288461538461543
0 0.014957386363636305 0.8683365384615384 0.02991477272727265 0.10994230769230773
0 0.12127840909090903 0.892923076923077 0.07463068181818176 0.09173076923076921
0 0.08538352272727256 0.8594326923076923 0.043465909090909124 0.05574999999999991
0 0.03935369318181825 0.8665961538461538 0.049758522727272686 0.06076923076923081
0 0.11240767045454547 0.8110480769230769 0.08492897727272722 0.07821153846153839
0 0.31358664772727274 0.7771153846153847 0.1117471590909092 0.1701923076923077
0 0.07323153409090899 0.750076923076923 0.09978693181818182 0.11884615384615387
0 0.10711647727272722 0.6691634615384616 0.06920454545454549 0.10878846153846153
0 0.04606534090909098 0.5605769230769231 0.09213068181818183 0.09184615384615383
0 0.017954545454545445 0.4737307692307692 0.03514204545454547 0.11803846153846148
0 0.07191761363636362 0.4606442307692308 0.07627840909090916 0.12421153846153841
0 0.040617897727272756 0.40757692307692306 0.08123579545454553 0.11326923076923072
0 0.11990056818181827 0.4194807692307692 0.08295454545454542 0.11423076923076925
0 0.26781960227272716 0.7517692307692307 0.018906250000000003 0.028499999999999987
0 0.2915482954545454 0.7418365384615384 0.1507954545454546 0.20844230769230768
0 0.3272230113636364 0.612875 0.11529829545454548 0.11421153846153843
0 0.08446732954545455 0.03279807692307692 0.0515482954545454 0.06559615384615385
0 0.40332386363636363 0.5541057692307693 0.0706534090909091 0.11278846153846149
0 0.4780255681818182 0.4405961538461538 0.07312499999999994 0.10469230769230768
0 0.5175710227272727 0.46343269230769235 0.07838068181818182 0.09232692307692311
0 0.44006392045454545 0.46034615384615385 0.04779829545454542 0.12134615384615384
0 0.7209232954545455 0.19622115384615385 0.08928977272727275 0.11182692307692312
0 0.5615127840909091 0.22263461538461538 0.09384943181818181 0.09803846153846152
0 0.5483309659090909 0.2664134615384615 0.10123579545454552 0.1199423076923077
0 0.6534375 0.36064423076923074 0.11107954545454544 0.0913653846153846
0 0.6379616477272727 0.24428846153846154 0.09069602272727276 0.10992307692307694
0 0.6464062500000001 0.3094807692307692 0.08647727272727272 0.057576923076923074
0 0.5832244318181818 0.43723076923076926 0.030454545454545453 0.022307692307692296
0 0.7930681818181818 0.6449519230769231 0.05491477272727272 0.061634615384615295
0 0.85796875 0.5430576923076923 0.04840909090909091 0.07826923076923074
0 0.7898650568181818 0.6896730769230769 0.05731534090909092 0.06553846153846161
0 0.8164488636363636 0.7025769230769231 0.054488636363636364 0.0696923076923076
0 0.8470738636363636 0.7237788461538461 0.039886363636363636 0.06417307692307693
0 0.9102911931818182 0.7535865384615384 0.10160511363636364 0.0901730769230769
0 0.7949573863636363 0.7635192307692307 0.11701704545454544 0.09780769230769222
0 0.4473082386363636 0.77825 0.031065340909090834 0.08511538461538459
0 0.42581676136363633 0.7835961538461539 0.03671874999999995 0.07784615384615377
0 0.4803764204545454 0.7659038461538461 0.05643465909090912 0.09730769230769225
0 0.09454545454545449 0.24559615384615383 0.11110795454545443 0.13876923076923076
0 0.6092613636363635 0.47093269230769236 0.06735795454545457 0.06571153846153849
0 0.582734375 0.5223942307692307 0.061718750000000065 0.08405769230769232
0 0.5545099431818181 0.5506634615384616 0.07299715909090908 0.08559615384615393
0 0.5691903409090908 0.6242884615384615 0.09784090909090909 0.06876923076923075
0 0.5989133522727272 0.6935673076923077 0.07677556818181816 0.12686538461538455
0 0.6421874999999999 0.6917884615384615 0.07073863636363638 0.15488461538461543
0 0.6800071022727272 0.652048076923077 0.06961647727272725 0.17728846153846153
0 0.7360724431818182 0.6594423076923076 0.062088068181818196 0.16149999999999992
0 0.6901704545454546 0.4546346153846154 0.1177840909090909 0.14519230769230776
0 0.7345667613636364 0.539201923076923 0.08467329545454544 0.11563461538461538
