0 0.8604971590909091 0.2482307692307692 0.0558806818181818 0.07999999999999999
0 0.9197230113636363 0.4111923076923077 0.05671875000000001 0.06515384615384615
0 0.20279829545454542 0.7105192307692308 0.05954545454545465 0.07449999999999991
0 0.1647727272727273 0.804673076923077 0.07355113636363632 0.09753846153846159
0 0.33188920454545456 0.8588653846153846 0.08255681818181819 0.10296153846153851
0 0.8141619318181819 0.8148846153846154 0.03963068181818183 0.09361538461538463
0 0.7158309659090909 0.7040096153846155 0.020894886363636376 0.026326923076923074
0 0.6849076704545455 0.6927596153846154 0.04859375000000001 0.06644230769230772
0 0.6930113636363636 0.712423076923077 0.038125000000000006 0.047730769230769216
0 0.4793110795454546 0.46534615384615385 0.05890625000000004 0.07400000000000004
0 0.37490056818181816 0.4487307692307692 0.0320170454545454 0.03596153846153844
0 0.8588423295454546 0.7621826923076923 0.0576278409090909 0.10459615384615382
0 0.37548295454545455 0.4809903846153846 0.032414772727272716 0.04336538461538458
0 0.024041193181818077 0.031336538461538464 0.0480823863636364 0.06267307692307693
0 0.01508522727272732 0.07137500000000001 0.03017045454545456 0.054711538461538464
0 0.02496448863636369 0.32910576923076923 0.04992897727272724 0.10632692307692306
0 0.03637073863636364 0.28247115384615384 0.06751420454545451 0.12621153846153846
0 0.060944602272727244 0.2650673076923077 0.058792613636363615 0.16601923076923075
0 0.38490056818181817 0.04230769230769231 0.06761363636363632 0.08353846153846153
0 0.17506392045454544 0.022990384615384614 0.055355113636363674 0.04598076923076923
0 0.18935369318181827 0.07117307692307694 0.06850852272727259 0.1031923076923077
0 0.13559659090909093 0.058923076923076925 0.05988636363636359 0.11784615384615385
0 0.41020596590909086 0.4929230769230769 0.028707386363636334 0.022807692307692334
0 0.14262784090909097 0.15041346153846155 0.044914772727272734 0.07371153846153845
0 0.1346803977272728 0.3227019230769231 0.0671448863636365 0.10625
0 0.1673508522727274 0.459375 0.08166193181818167 0.11178846153846153
0 0.17914772727272732 0.409625 0.05988636363636375 0.09090384615384611
0 0.23041903409090903 0.4142211538461538 0.05171874999999995 0.07925000000000001
0 0.31740767045454543 0.4171153846153846 0.07811079545454547 0.056346153846153865
0 0.3100497159090909 0.4511346153846154 0.06211647727272722 0.03857692307692308
0 0.3186860795454546 0.4725865384615385 0.060184659090909094 0.052865384615384634
0 0.3185298295454545 0.5343461538461539 0.04833806818181814 0.06284615384615386
0 0.32781249999999995 0.49924038461538467 0.02144886363636359 0.02990384615384612
0 0.39677556818181825 0.4548076923076923 0.026562499999999985 0.046000000000000034
0 0.30573153409090914 0.5196153846153846 0.029133522727272713 0.07238461538461535
0 0.35230113636363636 0.5367307692307692 0.05249999999999997 0.05115384615384609
0 0.34397727272727263 0.5787692307692308 0.08579545454545459 0.08842307692307685
0 0.3052485795454545 0.6344615384615385 0.06595170454545464 0.06630769230769235
0 0.30925426136363643 0.6697884615384615 0.06370738636363632 0.04334615384615389
0 0.32333096590909094 0.6762884615384616 0.032968750000000054 0.03292307692307693
0 0.3460653409090909 0.6970961538461539 0.07650568181818183 0.07453846153846153
0 0.5007315340909091 0.6113461538461538 0.03731534090909088 0.06892307692307688
0 0.4840980113636363 0.6384423076923077 0.0638494318181818 0.09315384615384614
0 0.43834517045454546 0.16561538461538464 0.025553977272727204 0.0356923076923077
0 0.2920880681818182 0.9804326923076923 0.03017045454545456 0.03913461538461543
0 0.24399857954545456 0.8888750000000001 0.031633522727272705 0.04824999999999995
0 0.29188210227272726 0.8226826923076922 0.05924715909090906 0.06121153846153843
0 0.47691761363636365 0.43017307692307694 0.06360795454545451 0.08273076923076919
0 0.38728693181818175 0.38423076923076926 0.05133522727272733 0.06353846153846153
0 0.45225852272727274 0.3152211538461539 0.023465909090909065 0.03178846153846154
0 0.4981747159090909 0.25853846153846155 0.022599431818181855 0.030615384615384617
0 0.3820454545454546 0.19460576923076922 0.06758522727272726 0.05459615384615385
0 0.3706818181818182 0.24034615384615385 0.0482670454545454 0.08611538461538462
0 0.08654829545454557 0.648653846153846 0.09309659090909102 0.10876923076923077
0 0.1315482954545455 0.6463076923076924 0.027812499999999896 0.040269230769230765
0 0.7544886363636364 0.03441346153846154 0.0709375 0.06882692307692308
0 0.13426136363636365 0.7739038461538462 0.07957386363636361 0.062230769230769256
0 0.8755823863636364 0.934278846153846 0.07494318181818181 0.10859615384615379
0 0.8410085227272728 0.28904807692307694 0.05144886363636363 0.08109615384615382
0 0.9209943181818182 0.19164423076923076 0.04019886363636363 0.09632692307692309
0 0.8858238636363637 0.06811538461538462 0.05988636363636363 0.09523076923076923
0 0.8810014204545454 0.06049038461538461 0.04703125 0.06040384615384615
0 0.7049289772727272 0.019971153846153847 0.05897727272727274 0.039942307692307694
0 0.725419034090909 0.25659615384615386 0.1345028409090909 0.19853846153846155
0 0.6655823863636363 0.37529807692307693 0.04440340909090908 0.07059615384615381
0 0.7334303977272727 0.5477403846153845 0.06535511363636362 0.06136538461538455
0 0.7069389204545455 0.10261538461538461 0.05674715909090908 0.09746153846153847
0 0.7683806818181818 0.603625 0.048835227272727266 0.05136538461538469
0 0.7309659090909091 0.6507115384615385 0.12928977272727274 0.08180769230769223
0 0.7416832386363637 0.5898365384615385 0.04532670454545454 0.03805769230769235
0 0.7104119318181819 0.5822211538461538 0.04602272727272728 0.05898076923076915
0 0.6499005681818182 0.5062115384615385 0.02156250000000001 0.028538461538461492
0 0.6049644886363637 0.030471153846153846 0.07044034090909088 0.059403846153846154
0 0.6074289772727273 0.07396153846153845 0.05190340909090904 0.06776923076923076
