0 0.46352982954545463 0.5060480769230769 0.0204971590909091 0.031057692307692373
0 0.542840909090909 0.36028846153846156 0.04372159090909095 0.07638461538461538
0 0.525859375 0.47113461538461543 0.05100852272727276 0.10980769230769236
0 0.4417542613636364 0.43896153846153846 0.010724431818181753 0.016461538461538465
0 0.44404119318181823 0.4269807692307692 0.014815340909090919 0.02053846153846155
0 0.43699573863636365 0.4468653846153846 0.012514204545454549 0.016615384615384587
0 0.4400994318181819 0.48139423076923077 0.031022727272727237 0.04125000000000003
0 0.46906250000000005 0.4763269230769231 0.04207386363636356 0.049653846153846194
0 0.45294744318181823 0.42103846153846153 0.011434659090909027 0.014500000000000039
0 0.7169815340909091 0.7253076923076922 0.018536931818181834 0.03353846153846153
0 0.3975213068181819 0.9772596153846154 0.055099431818181846 0.045480769230769186
0 0.4594176136363637 0.5124423076923076 0.039261363636363615 0.04996153846153844
0 0.5555326704545456 0.30697115384615387 0.03808238636363637 0.07924999999999996
0 0.7085582386363636 0.7339038461538462 0.03830965909090909 0.08169230769230773
0 0.057926136363636305 0.20600000000000002 0.04653409090909089 0.08280769230769232
0 0.9027911931818182 0.7507692307692307 0.08717329545454545 0.1155384615384615
0 0.3462855113636363 0.44440384615384615 0.03589488636363642 0.05861538461538465
0 0.5224431818181818 0.5054807692307692 0.02312499999999996 0.02876923076923073
0 0.48786221590909085 0.5110096153846154 0.03126420454545453 0.05028846153846155
0 0.024318181818181794 0.17819230769230768 0.04863636363636365 0.08400000000000002
0 0.10876420454545443 0.46625 0.055823863636363734 0.09246153846153848
0 0.948778409090909 0.7136634615384616 0.0975 0.16428846153846155
0 0.4914133522727273 0.47479807692307696 0.03384943181818179 0.07701923076923078
0 0.06895596590909103 0.845173076923077 0.03884943181818185 0.060423076923076954
0 0.33495738636363637 0.5969711538461538 0.026335227272727222 0.04159615384615384
0 0.03867897727272729 0.8508365384615384 0.029687499999999967 0.04963461538461539
0 0.10103693181818185 0.22876923076923075 0.04724431818181817 0.0711153846153846
0 0.07803267045454543 0.24696153846153848 0.05171874999999995 0.0711153846153846
0 0.7117826704545455 0.5040288461538462 0.07671874999999999 0.09171153846153846
0 0.6398508522727273 0.4825288461538461 0.08632102272727274 0.05517307692307692
0 0.4310227272727273 0.3365192307692308 0.06548295454545458 0.08753846153846156
0 0.33200284090909093 0.4801923076923077 0.06829545454545452 0.07915384615384609
0 0.43276278409090907 0.45887500000000003 0.022002840909090923 0.02571153846153847
0 0.3004332386363636 0.6308846153846154 0.04458806818181816 0.08296153846153843
0 0.28576704545454557 0.6098461538461538 0.04400568181818176 0.047115384615384615
0 0.30590198863636364 0.5728846153846153 0.07100852272727275 0.05203846153846154
0 0.28890625000000003 0.6703173076923077 0.07917613636363638 0.10017307692307699
0 0.4531889204545454 0.4350480769230769 0.010951704545454516 0.01613461538461536
0 0.30143465909090905 0.5444807692307693 0.07437500000000002 0.0666923076923077
0 0.6363139204545454 0.6929519230769231 0.059531249999999994 0.09771153846153846
0 0.8273934659090909 0.5602403846153846 0.10240056818181818 0.1276346153846154
0 0.828984375 0.5101538461538461 0.09109375000000001 0.07707692307692304
0 0.8160440340909091 0.48876923076923084 0.07970170454545454 0.07357692307692311
0 0.4629971590909091 0.4436057692307693 0.012755681818181845 0.018903846153846177
0 0.23741477272727274 0.167125 0.032329545454545444 0.08751923076923075
0 0.5642116477272727 0.1585576923076923 0.04666193181818185 0.060307692307692305
0 0.5797869318181819 0.6408173076923077 0.06923295454545456 0.09451923076923084
0 0.7845383522727273 0.21341346153846152 0.025553977272727287 0.03178846153846154
0 0.7286292613636363 0.030028846153846156 0.08058238636363635 0.05978846153846154
0 0.050326704545454626 0.810375 0.03187499999999992 0.04640384615384614
0 0.04170454545454527 0.7843653846153846 0.024005681818181787 0.0452692307692307
0 0.006669034090909021 0.8344615384615385 0.013338068181818163 0.026961538461538426
0 0.00746448863636362 0.862875 0.01492897727272726 0.03948076923076918
0 0.02941051136363637 0.8248269230769231 0.019928977272727234 0.029269230769230714
0 0.46348011363636354 0.4646442307692308 0.018494318181818237 0.024249999999999973
0 0.7426846590909091 0.051375 0.04329545454545453 0.06832692307692308
0 0.9634730113636364 0.05176923076923077 0.061661931818181824 0.07065384615384615
0 0.9441122159090909 0.08282692307692306 0.05677556818181818 0.06365384615384614
0 0.9703267045454546 0.08057692307692309 0.024545454545454547 0.032923076923076916
0 0.6858806818181818 0.18974038461538462 0.042897727272727296 0.04813461538461539
0 0.7691974431818182 0.04090384615384615 0.04129261363636367 0.08153846153846153
0 0.6624786931818182 0.168625 0.05345170454545454 0.07548076923076923
0 0.547578125 0.01053846153846154 0.01973011363636362 0.02107692307692308
0 0.5955184659090909 0.2526346153846154 0.019644886363636423 0.034038461538461545
0 0.6107457386363637 0.26642307692307693 0.028082386363636417 0.041230769230769224
0 0.4515980113636364 0.4491730769230769 0.019559659090909065 0.028307692307692305
0 0.9834872159090909 0.5592115384615384 0.033025568181818184 0.06646153846153846
0 0.7669389204545455 0.45734615384615385 0.08487215909090909 0.05653846153846155
0 0.7631747159090909 0.5130961538461538 0.05294034090909092 0.06180769230769228
0 0.7638423295454546 0.6576538461538461 0.049786931818181834 0.0993846153846154
0 0.8082315340909091 0.6547115384615384 0.0486221590909091 0.10092307692307696
0 0.7287428977272727 0.7360096153846154 0.0566619318181818 0.08898076923076931
0 0.8434872159090909 0.9739903846153847 0.09382102272727275 0.05201923076923079
0 0.6011292613636364 0.9405288461538462 0.06561079545454546 0.10063461538461535
0 0.673046875 0.14014423076923077 0.024588068181818187 0.029057692307692333
0 0.6124857954545455 0.6669134615384615 0.03877840909090902 0.06086538461538457
0 0.06250710227272727 0.13086538461538463 0.06225852272727262 0.07453846153846155
0 0.41175426136363635 0.7726153846153846 0.04546874999999999 0.0648846153846154
0 0.41654119318181815 0.19698076923076924 0.07166193181818188 0.09434615384615383
0 0.4233167613636364 0.15659615384615386 0.06379261363636367 0.0686153846153846
0 0.3264275568181817 0.13235576923076925 0.06313920454545453 0.07867307692307693
0 0.24034801136363637 0.06904807692307692 0.061832386363636326 0.12717307692307692
0 0.14323863636363643 0.04952884615384615 0.0738352272727273 0.09109615384615384
0 0.1619176136363637 0.11667307692307692 0.07187499999999987 0.06388461538461539
0 0.1313281249999999 0.15807692307692306 0.0456676136363636 0.06565384615384616
0 0.11461647727272739 0.12214423076923077 0.041960227272727385 0.07186538461538462
0 0.0959374999999999 0.09699999999999999 0.06051136363636367 0.08903846153846155
0 0.4516903409090909 0.3793173076923077 0.06440340909090914 0.07894230769230771
0 0.1680326704545454 0.22936538461538464 0.07669034090909092 0.06034615384615386
0 0.12925426136363638 0.2593846153846154 0.05200284090909077 0.07011538461538463
0 0.1779758522727274 0.3757692307692308 0.04981534090909098 0.08519230769230772
0 0.15317471590909093 0.3027211538461539 0.05134943181818179 0.10055769230769229
0 0.0095738636363637 0.41333653846153845 0.0191477272727273 0.07394230769230767
0 0.020930397727272787 0.38316346153846154 0.04186079545454549 0.09228846153846156
0 0.09811789772727275 0.18026923076923076 0.03910511363636376 0.05619230769230769
0 0.013288352272727288 0.1546826923076923 0.026576704545454598 0.07128846153846154
0 0.09932528409090902 0.34352884615384616 0.07558238636363625 0.1047115384615385
0 0.11920454545454551 0.37370192307692307 0.059431818181818225 0.0946346153846154
0 0.4610085227272728 0.4292596153846153 0.012642045454545421 0.01759615384615386
0 0.16890624999999992 0.4662788461538462 0.07275568181818186 0.12009615384615382
0 0.1384303977272726 0.40964423076923073 0.060298295454545354 0.1339807692307692
0 0.013068181818181923 0.2614519230769231 0.026136363636363603 0.09967307692307692
0 0.030170454545454528 0.2580576923076923 0.03386363636363625 0.04969230769230772
0 0.043941761363636256 0.2965 0.046093749999999906 0.06684615384615383
0 0.04055397727272725 0.18410576923076924 0.06511363636363642 0.09051923076923075
0 0.0787926136363637 0.27994230769230766 0.06423295454545458 0.05915384615384613
0 0.07397727272727261 0.29250961538461534 0.0262215909090908 0.057096153846153845
0 0.28107244318181823 0.4606346153846154 0.047315340909090835 0.12476923076923081
0 0.33569602272727284 0.34625 0.10045454545454541 0.08815384615384617
0 0.532265625 0.2956730769230769 0.035724431818181863 0.0636538461538462
0 0.3445880681818182 0.39907692307692305 0.05974431818181818 0.07757692307692308
0 0.3616548295454546 0.5319326923076924 0.046576704545454574 0.08582692307692312
0 0.4163991477272727 0.5152692307692308 0.06436079545454546 0.13765384615384618
0 0.38335937499999995 0.6200769230769231 0.028536931818181864 0.06534615384615389
0 0.3556818181818181 0.6303076923076922 0.031704545454545444 0.052807692307692375
0 0.3432528409090909 0.6208942307692308 0.04778409090909097 0.10398076923076922
0 0.3781747159090909 0.4387307692307692 0.033366477272727284 0.09638461538461533
0 0.4918821022727272 0.32377884615384617 0.06112215909090913 0.10405769230769228
0 0.5009375 0.40271153846153845 0.059005681818181846 0.08942307692307692
0 0.2707102272727273 0.5311057692307692 0.030482954545454518 0.051173076923076946
