0 0.6367897727272727 0.03267307692307692 0.07065340909090906 0.06534615384615385
0 0.2875852272727273 0.4609615384615384 0.05911931818181819 0.08380769230769233
0 0.11288352272727276 0.5647307692307691 0.04056818181818174 0.061115384615384676
0 0.35401988636363635 0.38893269230769234 0.038948863636363656 0.04521153846153844
0 0.15770596590909092 0.5638461538461538 0.054303977272727295 0.08415384615384613
0 0.09260653409090902 0.8682596153846154 0.05495738636363628 0.13021153846153855
0 0.6456392045454545 0.8899615384615384 0.04801136363636365 0.09176923076923071
0 0.6593892045454546 0.42777884615384615 0.07892045454545454 0.22751923076923083
0 0.49857244318181815 0.6587788461538463 0.03205965909090908 0.07440384615384615
0 0.042975852272727266 0.19601923076923075 0.06311079545454555 0.11484615384615385
0 0.017002840909090988 0.12426923076923078 0.03349431818181824 0.1828076923076923
0 0.13970880681818187 0.42922115384615384 0.057571022727272686 0.10540384615384615
0 0.1727556818181818 0.4535769230769231 0.06215909090909089 0.08680769230769234
0 0.37846590909090905 0.05489423076923077 0.042585227272727295 0.03940384615384615
0 0.17308238636363626 0.7609423076923076 0.04318181818181815 0.05846153846153842
0 0.7045099431818183 0.03833653846153846 0.11058238636363636 0.07528846153846154
0 0.7462713068181819 0.754576923076923 0.022230113636363603 0.02711538461538466
0 0.6805681818181819 0.4529711538461539 0.05911931818181819 0.19209615384615386
0 0.8322869318181818 0.42110576923076926 0.08849431818181817 0.09621153846153846
0 0.46553977272727276 0.07323076923076922 0.018096590909090923 0.023346153846153846
0 0.8572372159090909 0.8932692307692308 0.023082386363636364 0.03403846153846163
0 0.9046946022727272 0.4084038461538462 0.057656250000000006 0.06353846153846153
0 0.5118963068181819 0.47132692307692303 0.0639914772727272 0.09134615384615379
0 0.104375 0.5177884615384616 0.06281250000000003 0.05226923076923073
0 0.5088849431818181 0.20234615384615384 0.10532670454545451 0.13642307692307692
0 0.872002840909091 0.5215192307692308 0.08178977272727274 0.08680769230769228
0 0.9776704545454545 0.40901923076923075 0.02224431818181818 0.03188461538461535
0 0.8066619318181818 0.9443653846153846 0.05678977272727271 0.1112692307692308
0 0.10732954545454543 0.45844230769230765 0.06738636363636355 0.09476923076923072
0 0.7597940340909091 0.5637403846153846 0.02617897727272728 0.02832692307692311
0 0.05367897727272719 0.827375 0.08571022727272731 0.10098076923076921
0 0.8839133522727273 0.1819230769230769 0.053650568181818174 0.07715384615384613
0 0.9271590909090909 0.373 0.06636363636363636 0.0744230769230769
0 0.6766974431818182 0.5497115384615385 0.05626420454545453 0.08592307692307694
0 0.15639204545454533 0.508048076923077 0.04383522727272729 0.043403846153846196
0 0.5216335227272728 0.5391346153846154 0.0806818181818182 0.08192307692307686
0 0.46225852272727264 0.6552403846153847 0.044488636363636355 0.07617307692307684
0 0.544375 0.6875673076923077 0.02551136363636369 0.03632692307692316
0 0.937890625 0.2835865384615385 0.06100852272727273 0.12617307692307694
0 0.20291903409090917 0.10297115384615385 0.13708806818181818 0.17925000000000002
0 0.2528125 0.5212403846153846 0.09667613636363628 0.16290384615384612
0 0.1499573863636363 0.21738461538461537 0.062301136363636385 0.06642307692307693
0 0.06564630681818184 0.9401826923076922 0.06961647727272725 0.10044230769230773
0 0.035028409090909096 0.8973461538461539 0.06150568181818175 0.07796153846153839
0 0.4898082386363637 0.34621153846153846 0.08339488636363633 0.18142307692307688
0 0.15658380681818185 0.2811826923076923 0.04751420454545461 0.06748076923076923
0 0.8966548295454546 0.23502884615384617 0.07643465909090909 0.11074999999999997
0 0.5394673295454545 0.6494711538461538 0.03140624999999994 0.04871153846153843
0 0.3323934659090909 0.9564038461538461 0.11711647727272734 0.08680769230769228
0 0.5975355113636365 0.20603846153846153 0.08112215909090907 0.10896153846153846
0 0.5969247159090909 0.5160576923076924 0.07447443181818182 0.0651538461538462
0 0.07575994318181822 0.07752884615384614 0.1242187499999999 0.15490384615384614
0 0.4164630681818182 0.9592403846153846 0.07877840909090915 0.08151923076923075
0 0.018821022727272707 0.8765288461538461 0.037642045454545456 0.09124999999999998
0 0.2731818181818182 0.569173076923077 0.06542613636363645 0.08415384615384625
