0 0.5057812500000001 0.9278846153846154 0.08071022727272727 0.13873076923076932
0 0.6166335227272728 0.9365096153846154 0.1009659090909091 0.1269423076923077
0 0.06565340909090911 0.047134615384615386 0.08951704545454543 0.09407692307692309
0 0.9680397727272727 0.7769230769230769 0.024147727272727272 0.026923076923076925
0 0.0996306818181818 0.8422307692307692 0.07954545454545454 0.10026923076923075
0 0.31345170454545457 0.12390384615384614 0.07954545454545454 0.10738461538461538
0 0.821640625 0.9817115384615385 0.030696022727272728 0.03657692307692304
0 0.03121448863636367 0.4848653846153846 0.06242897727272734 0.07134615384615384
0 0.7961363636363636 0.9844134615384615 0.02894886363636363 0.031173076923076883
0 0.5694176136363636 0.6961923076923077 0.007102272727272727 0.009615384615384616
0 0.8337357954545455 0.2409903846153846 0.08920454545454543 0.10078846153846156
0 0.7807244318181819 0.25940384615384615 0.060426136363636355 0.05353846153846154
0 0.37284090909090917 0.024076923076923076 0.11346590909090909 0.04807692307692308
0 0.13719460227272728 0.02083653846153846 0.01961647727272736 0.025942307692307688
0 0.20943892045454537 0.25235576923076924 0.0992471590909091 0.05751923076923079
0 0.4102414772727273 0.13000961538461536 0.05076704545454547 0.07498076923076923
0 0.6630823863636364 0.5561346153846154 0.009943181818181818 0.013461538461538462
0 0.5575284090909092 0.38076923076923075 0.026988636363636364 0.03461538461538462
0 0.4209943181818182 0.482173076923077 0.014204545454545454 0.021153846153846207
0 0.769609375 0.5015 0.019928977272727275 0.027615384615384587
0 0.1399147727272727 0.8884615384615384 0.009943181818181818 0.015384615384615385
0 0.5815482954545454 0.030307692307692306 0.07769886363636362 0.06061538461538461
0 0.4753125 0.9816153846153846 0.055710227272727314 0.036769230769230776
0 0.7440980113636364 0.131 0.0804403409090909 0.11426923076923078
0 0.0369176136363637 0.531125 0.07377840909090917 0.05055769230769224
0 0.5561647727272727 0.5034134615384614 0.06943181818181818 0.09936538461538465
0 0.42574573863636367 0.9312980769230769 0.09367897727272725 0.13740384615384613
0 0.5140411931818182 0.02926923076923077 0.07558238636363641 0.05853846153846154
0 0.5266548295454545 0.939625 0.047372159090909124 0.12075000000000004
0 0.3536647727272727 0.9786826923076922 0.07159090909090914 0.04259615384615391
0 0.36250000000000004 0.9456153846153846 0.05494318181818183 0.07407692307692315
0 0.9928977272727273 0.9182692307692307 0.014204545454545454 0.028846153846153848
0 0.9218963068181818 0.3362692307692308 0.05850852272727272 0.05161538461538462
0 0.8533877840909091 0.07939423076923077 0.13092329545454548 0.12828846153846155
0 0.0469176136363636 0.588125 0.08625000000000003 0.11494230769230766
0 0.7233877840909091 0.8734326923076923 0.018366477272727243 0.022942307692307595
0 0.800546875 0.18773076923076923 0.08921874999999999 0.10411538461538461
0 0.7185724431818181 0.049211538461538466 0.10751420454545454 0.09780769230769232
0 0.9359303977272727 0.3135576923076923 0.07120738636363637 0.0786153846153846
0 0.9829829545454546 0.4021923076923077 0.03400568181818182 0.08261538461538463
0 0.9871377840909091 0.3042307692307692 0.025724431818181816 0.1252307692307692
0 0.024375000000000147 0.6182211538461538 0.04875000000000007 0.1299423076923077
0 0.9537428977272727 0.28471153846153846 0.054389204545454546 0.1056153846153846
0 0.31276988636363634 0.9518076923076924 0.051448863636363674 0.09638461538461539
0 0.7936860795454546 0.08591346153846154 0.027627840909090894 0.03974999999999999
0 0.10781249999999998 0.26177884615384617 0.0783806818181819 0.0971730769230769
0 0.6732173295454545 0.9633365384615384 0.07700284090909096 0.07332692307692307
0 0.9209446022727272 0.37893269230769233 0.06975852272727272 0.09148076923076927
0 0.9613139204545454 0.37073076923076925 0.049843750000000006 0.07373076923076918
0 0.0643678977272728 0.2535192307692308 0.06342329545454542 0.06526923076923079
0 0.02117187499999995 0.2548942307692308 0.04234374999999992 0.05878846153846155
0 0.7370454545454546 0.8769423076923076 0.016164772727272722 0.027423076923076904
0 0.22048295454545463 0.9587307692307692 0.0805397727272728 0.08253846153846157
0 0.8999644886363636 0.5382596153846153 0.024161931818181825 0.02890384615384621
0 0.2640767045454545 0.9438557692307692 0.08394886363636359 0.11228846153846152
0 0.21000000000000008 0.49454807692307695 0.028721590909090947 0.03463461538461542
0 0.06955965909090911 0.6559615384615385 0.07230113636363633 0.10661538461538461
0 0.7770170454545455 0.05857692307692308 0.09295454545454543 0.07242307692307692
0 0.4014630681818182 0.869423076923077 0.009943181818181818 0.013461538461538462
0 0.5534659090909091 0.9480288461538462 0.04181818181818182 0.1038653846153846
0 0.48243607954545453 0.6988749999999999 0.0566619318181818 0.06905769230769236
0 0.8091264204545454 0.6544711538461538 0.07845170454545455 0.11078846153846156
