0 0.10502130681818178 0.2858076923076923 0.02509943181818176 0.029923076923076927
0 0.060887784090909114 0.7872211538461539 0.02461647727272717 0.03132692307692311
0 0.43053267045454546 0.9793942307692308 0.03873579545454551 0.04001923076923088
0 0.41061789772727275 0.9587692307692308 0.019303977272727316 0.028269230769230855
0 0.3916974431818182 0.9409423076923077 0.020326704545454547 0.024730769230769258
0 0.3948579545454546 0.9572019230769231 0.025028409090909098 0.024980769230769247
0 0.4293821022727272 0.9391538461538462 0.03365056818181818 0.04111538461538461
0 0.5475852272727273 0.4480769230769231 0.03551136363636364 0.03076923076923077
0 0.49502840909090906 0.4721153846153846 0.026988636363636364 0.051923076923076926
0 0.47869318181818177 0.4473173076923077 0.03409090909090909 0.0446346153846154
0 0.5736789772727273 0.43669230769230766 0.023096590909090896 0.03107692307692307
0 0.8232102272727273 0.5673846153846153 0.06713068181818183 0.1308461538461539
0 0.1193323863636363 0.006490384615384616 0.02684659090909104 0.012980769230769231
0 0.858515625 0.6159711538461539 0.08160511363636366 0.07521153846153848
0 0.6122159090909092 0.4346153846153846 0.022727272727272728 0.026923076923076925
0 0.8631463068181818 0.5414519230769231 0.08563920454545454 0.10248076923076921
0 0.7352414772727274 0.8289807692307692 0.017642045454545438 0.0351153846153846
0 0.7509161931818181 0.8373942307692308 0.0241335227272727 0.054865384615384566
0 0.7242542613636364 0.8544711538461539 0.04106534090909095 0.05778846153846156
0 0.6909303977272727 0.8278846153846153 0.06231534090909092 0.06657692307692309
0 0.7341335227272727 0.7913173076923077 0.03215909090909093 0.06721153846153843
0 0.6951704545454546 0.7744807692307693 0.04917613636363637 0.04461538461538459
0 0.7107173295454545 0.9261442307692308 0.02419034090909091 0.03813461538461536
0 0.6948508522727272 0.014336538461538461 0.03859374999999998 0.028673076923076923
0 0.9420667613636363 0.6215192307692308 0.031150568181818182 0.023576923076923058
0 0.6792400568181818 0.9486346153846154 0.018735795454545453 0.026000000000000075
0 0.6818607954545455 0.98175 0.03499999999999998 0.03650000000000003
0 0.9585511363636363 0.5914519230769231 0.02738636363636364 0.04524999999999995
0 0.9780823863636363 0.6355384615384616 0.03241477272727273 0.03188461538461535
0 0.9846022727272727 0.6068846153846154 0.030795454545454546 0.036730769230769275
0 0.9832102272727272 0.5259615384615385 0.03357954545454545 0.04800000000000007
0 0.9853764204545454 0.5564519230769231 0.02924715909090909 0.03501923076923073
0 0.7050568181818182 0.9731442307692307 0.026278409090909092 0.040673076923076985
0 0.6450142045454546 0.9851730769230769 0.026732954545454535 0.029653846153846183
0 0.8297514204545454 0.011903846153846154 0.022940340909090917 0.023807692307692307
0 0.7930255681818181 0.6419230769230769 0.04633522727272728 0.06446153846153843
0 0.8345951704545455 0.66125 0.042372159090909106 0.040153846153846144
0 0.7556605113636363 0.6745384615384615 0.02654829545454549 0.04569230769230768
0 0.7332386363636363 0.6769807692307692 0.02548295454545454 0.03288461538461532
0 0.7829119318181819 0.572375 0.06127840909090911 0.17359615384615382
0 0.784609375 0.5250288461538462 0.022286931818181813 0.03636538461538466
0 0.7843821022727273 0.4742596153846154 0.025980113636363624 0.05994230769230767
0 0.756534090909091 0.439 0.030056818181818178 0.039115384615384566
0 0.7635014204545454 0.4727692307692308 0.029417613636363648 0.0381153846153846
0 0.9416335227272727 0.4984230769230769 0.040880681818181816 0.0413846153846154
0 0.3008238636363636 0.8220673076923077 0.03215909090909097 0.060480769230769206
0 0.9449786931818182 0.4855673076923077 0.036349431818181815 0.03917307692307693
0 0.7542045454545454 0.5096634615384615 0.029630681818181796 0.03840384615384615
0 0.729169034090909 0.5022692307692308 0.026235795454545453 0.04061538461538462
0 0.7014843749999999 0.5048173076923077 0.03339488636363635 0.03790384615384617
0 0.7070667613636363 0.4604615384615385 0.03853693181818181 0.061692307692307664
0 0.7188707386363636 0.4105673076923077 0.041548295454545456 0.06186538461538465
0 0.9696448863636363 0.44932692307692307 0.06071022727272728 0.10873076923076927
0 0.8088210227272727 0.37416346153846153 0.03213068181818182 0.07282692307692308
0 0.7843821022727273 0.3263076923076923 0.04393465909090906 0.062115384615384635
0 0.9398295454545454 0.40152884615384615 0.05318181818181818 0.06875
0 0.8087500000000001 0.014836538461538462 0.023579545454545447 0.029673076923076924
0 0.9787855113636363 0.3847019230769231 0.026690340909090907 0.03598076923076925
0 0.8704829545454545 0.3714519230769231 0.0337215909090909 0.03805769230769235
0 0.8809801136363636 0.2913269230769231 0.13883522727272726 0.15457692307692308
0 0.9670099431818182 0.3167307692307692 0.05359375 0.07038461538461538
0 0.7749715909090908 0.35899038461538463 0.024204545454545444 0.0303653846153846
0 0.7622230113636363 0.3395961538461538 0.023053977272727257 0.03611538461538462
0 0.7019602272727272 0.3715288461538461 0.030852272727272725 0.04798076923076921
0 0.6618181818181819 0.3336730769230769 0.024147727272727272 0.03773076923076924
0 0.7911647727272728 0.29334615384615387 0.05082386363636364 0.04092307692307692
0 0.7798011363636363 0.2638846153846154 0.032812499999999994 0.03946153846153845
0 0.681747159090909 0.34499038461538456 0.03295454545454548 0.04828846153846151
0 0.9691477272727272 0.2577019230769231 0.048238636363636365 0.058288461538461546
0 0.8616832386363636 0.2360576923076923 0.02413352272727274 0.044999999999999984
0 0.8366690340909091 0.2262596153846154 0.03163352272727274 0.041365384615384596
0 0.7774147727272728 0.23090384615384618 0.04181818181818182 0.0615769230769231
0 0.7292542613636364 0.07029807692307692 0.03765625000000003 0.05278846153846154
0 0.7376207386363637 0.079625 0.025355113636363627 0.031711538461538465
0 0.72546875 0.1117403846153846 0.03275568181818182 0.03813461538461538
0 0.7663849431818182 0.10933653846153847 0.043735795454545486 0.03451923076923076
0 0.7413423295454545 0.24520192307692307 0.03583806818181821 0.04417307692307695
0 0.7673508522727273 0.13653846153846153 0.026690340909090938 0.03673076923076922
0 0.05203124999999997 0.8135961538461538 0.030909090909090896 0.030923076923077
0 0.8139417613636364 0.17394230769230767 0.02578125000000001 0.035115384615384625
0 0.7492329545454546 0.20467307692307693 0.029261363636363627 0.04311538461538462
0 0.7167684659090909 0.23349038461538463 0.032627840909090905 0.05475
0 0.7009943181818181 0.228 0.025880681818181858 0.03338461538461538
0 0.7390767045454545 0.2727403846153846 0.02920454545454546 0.035250000000000024
0 0.8282741477272727 0.030451923076923074 0.04163352272727275 0.058557692307692304
0 0.7832457386363636 0.02385576923076923 0.03748579545454544 0.04698076923076923
0 0.6829403409090908 0.08501923076923078 0.029829545454545456 0.03973076923076922
0 0.6675426136363636 0.11742307692307692 0.03772727272727273 0.046923076923076935
0 0.6095951704545455 0.18846153846153846 0.02370738636363636 0.044961538461538456
0 0.05466619318181809 0.8276634615384615 0.03001420454545454 0.038865384615384684
0 0.023295454545454675 0.5179134615384615 0.016931818181818124 0.02017307692307694
0 0.8712642045454546 0.18949999999999997 0.03420454545454545 0.05353846153846152
0 0.5867897727272728 0.19348076923076923 0.02579545454545458 0.05107692307692308
0 0.5998863636363636 0.22630769230769232 0.030852272727272766 0.03461538461538462
0 0.5808309659090909 0.2540576923076923 0.031889204545454526 0.04519230769230772
0 0.5888920454545454 0.27307692307692305 0.03397727272727275 0.04676923076923076
0 0.6284446022727272 0.31952884615384614 0.049048295454545414 0.07324999999999995
0 0.8585511363636363 0.15416346153846153 0.021960227272727284 0.025365384615384637
0 0.831640625 0.11506730769230768 0.024360795454545444 0.043673076923076926
0 0.8600923295454546 0.11877884615384615 0.03896306818181817 0.054096153846153835
0 0.30351562499999996 0.9425096153846154 0.01606534090909091 0.023596153846153812
0 0.8922372159090909 0.1710480769230769 0.029218750000000012 0.04486538461538461
0 0.08534090909090897 0.9929519230769231 0.027784090909090994 0.014096153846153925
0 0.9217471590909091 0.13177884615384616 0.029232954545454545 0.03290384615384615
0 0.9578764204545455 0.11363461538461539 0.08424715909090909 0.11057692307692307
0 0.9066974431818182 0.10650961538461538 0.024303977272727262 0.03290384615384615
0 0.6107173295454545 0.3591923076923077 0.024872159090909077 0.03538461538461534
0 0.5911363636363636 0.31890384615384615 0.04559659090909086 0.05703846153846153
0 0.5854971590909092 0.33987500000000004 0.028323863636363633 0.031326923076923065
0 0.5870525568181817 0.3611442307692308 0.024531250000000056 0.030865384615384583
0 0.6162926136363636 0.3884903846153846 0.02894886363636363 0.039365384615384615
0 0.1013707386363637 0.25816346153846154 0.0390198863636364 0.041326923076923094
0 0.4680823863636363 0.8786923076923077 0.01588068181818183 0.022538461538461483
0 0.590887784090909 0.38276923076923075 0.028906250000000033 0.032692307692307694
0 0.5332670454545454 0.29434615384615387 0.03002840909090907 0.03138461538461537
0 0.3668607954545454 0.3030769230769231 0.037982954545454556 0.05734615384615383
0 0.3470596590909091 0.2764615384615384 0.029659090909090902 0.037115384615384585
0 0.4035227272727272 0.280875 0.02556818181818182 0.03190384615384616
0 0.429296875 0.2806730769230769 0.02467329545454546 0.028153846153846182
0 0.5289985795454545 0.3205576923076923 0.031008522727272704 0.03423076923076925
0 0.528252840909091 0.24119230769230768 0.023267045454545447 0.03592307692307691
0 0.5069531249999999 0.24039423076923075 0.02600852272727273 0.058288461538461546
0 0.7102982954545455 0.5740384615384615 0.029261363636363627 0.05384615384615385
0 0.5641548295454545 0.8570096153846154 0.021178977272727308 0.0324423076923077
0 0.6466193181818182 0.538423076923077 0.04178977272727275 0.04692307692307699
0 0.6606107954545455 0.5647403846153847 0.021164772727272737 0.03463461538461537
0 0.6738920454545454 0.5707307692307692 0.02482954545454544 0.03553846153846146
0 0.6890056818181818 0.5920000000000001 0.035624999999999976 0.05261538461538453
0 0.7208025568181817 0.6104711538461538 0.03509943181818183 0.057019230769230725
0 0.6867471590909091 0.4849423076923077 0.02295454545454549 0.024923076923076885
0 0.6226988636363636 0.909875 0.0363636363636364 0.042980769230769274
0 0.6098579545454546 0.8887499999999999 0.044659090909090905 0.05100000000000007
0 0.58953125 0.9802788461538462 0.0388636363636363 0.03944230769230767
0 0.6224573863636363 0.9891923076923077 0.020426136363636358 0.021615384615384634
0 0.5563920454545455 0.8492500000000001 0.02156250000000001 0.04557692307692306
0 0.25213778409090903 0.7055673076923077 0.085127840909091 0.06259615384615387
0 0.6539488636363636 0.47421153846153846 0.06886363636363639 0.09965384615384613
0 0.2964701704545455 0.6350865384615385 0.01836647727272728 0.03713461538461539
0 0.2774715909090909 0.6238076923076923 0.025284090909090843 0.03299999999999994
0 0.27934659090909086 0.599625 0.02198863636363639 0.03101923076923076
0 0.3143892045454545 0.6082307692307691 0.054659090909090935 0.0875
0 0.17780539772727266 0.4934807692307693 0.026519886363636305 0.0425769230769231
0 0.15576704545454556 0.4837692307692308 0.027897727272727255 0.03496153846153842
0 0.1530113636363637 0.5117403846153846 0.027897727272727255 0.027519230769230775
0 0.1799289772727274 0.37556730769230773 0.05698863636363637 0.06836538461538458
0 0.5722230113636364 0.8284230769230768 0.01916193181818175 0.027153846153846053
0 0.210078125 0.3515 0.0503551136363637 0.08765384615384612
0 0.23878551136363635 0.34018269230769227 0.03526988636363626 0.03501923076923078
0 0.3527201704545454 0.7945288461538461 0.02771306818181817 0.030865384615384638
0 0.7673295454545455 0.04878846153846154 0.031590909090909065 0.05761538461538462
0 0.27323153409090917 0.32200961538461537 0.02365056818181823 0.03313461538461537
0 0.2659019886363637 0.3494519230769231 0.030838068181818154 0.03521153846153847
0 0.24730113636363638 0.2840096153846154 0.045511363636363586 0.041980769230769203
0 0.26048295454545456 0.243625 0.024289772727272597 0.032096153846153844
0 0.26376420454545446 0.26619230769230773 0.026306818181818237 0.027576923076923082
0 0.2819815340909091 0.2514423076923077 0.02370738636363644 0.03773076923076924
0 0.018934659090908967 0.5954038461538462 0.03357954545454544 0.04873076923076918
0 0.27149857954545453 0.21146153846153845 0.028934659090909018 0.03803846153846154
0 0.25030539772727256 0.21533653846153844 0.028934659090909098 0.03836538461538462
0 0.2450639204545454 0.18172115384615387 0.04822443181818188 0.03594230769230769
0 0.4279474431818181 0.9097211538461538 0.016690340909090908 0.026134615384615447
0 0.22744318181818168 0.15698076923076923 0.030369318181818174 0.05965384615384615
0 0.7376349431818182 0.5701153846153847 0.033593750000000006 0.043076923076923145
0 0.2066051136363637 0.18115384615384614 0.025113636363636293 0.030307692307692317
0 0.2616761363636364 0.14754807692307692 0.03286931818181824 0.04078846153846152
0 0.25352982954545455 0.09523076923076923 0.03444602272727273 0.04107692307692307
0 0.2698295454545455 0.08083653846153846 0.02028409090909087 0.024942307692307705
0 0.028423295454545472 0.5340096153846154 0.02187500000000013 0.03332692307692316
0 0.2783309659090909 0.09945192307692308 0.01856534090909098 0.02648076923076924
0 0.253955965909091 0.06260576923076923 0.022542613636363642 0.02532692307692308
0 0.2543821022727273 0.033625 0.03444602272727273 0.036096153846153854
0 0.2349573863636365 0.06845192307692308 0.019715909090909086 0.02436538461538461
0 0.22326704545454557 0.05761538461538462 0.02693181818181807 0.03684615384615385
0 0.20082386363636362 0.019230769230769232 0.028124999999999935 0.03496153846153846
0 0.23131392045454546 0.007865384615384614 0.03228693181818185 0.01573076923076923
0 0.18250710227272726 0.06069230769230769 0.05177556818181825 0.034
0 0.17354403409090902 0.10752884615384614 0.017428977272727245 0.04440384615384615
0 0.17012073863636357 0.15899038461538464 0.04271306818181809 0.08163461538461539
0 0.024630681818181843 0.4855576923076923 0.03403409090909096 0.02776923076923071
0 0.20258522727272732 0.14904807692307692 0.024602272727272636 0.046480769230769235
0 0.2126562500000001 0.1194423076923077 0.027329545454545467 0.02334615384615386
0 0.13921874999999995 0.1151923076923077 0.0503125000000001 0.06046153846153847
0 0.10036931818181816 0.12184615384615384 0.037215909090909154 0.03384615384615384
0 0.0838352272727273 0.09413461538461539 0.04227272727272726 0.036884615384615384
0 0.10192471590909091 0.05926923076923077 0.039446022727272705 0.059846153846153854
0 0.04338068181818178 0.12371153846153846 0.03517045454545453 0.07407692307692308
0 0.18914062499999995 0.09218269230769231 0.03882102272727279 0.039057692307692314
0 0.6021164772727272 0.04115384615384615 0.028977272727272695 0.03953846153846154
0 0.560078125 0.05660576923076924 0.025809659090909112 0.03967307692307692
0 0.08307528409090892 0.47597115384615385 0.023622159090909086 0.0321346153846154
0 0.5494105113636363 0.02908653846153846 0.03884943181818177 0.033480769230769224
0 0.5168110795454546 0.03425961538461538 0.026548295454545453 0.0320576923076923
0 0.5350710227272728 0.058471153846153846 0.027386363636363598 0.03190384615384616
0 0.582159090909091 0.01671153846153846 0.0248295454545454 0.03342307692307692
0 0.04274147727272737 0.24 0.060312500000000054 0.07388461538461535
0 0.07713778409090899 0.25445192307692305 0.022713068181818195 0.03463461538461537
0 0.06477982954545458 0.16860576923076925 0.0839630681818182 0.09551923076923077
0 0.07021306818181827 0.2818076923076923 0.02894886363636363 0.041961538461538446
0 0.69203125 0.7255096153846153 0.027528409090909086 0.03021153846153842
0 0.6724573863636363 0.7420673076923077 0.025653409090909095 0.03090384615384625
0 0.06505681818181808 0.4697211538461538 0.024062499999999917 0.027673076923076897
0 0.6361221590909091 0.7184519230769232 0.026505681818181814 0.03482692307692299
0 0.6610298295454546 0.6756057692307692 0.09717329545454541 0.13348076923076918
0 0.6094531249999999 0.6680865384615384 0.029076704545454583 0.03975000000000003
0 0.5992684659090909 0.7060865384615383 0.033196022727272734 0.07755769230769227
0 0.583174715909091 0.7664903846153845 0.0343892045454546 0.07686538461538467
0 0.5663849431818182 0.7834423076923077 0.028906250000000033 0.048769230769230794
0 0.5559517045454545 0.7459615384615385 0.024119318181818207 0.031153846153846133
0 0.5376349431818181 0.7580192307692308 0.03143465909090908 0.04423076923076923
0 0.4782315340909091 0.6410192307692307 0.022571022727272707 0.03753846153846151
0 0.49361505681818185 0.6285673076923077 0.02759943181818183 0.03917307692307693
0 0.0629687499999999 0.4442115384615385 0.022301136363636266 0.02661538461538462
0 0.5012002840909091 0.5768942307692307 0.028906249999999953 0.03805769230769235
0 0.5381818181818181 0.5169519230769231 0.03849431818181821 0.06051923076923077
0 0.7069318181818183 0.09539423076923077 0.023579545454545447 0.042749999999999996
0 0.44742897727272724 0.4877980769230769 0.029715909090909112 0.03763461538461537
0 0.42482244318181817 0.5547211538461538 0.02703124999999996 0.03921153846153844
0 0.4014204545454546 0.5589134615384616 0.021051136363636355 0.04124999999999998
0 0.38202414772727267 0.5582692307692307 0.023082386363636364 0.03819230769230772
0 0.37651278409090905 0.4610673076923077 0.023451704545454533 0.03382692307692308
0 0.9579545454545455 0.642125 0.019147727272727278 0.02805769230769226
0 0.36659801136363634 0.44214423076923076 0.02396306818181819 0.030865384615384638
0 0.1798153409090908 0.8533269230769231 0.021903409090909032 0.029384615384615443
0 0.07987926136363643 0.42749038461538463 0.026036931818181716 0.03628846153846149
0 0.33725852272727264 0.4137788461538462 0.03559659090909091 0.043480769230769205
0 0.34948863636363636 0.3678846153846154 0.02585227272727271 0.04034615384615382
0 0.3306818181818182 0.3465865384615385 0.02926136363636367 0.04409615384615386
0 0.30197443181818184 0.38258653846153845 0.027045454545454574 0.04359615384615382
0 0.2811789772727272 0.3926730769230769 0.029943181818181876 0.03157692307692311
0 0.2682883522727273 0.41643269230769236 0.017627840909090944 0.02898076923076927
0 0.2514985795454546 0.41327884615384614 0.0292755681818182 0.04336538461538464
0 0.26002840909090896 0.44322115384615385 0.025056818181818163 0.034519230769230747
0 0.27849431818181813 0.44548076923076924 0.015852272727272684 0.02642307692307694
0 0.2212855113636365 0.45816346153846155 0.02285511363636368 0.05101923076923077
0 0.05456676136363636 0.41930769230769227 0.026803977272727278 0.0368846153846154
0 0.1999715909090909 0.44143269230769233 0.026732954545454615 0.038903846153846136
0 0.19396306818181808 0.45228846153846153 0.030198863636363624 0.03492307692307692
0 0.17431818181818182 0.456625 0.023522727272727195 0.04032692307692307
0 0.15106534090909096 0.4517403846153846 0.03340909090909088 0.04975000000000001
0 0.12448153409090912 0.45988461538461534 0.026463068181818174 0.056615384615384665
0 0.359375 0.7048076923076924 0.03125 0.03653846153846154
0 0.9593821022727272 0.7232307692307693 0.019730113636363636 0.03207692307692309
0 0.4069602272727273 0.7903846153846154 0.029829545454545456 0.04230769230769231
0 0.5305397727272727 0.9038461538461539 0.026988636363636364 0.03461538461538462
0 0.5 0.8759615384615385 0.019886363636363636 0.028846153846153848
0 0.05362926136363633 0.37505769230769226 0.02890624999999987 0.03792307692307692
0 0.22017045454545459 0.5028846153846154 0.022727272727272728 0.032692307692307694
0 0.45099431818181823 0.14807692307692308 0.026988636363636364 0.038461538461538464
0 0.5170454545454546 0.09230769230769231 0.03409090909090909 0.03461538461538462
0 0.4936079545454546 0.30096153846153845 0.029829545454545456 0.03653846153846154
0 0.8693181818181819 0.4153846153846154 0.028409090909090908 0.038461538461538464
0 0.1092045454545455 0.6220288461538461 0.02875000000000001 0.04351923076923076
0 0.17615056818181818 0.5999615384615385 0.03528409090909079 0.04861538461538467
0 0.15825994318181813 0.578625 0.03941761363636364 0.04844230769230769
0 0.12029119318181813 0.5816923076923077 0.02825284090909089 0.04538461538461532
0 0.255809659090909 0.5834807692307692 0.02786931818181819 0.03699999999999991
0 0.28602272727272726 0.4201346153846154 0.020795454545454527 0.024923076923076885
0 0.23403409090909089 0.5698173076923077 0.03661931818181814 0.06748076923076929
0 0.2512073863636364 0.6120576923076922 0.0320170454545454 0.027000000000000038
0 0.21892755681818177 0.6285769230769231 0.03254261363636375 0.03526923076923072
0 0.22655539772727273 0.6386442307692308 0.02643465909090895 0.04094230769230773
0 0.23989346590909089 0.655673076923077 0.036349431818181704 0.03784615384615386
0 0.6046022727272726 0.015528846153846152 0.02198863636363639 0.022519230769230767
0 0.43840909090909086 0.019375 0.0400284090909091 0.03848076923076923
0 0.4087997159090908 0.014124999999999999 0.026207386363636346 0.028249999999999997
0 0.37320312499999997 0.04095192307692308 0.03367897727272724 0.03609615384615385
0 0.3654900568181818 0.012144230769230768 0.02643465909090911 0.024057692307692308
0 0.2858238636363637 0.43572115384615384 0.021988636363636307 0.03028846153846154
0 0.34071732954545453 0.006125 0.025497159090909074 0.01225
0 0.062393465909090895 0.026403846153846153 0.03066761363636368 0.03492307692307692
0 0.03448153409090904 0.018 0.02740056818181813 0.036
0 0.019353693181818232 0.008625 0.021974431818181858 0.01725
0 0.030021306818181825 0.06424999999999999 0.03487215909090902 0.04938461538461538
0 0.023174715909091037 0.11079807692307693 0.021690340909091044 0.03144230769230771
0 0.018373579545454488 0.14490384615384613 0.024190340909091033 0.036500000000000005
0 0.2585369318181818 0.6619326923076922 0.02863636363636367 0.04278846153846154
0 0.7007883522727272 0.73175 0.03248579545454546 0.043000000000000024
0 0.22126420454545448 0.6793365384615384 0.01599431818181817 0.019749999999999965
0 0.17088068181818172 0.3537211538461538 0.02585227272727263 0.03174999999999998
0 0.20819602272727267 0.6625769230769231 0.029176136363636473 0.03365384615384615
0 0.19641335227272727 0.644076923076923 0.018792613636363663 0.028538461538461492
0 0.1862571022727273 0.7011346153846153 0.024644886363636234 0.05311538461538463
0 0.7298721590909091 0.7276057692307693 0.027897727272727293 0.03809615384615385
0 0.7587855113636364 0.8082884615384616 0.030156250000000027 0.05346153846153837
0 0.8036221590909091 0.9132980769230769 0.033778409090909074 0.04844230769230769
0 0.8468394886363636 0.8814038461538461 0.039957386363636355 0.052423076923076906
0 0.1720454545454545 0.6992307692307693 0.021505681818181962 0.04111538461538461
0 0.24717329545454547 0.7649134615384615 0.036875000000000054 0.08824999999999997
0 0.2690767045454546 0.7805096153846154 0.04002840909090902 0.05463461538461532
0 0.17319602272727286 0.323375 0.022812500000000083 0.030250000000000034
0 0.31817471590909097 0.7438076923076923 0.03225852272727278 0.03950000000000004
0 0.33112215909090914 0.7803365384615384 0.029715909090909112 0.05036538461538461
0 0.2136860795454545 0.09724038461538462 0.03007102272727267 0.022442307692307695
0 0.00904829545454544 0.5333846153846155 0.018096590909090923 0.02961538461538457
0 0.1564417613636363 0.34163461538461537 0.018991477272727278 0.03434615384615387
0 0.0066903409090909305 0.5689807692307692 0.01338068181818176 0.028384615384615366
0 0.1914275568181818 0.11775 0.01535511363636356 0.021615384615384606
0 0.15524857954545446 0.30491346153846155 0.021690340909090885 0.03867307692307695
0 0.17519176136363646 0.3007019230769231 0.015326704545454494 0.022903846153846146
0 0.14112926136363635 0.33310576923076923 0.020894886363636414 0.05659615384615386
0 0.15842329545454537 0.8675865384615384 0.02210227272727265 0.03609615384615381
0 0.11902698863636374 0.3402307692307693 0.03734375000000011 0.0591923076923077
0 0.11400568181818183 0.30890384615384614 0.02440340909090918 0.031115384615384628
0 0.13019886363636357 0.2970288461538461 0.025852272727272793 0.028519230769230793
0 0.15460937500000005 0.26235576923076925 0.02296874999999994 0.036942307692307705
0 0.13389204545454547 0.23653846153846153 0.049005681818181816 0.06296153846153849
0 0.10579545454545458 0.2227307692307692 0.026335227272727222 0.05169230769230768
0 0.012812500000000004 0.17540384615384616 0.02562499999999995 0.04250000000000002
0 0.08759232954545448 0.33125 0.049644886363636266 0.06361538461538459
0 0.13044034090909085 0.27455769230769234 0.022500000000000044 0.028499999999999987
0 0.0564488636363637 0.3366057692307693 0.03099431818181809 0.04536538461538462
0 0.17517045454545443 0.8837596153846154 0.026249999999999864 0.03148076923076924
0 0.03176846590909088 0.3396153846153846 0.03836647727272726 0.06380769230769232
0 0.008089488636363495 0.08106730769230769 0.016178977272727255 0.040134615384615394
0 0.004985795454545472 0.04398076923076923 0.009971590909090883 0.038115384615384613
0 0.90921875 0.6024711538461538 0.02451704545454546 0.03513461538461546
0 0.9133238636363636 0.5762019230769231 0.020625000000000004 0.02674999999999994
0 0.778046875 0.42089423076923077 0.031974431818181805 0.04259615384615386
0 0.7942116477272727 0.43406730769230767 0.02467329545454546 0.05294230769230769
0 0.5678338068181819 0.4077211538461538 0.03455965909090915 0.035250000000000024
0 0.41329545454545447 0.9061923076923077 0.017215909090909098 0.03350000000000003
0 0.39954545454545454 0.9247019230769231 0.01866477272727279 0.028211538461538493
0 0.5621377840909091 0.01025 0.0254119318181818 0.0205
0 0.027272727272727337 0.5071442307692309 0.01707386363636361 0.018211538461538404
0 0.009588068181818232 0.5012692307692307 0.019176136363636364 0.029961538461538432
0 0.4721661931818182 0.9856634615384616 0.01734374999999997 0.019865384615384694
0 0.5040127840909092 0.9953942307692308 0.020184659090909062 0.00921153846153839
0 0.3976633522727273 0.9940096153846154 0.027571022727272763 0.011980769230769265
0 0.39295454545454545 0.8932019230769231 0.014147727272727244 0.013057692307692347
0 0.40083096590909095 0.9007019230769231 0.011349431818181831 0.012673076923076985
0 0.14872869318181803 0.020134615384615386 0.03521306818181829 0.04026923076923077
0 0.24895596590909108 0.32228846153846147 0.025724431818181837 0.03034615384615385
0 0.33481534090909093 0.8113942307692308 0.037642045454545456 0.024326923076923034
0 0.19826704545454532 0.8599711538461539 0.029659090909090902 0.03736538461538452
0 0.3275852272727273 0.8294807692307693 0.029431818181818222 0.024153846153846158
0 0.3374147727272727 0.8408461538461539 0.041022727272727266 0.03738461538461538
0 0.840859375 0.7874038461538462 0.030298295454545453 0.042038461538461566
0 0.28162642045454545 0.8826442307692308 0.05734374999999992 0.051942307692307677
0 0.8679900568181818 0.7847596153846154 0.024303977272727272 0.03455769230769236
0 0.8499005681818181 0.7396153846153847 0.03076704545454545 0.03857692307692308
0 0.8792542613636364 0.7453461538461539 0.02825284090909091 0.03373076923076927
0 0.29296875 0.9066442307692308 0.04968750000000002 0.03855769230769233
0 0.9790127840909091 0.8372596153846154 0.04197443181818182 0.06571153846153838
0 0.2998863636363637 0.9281538461538461 0.058267045454545426 0.03657692307692304
0 0.0788281249999998 0.8150769230769231 0.02183238636363637 0.04461538461538459
0 0.9690056818181818 0.6996634615384616 0.061988636363636364 0.13763461538461538
0 0.9627485795454546 0.7785384615384616 0.03839488636363637 0.06023076923076922
0 0.9381321022727273 0.7370384615384615 0.034417613636363635 0.048923076923076916
0 0.9209161931818182 0.7129326923076924 0.027002840909090917 0.040865384615384616
0 0.3172230113636364 0.9336057692307693 0.018593750000000044 0.02605769230769233
0 0.229893465909091 0.9338653846153846 0.02953124999999995 0.044807692307692326
0 0.9477911931818181 0.6976057692307692 0.025951704545454545 0.032788461538461454
0 0.6349431818181819 0.17115384615384616 0.02556818181818182 0.03461538461538462
0 0.9232315340909091 0.6757403846153845 0.03455965909090908 0.0360192307692308
0 0.908643465909091 0.6476442307692307 0.02879261363636364 0.03825000000000008
0 0.1726917613636364 0.011326923076923076 0.03927556818181815 0.022653846153846153
0 0.2014133522727274 0.9410961538461539 0.03742897727272731 0.030000000000000044
0 0.9372017045454546 0.6424903846153847 0.021903409090909095 0.029211538461538455
0 0.20002840909090902 0.9722403846153846 0.034659090909090876 0.040173076923076895
0 0.24443892045454552 0.9752788461538461 0.04623579545454555 0.049442307692307653
0 0.26482244318181825 0.9911634615384615 0.030838068181818154 0.01767307692307692
0 0.4443039772727272 0.8883846153846154 0.03892045454545459 0.04696153846153849
0 0.46131392045454545 0.9154807692307692 0.03575284090909093 0.051769230769230797
0 0.47659801136363633 0.9372596153846153 0.021803977272727225 0.029634615384615322
0 0.4692471590909091 0.9610192307692308 0.030397727272727323 0.030538461538461528
0 0.4946377840909091 0.9828461538461539 0.024531250000000056 0.03219230769230782
