0 0.877890625 0.9897596153846153 0.02975852272727273 0.020480769230769188
0 0.08289772727272726 0.1738076923076923 0.026278409090909092 0.04476923076923077
0 0.8706676136363636 0.6577596153846154 0.02826704545454546 0.03290384615384607
0 0.16613636363636364 0.7108365384615385 0.027159090909090914 0.05071153846153847
0 0.6553693181818181 0.6252788461538461 0.032244318181818166 0.034865384615384604
0 0.6356392045454546 0.10085576923076923 0.0374431818181818 0.05248076923076924
0 0.27316761363636366 0.9227307692307692 0.030312500000000044 0.04057692307692312
0 0.3903196022727272 0.19990384615384615 0.029559659090909095 0.048923076923076916
0 0.5354332386363636 0.11775961538461538 0.024531249999999973 0.035288461538461526
0 0.7910440340909091 0.5258076923076922 0.04731534090909091 0.05011538461538462
0 0.2101633522727272 0.40540384615384617 0.04029829545454546 0.0785769230769231
0 0.21497869318181817 0.23933653846153846 0.04075284090909099 0.04536538461538462
0 0.7411079545454546 0.06408653846153847 0.03417613636363637 0.04240384615384615
0 0.8124076704545454 0.5210576923076924 0.026946022727272746 0.03646153846153842
0 0.2081889204545455 0.6983846153846153 0.020156249999999917 0.025807692307692337
0 0.9358309659090909 0.6509423076923078 0.02936079545454545 0.03469230769230762
0 0.3985298295454546 0.6048269230769231 0.03154829545454551 0.034999999999999976
0 0.6788991477272728 0.2999807692307693 0.022343749999999985 0.028461538461538427
0 0.07681107954545463 0.5475769230769231 0.031633522727272705 0.04757692307692309
0 0.8591477272727273 0.7738173076923077 0.027045454545454553 0.03844230769230771
0 0.16098721590909093 0.18270192307692307 0.02825284090909089 0.04063461538461537
0 0.018934659090908967 0.5717596153846154 0.03494318181818185 0.04521153846153844
0 0.3553764204545454 0.24838461538461537 0.024531249999999973 0.034384615384615375
0 0.17047585227272744 0.8255865384615385 0.02365056818181815 0.03417307692307689
0 0.31562499999999993 0.4039230769230769 0.03176136363636366 0.04003846153846152
0 0.863984375 0.49274038461538466 0.026292613636363645 0.03855769230769233
0 0.42982244318181817 0.9682788461538462 0.025752840909090982 0.04294230769230766
0 0.10983664772727275 0.6878653846153846 0.036803977272727224 0.05219230769230766
0 0.7465838068181818 0.21235576923076924 0.022769886363636364 0.03351923076923078
0 0.9739417613636364 0.22392307692307692 0.025838068181818184 0.03292307692307693
0 0.8340909090909091 0.5090384615384616 0.025624999999999988 0.03380769230769233
0 0.9912286931818182 0.5301634615384614 0.017542613636363637 0.039057692307692314
0 0.8267542613636364 0.42111538461538467 0.041178977272727284 0.04299999999999997
0 0.6746519886363636 0.6618076923076923 0.03259943181818184 0.04530769230769231
0 0.4332528409090909 0.39769230769230773 0.024744318181818204 0.041230769230769224
0 0.3695099431818182 0.4819038461538461 0.03788352272727275 0.054269230769230764
0 0.8724147727272727 0.5725096153846154 0.031761363636363636 0.04151923076923072
0 0.7477840909090909 0.9845288461538463 0.026846590909090876 0.030942307692307644
0 0.34453835227272733 0.07579807692307693 0.029133522727272713 0.028480769230769237
0 0.3434446022727272 0.17410576923076923 0.025639204545454562 0.03825
0 0.38068181818181823 0.03725 0.02781250000000006 0.035576923076923075
0 0.35801136363636366 0.19471153846153846 0.02803977272727274 0.030846153846153832
0 0.5099289772727273 0.5238653846153846 0.018920454545454535 0.026576923076923064
0 0.39250710227272734 0.5855576923076923 0.03308238636363639 0.03915384615384618
0 0.3276775568181818 0.6737692307692308 0.03745738636363637 0.043000000000000024
0 0.42733664772727276 0.6930480769230769 0.02606534090909086 0.03648076923076928
0 0.5539204545454546 0.6085576923076924 0.03014204545454541 0.04269230769230767
0 0.10633522727272715 0.3245961538461538 0.03110795454545451 0.036192307692307676
0 0.40641335227272724 0.6697788461538461 0.03285511363636363 0.02313461538461544
0 0.8533664772727273 0.6057115384615385 0.03306818181818182 0.04092307692307698
0 0.5462713068181818 0.4015480769230769 0.029133522727272713 0.02578846153846153
0 0.07490056818181823 0.6209903846153846 0.019062500000000104 0.02759615384615378
0 0.14970880681818177 0.43609615384615386 0.02322443181818185 0.034384615384615375
0 0.15989346590909104 0.06808653846153846 0.03262784090909079 0.04744230769230769
0 0.2157457386363636 0.8376153846153847 0.02606534090909078 0.033807692307692386
0 0.5025710227272726 0.2835192307692308 0.033295454545454545 0.043000000000000024
0 0.862890625 0.44335576923076925 0.02322443181818183 0.026980769230769232
0 0.8738494318181818 0.5339519230769231 0.024971590909090905 0.039134615384615316
0 0.4008238636363636 0.9446826923076923 0.032244318181818166 0.04271153846153842
0 0.9775497159090909 0.9308365384615384 0.029446022727272727 0.0514807692307693
0 0.27686079545454545 0.605423076923077 0.058920454545454574 0.08600000000000005
0 0.45920454545454537 0.18892307692307694 0.03636363636363631 0.06257692307692309
0 0.2305326704545455 0.046884615384615386 0.025838068181818098 0.03469230769230769
0 0.8812926136363637 0.48250961538461534 0.027159090909090897 0.035288461538461526
0 0.9149147727272727 0.5551634615384615 0.038778409090909086 0.03528846153846158
0 0.3745454545454545 0.5315865384615385 0.029573863636363627 0.05336538461538461
0 0.18681818181818177 0.8787596153846154 0.01107954545454539 0.0169807692307692
0 0.29087357954545456 0.6519807692307692 0.030894886363636364 0.040346153846153775
0 0.9866193181818181 0.45093269230769234 0.026761363636363635 0.041826923076923074
0 0.8677130681818181 0.628548076923077 0.028920454545454544 0.031442307692307624
0 0.0616832386363636 0.5845769230769231 0.02714488636363638 0.03700000000000002
0 0.9079474431818182 0.5344038461538462 0.02509943181818182 0.029961538461538432
0 0.15529119318181828 0.654201923076923 0.04228693181818179 0.05309615384615387
0 0.054098011363636456 0.6531634615384615 0.027372159090909065 0.039134615384615316
0 0.3929474431818182 0.7864615384615385 0.025639204545454562 0.03469230769230773
0 0.8475568181818182 0.04495192307692308 0.031534090909090914 0.04982692307692307
0 0.48453124999999997 0.4609903846153846 0.03119318181818179 0.04413461538461536
0 0.04992897727272727 0.10189423076923076 0.03088068181818183 0.041519230769230774
0 0.41583096590909097 0.3963653846153846 0.0214630681818182 0.03676923076923072
0 0.963046875 0.7895769230769232 0.030127840909090906 0.04003846153846152
0 0.7781178977272727 0.7202019230769231 0.028394886363636337 0.05255769230769239
0 0.21962357954545453 0.9064807692307693 0.014417613636363765 0.019230769230769232
0 0.6285653409090909 0.5652596153846154 0.05292613636363635 0.07044230769230768
0 0.4877840909090909 0.24052884615384615 0.031761363636363574 0.03944230769230773
0 0.6959730113636363 0.7517692307692307 0.02419034090909091 0.04388461538461537
0 0.554375 0.04466346153846154 0.05715909090909084 0.0729423076923077
0 0.21534801136363635 0.8928942307692308 0.017968749999999967 0.02263461538461535
0 0.2614204545454545 0.9602211538461538 0.028920454545454565 0.04009615384615389
0 0.716356534090909 0.1683173076923077 0.08498579545454543 0.10201923076923076
0 0.6474360795454546 0.7871153846153847 0.0413494318181818 0.03915384615384618
0 0.6636789772727273 0.44261538461538463 0.0475284090909091 0.06226923076923076
0 0.9410866477272727 0.21057692307692308 0.028025568181818186 0.03826923076923078
0 0.7560014204545455 0.615951923076923 0.02365056818181819 0.03113461538461538
0 0.8501917613636364 0.24912500000000004 0.03811079545454545 0.056057692307692315
0 0.06592329545454556 0.21991346153846156 0.030000000000000006 0.023134615384615385
0 0.3451846590909091 0.9316346153846153 0.035227272727272746 0.04934615384615378
0 0.6193181818181819 0.01239423076923077 0.04775568181818182 0.02478846153846154
0 0.15857244318181818 0.6149134615384615 0.03526988636363626 0.035596153846153826
0 0.3745525568181818 0.2335576923076923 0.02825284090909089 0.042692307692307724
0 0.40302556818181823 0.03902884615384616 0.026505681818181855 0.03736538461538461
0 0.6676420454545454 0.5989423076923078 0.030482954545454556 0.030615384615384645
0 0.6565482954545454 0.7519999999999999 0.026278409090909092 0.04342307692307689
0 0.8350710227272727 0.37412500000000004 0.030227272727272728 0.05694230769230767
0 0.012151988636363686 0.7212307692307692 0.02365056818181815 0.043000000000000024
0 0.17259943181818183 0.4337211538461539 0.024318181818181826 0.03201923076923078
0 0.07446732954545443 0.09981730769230769 0.03132102272727282 0.04448076923076922
0 0.6116548295454546 0.5319326923076924 0.04677556818181819 0.05882692307692303
0 0.3501278409090909 0.6894903846153846 0.03767045454545452 0.045365384615384564
0 0.6759446022727273 0.32860576923076923 0.012485795454545444 0.016903846153846193
0 0.307627840909091 0.5510096153846153 0.03417613636363637 0.03767307692307687
0 0.2590625 0.891423076923077 0.022073863636363586 0.036769230769230776
0 0.5252485795454545 0.3776730769230769 0.022116477272727263 0.05100000000000002
0 0.29503551136363637 0.20909615384615382 0.03220170454545457 0.05249999999999999
0 0.439169034090909 0.7176634615384614 0.034389204545454514 0.02344230769230769
0 0.44124289772727276 0.7396057692307693 0.03941761363636364 0.06317307692307686
0 0.5199857954545455 0.10530769230769231 0.027386363636363598 0.043
0 0.5747159090909091 0.7833173076923077 0.026278409090909092 0.03628846153846155
0 0.9100994318181819 0.6380384615384614 0.025625 0.04092307692307698
0 0.4805610795454546 0.009221153846153846 0.027372159090909065 0.018096153846153845
0 0.9911363636363636 0.9154230769230769 0.017727272727272727 0.047692307692307714
0 0.7228196022727273 0.5874807692307692 0.05848011363636362 0.0773846153846154
0 0.36786221590909096 0.38805769230769227 0.031974431818181805 0.04565384615384617
0 0.21880681818181813 0.8147788461538461 0.040085227272727314 0.04982692307692302
0 0.15610795454545467 0.8050673076923077 0.02926136363636367 0.03298076923076919
0 0.8301420454545454 0.27433653846153844 0.015113636363636364 0.02224999999999999
0 0.7154261363636363 0.7912692307692307 0.034687500000000024 0.05646153846153849
0 0.028686079545454435 0.961576923076923 0.029559659090909175 0.033807692307692275
0 0.31551846590909094 0.43535576923076924 0.02103693181818174 0.029365384615384633
0 0.8121803977272728 0.08306730769230769 0.03876420454545455 0.035288461538461526
0 0.003167613636363642 0.7461346153846155 0.006136363636363546 0.016307692307692342
0 0.977109375 0.8832788461538462 0.04328125 0.04744230769230762
0 0.2625142045454545 0.7568076923076923 0.03022727272727277 0.03707692307692313
0 0.9916335227272727 0.4232307692307692 0.016732954545454544 0.03573076923076925
0 0.18114346590909092 0.04866346153846154 0.017741477272727287 0.04063461538461537
0 0.04265624999999995 0.5426826923076923 0.0320170454545454 0.048365384615384574
0 0.6325426136363637 0.7528365384615385 0.024176136363636337 0.04128846153846148
0 0.5468181818181819 0.3710096153846154 0.028920454545454565 0.04121153846153842
0 0.9859872159090909 0.01723076923076923 0.028025568181818183 0.03411538461538461
0 0.6632386363636364 0.10603846153846154 0.02826704545454546 0.03796153846153846
0 0.37191761363636366 0.015211538461538462 0.04139204545454544 0.030423076923076924
0 0.364140625 0.7846826923076923 0.02759943181818183 0.03825000000000008
0 0.3468394886363636 0.055480769230769236 0.01359374999999999 0.017499999999999995
0 0.705078125 0.3158461538461539 0.054105113636363604 0.0773846153846154
0 0.5622727272727273 0.7229423076923077 0.030482954545454518 0.041269230769230836
0 0.052123579545454435 0.8488846153846153 0.03262784090909079 0.04861538461538467
0 0.20599431818181813 0.7695576923076922 0.026278409090909092 0.03646153846153842
0 0.21049005681818178 0.45344230769230776 0.03569602272727272 0.03707692307692308
0 0.4057599431818182 0.6935 0.026292613636363704 0.033807692307692386
0 0.5111150568181819 0.1898173076923077 0.026718750000000003 0.03767307692307693
0 0.03306818181818183 0.7262596153846154 0.030000000000000006 0.045365384615384564
0 0.20384943181818183 0.8766346153846154 0.028835227272727207 0.04157692307692309
0 0.018828124999999973 0.11627884615384616 0.02825284090909105 0.038249999999999985
0 0.35788352272727275 0.9051826923076923 0.012613636363636356 0.019211538461538478
0 0.9526988636363637 0.19055769230769232 0.023664772727272732 0.0338076923076923
0 0.8246661931818182 0.9376634615384616 0.04038352272727274 0.046557692307692265
0 0.9609090909090909 0.1331826923076923 0.026931818181818182 0.04359615384615385
0 0.9872372159090909 0.4960961538461539 0.02552556818181818 0.04403846153846155
0 0.036463068181818103 0.9374038461538461 0.03022727272727269 0.03588461538461532
0 0.19077414772727286 0.4644134615384615 0.02080965909090906 0.02936538461538458
0 0.3303764204545454 0.8845384615384615 0.02734375 0.03915384615384618
0 0.4552059659090909 0.9659903846153847 0.029786931818181775 0.04578846153846154
0 0.9938778409090909 0.08528846153846154 0.011818181818181818 0.04092307692307692
0 0.056839488636363567 0.9076057692307693 0.02759943181818191 0.03855769230769233
0 0.2443323863636363 0.8155288461538461 0.03241477272727264 0.04951923076923077
0 0.35659090909090907 0.527875 0.03088068181818183 0.06078846153846156
0 0.7580823863636363 0.6487211538461539 0.026505681818181814 0.036173076923076926
0 0.9019957386363636 0.1938269230769231 0.02606534090909091 0.04092307692307692
0 0.38823153409090905 0.7526634615384615 0.029786931818181858 0.043596153846153875
0 0.7310795454545455 0.864951923076923 0.03863636363636362 0.06486538461538455
0 0.2931818181818181 0.019605769230769232 0.03022727272727277 0.02994230769230769
0 0.3425710227272727 0.029240384615384616 0.026505681818181855 0.04625
0 0.8514985795454546 0.5240288461538462 0.02759943181818183 0.046557692307692376
0 0.8981747159090909 0.9968173076923077 0.014673295454545453 0.006365384615384511
0 0.04982954545454532 0.1948653846153846 0.0324147727272728 0.04003846153846152
0 0.18639914772727273 0.7836442307692307 0.02299715909090917 0.027288461538461536
0 0.6559872159090909 0.6691634615384616 0.025752840909090902 0.039134615384615316
0 0.4139772727272727 0.7421249999999999 0.03088068181818183 0.04863461538461542
0 0.9525852272727273 0.23948076923076922 0.026505681818181817 0.040923076923076895
0 0.6858096590909091 0.7880576923076923 0.02803977272727274 0.04103846153846149
0 0.5081605113636364 0.3787115384615385 0.02080965909090906 0.048923076923076916
0 0.4423295454545454 0.838 0.12213068181818176 0.10865384615384616
0 0.5506178977272727 0.801701923076923 0.02856534090909093 0.04078846153846161
0 0.035149147727272734 0.28677884615384613 0.02890624999999987 0.03944230769230767
0 0.6372443181818181 0.652798076923077 0.029261363636363627 0.04625000000000002
0 0.969453125 0.24779807692307695 0.022997159090909092 0.03440384615384618
0 0.2982102272727273 0.26053846153846155 0.03855113636363634 0.05811538461538461
0 0.9975923295454545 0.4638173076923077 0.004502840909090909 0.021057692307692284
0 0.8186434659090909 0.36137500000000006 0.03154829545454547 0.05159615384615387
0 0.06559659090909098 0.0075 0.026732954545454615 0.015
0 0.5171519886363637 0.8517596153846153 0.03521306818181821 0.051250000000000066
0 0.20884232954545456 0.029240384615384616 0.031974431818181805 0.03321153846153846
0 0.8858877840909091 0.6716923076923076 0.028480113636363633 0.03884615384615382
0 0.41802556818181813 0.6574615384615384 0.023664772727272763 0.026384615384615437
0 0.10359374999999993 0.17973076923076925 0.03088068181818183 0.0346923076923077
0 0.22187500000000004 0.26988461538461533 0.04008522727272715 0.04538461538461537
0 0.176640625 0.45359615384615387 0.024531249999999973 0.026692307692307682
0 0.31337357954545453 0.9410000000000001 0.020326704545454547 0.02584615384615384
0 0.7200568181818182 0.989971153846154 0.030909090909090938 0.019865384615384694
0 0.919296875 0.021586538461538463 0.03350852272727272 0.043173076923076925
0 0.9305752840909091 0.17291346153846152 0.03723011363636363 0.048942307692307695
0 0.14237215909090917 0.20553846153846153 0.03088068181818183 0.04003846153846155
0 0.9447017045454545 0.6785192307692308 0.027812499999999997 0.03469230769230773
0 0.3342400568181818 0.4992596153846154 0.03745738636363637 0.06582692307692312
0 0.3192400568181818 0.5745865384615384 0.025838068181818177 0.036173076923076926
0 0.13492187499999997 0.7141057692307693 0.033082386363636314 0.03886538461538458
0 0.7174360795454545 0.738125 0.027855113636363615 0.054557692307692314
0 0.7954971590909091 0.9813846153846154 0.036505681818181805 0.037230769230769255
0 0.3803196022727273 0.9749230769230769 0.03504261363636358 0.029192307692307597
0 0.8921306818181818 0.5246153846153846 0.025198863636363648 0.03411538461538463
0 0.4075142045454545 0.6405673076923077 0.03678977272727269 0.04121153846153847
0 0.3511079545454545 0.21902884615384616 0.0286931818181818 0.030826923076923078
0 0.5940269886363636 0.028942307692307694 0.03526988636363642 0.04684615384615384
0 0.7754119318181818 0.7574615384615384 0.03573863636363636 0.045499999999999936
0 0.695546875 0.2796730769230769 0.020582386363636376 0.029961538461538484
0 0.7114275568181818 0.3855288461538462 0.062428977272727254 0.11001923076923079
0 0.34443181818181823 0.24260576923076924 0.015767045454545405 0.01986538461538461
0 0.8380610795454546 0.9946634615384616 0.02348011363636364 0.010673076923076836
0 0.7243536931818182 0.21902884615384616 0.026946022727272725 0.03263461538461538
0 0.05279829545454551 0.602423076923077 0.0246022727272728 0.03461538461538462
0 0.18963778409090903 0.8975673076923077 0.015468750000000142 0.025173076923076874
0 0.7943323863636363 0.5991923076923078 0.028920454545454524 0.03973076923076928
0 0.20873579545454557 0.06051923076923077 0.03744318181818184 0.03292307692307692
0 0.29109374999999993 0.04510576923076923 0.029573863636363627 0.031134615384615386
0 0.18978693181818185 0.7602211538461539 0.023210227272727157 0.02490384615384624
0 0.9950142045454545 0.3894423076923077 0.009971590909090909 0.03519230769230766
0 0.20437499999999997 0.9047884615384616 0.01775568181818182 0.019807692307692328
0 0.7814914772727273 0.7851923076923076 0.034375000000000024 0.04288461538461541
0 0.3415838068181819 0.09774038461538462 0.031974431818181805 0.03144230769230769
0 0.3238352272727273 0.24052884615384615 0.033295454545454545 0.03825000000000003
0 0.6820738636363637 0.01225 0.030454545454545453 0.0245
0 0.8769105113636364 0.5019230769230769 0.022343749999999985 0.028461538461538427
0 0.30654119318181816 0.8928461538461538 0.03714488636363633 0.04911538461538466
0 0.9420738636363636 0.11820192307692308 0.024744318181818183 0.04209615384615383
0 0.42087357954545446 0.20226923076923078 0.05126420454545451 0.043
0 0.5479048295454545 0.7576923076923077 0.021036931818181823 0.026807692307692414
0 0.5054261363636363 0.15408653846153847 0.026278409090909092 0.035596153846153826
0 0.03103693181818168 0.5520673076923078 0.022840909090909148 0.03278846153846156
0 0.6871803977272728 0.635951923076923 0.03348011363636363 0.051942307692307677
