0 0.7772301136363636 0.4196346153846154 0.03718749999999997 0.08149999999999999
0 0.7352201704545455 0.12008653846153847 0.05373579545454543 0.06282692307692309
0 0.9300639204545454 0.5142596153846154 0.030781250000000003 0.07017307692307699
0 0.847890625 0.4715961538461539 0.04021306818181816 0.08553846153846158
0 0.7889417613636364 0.5119134615384615 0.03839488636363637 0.06140384615384622
0 0.8841690340909091 0.4744615384615385 0.035980113636363636 0.057692307692307744
0 0.86078125 0.5933846153846154 0.022073863636363645 0.03111538461538452
0 0.8430965909090908 0.575173076923077 0.016931818181818183 0.030692307692307654
0 0.8308522727272727 0.6032115384615384 0.017840909090909095 0.022923076923076952
0 0.8266193181818182 0.5798749999999999 0.022670454545454535 0.028634615384615467
0 0.7302201704545455 0.8769326923076923 0.047826704545454526 0.06648076923076922
0 0.7118110795454546 0.8540192307692307 0.04740056818181819 0.034384615384615375
0 0.5728622159090909 0.20501923076923076 0.021292613636363648 0.05450000000000001
0 0.6186931818181818 0.9785769230769231 0.04062500000000003 0.04284615384615379
0 0.6686363636363637 0.9937596153846153 0.02369318181818183 0.012480769230769248
0 0.7630255681818182 0.8488557692307692 0.03301136363636361 0.04813461538461544
0 0.6870454545454545 0.9285 0.053750000000000006 0.04011538461538464
0 0.7420667613636365 0.9190576923076923 0.044446022727272716 0.033807692307692275
0 0.7556178977272727 0.8935480769230769 0.02242897727272726 0.04813461538461544
0 0.8634161931818182 0.7464615384615385 0.017343750000000012 0.05673076923076923
0 0.8890198863636364 0.6289903846153847 0.03809659090909092 0.0693269230769231
0 0.8960085227272727 0.6375865384615383 0.04951704545454545 0.07505769230769237
0 0.8653196022727273 0.7960288461538462 0.03384943181818181 0.05844230769230767
0 0.5369886363636363 0.20739423076923078 0.023039772727272687 0.028442307692307676
0 0.8435227272727273 0.8570480769230768 0.024119318181818186 0.036096153846153924
0 0.7999289772727273 0.7897211538461538 0.050369318181818196 0.06417307692307682
0 0.8339985795454545 0.90575 0.033025568181818205 0.0624615384615385
0 0.851981534090909 0.8049038461538461 0.06052556818181818 0.06703846153846156
0 0.7745383522727273 0.8438653846153846 0.027514204545454553 0.05099999999999996
0 0.8251136363636363 0.8235288461538461 0.027926136363636337 0.05155769230769231
0 0.9804403409090909 0.5928846153846153 0.03301136363636364 0.04526923076923081
0 0.8771661931818182 0.773673076923077 0.01776988636363637 0.07219230769230763
0 0.8701917613636364 0.8650673076923078 0.03936079545454545 0.06017307692307696
0 0.9603338068181818 0.8378557692307692 0.05205965909090909 0.10428846153846158
0 0.5849715909090909 0.19751923076923078 0.026250000000000027 0.05846153846153845
0 0.8672230113636363 0.9169326923076924 0.041065340909090926 0.0527115384615384
0 0.9868323863636363 0.8298269230769231 0.02633522727272727 0.05500000000000004
0 0.8826704545454546 0.9398461538461539 0.030482954545454535 0.037807692307692355
0 0.9110298295454545 0.9114807692307693 0.02370738636363637 0.03953846153846154
0 0.8111434659090909 0.8997307692307692 0.01776988636363637 0.022923076923076952
0 0.060319602272727146 0.3399711538461539 0.05703124999999997 0.06725
0 0.84171875 0.15753846153846154 0.04875000000000001 0.0685
0 0.07665482954545444 0.991201923076923 0.05796875000000008 0.01698076923076931
0 0.13837357954545448 0.6280673076923078 0.020298295454545402 0.03482692307692299
0 0.16352982954545459 0.37867307692307695 0.0754119318181817 0.09200000000000001
0 0.5490909090909091 0.19850961538461537 0.031505681818181745 0.05094230769230768
0 0.28315340909090914 0.32537499999999997 0.027357954545454533 0.06321153846153847
0 0.29240056818181825 0.3173365384615384 0.02210227272727273 0.025442307692307674
0 0.3305681818181818 0.2330576923076923 0.04735795454545451 0.06784615384615388
0 0.3599928977272727 0.22412499999999996 0.05569602272727278 0.11151923076923076
0 0.4388920454545455 0.18407692307692308 0.02784090909090904 0.024076923076923096
0 0.4417897727272727 0.2071057692307692 0.015852272727272763 0.025134615384615398
0 0.11401988636363636 0.25161538461538463 0.024744318181818284 0.028269230769230776
0 0.421299715909091 0.20553846153846153 0.023593749999999938 0.036653846153846155
0 0.461328125 0.20292307692307696 0.02166193181818182 0.030384615384615378
0 0.4066619318181818 0.4437403846153846 0.03113636363636366 0.04171153846153846
0 0.5256107954545455 0.19337500000000002 0.01605113636363638 0.02567307692307694
0 0.4421803977272728 0.2377403846153846 0.08703124999999998 0.07486538461538463
0 0.3764346590909091 0.32492307692307687 0.0390625 0.04607692307692309
0 0.30817471590909085 0.3390673076923077 0.02862215909090906 0.05236538461538465
0 0.40950284090909084 0.3155 0.02784090909090904 0.03769230769230773
0 0.3476136363636364 0.3521442307692308 0.040227272727272716 0.02513461538461537
0 0.40621448863636367 0.3372307692307693 0.022826704545454535 0.039269230769230744
0 0.2638849431818181 0.31890384615384615 0.026690340909090938 0.06753846153846149
0 0.35670454545454544 0.3754519230769231 0.03133522727272728 0.04032692307692307
0 0.4661789772727273 0.4415384615384616 0.021732954545454482 0.028538461538461544
0 0.5499289772727272 0.42333653846153846 0.04806818181818178 0.0740576923076923
0 0.40357954545454544 0.4913846153846154 0.024318181818181826 0.03161538461538461
0 0.4641548295454545 0.5179711538461539 0.029559659090909095 0.057596153846153825
0 0.4886008522727273 0.6211923076923077 0.02044034090909097 0.026923076923076925
0 0.28527698863636364 0.44427884615384616 0.06021306818181816 0.057596153846153825
0 0.49702414772727266 0.59575 0.02845170454545459 0.04038461538461539
0 0.4750639204545455 0.5710673076923076 0.026519886363636305 0.03890384615384619
0 0.4642897727272728 0.5858461538461538 0.037017045454545455 0.05423076923076921
0 0.15999289772727276 0.4267115384615384 0.06049715909090898 0.05834615384615385
0 0.3688423295454546 0.5966923076923076 0.02734375 0.03403846153846152
0 0.39495028409090904 0.6423749999999999 0.07146306818181819 0.09163461538461545
0 0.055411931818181825 0.40873076923076923 0.02900568181818192 0.035076923076923096
0 0.6123934659090908 0.23484615384615384 0.027997159090909142 0.0398846153846154
0 0.1236718750000001 0.3019230769230769 0.03248579545454546 0.042423076923076924
0 0.04941051136363628 0.43726923076923074 0.026292613636363624 0.03142307692307693
0 0.10394886363636369 0.19928846153846153 0.08894886363636365 0.10734615384615383
0 0.09833806818181823 0.2691923076923077 0.08315340909090904 0.07957692307692305
0 0.14010653409090912 0.14483653846153846 0.07231534090909103 0.10209615384615384
0 0.018906249999999902 0.311875 0.037812500000000006 0.06440384615384612
0 0.012329545454545565 0.2634423076923077 0.02465909090909093 0.059692307692307676
0 0.04167613636363621 0.25925 0.0378977272727272 0.04292307692307691
0 0.033927556818181825 0.4578076923076923 0.023082386363636364 0.030730769230769266
0 0.05414772727272732 0.6115480769230769 0.017357954545454583 0.019249999999999982
0 0.6506036931818182 0.2245769230769231 0.05075284090909085 0.041461538461538466
0 0.09450284090909089 0.4934615384615385 0.041249999999999946 0.05449999999999995
0 0.049808238636363744 0.47583653846153845 0.025269886363636473 0.03632692307692305
0 0.027215909090909096 0.4682307692307693 0.023096590909090896 0.044076923076923055
0 0.024453124999999853 0.5020192307692308 0.024275568181818228 0.03100000000000001
0 0.06470170454545443 0.5045480769230769 0.047954545454545444 0.10125
0 0.26262784090909086 0.48785576923076923 0.03295454545454552 0.04648076923076921
0 0.18083096590909087 0.4704903846153846 0.02842329545454544 0.04701923076923075
0 0.30456676136363636 0.4883461538461538 0.04066761363636363 0.07369230769230774
0 0.23901988636363636 0.48925 0.025113636363636452 0.03761538461538462
0 0.23046164772727273 0.5142115384615384 0.039985795454545586 0.042423076923076924
0 0.651669034090909 0.18884615384615386 0.01637784090909091 0.014615384615384605
0 0.30778409090909087 0.5483557692307692 0.06843750000000001 0.051134615384615334
0 0.2194602272727273 0.525798076923077 0.021107954545454402 0.0288653846153846
0 0.26001420454545443 0.5600865384615384 0.04664772727272732 0.06498076923076916
0 0.2049076704545455 0.544298076923077 0.05643465909090912 0.05263461538461539
0 0.25640624999999995 0.5917884615384615 0.042244318181818195 0.048923076923076916
0 0.26314630681818185 0.6284038461538461 0.021946022727272793 0.03465384615384612
0 0.2875426136363637 0.6271634615384616 0.030482954545454518 0.04375
0 0.3043607954545454 0.6513365384615385 0.035227272727272746 0.05140384615384619
0 0.2692897727272726 0.6353653846153846 0.02633522727272738 0.024461538461538514
0 0.33742897727272725 0.6699903846153846 0.031534090909090894 0.05555769230769228
0 0.7852059659090909 0.3497115384615385 0.07674715909090907 0.09030769230769232
0 0.6359872159090909 0.1287115384615385 0.023338068181818192 0.027346153846153857
0 0.2530681818181818 0.7189134615384616 0.045937499999999964 0.06882692307692312
0 0.23178267045454537 0.7280288461538461 0.015610795454545467 0.038980769230769194
0 0.21233664772727256 0.7247115384615385 0.025724431818181837 0.035653846153846196
0 0.23101562499999995 0.7624423076923077 0.022656250000000065 0.03234615384615383
0 0.21693181818181817 0.7394326923076923 0.020198863636363674 0.025288461538461496
0 0.21264204545454557 0.7553942307692307 0.024488636363636376 0.029865384615384565
0 0.20131392045454533 0.7663846153846153 0.03430397727272724 0.04353846153846151
0 0.047194602272727315 0.7206057692307692 0.06140625000000002 0.06663461538461544
0 0.04894176136363626 0.8002019230769231 0.030042613636363603 0.03359615384615379
0 0.11666193181818185 0.7300384615384615 0.0783806818181819 0.12911538461538458
0 0.5431747159090909 0.09001923076923077 0.020355113636363612 0.026461538461538456
0 0.13887073863636357 0.8119903846153846 0.048764204545454444 0.05836538461538466
0 0.7790625 0.6777596153846154 0.03301136363636365 0.04355769230769226
0 0.2029971590909092 0.6556826923076924 0.037045454545454604 0.031096153846153878
0 0.8121448863636364 0.13351923076923078 0.04792613636363638 0.07273076923076924
0 0.3332315340909091 0.2715192307692308 0.0321732954545455 0.03953846153846154
0 0.8592684659090909 0.5555192307692308 0.03259943181818182 0.0452692307692307
0 0.6349928977272727 0.8929711538461539 0.043593749999999994 0.06532692307692302
0 0.704403409090909 0.9929038461538461 0.02920454545454546 0.014192307692307683
0 0.18079545454545454 0.6855288461538462 0.018977272727272745 0.026942307692307675
0 0.9287642045454545 0.11860576923076922 0.04014204545454545 0.047942307692307694
0 0.5566122159090909 0.08615384615384615 0.013025568181818204 0.026461538461538456
0 0.09205965909090896 0.3724326923076923 0.023977272727272722 0.03613461538461537
0 0.36499289772727284 0.493576923076923 0.01978693181818183 0.03161538461538461
0 0.7005894886363637 0.9038653846153846 0.026661931818181793 0.034384615384615375
0 0.9908522727272727 0.9329615384615384 0.018295454545454545 0.07907692307692309
0 0.7246732954545454 0.6516826923076923 0.03767045454545456 0.04640384615384614
0 0.9044744318181819 0.9240865384615384 0.02920454545454546 0.04298076923076916
0 0.9307102272727272 0.9604711538461538 0.0275 0.05844230769230767
0 0.2583664772727272 0.4030576923076923 0.03403409090909096 0.05342307692307693
0 0.8193536931818182 0.6784326923076922 0.017542613636363627 0.022096153846153755
0 0.6890056818181818 0.02675961538461538 0.03965909090909093 0.05351923076923076
0 0.5303480113636363 0.10709615384615384 0.02157670454545454 0.03196153846153846
0 0.9842897727272727 0.40315384615384614 0.030710227272727274 0.06234615384615382
0 0.794375 0.16203846153846155 0.028920454545454524 0.03803846153846154
0 0.28950284090909095 0.2877884615384615 0.031221590909090935 0.03815384615384616
0 0.9872159090909091 0.9865480769230769 0.016079545454545454 0.02121153846153841
0 0.7513991477272728 0.031134615384615386 0.02231534090909092 0.03580769230769231
0 0.8284232954545454 0.7009423076923077 0.025994318181818177 0.038461538461538464
0 0.8075568181818181 0.6663557692307692 0.016931818181818162 0.02086538461538466
0 0.8486860795454545 0.6136826923076923 0.02157670454545454 0.027519230769230775
0 0.28257102272727286 0.16863461538461538 0.027301136363636323 0.02576923076923078
0 0.36174715909090915 0.44484615384615384 0.022386363636363624 0.04215384615384613
0 0.5437855113636365 0.06906730769230769 0.01995738636363638 0.020942307692307694
0 0.5449502840909091 0.5009423076923077 0.08453124999999999 0.08415384615384613
0 0.9735014204545455 0.7264038461538462 0.052997159090909095 0.11861538461538462
0 0.007379261363636314 0.8273173076923078 0.014758522727272709 0.02771153846153851
0 0.004687499999999956 0.7809038461538461 0.009375000000000033 0.01803846153846153
0 0.3826633522727273 0.4887403846153846 0.022713068181818195 0.03863461538461539
0 0.23361505681818184 0.4127403846153846 0.025525568181818222 0.042403846153846174
0 0.7468892045454545 0.7376346153846154 0.029630681818181837 0.0601538461538461
0 0.3837997159090909 0.43693269230769227 0.030156250000000027 0.03248076923076926
0 0.8479261363636363 0.6923461538461538 0.018437500000000006 0.026192307692307702
0 0.7416477272727273 0.9694711538461539 0.030909090909090896 0.029211538461538566
0 0.5256676136363636 0.08313461538461539 0.019545454545454533 0.027
0 0.006285511363636309 0.7256153846153846 0.012571022727272759 0.03892307692307694
0 0.10041193181818187 0.6832499999999999 0.024801136363636254 0.02984615384615392
0 0.26080965909090914 0.1768173076923077 0.016221590909091012 0.023288461538461536
0 0.35558238636363637 0.5232115384615385 0.024971590909090888 0.037307692307692264
0 0.3205042613636363 0.2868846153846154 0.031576704545454574 0.05530769230769229
0 0.0586150568181818 0.38080769230769235 0.03055397727272726 0.03088461538461539
0 0.8466974431818182 0.7579134615384615 0.022855113636363642 0.031519230769230744
0 0.09902698863636372 0.8367596153846154 0.03265625000000001 0.052480769230769164
0 0.18646306818181813 0.7220192307692308 0.026022727272727184 0.050153846153846125
0 0.3338565340909091 0.4863269230769231 0.02171875000000003 0.029423076923076944
0 0.5248579545454546 0.04583653846153846 0.06514204545454548 0.09167307692307693
0 0.2520383522727272 0.1709903846153846 0.023508522727272826 0.0376346153846154
0 0.9563139204545454 0.9899807692307692 0.06348011363636363 0.020038461538461567
0 0.13625710227272725 0.8541442307692307 0.02873579545454548 0.0365576923076924
0 0.15246448863636364 0.22529807692307693 0.029730113636363565 0.06809615384615386
0 0.8027272727272727 0.6149903846153846 0.039914772727272736 0.06794230769230766
0 0.15660511363636365 0.7012884615384615 0.04286931818181827 0.048499999999999946
0 0.006725852272727262 0.8004903846153846 0.013451704545454584 0.02594230769230771
0 0.3578053977272727 0.26578846153846153 0.02407670454545453 0.04942307692307693
0 0.5604900568181819 0.2429519230769231 0.03365056818181818 0.034365384615384624
0 0.8043678977272728 0.990548076923077 0.051633522727272736 0.018903846153846122
0 0.46188920454545457 0.18389423076923078 0.05698863636363637 0.04959615384615383
0 0.7650923295454546 0.753673076923077 0.025383522727272734 0.05673076923076923
0 0.5407528409090909 0.34597115384615384 0.01877840909090913 0.02805769230769226
0 0.7719105113636364 0.8932692307692308 0.022855113636363642 0.04411538461538472
0 0.28902698863636367 0.14847115384615384 0.02498579545454542 0.029788461538461555
0 0.0798650568181819 0.8040288461538462 0.04833806818181814 0.050711538461538364
0 0.2843892045454546 0.11579807692307692 0.028806818181818142 0.03578846153846154
0 0.20137073863636357 0.8031538461538461 0.05617897727272721 0.05719230769230771
0 0.013011363636363793 0.8025576923076922 0.01829545454545454 0.03361538461538465
0 0.7420738636363637 0.9436826923076924 0.0368181818181818 0.025788461538461586
0 0.7319105113636364 0.9931923076923077 0.02666193181818183 0.013615384615384694
0 0.34444602272727276 0.054663461538461536 0.08914772727272725 0.10636538461538461
0 0.09999289772727271 0.3129903846153846 0.022826704545454456 0.0345576923076923
0 0.9521164772727273 0.3394134615384615 0.020653409090909083 0.06832692307692308
0 0.33287642045454546 0.5146442307692308 0.023025568181818154 0.03425
0 0.350234375 0.49356730769230767 0.01620738636363632 0.028980769230769216
0 0.16718039772727267 0.8326346153846155 0.02612215909090907 0.05011538461538462
0 0.8964275568181819 0.9633365384615383 0.04359375000000001 0.032096153846153844
0 0.40917613636363637 0.5869615384615385 0.04946022727272734 0.05796153846153854
0 0.9702698863636363 0.3729903846153846 0.02392045454545455 0.03955769230769235
0 0.7913281249999999 0.7430769230769231 0.02708806818181817 0.03207692307692309
0 0.9453338068181818 0.39516346153846155 0.02833806818181818 0.04394230769230768
0 0.3829048295454546 0.09516346153846154 0.04640624999999994 0.047403846153846164
0 0.8258522727272727 0.6250192307692307 0.022670454545454556 0.028230769230769243
0 0.23974431818181818 0.6780673076923077 0.026022727272727343 0.047673076923076964
0 0.20811079545454547 0.33142307692307693 0.04446022727272721 0.08496153846153848
0 0.2809303977272727 0.6911346153846154 0.03796875000000002 0.03815384615384611
0 0.8985440340909091 0.8639230769230769 0.02157670454545454 0.06361538461538459
0 0.09186789772727266 0.32321153846153844 0.026690340909091018 0.039269230769230744
0 0.15607244318181823 0.8170000000000001 0.03788352272727283 0.05423076923076921
0 0.5319673295454546 0.4461538461538462 0.01933238636363638 0.03815384615384611
0 0.10502130681818178 0.3844711538461539 0.02049715909090902 0.035096153846153846
0 0.856484375 0.4157403846153846 0.030099431818181813 0.0315576923076923
0 0.898877840909091 0.029759615384615384 0.048124999999999994 0.05951923076923077
0 0.4649360795454546 0.009 0.028906250000000033 0.018
0 0.9307102272727272 0.9011730769230769 0.046136363636363635 0.05673076923076923
0 0.18385653409090896 0.6614903846153847 0.04225852272727273 0.029442307692307698
0 0.6383806818181819 0.987173076923077 0.03681818181818184 0.025653846153846107
0 0.28845170454545466 0.39171153846153844 0.052215909090909 0.07638461538461538
0 0.9755752840909091 0.9578942307692309 0.026661931818181817 0.04298076923076916
0 0.7720809659090909 0.7195865384615384 0.03174715909090908 0.030942307692307755
0 0.2675142045454545 0.14914423076923078 0.019034090909090876 0.031134615384615406
0 0.31774857954545466 0.3221538461538461 0.03473011363636362 0.045153846153846135
0 0.7519318181818182 0.633 0.023579545454545447 0.034384615384615375
0 0.9912428977272727 0.10661538461538461 0.017514204545454545 0.04315384615384615
0 0.3122869318181819 0.04721153846153846 0.03460227272727267 0.048499999999999995
0 0.7234019886363636 0.7009615384615384 0.028366477272727272 0.04069230769230763
0 0.9343536931818182 0.7115 0.13129261363636366 0.24811538461538457
0 0.9182244318181818 0.8559038461538462 0.025397727272727277 0.033807692307692386
0 0.9323082386363637 0.22209615384615383 0.035411931818181815 0.04876923076923074
0 0.27463068181818184 0.25216346153846153 0.050312500000000024 0.06759615384615383
0 0.1434375 0.6847115384615385 0.02755681818181815 0.06592307692307688
0 0.3456605113636364 0.3249615384615385 0.027428977272727275 0.030461538461538467
0 0.3170525568181819 0.24507692307692308 0.023480113636363677 0.03365384615384615
0 0.8954190340909091 0.20372115384615386 0.03836647727272727 0.03755769230769231
0 0.9875426136363636 0.3234423076923077 0.024204545454545454 0.04915384615384616
0 0.6996022727272727 0.38567307692307695 0.0377840909090909 0.050346153846153804
0 0.02803977272727276 0.8081634615384615 0.016988636363636414 0.02240384615384611
0 0.945 0.13258653846153845 0.038380681818181814 0.0423653846153846
0 0.7947159090909091 0.5540096153846154 0.03900568181818183 0.044211538461538476
0 0.8130042613636363 0.6407788461538462 0.022968749999999982 0.03028846153846154
0 0.29248579545454545 0.24800961538461538 0.03275568181818182 0.05663461538461539
0 0.34754261363636363 0.29397115384615385 0.024857954545454544 0.03686538461538459
0 0.2925 0.19047115384615385 0.03392045454545454 0.04794230769230771
0 0.6937428977272728 0.6567403846153846 0.027514204545454553 0.04501923076923071
0 0.9355610795454545 0.17854807692307692 0.03600852272727273 0.04155769230769231
0 0.44135653409090914 0.5067403846153846 0.03424715909090903 0.04486538461538464
0 0.41120028409090914 0.025817307692307695 0.11683238636363637 0.05163461538461539
0 0.9741335227272727 0.8868461538461538 0.05173295454545455 0.06246153846153839
0 0.9219744318181818 0.16615384615384615 0.021846590909090902 0.04234615384615384
0 0.17647727272727276 0.1850480769230769 0.026420454545454417 0.03301923076923077
0 0.8591832386363636 0.7003365384615384 0.0342755681818182 0.03667307692307691
0 0.1013281250000001 0.709375 0.026036931818181876 0.03067307692307701
0 0.15629971590909097 0.7383942307692307 0.04348011363636366 0.04063461538461537
0 0.010205965909090842 0.7698365384615384 0.020411931818181826 0.03774999999999999
0 0.17620028409090904 0.7636826923076924 0.04225852272727273 0.0539038461538461
0 0.9273224431818181 0.8435865384615384 0.04444602272727272 0.04124999999999998
0 0.27786931818181815 0.7701057692307693 0.022670454545454598 0.029442307692307698
0 0.020688920454545512 0.11783653846153848 0.020127840909090852 0.038711538461538464
0 0.5241832386363636 0.34727884615384613 0.018792613636363583 0.0291730769230769
0 0.46082386363636363 0.45143269230769234 0.02139204545454546 0.028980769230769216
0 0.8764133522727273 0.5397692307692308 0.027088068181818192 0.04469230769230771
0 0.07805397727272734 0.6985865384615384 0.02664772727272726 0.04228846153846155
0 0.03196022727272729 0.7804423076923077 0.02482954545454548 0.03773076923076924
0 0.9518678977272728 0.9547403846153846 0.039360795454545454 0.06417307692307693
0 0.797890625 0.7095673076923077 0.03427556818181818 0.05901923076923077
0 0.851981534090909 0.9607692307692308 0.04782670454545455 0.04526923076923081
0 0.23747869318181813 0.21455769230769228 0.02151988636363633 0.029346153846153855
0 0.4407173295454545 0.4461538461538462 0.022713068181818195 0.03249999999999996
0 0.0128977272727272 0.16818269230769234 0.0257954545454545 0.07148076923076924
0 0.18967329545454537 0.6950673076923077 0.04164772727272734 0.04932692307692303
0 0.8361292613636364 0.6585865384615385 0.02328125 0.03232692307692308
0 0.9022017045454546 0.16575961538461537 0.02596590909090908 0.04155769230769231
0 0.34017755681818185 0.42859615384615385 0.027883522727272722 0.03776923076923074
0 0.36249999999999993 0.7014423076923076 0.023948863636363657 0.03892307692307694
0 0.43141335227272737 0.615201923076923 0.027627840909090894 0.037403846153846135
0 0.14619318181818175 0.010653846153846154 0.02482954545454548 0.02130769230769231
0 0.00990056818181817 0.024644230769230772 0.019545454545454533 0.04740384615384616
0 0.3557528409090909 0.7300384615384615 0.026136363636363603 0.03596153846153855
0 0.4416903409090909 0.41278846153846155 0.028551136363636397 0.04038461538461539
0 0.04781960227272719 0.12673076923076923 0.023622159090909086 0.026461538461538456
0 0.454502840909091 0.42266346153846157 0.020426136363636438 0.03732692307692307
0 0.4723366477272727 0.38249038461538465 0.02498579545454542 0.03159615384615386
0 0.7476136363636363 0.1738173076923077 0.03718750000000001 0.03675
0 0.8207173295454545 0.6569423076923078 0.010582386363636368 0.02088461538461541
0 0.4290411931818182 0.4296826923076923 0.01492897727272726 0.025903846153846152
0 0.18905539772727276 0.2629711538461539 0.0378551136363636 0.0333653846153846
0 0.7717258522727273 0.22852884615384617 0.035838068181818165 0.0388269230769231
0 0.2106605113636365 0.23321153846153847 0.021093750000000033 0.0343846153846154
0 0.18423295454545463 0.23561538461538462 0.035823863636363515 0.025461538461538424
0 0.2788849431818182 0.7945961538461539 0.020468750000000036 0.02830769230769236
0 0.03410511363636359 0.1273173076923077 0.00786931818181813 0.017365384615384616
0 0.01997869318181822 0.9691153846153846 0.023508522727272826 0.03773076923076924
0 0.3261008522727272 0.6436634615384617 0.01867897727272724 0.027788461538461515
0 0.11889204545454557 0.6579711538461538 0.02011363636363632 0.03455769230769225
0 0.047151988636363495 0.6514326923076923 0.04910511363636371 0.05078846153846148
0 0.31431107954545456 0.6861538461538461 0.028792613636363693 0.041461538461538466
0 0.20087357954545448 0.27603846153846157 0.022372159090909092 0.03130769230769231
0 0.22374289772727285 0.2903173076923077 0.0254119318181818 0.04678846153846151
0 0.2737357954545454 0.6577596153846154 0.037045454545454604 0.029442307692307698
0 0.21357244318181823 0.2643461538461538 0.0254119318181818 0.030615384615384593
0 0.6851491477272728 0.15040384615384617 0.021974431818181817 0.031961538461538444
0 0.05846590909090921 0.15022115384615387 0.023920454545454592 0.0355576923076923
0 0.5847798295454545 0.1402596153846154 0.02333806818181811 0.035365384615384604
0 0.63703125 0.15134615384615382 0.01846590909090905 0.023576923076923086
0 0.8151633522727273 0.0676153846153846 0.025951704545454538 0.029615384615384613
0 0.5759446022727273 0.08892307692307692 0.025639204545454562 0.04188461538461539
0 0.8150355113636364 0.01669230769230769 0.03387784090909088 0.03338461538461538
0 0.9662713068181819 0.03897115384615385 0.03058238636363636 0.04251923076923077
0 0.7439630681818181 0.07476923076923075 0.052073863636363675 0.06265384615384616
0 0.6304119318181818 0.1945 0.02403409090909089 0.028769230769230783
0 0.6536576704545455 0.13689423076923077 0.02012784090909089 0.027250000000000003
0 0.8059161931818182 0.382875 0.03896306818181817 0.05275000000000001
0 0.05219460227272732 0.16464423076923076 0.03237215909090904 0.052519230769230776
0 0.6574573863636364 0.4016538461538462 0.03718750000000001 0.07273076923076927
0 0.8879261363636364 0.12746153846153846 0.02761363636363636 0.03330769230769231
0 0.8894318181818182 0.15701923076923077 0.033636363636363645 0.03669230769230769
0 0.6386079545454546 0.1853076923076923 0.016022727272727275 0.027346153846153843
0 0.9120241477272727 0.11454807692307692 0.020582386363636376 0.034673076923076925
0 0.9507599431818182 0.011144230769230769 0.03541193181818182 0.022288461538461538
0 0.5851136363636362 0.5684326923076923 0.043096590909090876 0.040749999999999995
0 0.5851207386363635 0.524076923076923 0.01711647727272729 0.022384615384615357
0 0.9454048295454546 0.019644230769230768 0.010497159090909092 0.014211538461538463
0 0.6521164772727273 0.46453846153846157 0.04014204545454548 0.05034615384615386
0 0.88625 0.08372115384615383 0.03420454545454545 0.06282692307692309
0 0.03527698863636364 0.16997115384615383 0.030042613636363603 0.0718653846153846
0 0.77 0.033471153846153845 0.026448863636363604 0.06694230769230769
0 0.598700284090909 0.5104903846153845 0.025383522727272734 0.03836538461538465
0 0.6352982954545454 0.16902884615384617 0.01985795454545457 0.02594230769230768
0 0.7344602272727272 0.018365384615384617 0.052897727272727284 0.036730769230769234
0 0.6135085227272727 0.17724999999999996 0.021875000000000047 0.02526923076923077
0 0.6140056818181818 0.006701923076923077 0.028494318181818187 0.013403846153846153
0 0.6465056818181818 0.48691346153846154 0.03718749999999997 0.04236538461538456
0 0.6087286931818182 0.47452884615384616 0.02183238636363637 0.04474999999999996
0 0.5998721590909091 0.5400673076923077 0.01829545454545454 0.023980769230769174
0 0.623877840909091 0.020365384615384615 0.03948863636363638 0.04073076923076923
0 0.015582386363636402 0.09118269230769231 0.021590909090909157 0.05490384615384615
0 0.6258522727272728 0.4701346153846154 0.024204545454545482 0.04234615384615381
0 0.6252556818181818 0.5076923076923077 0.028920454545454565 0.035961538461538496
0 0.594190340909091 0.15582692307692309 0.024744318181818124 0.032538461538461544
0 0.5547798295454545 0.142375 0.038678977272727295 0.04959615384615386
0 0.7810085227272727 0.08633653846153845 0.025596590909090923 0.03398076923076922
0 0.8271164772727273 0.32732692307692307 0.02124999999999999 0.023192307692307696
0 0.5786221590909091 0.5376634615384615 0.02065340909090912 0.027173076923076914
0 0.6578409090909091 0.9717596153846155 0.024971590909090888 0.036096153846153924
0 0.4548224431818182 0.47359615384615383 0.023678977272727216 0.02942307692307689
0 0.3733877840909091 0.2932980769230769 0.031178977272727258 0.030173076923076973
0 0.014644886363636256 0.2189326923076923 0.029289772727272734 0.03790384615384617
0 0.7988707386363636 0.9558942307692307 0.03555397727272727 0.05844230769230767
0 0.9805965909090909 0.5372115384615385 0.02803977272727273 0.03396153846153851
0 0.679012784090909 0.8735 0.01904829545454545 0.02980769230769231
0 0.6559446022727273 0.8073173076923077 0.02370738636363636 0.04067307692307688
0 0.6629261363636363 0.8580192307692307 0.04275568181818181 0.09053846153846151
0 0.6152272727272727 0.5396634615384616 0.01829545454545454 0.03917307692307693
0 0.7242968750000001 0.7955673076923077 0.01904829545454549 0.02405769230769229
0 0.4056889204545455 0.4700865384615385 0.02140624999999999 0.025019230769230752
0 0.2673437500000001 0.19126923076923077 0.02167613636363627 0.027999999999999976
0 0.7014417613636363 0.8256538461538462 0.01904829545454545 0.02923076923076921
0 0.05495738636363645 0.19899999999999998 0.032670454545454544 0.03988461538461537
0 0.843309659090909 0.7324134615384615 0.025397727272727266 0.030942307692307644
0 0.8079758522727273 0.9240865384615384 0.03936079545454545 0.029211538461538455
0 0.911875 0.9862500000000001 0.027926136363636368 0.02750000000000002
0 0.8869034090909091 0.9879711538461539 0.03471590909090909 0.02405769230769229
0 0.43276988636363634 0.49621153846153854 0.03275568181818182 0.03511538461538465
0 0.4241761363636364 0.48237499999999994 0.02465909090909093 0.03555769230769227
0 0.6832386363636364 0.8270865384615386 0.030056818181818216 0.05728846153846158
0 0.6953053977272727 0.8795096153846155 0.019474431818181828 0.02005769230769232
0 0.09936789772727261 0.6550961538461538 0.01973011363636362 0.026692307692307682
0 0.09262073863636355 0.6524230769230769 0.023678977272727216 0.037923076923076976
0 0.041548295454545414 0.22406730769230773 0.040255681818181704 0.05686538461538463
0 0.4899786931818183 0.5102884615384616 0.027627840909090894 0.048999999999999926
0 0.12463778409090909 0.21867307692307694 0.042940340909090935 0.043461538461538475
0 0.05168323863636359 0.5933846153846154 0.015184659090909169 0.019230769230769232
0 0.040234375000000044 0.6188942307692308 0.021122159090909098 0.0152115384615384
0 0.5220241477272727 0.4476538461538462 0.02873579545454548 0.06657692307692309
0 0.5542045454545454 0.4025865384615385 0.019062500000000024 0.02505769230769231
0 0.328828125 0.39719230769230773 0.036321022727272716 0.06542307692307694
0 0.6059730113636363 0.8727307692307692 0.024389204545454568 0.03219230769230771
0 0.62640625 0.8206346153846155 0.029971590909090903 0.03315384615384617
0 0.6021732954545455 0.8169134615384614 0.020994318181818142 0.03382692307692303
0 0.5626988636363637 0.9631826923076923 0.04755681818181821 0.0652115384615384
0 0.5804758522727272 0.809 0.028423295454545524 0.04449999999999998
0 0.33397727272727273 0.859451923076923 0.030482954545454598 0.03890384615384608
0 0.5344034090909091 0.82475 0.01840909090909088 0.020923076923076916
0 0.49219460227272727 0.5435576923076922 0.04697443181818181 0.052192307692307774
0 0.4425923295454546 0.7150096153846154 0.024048295454545465 0.03894230769230769
0 0.6206107954545454 0.8541634615384615 0.02803977272727266 0.02971153846153844
0 0.5713068181818182 0.7784903846153846 0.020454545454545423 0.02851923076923085
0 0.5879900568181817 0.8710769230769232 0.020127840909090852 0.03384615384615378
0 0.5253551136363637 0.6262692307692307 0.028295454545454568 0.04276923076923068
0 0.4079261363636364 0.8135865384615385 0.03900568181818187 0.037903846153846225
0 0.5069105113636363 0.9607500000000001 0.046946022727272746 0.07849999999999999
0 0.5521306818181819 0.10958653846153846 0.024431818181818166 0.029211538461538455
0 0.15693181818181823 0.987923076923077 0.028210227272727293 0.024153846153846158
0 0.1994744318181817 0.9913461538461539 0.026988636363636364 0.01730769230769231
0 0.5627130681818182 0.005971153846153847 0.02605113636363633 0.011557692307692309
0 0.2287571022727274 0.9910192307692308 0.02529829545454554 0.017961538461538414
0 0.4982386363636363 0.6581923076923076 0.040085227272727314 0.04403846153846149
0 0.16491477272727273 0.04942307692307693 0.035426136363636444 0.04961538461538462
0 0.17549715909090902 0.01010576923076923 0.034602272727272745 0.02021153846153846
0 0.2041974431818182 0.44072115384615385 0.026235795454545494 0.02505769230769231
0 0.20267045454545463 0.4689615384615385 0.02210227272727281 0.03815384615384616
0 0.517890625 0.8707307692307692 0.06401988636363636 0.09492307692307685
0 0.4018536931818182 0.5663942307692307 0.04916193181818176 0.05648076923076924
0 0.7120596590909091 0.32299999999999995 0.023607954545454553 0.032538461538461516
0 0.16306818181818172 0.5131057692307692 0.040653409090909094 0.06117307692307698
0 0.11778409090909081 0.5694711538461539 0.019545454545454533 0.024326923076923034
0 0.03609375000000015 0.5997884615384615 0.021107954545454565 0.025653846153846107
0 0.7497798295454545 0.4120384615384615 0.020071022727272722 0.08711538461538458
0 0.0037926136363637397 0.5785576923076924 0.007585227272727318 0.02430769230769239
0 0.6623082386363637 0.23879807692307692 0.02782670454545455 0.03540384615384615
0 0.3012286931818182 0.5937788461538461 0.03532670454545455 0.06498076923076927
0 0.2267329545454545 0.6370288461538461 0.022670454545454598 0.036057692307692304
0 0.0447514204545455 0.1050096153846154 0.027997159090909142 0.031980769230769236
0 0.2627911931818182 0.5625 0.020213068181818207 0.026461538461538443
0 0.6698934659090909 0.3475384615384615 0.02529829545454546 0.03253846153846157
0 0.20820312500000004 0.5905961538461538 0.05603693181818172 0.03773076923076924
0 0.7176207386363637 0.28424038461538464 0.04367897727272727 0.04636538461538464
0 0.7230184659090909 0.16800961538461537 0.03120738636363636 0.042249999999999996
0 0.6526065340909091 0.3161538461538461 0.03288352272727269 0.03369230769230771
0 0.6450142045454546 0.35497115384615385 0.03778409090909086 0.045557692307692306
0 0.21953124999999996 0.6179615384615386 0.01684659090909093 0.022807692307692223
0 0.1971803977272728 0.6281153846153846 0.037059659090909136 0.0398076923076924
0 0.07497159090909089 0.5838942307692307 0.04005681818181825 0.06225000000000001
0 0.522159090909091 0.9293365384615384 0.024999999999999953 0.04209615384615382
0 0.10614346590909074 0.5590576923076924 0.046377840909090876 0.07880769230769223
0 0.03944602272727271 0.5720096153846154 0.03295454545454552 0.03205769230769223
0 0.24433948863636357 0.6314326923076924 0.01745738636363631 0.03648076923076917
0 0.6253693181818182 0.3962980769230769 0.025710227272727305 0.03367307692307696
0 0.1212428977272727 0.615951923076923 0.02723011363636374 0.05636538461538462
0 0.1055539772727272 0.5479711538461538 0.017954545454545435 0.02724999999999992
0 0.9094105113636364 0.24670192307692307 0.07603693181818183 0.0693653846153846
0 0.7530397727272727 0.3421826923076923 0.04014204545454548 0.05036538461538461
0 0.7654261363636363 0.4012596153846154 0.021846590909090944 0.03836538461538459
0 0.7229332386363636 0.34818269230769233 0.030696022727272745 0.04475000000000002
0 0.8048295454545455 0.09087500000000001 0.02198863636363635 0.027557692307692304
0 0.5486789772727272 0.9276923076923076 0.04511363636363635 0.0404615384615385
0 0.02691761363636369 0.5623846153846154 0.025653409090909175 0.03419230769230764
0 0.7382883522727273 0.3213942307692308 0.030696022727272745 0.034365384615384624
0 0.0056676136363637 0.6096730769230768 0.011335227272727299 0.039000000000000055
0 0.6900639204545455 0.18021153846153848 0.03660511363636365 0.049538461538461545
0 0.6247443181818182 0.4202788461538462 0.03204545454545451 0.04394230769230768
0 0.008330965909090882 0.5501057692307693 0.016661931818181843 0.036865384615384536
0 0.638231534090909 0.27465384615384614 0.048991477272727284 0.05115384615384614
0 0.16456676136363635 0.6314326923076924 0.03737215909090901 0.05305769230769226
0 0.12311079545454551 0.5491730769230769 0.01835227272727267 0.030730769230769266
0 0.7311860795454546 0.40724999999999995 0.023025568181818192 0.07911538461538464
0 0.5755113636363636 0.9103653846153846 0.04877840909090905 0.07346153846153844
0 0.23668323863636365 0.6069711538461539 0.022343750000000027 0.033980769230769155
0 0.019517045454545467 0.6176923076923077 0.0215056818181818 0.03419230769230764
0 0.7115838068181818 0.4081057692307692 0.025042613636363672 0.04971153846153845
0 0.15231534090909093 0.5479711538461539 0.024261363636363532 0.03259615384615382
0 0.6871803977272727 0.34754807692307693 0.03288352272727273 0.03824999999999997
0 0.15241477272727266 0.5764230769230769 0.05565340909090902 0.07292307692307695
0 0.7119034090909091 0.23534615384615384 0.06494318181818182 0.05753846153846154
0 0.7637073863636363 0.1931346153846154 0.029943181818181796 0.04111538461538464
0 0.027542613636363567 0.06985576923076924 0.022755681818181793 0.05963461538461538
0 0.3355042613636363 0.796951923076923 0.05095170454545455 0.0919807692307692
0 0.558125 0.8756826923076924 0.03840909090909094 0.06521153846153852
0 0.6689417613636364 0.6443557692307692 0.02419034090909091 0.04236538461538456
0 0.9943607954545455 0.5304326923076923 0.01127840909090909 0.04355769230769226
0 0.02448153409090914 0.02732692307692308 0.041122159090909154 0.05465384615384616
0 0.5845241477272727 0.6012019230769231 0.05134943181818179 0.03755769230769226
0 0.36401988636363636 0.7450769230769231 0.03309659090909092 0.03419230769230764
0 0.3098366477272727 0.015615384615384614 0.036235795454545444 0.03123076923076923
0 0.04387784090909086 0.015480769230769232 0.022755681818181793 0.030961538461538464
0 0.39286931818181825 0.9638557692307693 0.025880681818181775 0.03521153846153847
0 0.45012784090909086 0.8436826923076923 0.03184659090909093 0.06144230769230767
0 0.8377911931818182 0.37568269230769236 0.02007102272727274 0.0303653846153846
0 0.46484375 0.9516730769230769 0.053039772727272776 0.09665384615384613
0 0.12311789772727266 0.09608653846153847 0.027997159090908982 0.04344230769230768
0 0.14397017045454552 0.07220192307692308 0.03762784090909092 0.04855769230769231
0 0.46767045454545453 0.726173076923077 0.03931818181818183 0.032230769230769216
0 0.9261576704545454 0.01633653846153846 0.024502840909090908 0.03267307692307692
0 0.6727343750000001 0.13552884615384614 0.01995738636363634 0.03086538461538461
0 0.39450284090909093 0.6992115384615385 0.04218749999999998 0.03815384615384611
0 0.2403409090909091 0.8600384615384616 0.017414772727272713 0.02476923076923087
0 0.505987215909091 0.8166442307692308 0.03822443181818185 0.03394230769230776
0 0.3393892045454545 0.9147307692307691 0.025880681818181858 0.032153846153846095
0 0.5711718750000001 0.6331826923076923 0.023735795454545426 0.03125
0 0.44014914772727276 0.9025192307692308 0.06828124999999999 0.08915384615384618
0 0.608359375 0.7569038461538462 0.017911931818181757 0.02226923076923074
0 0.6690696022727273 0.1049423076923077 0.026463068181818174 0.04023076923076924
0 0.49923295454545447 0.6962403846153845 0.03357954545454544 0.03359615384615379
0 0.41748579545454545 0.7885288461538461 0.023352272727272725 0.03521153846153847
0 0.5021875 0.1635096153846154 0.04071022727272731 0.06282692307692309
0 0.40428267045454547 0.0921346153846154 0.07205965909090911 0.12400000000000001
0 0.4321377840909091 0.7899615384615384 0.019502840909090855 0.04238461538461542
0 0.1806747159090908 0.8452980769230769 0.03223011363636355 0.04009615384615389
0 0.22292613636363645 0.022509615384615385 0.039090909090909225 0.04501923076923077
0 0.8439985795454545 0.3513076923076923 0.025383522727272734 0.027961538461538447
0 0.2146519886363637 0.8355769230769231 0.03919034090909079 0.03715384615384625
0 0.17675426136363626 0.9455384615384615 0.029616477272727305 0.03538461538461534
0 0.5719318181818182 0.7224519230769231 0.029431818181818222 0.036250000000000046
0 0.5850071022727272 0.3457788461538462 0.02686079545454549 0.041326923076923094
0 0.1062002840909092 0.044557692307692305 0.020411931818181826 0.04226923076923076
0 0.9586150568181818 0.3989615384615384 0.020071022727272732 0.027576923076923082
0 0.6184730113636363 0.5836153846153846 0.030696022727272666 0.05034615384615386
0 0.2037926136363637 0.08607692307692309 0.02687499999999994 0.030307692307692303
0 0.6511434659090909 0.20510576923076923 0.019502840909090935 0.020749999999999984
0 0.5089914772727273 0.20423076923076922 0.028295454545454568 0.03553846153846155
0 0.9033238636363636 0.3565 0.021250000000000012 0.033576923076923094
0 0.14997869318181822 0.9313846153846154 0.02742897727272736 0.03538461538461534
0 0.2109161931818182 0.15296153846153845 0.03325284090909102 0.039500000000000014
0 0.830703125 0.5426346153846154 0.02708806818181817 0.04011538461538464
0 0.41920454545454544 0.8460096153846153 0.048835227272727266 0.03951923076923079
0 0.09029829545454537 0.06232692307692307 0.02713068181818185 0.04461538461538461
0 0.5984019886363636 0.6351634615384615 0.030696022727272666 0.04636538461538453
0 0.29935369318181815 0.7981346153846154 0.024815340909090947 0.028307692307692253
0 0.3614133522727273 0.7828076923076923 0.02438920454545449 0.048346153846153817
0 0.25569602272727276 0.03563461538461539 0.030539772727272728 0.05180769230769231
0 0.5889914772727272 0.43856730769230773 0.04193181818181824 0.05840384615384616
0 0.46127130681818185 0.14972115384615384 0.026463068181818174 0.04078846153846152
0 0.09880681818181813 0.9302019230769232 0.04616477272727273 0.05424999999999996
0 0.52953125 0.7227115384615385 0.02306818181818183 0.03419230769230764
0 0.6573082386363636 0.16651923076923078 0.026832386363636343 0.032
0 0.6109303977272728 0.20107692307692307 0.03092329545454551 0.05765384615384616
0 0.2070525568181818 0.10508653846153845 0.02686079545454557 0.027557692307692318
0 0.20931107954545458 0.1349903846153846 0.028877840909090804 0.03436538461538461
0 0.6497585227272727 0.6651346153846154 0.023607954545454553 0.03757692307692301
0 0.7291477272727273 0.5864134615384615 0.045454545454545456 0.08951923076923068
0 0.6692329545454545 0.5324711538461538 0.04014204545454548 0.04236538461538456
0 0.7117400568181818 0.54725 0.020071022727272722 0.02876923076923084
0 0.9600852272727273 0.4265288461538462 0.02596590909090909 0.029980769230769238
0 0.1371235795454545 0.9142884615384615 0.027002840909090896 0.03419230769230764
0 0.4852911931818181 0.14890384615384616 0.025639204545454562 0.052346153846153855
0 0.8779403409090909 0.3537019230769231 0.031875000000000014 0.06474999999999997
0 0.42066051136363636 0.7057596153846154 0.02546875000000001 0.039596153846153906
0 0.17502130681818173 0.9083942307692308 0.04529829545454544 0.04363461538461538
0 0.5163352272727273 0.7212307692307692 0.022130681818181876 0.03123076923076925
0 0.32330965909090914 0.7238461538461538 0.04747159090909093 0.03419230769230775
0 0.852215909090909 0.07275 0.039375 0.05488461538461539
0 0.46806818181818177 0.06274038461538461 0.02482954545454548 0.03471153846153845
0 0.8528480113636363 0.3824711538461538 0.03836647727272726 0.06794230769230772
0 0.9661363636363637 0.5154326923076923 0.027443181818181818 0.045557692307692306
0 0.01717329545454538 0.9894519230769231 0.03434659090909084 0.020634615384615418
0 0.46545454545454545 0.8674423076923078 0.03474431818181823 0.07346153846153844
0 0.7288636363636364 0.5332692307692308 0.042500000000000024 0.05196153846153843
0 0.6297443181818183 0.08635576923076924 0.04053977272727276 0.043826923076923076
0 0.6990482954545454 0.5920096153846154 0.01948863636363636 0.036749999999999915
0 0.9906676136363637 0.48367307692307693 0.018664772727272728 0.05315384615384613
0 0.9066122159090909 0.0715673076923077 0.03208806818181819 0.044634615384615384
0 0.182215909090909 0.09350961538461539 0.023607954545454553 0.04409615384615386
0 0.08227982954545443 0.10023076923076923 0.027997159090908982 0.039884615384615386
0 0.9863565340909091 0.5150384615384617 0.012997159090909089 0.018384615384615388
0 0.7152769886363637 0.5976057692307692 0.01771306818181818 0.023980769230769285
0 0.7769460227272728 0.14214423076923074 0.023210227272727237 0.03086538461538461
0 0.07551136363636357 0.9322692307692307 0.03440340909090913 0.03242307692307684
0 0.7501136363636364 0.5636346153846155 0.031874999999999994 0.05353846153846149
0 0.5521519886363637 0.694875 0.021605113636363606 0.04090384615384623
0 0.18408380681818182 0.14229807692307694 0.025667613636363707 0.048173076923076916
0 0.577322443181818 0.8450865384615385 0.02316761363636364 0.03301923076923069
0 0.549609375 0.6282980769230769 0.02316761363636364 0.036134615384615425
0 0.4924857954545455 0.7671923076923077 0.08693181818181817 0.09369230769230774
0 0.6453267045454545 0.5780288461538462 0.026562500000000024 0.055134615384615414
0 0.860674715909091 0.09349038461538461 0.03120738636363636 0.048173076923076916
0 0.7424360795454545 0.5005 0.030696022727272707 0.05515384615384622
0 0.9828480113636364 0.4511057692307692 0.03430397727272727 0.04713461538461542
0 0.058735795454545325 0.9792500000000001 0.06619318181818185 0.04149999999999997
0 0.8664985795454545 0.013173076923076923 0.02012784090909089 0.026346153846153846
0 0.9136505681818182 0.3521057692307693 0.043096590909090904 0.04236538461538462
0 0.44017045454545456 0.7974230769230769 0.022017045454545456 0.055153846153846164
0 0.9746946022727273 0.49865384615384617 0.01859375 0.024769230769230762
0 0.6742542613636364 0.5967980769230768 0.030099431818181813 0.04155769230769234
0 0.6776207386363637 0.19890384615384615 0.019133522727272725 0.02646153846153847
0 0.6273295454545454 0.623576923076923 0.031874999999999994 0.03915384615384618
0 0.27930397727272727 0.029115384615384616 0.029715909090909112 0.05823076923076923
0 0.27561789772727263 0.7388846153846155 0.046150568181818195 0.047769230769230724
0 0.742734375 0.6 0.019474431818181828 0.03357692307692315
0 0.047848011363636256 0.9402307692307693 0.029616477272727305 0.047153846153846116
0 0.7512926136363636 0.4837211538461539 0.015340909090909106 0.039173076923076984
0 0.40447443181818177 0.8731442307692308 0.021335227272727245 0.02640384615384608
0 0.18568892045454533 0.8907019230769231 0.04921874999999997 0.03774999999999999
0 0.3620809659090909 0.8957788461538462 0.02376420454545449 0.033403846153846166
0 0.26117187500000005 0.9554519230769232 0.08194602272727272 0.08909615384615381
0 0.6021875 0.7637692307692308 0.04428977272727266 0.04973076923076915
0 0.2954332386363636 0.838528846153846 0.043110795454545485 0.05482692307692317
0 0.5431818181818182 0.773673076923077 0.0438920454545455 0.09657692307692313
0 0.04592329545454554 0.07834615384615384 0.022755681818181793 0.030807692307692314
0 0.5729048295454545 0.6877788461538461 0.024303977272727293 0.037250000000000005
0 0.026946022727272756 0.9393461538461538 0.035710227272727255 0.04303846153846153
0 0.9024360795454546 0.3149326923076923 0.03365056818181818 0.03836538461538465
0 0.6670809659090908 0.17204807692307694 0.020127840909090932 0.04698076923076924
0 0.4748011363636363 0.8224807692307692 0.03184659090909093 0.05461538461538457
0 0.8436079545454546 0.015153846153846153 0.02857954545454544 0.030307692307692306
0 0.6408309659090909 0.10510576923076924 0.02012784090909089 0.02448076923076924
0 0.5724076704545455 0.7535576923076923 0.023735795454545426 0.026730769230769297
0 0.6769105113636364 0.5548461538461538 0.024786931818181843 0.03757692307692312
0 0.3106747159090909 0.8736057692307692 0.025696022727272692 0.04128846153846148
0 0.399815340909091 0.9068846153846155 0.06383522727272727 0.12269230769230771
0 0.9559517045454545 0.5202307692307692 0.024204545454545458 0.060730769230769255
0 0.009992897727272854 0.8771442307692308 0.019985795454545527 0.05425000000000007
0 0.5453053977272727 0.22871153846153844 0.025667613636363627 0.03553846153846152
0 0.35803267045454545 0.935125 0.03953125000000006 0.047788461538461585
0 0.1366761363636364 0.0495 0.021874999999999967 0.030807692307692307
0 0.5248934659090909 0.6897307692307691 0.022116477272727263 0.03519230769230772
0 0.6966832386363637 0.5624423076923077 0.03365056818181818 0.036769230769230665
0 0.3045809659090909 0.7742596153846154 0.03353693181818184 0.04067307692307688
0 0.12326704545454537 0.046134615384615385 0.024801136363636414 0.05803846153846154
0 0.005752840909090895 0.08229807692307693 0.01150568181818185 0.058442307692307696
0 0.9705681818181818 0.47827884615384614 0.02332386363636364 0.027980769230769198
0 0.8737926136363636 0.023778846153846157 0.03178977272727274 0.03909615384615385
0 0.038494318181818254 0.8432403846153846 0.02917613636363631 0.05248076923076927
0 0.7681178977272727 0.4873173076923077 0.019474431818181828 0.051134615384615334
0 0.583075284090909 0.3866826923076923 0.03586647727272727 0.052134615384615356
0 0.4802769886363637 0.050067307692307696 0.028906250000000033 0.03582692307692308
0 0.8961079545454546 0.04411538461538461 0.02392045454545455 0.030807692307692307
0 0.6919602272727272 0.5236826923076924 0.03247159090909089 0.045557692307692306
0 0.19200284090909103 0.8588653846153846 0.04267045454545466 0.03538461538461534
0 0.15150568181818191 0.8797980769230769 0.02264204545454537 0.0347884615384616
0 0.06766335227272724 0.84 0.03092329545454543 0.05188461538461542
0 0.3654048295454545 0.13401923076923075 0.07978693181818176 0.09534615384615386
0 0.9114204545454545 0.010211538461538461 0.028295454545454537 0.020423076923076922
0 0.7745028409090909 0.11485576923076923 0.023210227272727237 0.027019230769230764
0 0.895 0.08316346153846155 0.026448863636363642 0.036365384615384626
0 0.06440340909090903 0.7615865384615385 0.03397727272727267 0.04717307692307698
0 0.6762144886363637 0.32043269230769234 0.020241477272727272 0.023980769230769285
0 0.7630752840909091 0.27875961538461536 0.019389204545454553 0.030826923076923078
0 0.6943465909090909 0.3141442307692308 0.021931818181818177 0.030826923076923078
0 0.7618110795454546 0.2419423076923077 0.022769886363636364 0.04280769230769229
0 0.6806463068181818 0.28902884615384616 0.039218749999999976 0.049096153846153845
0 0.6736931818181818 0.2624903846153846 0.04553977272727273 0.04167307692307695
0 0.5663778409090909 0.2944519230769231 0.05187499999999998 0.10675000000000001
0 0.1472585227272728 0.32229807692307694 0.03099431818181825 0.03232692307692308
0 0.7586292613636363 0.10355769230769231 0.02563920454545452 0.03307692307692308
0 0.1570454545454545 0.2693269230769231 0.030738636363636343 0.036461538461538476
0 0.17508522727272724 0.2903076923076923 0.025653409090909015 0.05503846153846155
0 0.17787642045454533 0.2134326923076923 0.021093750000000033 0.029250000000000016
0 0.1976988636363637 0.20740384615384613 0.022613636363636305 0.03576923076923078
0 0.10192471590909091 0.4342115384615384 0.055298295454545544 0.06023076923076922
0 0.12036221590909091 0.7845769230769231 0.03788352272727283 0.053076923076923015
0 0.6122443181818182 0.3149423076923077 0.053125000000000006 0.07511538461538463
0 0.6892755681818181 0.40125 0.05252840909090912 0.06873076923076925
0 0.1505610795454545 0.2965 0.024389204545454648 0.03165384615384617
0 0.9263423295454545 0.3001538461538461 0.06376420454545455 0.05992307692307692
0 0.754559659090909 0.15040384615384617 0.03866477272727273 0.04076923076923077
0 0.6893110795454545 0.47252884615384616 0.0767471590909091 0.07913461538461546
0 0.546747159090909 0.5744326923076923 0.06315340909090907 0.07032692307692306
0 0.6329332386363635 0.5448557692307692 0.02893465909090914 0.049557692307692275
0 0.7229545454545454 0.4877211538461539 0.03306818181818182 0.04555769230769225
0 0.8221306818181818 0.42338461538461536 0.031874999999999994 0.04315384615384615
0 0.9171377840909091 0.4165480769230769 0.035127840909090914 0.04675000000000001
0 0.947684659090909 0.4636923076923077 0.037187500000000005 0.05792307692307693
0 0.8822798295454546 0.41501923076923075 0.03725852272727271 0.06688461538461539
0 0.9179119318181819 0.48738461538461536 0.035625 0.051538461538461505
0 0.819502840909091 0.4835480769230769 0.04454545454545455 0.043865384615384674
