0 0.263203125 0.6380673076923076 0.02626420454545464 0.04267307692307692
0 0.1697088068181819 0.5865096153846154 0.02626420454545456 0.03767307692307687
0 0.2652982954545454 0.41371153846153846 0.05568181818181825 0.08888461538461538
0 0.11002130681818167 0.033625 0.024303977272727293 0.03821153846153846
0 0.20830965909090926 0.22455769230769232 0.02048295454545449 0.027730769230769232
0 0.024666193181818175 0.13539423076923077 0.024303977272727293 0.035557692307692325
0 0.8240269886363636 0.9862403846153847 0.02782670454545455 0.027519230769230775
0 0.01974431818181832 0.18384615384615383 0.027585227272727216 0.03646153846153845
0 0.3947727272727273 0.45211538461538464 0.027840909090909124 0.03057692307692309
0 0.5141264204545455 0.5031442307692308 0.035184659090909065 0.05263461538461539
0 0.17784801136363626 0.9822307692307692 0.03098011363636372 0.035538461538461574
0 0.5564133522727273 0.07255769230769231 0.024161931818181884 0.03769230769230769
0 0.2130397727272727 0.8094423076923076 0.026789772727272745 0.04407692307692311
0 0.5676988636363636 0.0555 0.019431818181818192 0.032
0 0.6068394886363637 0.017259615384615384 0.026264204545454476 0.03451923076923077
0 0.171015625 0.25050961538461536 0.044644886363636456 0.06967307692307691
0 0.12971590909090902 0.015701923076923075 0.02428977272727276 0.03140384615384615
0 0.16188920454545463 0.027846153846153847 0.026931818181818234 0.03734615384615385
0 0.1346377840909091 0.043403846153846154 0.02626420454545456 0.034653846153846146
0 0.22426846590909089 0.1411826923076923 0.0269176136363637 0.0364423076923077
0 0.2666122159090908 0.08339423076923076 0.028877840909090968 0.043557692307692304
0 0.24888494318181809 0.149625 0.028877840909090968 0.03909615384615384
0 0.3155255681818182 0.2767307692307692 0.029545454545454482 0.033769230769230774
0 0.6407102272727272 0.7562980769230769 0.02889204545454546 0.035557692307692325
0 0.27154119318181813 0.12873076923076923 0.026917613636363538 0.04000000000000001
0 0.979190340909091 0.43675 0.02034090909090909 0.02576923076923078
0 0.9309303977272727 0.4674134615384615 0.024957386363636355 0.030211538461538477
0 0.7331534090909091 0.572125 0.025738636363636328 0.032711538461538445
0 0.8334801136363637 0.6467788461538462 0.029943181818181817 0.035557692307692325
0 0.8421519886363636 0.9049134615384615 0.02521306818181818 0.038403846153846205
0 0.8208806818181819 0.9034903846153846 0.021534090909090923 0.029865384615384565
0 0.33620738636363634 0.2420673076923077 0.03806818181818175 0.0373269230769231
0 0.32143465909090907 0.22117307692307692 0.02034090909090908 0.0311153846153846
0 0.43699573863636365 0.21051923076923076 0.02691761363636362 0.03288461538461537
0 0.43154119318181816 0.5801057692307692 0.04569602272727267 0.05617307692307688
0 0.3394957386363636 0.20829807692307692 0.021008522727272674 0.035557692307692325
0 0.9319673295454546 0.7637692307692308 0.030468749999999992 0.04623076923076927
0 0.881015625 0.7452692307692307 0.027315340909090893 0.039115384615384566
0 0.3132244318181818 0.20918269230769232 0.0288920454545455 0.04978846153846154
0 0.9901420454545454 0.9858846153846154 0.019715909090909093 0.028230769230769243
0 0.30075284090909093 0.105625 0.02889204545454542 0.043557692307692304
0 0.8298011363636364 0.8163846153846154 0.024687499999999994 0.0291538461538462
0 0.8366335227272728 0.7968365384615385 0.020482954545454547 0.022749999999999968
0 0.7757102272727272 0.8978173076923077 0.02573863636363637 0.0312884615384615
0 0.917528409090909 0.5557596153846154 0.020482954545454537 0.02844230769230762
0 0.01527698863636362 0.9854326923076923 0.02836647727272731 0.029134615384615342
0 0.32406250000000003 0.1287403846153846 0.017727272727272755 0.029326923076923063
0 0.2962926136363637 0.9928942307692309 0.026249999999999944 0.014211538461538435
0 0.07936789772727271 0.32766346153846154 0.024161931818181805 0.033403846153846166
0 0.40744318181818184 0.19717307692307692 0.029545454545454562 0.04000000000000002
0 0.4823508522727272 0.35274038461538465 0.02521306818181818 0.041942307692307695
0 0.32406250000000003 0.09139423076923077 0.025596590909090885 0.0364423076923077
0 0.4044886363636363 0.13806730769230768 0.030198863636363624 0.04444230769230768
0 0.39529829545454553 0.0900673076923077 0.030198863636363624 0.04267307692307692
0 0.33161221590909096 0.0811826923076923 0.03808238636363637 0.04621153846153846
0 0.4277982954545454 0.021038461538461537 0.04661931818181817 0.042076923076923074
0 0.27843039772727274 0.5868653846153845 0.033622159090909196 0.055461538461538416
0 0.8353196022727273 0.7637692307692308 0.027315340909090914 0.04623076923076927
0 0.22118607954545455 0.8485480769230769 0.027315340909090935 0.035557692307692325
0 0.4731036931818182 0.11273076923076925 0.0269176136363637 0.038230769230769235
0 0.45734375000000005 0.12340384615384616 0.028238636363636438 0.03999999999999998
0 0.44355823863636357 0.09896153846153846 0.025610795454545417 0.03911538461538462
0 0.4691619318181819 0.08828846153846154 0.028238636363636358 0.024884615384615394
0 0.3332528409090909 0.049173076923076924 0.028238636363636358 0.02488461538461538
0 0.3191335227272727 0.036298076923076926 0.02232954545454541 0.027557692307692304
0 0.1986008522727274 0.7895288461538462 0.024161931818181968 0.032711538461538445
0 0.2856534090909091 0.22740384615384615 0.024943181818181823 0.034653846153846174
0 0.39057528409090914 0.47949038461538457 0.02782670454545451 0.03698076923076921
0 0.973096590909091 0.4958173076923077 0.009772727272727271 0.024634615384615442
0 0.30141335227272725 0.18739423076923076 0.021008522727272674 0.027557692307692304
0 0.9315838068181819 0.2798653846153846 0.021008522727272726 0.03199999999999997
0 0.07069602272727271 0.4329038461538462 0.029943181818181716 0.03626923076923074
0 0.9877201704545454 0.49097115384615386 0.020355113636363636 0.031096153846153822
0 0.1739133522727272 0.801625 0.022059659090909213 0.029865384615384672
0 0.7633593750000001 0.5635865384615385 0.03362215909090911 0.045519230769230694
0 0.5448579545454546 0.5219903846153846 0.03676136363636363 0.05617307692307699
0 0.10483664772727286 0.312375 0.029928977272727343 0.051211538461538454
0 0.8484517045454545 0.073625 0.03255681818181819 0.04409615384615385
0 0.6491193181818182 0.7260769230769231 0.015227272727272726 0.027730769230769153
0 0.565078125 0.3904326923076923 0.035184659090909065 0.04763461538461541
0 0.18283380681818173 0.4001923076923077 0.018906250000000083 0.02346153846153844
0 0.18151988636363636 0.8261538461538462 0.024687499999999994 0.033423076923076916
0 0.5889772727272726 0.5205673076923076 0.03360795454545458 0.05048076923076923
0 0.4637073863636364 0.3328269230769231 0.026789772727272745 0.03484615384615385
0 0.5086150568181818 0.34563461538461543 0.02626420454545456 0.03911538461538462
0 0.934872159090909 0.49097115384615386 0.023636363636363636 0.029326923076923077
0 0.08356534090909085 0.15842307692307692 0.029403409090908994 0.04765384615384616
0 0.31651988636363637 0.9769038461538462 0.02363636363636362 0.04338461538461539
0 0.5506321022727272 0.9774519230769231 0.02521306818181818 0.03413461538461538
0 0.9556178977272727 0.6434134615384616 0.08876420454545454 0.12267307692307697
0 0.1494886363636364 0.6579711538461538 0.020482954545454648 0.032711538461538445
0 0.5482670454545455 0.3545192307692308 0.029943181818181796 0.0383846153846154
0 0.15080255681818178 0.7973557692307692 0.02836647727272731 0.041250000000000085
0 0.8597514204545454 0.5237692307692308 0.04779829545454546 0.06542307692307694
0 0.8946732954545454 0.5546923076923077 0.02730113636363636 0.04053846153846162
0 0.9243678977272727 0.2163076923076923 0.027571022727272732 0.04176923076923077
0 0.913203125 0.2594134615384615 0.03938920454545454 0.04444230769230766
0 0.03287642045454542 0.44499999999999995 0.029928977272727184 0.037692307692307685
0 0.30102272727272716 0.3767307692307692 0.04622159090909094 0.07038461538461538
0 0.24350852272727286 0.6981538461538461 0.026789772727272745 0.041961538461538446
0 0.8712997159090909 0.6720288461538462 0.039389204545454554 0.04905769230769229
0 0.8395241477272728 0.021009615384615387 0.024161931818181825 0.036980769230769234
0 0.3362144886363636 0.9289134615384614 0.02836647727272731 0.04267307692307692
0 0.5679616477272728 0.9490096153846154 0.02521306818181818 0.04267307692307692
0 0.15604403409090917 0.32553846153846155 0.027315340909090935 0.03484615384615385
0 0.583203125 0.8807403846153846 0.02626420454545456 0.038403846153846205
0 0.18178267045454533 0.6526346153846154 0.01680397727272733 0.027730769230769153
0 0.9230539772727273 0.4096346153846154 0.024943181818181823 0.030230769230769228
0 0.9703267045454546 0.520298076923077 0.023636363636363636 0.027557692307692387
0 0.7596803977272727 0.25816346153846154 0.03257102272727274 0.04051923076923079
0 0.8150994318181819 0.2887403846153846 0.026789772727272728 0.03767307692307693
0 0.5871448863636364 0.8405576923076924 0.021534090909090944 0.030576923076923144
0 0.7940909090909091 0.6674134615384616 0.019431818181818192 0.02844230769230762
0 0.06885653409090908 0.49299038461538464 0.02626420454545456 0.038403846153846094
0 0.6407102272727272 0.5511346153846155 0.02889204545454546 0.039115384615384566
0 0.29497869318181813 0.9694423076923078 0.029928977272727263 0.03696153846153851
0 0.139765625 0.8954903846153845 0.0199573863636363 0.029865384615384672
0 0.5947585227272727 0.5717692307692308 0.04411931818181818 0.03911538461538468
0 0.7391974431818182 0.31861538461538463 0.03362215909090907 0.040538461538461565
0 0.5766335227272728 0.6112307692307691 0.02363636363636362 0.032692307692307694
0 0.9253480113636363 0.38075000000000003 0.020355113636363633 0.034653846153846174
0 0.5729545454545455 0.8633269230769229 0.019431818181818192 0.02488461538461538
0 0.56875 0.8387788461538462 0.018380681818181813 0.03413461538461538
0 0.9782102272727273 0.5483076923076923 0.030198863636363635 0.037346153846153765
0 0.21067471590909104 0.560548076923077 0.024161931818181968 0.035557692307692325
0 0.5243678977272728 0.6410961538461538 0.02836647727272723 0.038384615384615454
0 0.16576704545454557 0.4794903846153846 0.026789772727272745 0.0455192307692308
0 0.8216690340909091 0.8725576923076923 0.02205965909090909 0.03199999999999997
0 0.539609375 0.5970096153846154 0.024161931818181805 0.0312884615384615
0 0.3987144886363636 0.5943269230769231 0.03467329545454541 0.0476538461538461
0 0.8882528409090908 0.2318653846153846 0.022329545454545453 0.030230769230769255
0 0.9076278409090909 0.22164423076923076 0.017727272727272723 0.034673076923076925
0 0.9900852272727273 0.38119230769230766 0.019829545454545457 0.040884615384615366
0 0.27843039772727274 0.7226826923076923 0.024161931818181805 0.03698076923076927
0 0.6351988636363637 0.7228749999999999 0.016818181818181822 0.028442307692307732
0 0.24953835227272725 0.5623269230769231 0.02311079545454543 0.033423076923076916
0 0.23168323863636364 0.5577019230769231 0.018906249999999923 0.03413461538461538
0 0.5519460227272728 0.573548076923077 0.027840909090909124 0.03698076923076927
0 0.26898437500000005 0.952375 0.02521306818181818 0.032711538461538445
0 0.9040127840909091 0.19675 0.03151988636363637 0.04353846153846154
0 0.1308380681818182 0.5289134615384615 0.032556818181818284 0.060442307692307705
0 0.4873366477272727 0.578875 0.0488494318181818 0.06186538461538465
0 0.21540482954545448 0.5943269230769231 0.02941761363636369 0.03911538461538468
0 0.9476704545454545 0.38475 0.02428977272727273 0.03199999999999997
0 0.1676065340909091 0.6693557692307693 0.0199573863636363 0.025596153846153852
0 0.36904119318181816 0.0050384615384615385 0.021008522727272674 0.010076923076923077
0 0.8866193181818182 0.18963461538461537 0.02428977272727274 0.047115384615384615
0 0.1276846590909091 0.35468269230769234 0.03360795454545466 0.04336538461538464
0 0.2508522727272726 0.5299711538461538 0.02363636363636362 0.032711538461538445
0 0.4375213068181818 0.9731923076923077 0.02691761363636362 0.042653846153846056
0 0.26608664772727275 0.5153942307692307 0.03623579545454536 0.05617307692307694
0 0.3041690340909091 0.624201923076923 0.03362215909090911 0.04905769230769229
0 0.43686789772727275 0.8051923076923078 0.024303977272727293 0.037346153846153876
0 0.06307528409090901 0.7564615384615385 0.024161931818181805 0.0362692307692308
0 0.45229403409090907 0.9478653846153846 0.02231534090909088 0.03823076923076922
0 0.008884943181818206 0.07896153846153847 0.017769886363636352 0.041769230769230774
0 0.1331960227272727 0.9466826923076923 0.0288920454545455 0.038403846153846094
0 0.5600923295454545 0.4288269230769231 0.02626420454545456 0.03057692307692309
0 0.7244957386363637 0.2670480769230769 0.028366477272727272 0.046942307692307686
0 0.7126704545454545 0.2795 0.02363636363636362 0.033423076923076916
0 0.06517755681818183 0.6960192307692308 0.022059659090909053 0.030576923076923033
0 0.2511150568181818 0.601798076923077 0.027315340909090935 0.038403846153846205
0 0.45032670454545454 0.7745288461538461 0.02889204545454542 0.031096153846153766
0 0.8603480113636364 0.6456346153846154 0.03348011363636363 0.048884615384615415
0 0.4293181818181818 0.698076923076923 0.030198863636363624 0.03999999999999991
0 0.14160511363636374 0.39771153846153845 0.04360795454545445 0.06684615384615383
0 0.45032670454545454 0.5691923076923078 0.026249999999999944 0.03465384615384612
0 0.6317897727272728 0.11594230769230769 0.02258522727272728 0.03057692307692306
0 0.6874573863636364 0.29655769230769224 0.02258522727272724 0.029153846153846148
0 0.0036363636363635488 0.4074038461538461 0.007272727272727279 0.02665384615384618
0 0.5540411931818181 0.2606538461538462 0.04569602272727275 0.046923076923076935
0 0.5561505681818182 0.680923076923077 0.02889204545454542 0.06115384615384618
0 0.7470809659090909 0.5358557692307692 0.02205965909090909 0.03698076923076927
0 0.5340909090909092 0.20198076923076924 0.03414772727272722 0.041961538461538446
0 0.43456676136363637 0.7416442307692307 0.027571022727272684 0.04532692307692306
0 0.006590909090909092 0.22206730769230767 0.013181818181818144 0.041788461538461545
0 0.039438920454545445 0.7302115384615385 0.07887784090909088 0.17638461538461533
0 0.8794389204545454 0.5411923076923076 0.01680397727272729 0.02773076923076926
0 0.6202272727272726 0.7264326923076924 0.021534090909090944 0.032711538461538445
0 0.04469460227272737 0.4745096153846154 0.02941761363636369 0.038403846153846205
0 0.17154829545454542 0.3987692307692308 0.019431818181818272 0.04480769230769228
0 0.5808380681818182 0.02456730769230769 0.024687499999999994 0.031288461538461536
0 0.17443181818181808 0.6270384615384614 0.037812500000000006 0.04338461538461539
0 0.5787357954545455 0.4462596153846154 0.02258522727272724 0.035557692307692325
0 0.5711150568181818 0.6610096153846154 0.02941761363636369 0.028442307692307732
0 0.21724431818181822 0.45388461538461533 0.027840909090909124 0.03980769230769234
0 0.16602982954545453 0.6462403846153846 0.015752840909090793 0.02490384615384613
0 0.04403409090909094 0.10739423076923077 0.023636363636363778 0.027557692307692304
0 0.8132599431818182 0.6279423076923076 0.03151988636363636 0.03769230769230763
0 0.6496448863636364 0.7068750000000001 0.019431818181818192 0.026326923076923074
0 0.48024857954545463 0.8501634615384615 0.024161931818181884 0.03413461538461538
0 0.09906250000000005 0.47486538461538463 0.029943181818181716 0.04480769230769228
0 0.2915696022727272 0.5033076923076922 0.027315340909090935 0.03626923076923074
0 0.1697088068181819 0.7706923076923077 0.021008522727272674 0.03199999999999997
0 0.6772230113636364 0.23220192307692308 0.01995738636363634 0.02986538461538459
0 0.38900568181818185 0.5193076923076922 0.02573863636363637 0.04692307692307699
0 0.7460298295454546 0.2304230769230769 0.026264204545454518 0.037692307692307706
0 0.9265767045454545 0.2177692307692308 0.02846590909090909 0.046884615384615407
0 0.5764417613636363 0.6115096153846155 0.026349431818181755 0.035673076923076946
0 0.4045312499999999 0.13787500000000003 0.03400568181818182 0.04705769230769232
0 0.5960653409090909 0.7225192307692309 0.02048295454545449 0.030576923076923144
0 0.7623579545454545 0.5637403846153846 0.0358522727272727 0.04990384615384613
0 0.1692968749999999 0.7717692307692308 0.025071022727272695 0.03638461538461531
0 0.46553977272727276 0.802096153846154 0.029659090909090902 0.03657692307692315
0 0.044232954545454506 0.47449038461538456 0.031164772727272805 0.043173076923076904
0 0.823309659090909 0.028730769230769233 0.025426136363636373 0.031384615384615386
0 0.22116477272727275 0.8502596153846154 0.028721590909090787 0.03944230769230767
0 0.9207599431818182 0.3850288461538461 0.01703125 0.02398076923076923
0 0.8182244318181818 0.9043557692307692 0.028664772727272737 0.03159615384615386
0 0.336512784090909 0.9293653846153845 0.03129261363636368 0.04238461538461542
0 0.12861505681818197 0.01701923076923077 0.02825284090909089 0.03403846153846154
0 0.15656960227272732 0.8759230769230769 0.021008522727272674 0.02773076923076926
0 0.5880397727272728 0.07933653846153846 0.025454545454545476 0.032019230769230765
0 0.190546875 0.04334615384615385 0.02867897727272735 0.04553846153846154
0 0.14350852272727266 0.13017307692307692 0.016221590909090852 0.01869230769230769
0 0.17056107954545463 0.3991057692307693 0.017627840909090864 0.05078846153846153
0 0.26477272727272727 0.5137019230769231 0.03730113636363635 0.06178846153846153
0 0.1805681818181818 0.6536442307692307 0.018068181818181858 0.026211538461538453
0 0.39818892045454546 0.5946153846153847 0.03779829545454547 0.05011538461538462
0 0.06540482954545468 0.6952884615384615 0.023735795454545346 0.03042307692307691
0 0.9879616477272727 0.3814423076923077 0.024076704545454543 0.04373076923076925
0 0.3885014204545455 0.5213461538461539 0.02748579545454549 0.048499999999999946
0 0.29708096590909083 0.4752211538461539 0.02782670454545451 0.03128846153846156
0 0.26477982954545454 0.982951923076923 0.02626420454545456 0.032711538461538445
0 0.17642755681818167 0.9808942307692308 0.036349431818181864 0.03821153846153847
0 0.007073863636363642 0.22110576923076922 0.014147727272727324 0.04490384615384617
0 0.20315340909090907 0.6496442307692307 0.030426136363636468 0.0526730769230769
0 0.5743963068181819 0.6718173076923077 0.041491477272727326 0.05401923076923072
0 0.7472727272727273 0.5371923076923077 0.025653409090909095 0.037884615384615364
0 0.13280539772727262 0.12689423076923076 0.020071022727272722 0.020980769230769223
0 0.5485653409090909 0.6066826923076923 0.011136363636363682 0.01686538461538469
0 0.6564062500000001 0.23225 0.02247159090909094 0.03703846153846155
0 0.2646875000000001 0.41502884615384616 0.05710227272727271 0.09382692307692311
0 0.29580965909090906 0.9912980769230769 0.03022727272727269 0.017403846153846176
0 0.586356534090909 0.7011923076923077 0.01995738636363638 0.029153846153846093
0 0.43835227272727273 0.018009615384615384 0.02883522727272729 0.03601923076923077
0 0.5248721590909091 0.6414326923076923 0.031448863636363615 0.03890384615384619
0 0.5944176136363637 0.5726153846153846 0.04511363636363643 0.04207692307692307
0 0.27852982954545447 0.7229423076923076 0.026349431818181914 0.03857692307692308
0 0.18129971590909089 0.8243846153846154 0.02626420454545456 0.03573076923076931
0 0.5886292613636364 0.5210288461538461 0.03921875000000002 0.048365384615384574
0 0.1802414772727272 0.42443269230769226 0.02701704545454543 0.024980769230769195
0 0.6576065340909091 0.04679807692307692 0.030355113636363604 0.04136538461538462
0 0.9803125 0.24398076923076925 0.023465909090909096 0.031769230769230765
0 0.8435866477272727 0.6489615384615385 0.05884943181818183 0.04500000000000007
0 0.23588778409090916 0.801625 0.02521306818181818 0.03982692307692304
0 0.26795454545454545 0.951548076923077 0.028323863636363713 0.032673076923076944
0 0.10451704545454532 0.31311538461538463 0.03116477272727264 0.052384615384615404
0 0.2507528409090909 0.6014999999999999 0.02906250000000005 0.04138461538461546
0 0.7253053977272728 0.04875 0.04080965909090908 0.056269230769230766
0 0.04705255681818177 0.9531442307692307 0.03038352272727287 0.055134615384615414
0 0.3012144886363637 0.3747596153846154 0.04830965909090908 0.07148076923076926
0 0.7594531250000001 0.25993269230769234 0.03316761363636367 0.04332692307692308
0 0.21321022727272732 0.8087596153846154 0.03161931818181817 0.04521153846153844
0 0.9765482954545455 0.6785384615384616 0.04460227272727273 0.07238461538461546
0 0.5684374999999999 0.8396826923076923 0.020852272727272737 0.04121153846153847
0 0.6317897727272728 0.6926538461538462 0.06355113636363634 0.07180769230769236
0 0.22182528409090907 0.41454807692307694 0.030326704545454577 0.04275000000000004
0 0.32255681818181825 0.22213461538461537 0.02386363636363638 0.036307692307692326
0 0.5804758522727272 0.025038461538461537 0.024644886363636317 0.0365
0 0.30061789772727276 0.10726923076923077 0.03001420454545454 0.04669230769230769
0 0.8116193181818182 0.6275576923076923 0.03323863636363635 0.04619230769230766
0 0.34770596590909086 0.005874999999999999 0.017315340909090905 0.011634615384615384
0 0.436924715909091 0.8040865384615384 0.027883522727272802 0.03940384615384617
0 0.06203124999999998 0.7580192307692307 0.025596590909090885 0.03707692307692313
0 0.905340909090909 0.294 0.027698863636363636 0.03230769230769233
0 0.21014914772727267 0.5625673076923077 0.02606534090909094 0.03817307692307686
0 0.7733451704545454 0.007663461538461538 0.029417613636363606 0.015326923076923077
0 0.17800426136363645 0.39783653846153844 0.009502840909090825 0.02725000000000003
0 0.8557386363636363 0.9547307692307693 0.015255681818181831 0.03738461538461538
0 0.14005681818181803 0.22451923076923078 0.03889204545454545 0.07719230769230767
0 0.538515625 0.06791346153846153 0.024588068181818187 0.04301923076923077
0 0.9532670454545454 0.4320192307692307 0.09068181818181818 0.09715384615384617
0 0.1675639204545455 0.6711153846153847 0.02268465909090913 0.029692307692307688
0 0.6285866477272727 0.6814326923076923 0.06856534090909093 0.07967307692307693
0 0.597215909090909 0.7222307692307692 0.025085227272727228 0.0339615384615384
0 0.8341832386363637 0.7647211538461538 0.030525568181818195 0.04855769230769231
0 0.21565340909090902 0.5954519230769231 0.03014204545454533 0.03844230769230771
0 0.8240269886363636 0.028836538461538462 0.018394886363636388 0.029865384615384617
0 0.08156960227272725 0.15824999999999997 0.03285511363636363 0.05111538461538461
0 0.906640625 0.22363461538461538 0.02348011363636363 0.033769230769230746
0 0.5782386363636365 0.44800961538461537 0.024801136363636334 0.03944230769230767
0 0.6314985795454545 0.08179807692307692 0.02916193181818182 0.04221153846153846
0 0.9340127840909092 0.49177884615384615 0.030099431818181813 0.030249999999999926
0 0.5859872159090909 0.05371153846153846 0.01953125 0.029538461538461538
0 0.29701704545454544 0.47609615384615384 0.02798295454545453 0.03492307692307686
0 0.5875994318181817 0.8404711538461539 0.019772727272727296 0.03432692307692312
0 0.024957386363636314 0.13514423076923077 0.02676136363636368 0.03771153846153846
0 0.6491051136363637 0.7047884615384615 0.02082386363636367 0.02842307692307687
0 0.8248153409090909 0.05656730769230769 0.024147727272727293 0.028442307692307697
0 0.8402698863636364 0.021240384615384616 0.030795454545454556 0.04228846153846154
0 0.03331676136363637 0.4461057692307693 0.030184659090909092 0.041173076923076916
0 0.4766477272727273 0.8704519230769231 0.023892045454545527 0.026442307692307692
0 0.1545738636363635 0.8756250000000001 0.02477272727272719 0.032057692307692336
0 0.731512784090909 0.5719423076923076 0.029389204545454583 0.03411538461538453
0 0.7726207386363637 0.008153846153846154 0.03427556818181818 0.016307692307692308
0 0.13154119318181823 0.5266634615384616 0.03450284090909086 0.06894230769230773
0 0.08466619318181823 0.004451923076923076 0.02359375000000002 0.008903846153846153
0 0.8361647727272727 0.7962211538461538 0.025937500000000006 0.025750000000000082
0 0.61984375 0.7278076923076923 0.023522727272727275 0.033423076923076916
0 0.04732244318181822 0.7895288461538462 0.02521306818181818 0.03698076923076927
0 0.16507812500000008 0.6484038461538462 0.01703125000000001 0.022153846153846118
0 0.44884232954545455 0.9485576923076923 0.030951704545454574 0.038999999999999944
0 0.2966832386363637 0.19752884615384617 0.01740056818181818 0.022519230769230757
0 0.5164772727272728 0.9953365384615386 0.0248295454545454 0.009326923076923122
0 0.4072372159090909 0.19659615384615384 0.029872159090909053 0.03819230769230769
0 0.6504190340909091 0.009423076923076923 0.02649147727272728 0.018846153846153846
0 0.4356960227272727 0.9735096153846154 0.034602272727272745 0.04801923076923082
0 0.746640625 0.23150961538461537 0.03098011363636364 0.04567307692307689
0 0.880625 0.5410096153846154 0.02102272727272727 0.033788461538461524
0 0.24667613636363628 0.14932692307692308 0.031221590909090935 0.04461538461538462
0 0.7258025568181818 0.049096153846153845 0.035184659090909065 0.05334615384615384
0 0.01272727272727281 0.9846346153846154 0.025454545454545396 0.030730769230769266
0 0.6891335227272727 0.005490384615384616 0.03039772727272728 0.010980769230769231
0 0.4909446022727273 0.5774903846153845 0.054019886363636326 0.06148076923076917
0 0.04368607954545456 0.107125 0.025724431818181678 0.03448076923076923
0 0.39608664772727276 0.09150961538461537 0.0337642045454546 0.048365384615384616
0 0.3294318181818181 0.08127884615384616 0.04585227272727277 0.047634615384615386
0 0.7387855113636363 0.31818269230769225 0.034474431818181835 0.04236538461538462
0 0.2547585227272726 0.7216346153846154 0.028920454545454565 0.044076923076923
0 0.009481534090909016 0.08145192307692309 0.018963068181818213 0.03648076923076924
0 0.6479616477272727 0.10187500000000001 0.025639204545454562 0.03851923076923077
0 0.6249573863636364 0.6720288461538463 0.06039772727272729 0.060442307692307705
0 0.34644176136363636 0.7835576923076922 0.03257102272727274 0.0434615384615385
0 0.8566264204545455 0.11231730769230769 0.031576704545454554 0.03459615384615387
0 0.2632599431818182 0.6384807692307692 0.02765624999999996 0.04176923076923082
0 0.8496519886363636 0.13438461538461538 0.028139204545454547 0.034730769230769225
0 0.3118749999999999 0.3145480769230769 0.03204545454545455 0.042403846153846174
0 0.34077414772727266 0.21229807692307695 0.027201704545454595 0.03825
0 0.33581676136363636 0.24333653846153847 0.03955965909090904 0.044057692307692325
0 0.9114275568181818 0.2588942307692308 0.041718750000000006 0.04501923076923079
0 0.592265625 0.41357692307692306 0.032940340909090905 0.041653846153846145
0 0.12610795454545454 0.35475961538461537 0.035937499999999935 0.044249999999999984
0 0.657265625 0.23149038461538463 0.02311079545454543 0.035557692307692325
0 0.8521235795454546 0.6279423076923076 0.021008522727272737 0.030576923076923144
0 0.2359019886363637 0.8015192307692307 0.028053977272727272 0.04176923076923071
0 0.2305326704545455 0.5583942307692308 0.02032670454545463 0.034980769230769225
0 0.7200639204545455 0.27053846153846156 0.038252840909090875 0.0564230769230769
0 0.5681178977272727 0.9474423076923076 0.026548295454545453 0.0482307692307692
0 0.555731534090909 0.6815769230769231 0.031803977272727255 0.06176923076923078
0 0.8194247159090909 0.8737980769230769 0.02728693181818181 0.03648076923076928
0 0.3154900568181819 0.9780673076923077 0.024048295454545465 0.042134615384615326
0 0.5333451704545455 0.19807692307692307 0.037542613636363645 0.05096153846153846
0 0.14171164772727274 0.8950576923076922 0.026661931818181793 0.03353846153846153
0 0.46492187500000004 0.6349134615384615 0.033139204545454604 0.048942307692307674
0 0.6501704545454545 0.007663461538461538 0.02573863636363637 0.015326923076923077
0 0.09564630681818187 0.7315288461538462 0.029872159090909053 0.04209615384615382
0 0.9886434659090909 0.2155673076923077 0.02271306818181818 0.04794230769230771
0 0.13271306818181827 0.7644230769230769 0.03778409090909094 0.04373076923076925
0 0.2717400568181819 0.12984615384615383 0.030696022727272745 0.04084615384615385
0 0.4506960227272727 0.5696153846153847 0.027329545454545467 0.03642307692307692
0 0.8848863636363636 0.23325961538461543 0.02295454545454547 0.03367307692307693
0 0.43487215909090904 0.7419615384615386 0.03326704545454548 0.05423076923076921
0 0.1652201704545455 0.47894230769230767 0.026093750000000006 0.04511538461538458
0 0.586747159090909 0.7007019230769231 0.02428977272727276 0.032634615384615435
0 0.03954545454545444 0.7240961538461538 0.07909090909090902 0.16946153846153836
0 0.15342329545454547 0.9054423076923078 0.022073863636363586 0.027038461538461542
0 0.8613636363636363 0.9840192307692308 0.022045454545454538 0.024230769230769274
0 0.3898721590909091 0.4808173076923076 0.033636363636363645 0.033596153846153845
0 0.1326420454545455 0.16405769230769232 0.03659090909090908 0.05842307692307691
0 0.5552201704545454 0.07282692307692308 0.02526988636363631 0.0391923076923077
0 0.5039630681818181 0.2931826923076923 0.11133522727272727 0.09367307692307694
0 0.9875355113636364 0.2601057692307692 0.024928977272727273 0.034211538461538474
0 0.8591548295454545 0.6291057692307692 0.03683238636363637 0.03528846153846158
0 0.5657528409090908 0.3908269230769231 0.036789772727272775 0.05015384615384618
0 0.4424573863636364 0.09867307692307693 0.027471590909090956 0.042846153846153846
0 0.5824076704545454 0.8797403846153847 0.027258522727272725 0.03994230769230777
0 0.69796875 0.026346153846153846 0.026789772727272745 0.032
0 0.29411221590909087 0.9679038461538461 0.029161931818181778 0.03888461538461533
0 0.019076704545454626 0.18404807692307693 0.029090909090908956 0.044249999999999984
0 0.15370738636363646 0.36027884615384614 0.025823863636363565 0.029634615384615433
0 0.6405539772727273 0.550923076923077 0.031079545454545447 0.04292307692307691
0 0.6865980113636363 0.2962692307692308 0.024588068181818187 0.03396153846153845
0 0.43049715909090913 0.6970576923076923 0.03573863636363632 0.038500000000000076
0 0.39061789772727273 0.8026538461538462 0.027684659090909104 0.04200000000000006
0 0.6322585227272728 0.11703846153846154 0.027471590909090914 0.035576923076923075
0 0.24879261363636374 0.5633365384615383 0.024261363636363695 0.032096153846153844
0 0.9042684659090909 0.19691346153846154 0.03725852272727273 0.04886538461538461
0 0.2098863636363636 0.9943173076923079 0.028892045454545337 0.011365384615384555
0 0.8476420454545455 0.07142307692307692 0.03514204545454545 0.04496153846153846
0 0.43373579545454544 0.21075961538461538 0.033295454545454545 0.03863461538461539
0 0.3130965909090909 0.27761538461538465 0.032329545454545444 0.03503846153846154
0 0.14563920454545454 0.7182403846153846 0.011676136363636402 0.01948076923076922
0 0.022734374999999973 0.9729711538461538 0.029019886363636452 0.054057692307692334
0 0.4812642045454545 0.35079807692307696 0.028323863636363633 0.04486538461538464
0 0.29975852272727266 0.24816346153846153 0.026335227272727302 0.037249999999999985
0 0.2659730113636364 0.08283653846153846 0.030894886363636364 0.042788461538461546
0 0.6405113636363637 0.7563173076923076 0.03136363636363638 0.03867307692307684
0 0.9302272727272727 0.46902884615384616 0.029176136363636362 0.03425
0 0.20332386363636357 0.6497980769230769 0.028352272727272778 0.05190384615384617
0 0.69703125 0.027182692307692307 0.02985795454545456 0.03578846153846154
0 0.3364772727272727 0.048173076923076916 0.024034090909090852 0.027346153846153836
0 0.9279261363636364 0.38185576923076925 0.016335227272727272 0.033865384615384644
0 0.9776207386363637 0.43908653846153844 0.024701704545454548 0.031826923076923044
0 0.28056818181818177 0.23353846153846153 0.01840909090909096 0.025269230769230742
0 0.17347301136363635 0.6270576923076924 0.03816761363636348 0.041923076923076945
0 0.45026278409090914 0.7705576923076923 0.03228693181818185 0.0410769230769231
0 0.6475923295454545 0.7220769230769231 0.018821022727272728 0.028961538461538466
0 0.28900568181818187 0.23890384615384613 0.019943181818181846 0.018
0 0.10985795454545444 0.03453846153846154 0.028323863636363553 0.041192307692307695
0 0.6570028409090909 0.046961538461538464 0.027840909090909124 0.03911538461538462
0 0.21652698863636355 0.45565384615384613 0.03177556818181819 0.0416923076923077
0 0.43100142045454537 0.5779230769230769 0.047343749999999976 0.06176923076923078
0 0.3147585227272728 0.20814423076923078 0.03275568181818182 0.04963461538461539
0 0.14018465909090916 0.3987788461538462 0.04764204545454556 0.06898076923076923
0 0.16261363636363635 0.028201923076923076 0.029289772727272734 0.03925
0 0.09909090909090912 0.47251923076923075 0.034488636363636326 0.04999999999999995
0 0.4172585227272727 0.019817307692307693 0.030426136363636305 0.039634615384615386
0 0.8163991477272727 0.5581634615384615 0.07725852272727271 0.08705769230769227
0 0.7760085227272727 0.8985192307692308 0.027755681818181846 0.03884615384615382
0 0.47393465909090904 0.11350961538461538 0.02713068181818177 0.0385576923076923
0 0.18020596590909088 0.42330769230769233 0.02311079545454543 0.027038461538461542
0 0.9384872159090909 0.35301923076923075 0.06302556818181816 0.059846153846153854
0 0.8862855113636363 0.18865384615384614 0.029900568181818177 0.058000000000000024
0 0.04969460227272726 0.14703846153846156 0.031150568181818272 0.04911538461538463
0 0.7259659090909091 0.4361346153846154 0.034119318181818195 0.048499999999999995
0 0.45691761363636363 0.12400000000000001 0.03039772727272724 0.041153846153846166
0 0.5504474431818182 0.976375 0.02953125000000003 0.03874999999999996
0 0.9222514204545454 0.41230769230769226 0.02649147727272728 0.03130769230769231
0 0.559169034090909 0.42922115384615384 0.03205965909090908 0.030442307692307716
0 0.6168394886363636 0.04511538461538462 0.04205965909090911 0.04934615384615384
0 0.4146661931818182 0.4641442307692308 0.028224431818181826 0.04394230769230768
0 0.012166193181818219 0.42250961538461534 0.024332386363636358 0.03555769230769227
0 0.6778977272727273 0.2314615384615385 0.023636363636363657 0.03969230769230769
0 0.30435369318181815 0.17848076923076925 0.02098011363636361 0.021807692307692313
0 0.23629971590909093 0.21897115384615387 0.045099431818181816 0.10340384615384615
0 0.4078551136363636 0.2288846153846154 0.027102272727272784 0.03534615384615387
0 0.1749644886363636 0.8033269230769231 0.026292613636363624 0.03384615384615378
0 0.9340909090909091 0.7644423076923077 0.03747159090909091 0.04738461538461536
0 0.9831960227272727 0.4922307692307692 0.033607954545454545 0.03265384615384614
0 0.1705681818181819 0.24949038461538464 0.04940340909090905 0.07686538461538461
0 0.3030823863636364 0.6243269230769231 0.03573863636363632 0.050038461538461615
0 0.514609375 0.5006923076923078 0.0368892045454545 0.05992307692307692
0 0.46633522727272725 0.6315 0.029943181818181796 0.04623076923076916
0 0.15681818181818175 0.3257980769230769 0.02980113636363639 0.03894230769230769
0 0.6048721590909092 0.0870576923076923 0.024630681818181784 0.04484615384615385
0 0.5463352272727273 0.5223076923076924 0.04005681818181825 0.060499999999999964
0 0.8634872159090909 0.9951442307692306 0.05191761363636363 0.008826923076923138
0 0.3227840909090909 0.09263461538461538 0.026022727272727263 0.03753846153846154
0 0.15308948863636374 0.9061442307692308 0.022883522727272745 0.03078846153846152
0 0.4692897727272727 0.46575961538461536 0.03022727272727269 0.046057692307692286
0 0.7974715909090909 0.6715865384615385 0.03355113636363633 0.03805769230769235
0 0.20210937500000015 0.24360576923076926 0.027798295454545527 0.035596153846153854
0 0.07764204545454545 0.32824038461538463 0.027272727272727337 0.03832692307692309
0 0.2217116477272728 0.4133557692307692 0.02941761363636369 0.04124999999999998
0 0.046534090909090886 0.9545096153846154 0.03099431818181809 0.051211538461538565
0 0.17705965909090926 0.3760096153846154 0.01187500000000002 0.01744230769230768
0 0.025127840909091037 0.7903269230769231 0.020142045454545385 0.031153846153846133
0 0.5739275568181819 0.8641057692307693 0.02322443181818185 0.028403846153846227
0 0.8235866477272727 0.9857019230769232 0.030781250000000003 0.028596153846153854
0 0.8809303977272727 0.7435865384615384 0.034048295454545456 0.04798076923076921
0 0.5655610795454544 0.05835576923076923 0.022059659090909133 0.03578846153846154
0 0.2789559659090909 0.5857884615384615 0.035724431818181863 0.058192307692307675
0 0.95515625 0.644423076923077 0.0896875 0.1286153846153846
0 0.8725284090909091 0.6716826923076923 0.04517045454545454 0.056903846153846104
0 0.8294957386363636 0.8172211538461538 0.02643465909090909 0.03194230769230772
0 0.20095880681818168 0.2426826923076923 0.021548295454545396 0.0355576923076923
0 0.5524147727272727 0.5734615384615385 0.028380681818181763 0.045961538461538415
0 0.9823153409090909 0.5484230769230769 0.02215909090909091 0.03650000000000003
0 0.0470241477272727 0.7892884615384615 0.025440340909090864 0.03707692307692302
0 0.5528693181818183 0.258375 0.05281250000000001 0.04321153846153846
0 0.2659019886363635 0.982875 0.032088068181818225 0.03425
0 0.9166264204545455 0.5560288461538462 0.02134943181818181 0.0335961538461539
0 0.0047656249999999956 0.40894230769230766 0.009531250000000052 0.027230769230769225
0 0.06877840909090915 0.49300000000000005 0.028863636363636435 0.04065384615384618
0 0.4634303977272727 0.33056730769230763 0.027968749999999997 0.04321153846153846
0 0.2500852272727272 0.5307692307692308 0.0257954545454545 0.031423076923076984
0 0.25479403409090906 0.7212596153846152 0.027315340909090935 0.04267307692307692
0 0.9467613636363637 0.3868846153846154 0.02519886363636364 0.03553846153846152
0 0.9326633522727272 0.27973076923076917 0.026633522727272728 0.03792307692307692
0 0.9929190340909091 0.42517307692307693 0.014161931818181818 0.036153846153846175
0 0.2909232954545454 0.21934615384615386 0.014062499999999967 0.021115384615384623
0 0.6059303977272728 0.018163461538461538 0.028224431818181826 0.036326923076923076
0 0.8413920454545455 0.9044711538461538 0.02488636363636363 0.04067307692307688
0 0.08631392045454545 0.024249999999999997 0.027372159090909065 0.03365384615384615
0 0.29115767045454544 0.5032307692307693 0.02975852272727271 0.035461538461538405
0 0.43585937500000005 0.4731923076923077 0.03049715909090905 0.042692307692307724
0 0.36288352272727276 0.8696442307692308 0.039886363636363616 0.0455192307692308
0 0.5808380681818182 0.6826923076923077 0.026789772727272666 0.0362692307692308
0 0.0029758522727273418 0.06682692307692308 0.005497159090909098 0.023346153846153846
0 0.3948366477272728 0.4509519230769231 0.0321732954545455 0.03409615384615388
0 0.1497301136363638 0.6568942307692307 0.021903409090909032 0.03867307692307695
0 0.06995738636363635 0.43280769230769234 0.032727272727272674 0.036769230769230776
0 0.5095170454545455 0.347125 0.027585227272727296 0.04282692307692304
0 0.13279829545454547 0.044913461538461534 0.02991477272727265 0.034403846153846146
0 0.8153338068181818 0.2898269230769231 0.028764204545454544 0.04173076923076921
0 0.31890624999999995 0.03876923076923077 0.025255681818181778 0.030423076923076924
0 0.5356960227272727 0.5958076923076923 0.02369318181818183 0.037192307692307754
0 0.14989346590909103 0.7973076923076924 0.028536931818181864 0.043692307692307635
0 0.09485795454545454 0.7312211538461538 0.027840909090909124 0.04267307692307692
0 0.13318181818181818 0.9469230769230769 0.031107954545454675 0.04415384615384611
0 0.16954545454545455 0.5852596153846155 0.02985795454545452 0.03636538461538466
0 0.4696946022727273 0.09055769230769231 0.028593749999999994 0.03334615384615384
0 0.1859730113636363 0.3992596153846154 0.014957386363636487 0.02928846153846152
0 0.012251420454545414 0.42409615384615384 0.024502840909090908 0.03823076923076922
0 0.9703977272727273 0.551923076923077 0.019403409090909093 0.03149999999999999
0 0.24169034090909103 0.6994519230769232 0.028920454545454565 0.04378846153846161
0 0.3234659090909091 0.12808653846153847 0.021647727272727204 0.028903846153846155
0 0.8241122159090909 0.05676923076923077 0.026605113636363642 0.030500000000000006
0 0.8584517045454545 0.5245 0.050710227272727275 0.06734615384615386
0 0.5929119318181817 0.412125 0.02889204545454542 0.03698076923076921
0 0.20736505681818163 0.22389423076923076 0.02328124999999998 0.02975
0 0.8932173295454545 0.5536730769230769 0.029786931818181817 0.040769230769230745
0 0.5482741477272728 0.35275961538461537 0.030411931818181855 0.038980769230769194
0 0.9684588068181819 0.5251634615384615 0.030298295454545453 0.03701923076923077
0 0.22335937500000003 0.14048076923076921 0.029730113636363728 0.040269230769230765
0 0.7756747159090909 0.22622115384615382 0.032286931818181805 0.04567307692307689
0 0.47846590909090914 0.8504038461538462 0.028721590909090867 0.03549999999999996
0 0.9889772727272728 0.9860961538461538 0.022045454545454545 0.02780769230769227
0 0.3686434659090909 0.007375 0.025724431818181757 0.01475
0 0.9970454545454546 0.39940384615384616 0.005909090909090909 0.01649999999999997
0 0.050213068181818254 0.14775 0.03099431818181809 0.051923076923076926
0 0.20786931818181809 0.9942403846153846 0.031079545454545447 0.011519230769230787
0 0.6340767045454545 0.7220769230769231 0.018579545454545432 0.028961538461538466
0 0.19956676136363638 0.7911634615384615 0.02626420454545456 0.036249999999999935
0 0.9388068181818182 0.35275 0.05909090909090909 0.05511538461538461
0 0.8193039772727273 0.5610961538461539 0.07616477272727273 0.08461538461538462
0 0.40744318181818184 0.22650961538461536 0.025596590909090965 0.03821153846153847
0 0.08605823863636364 0.004586538461538461 0.019701704545454553 0.009173076923076923
0 0.8502911931818182 0.13335576923076922 0.029928977272727284 0.03128846153846154
0 0.3002272727272728 0.24908653846153847 0.02363636363636362 0.03128846153846153
0 0.976953125 0.6776346153846154 0.04609375 0.072
0 0.6178693181818182 0.04518269230769231 0.03676136363636363 0.0469423076923077
0 0.08671164772727269 0.022951923076923075 0.02626420454545456 0.029326923076923077
0 0.856328125 0.1113173076923077 0.03151988636363636 0.03271153846153846
0 0.46502130681818177 0.8039423076923077 0.027315340909090935 0.03411538461538463
0 0.7263352272727273 0.4370096153846154 0.027840909090909083 0.04267307692307692
0 0.6302130681818182 0.08145192307692309 0.026789772727272707 0.042673076923076925
0 0.5396022727272727 0.06757692307692308 0.018920454545454535 0.03342307692307692
0 0.15604403409090917 0.3578942307692308 0.02311079545454543 0.028442307692307676
0 0.3138920454545455 0.31486538461538466 0.029943181818181796 0.03911538461538462
0 0.9900852272727273 0.26208653846153845 0.019829545454545457 0.02667307692307693
0 0.648330965909091 0.09993269230769232 0.02311079545454547 0.03413461538461538
0 0.862890625 0.9969038461538461 0.04254261363636364 0.006192307692307745
0 0.7762286931818182 0.22687500000000002 0.028877840909090888 0.04763461538461541
0 0.5028338068181819 0.2937211538461539 0.10819602272727268 0.08890384615384614
0 0.1366122159090909 0.12384615384615386 0.0223153409090908 0.016
0 0.9059801136363637 0.29141346153846154 0.024943181818181823 0.033788461538461524
0 0.9811647727272728 0.2443076923076923 0.022982954545454546 0.030230769230769228
0 0.8602698863636363 0.9859903846153847 0.020482954545454547 0.022749999999999968
0 0.14029119318181837 0.22383653846153845 0.03677556818181816 0.07182692307692307
0 0.6052627840909091 0.08714423076923077 0.022059659090909133 0.04267307692307692
0 0.9940269886363636 0.42341346153846154 0.011946022727272727 0.034673076923076925
0 0.43732244318181823 0.47273076923076923 0.025724431818181837 0.03911538461538462
0 0.9901420454545454 0.2133653846153846 0.019715909090909093 0.044807692307692305
0 0.36168323863636365 0.870596153846154 0.036235795454545444 0.04550000000000005
0 0.025262784090909096 0.9705096153846154 0.02521306818181818 0.04336538461538475
0 0.5881960227272728 0.07825 0.0236363636363637 0.032
0 0.4165696022727272 0.46276923076923077 0.02311079545454543 0.0419615384615385
0 0.13346590909090916 0.7632211538461539 0.03676136363636363 0.04409615384615375
0 0.586612215909091 0.05336538461538461 0.018394886363636346 0.027730769230769232
0 0.6916619318181818 0.005173076923076923 0.024687499999999994 0.010346153846153845
0 0.39161931818181817 0.8026826923076923 0.02573863636363637 0.044788461538461576
0 0.3467187500000001 0.7845480769230769 0.03150568181818183 0.04124999999999998
0 0.4770951704545454 0.8679423076923077 0.0199573863636363 0.025615384615384602
0 0.4697443181818183 0.46438461538461534 0.028352272727272698 0.041961538461538446
0 0.9525994318181819 0.4283076923076923 0.08798295454545456 0.10665384615384611
0 0.13241477272727276 0.16197115384615385 0.032556818181818124 0.06044230769230768
0 0.2364133522727272 0.21815384615384614 0.04308238636363642 0.096
0 0.514921875 0.9969038461538461 0.018906250000000003 0.006192307692307745
0 0.8565909090909091 0.9575480769230769 0.01102272727272728 0.04124999999999998
0 0.19110795454545448 0.041625 0.027585227272727216 0.038211538461538457
