0 0.6184517045454545 0.5648942307692307 0.02562500000000003 0.030557692307692282
0 0.5982599431818181 0.4937115384615385 0.050326704545454556 0.048499999999999946
0 0.07967329545454538 0.1807019230769231 0.029573863636363707 0.033596153846153845
0 0.054559659090909096 0.1663173076923077 0.027386363636363598 0.03386538461538462
0 0.049495738636363695 0.18835576923076922 0.031178977272727337 0.03817307692307694
0 0.01707386363636365 0.20000961538461537 0.025482954545454625 0.032249999999999994
0 0.006313920454545374 0.19216346153846156 0.012571022727272759 0.03271153846153847
0 0.024517045454545472 0.17402884615384617 0.021846590909090902 0.03136538461538462
0 0.012755681818181874 0.1630480769230769 0.02551136363636369 0.042557692307692296
0 0.03030539772727281 0.14020192307692309 0.027457386363636423 0.027326923076923092
0 0.03741477272727256 0.11936538461538461 0.02713068181818185 0.033153846153846145
0 0.559637784090909 0.632076923076923 0.027116477272727237 0.0380769230769231
0 0.6731818181818182 0.9263942307692308 0.037585227272727284 0.053403846153846225
0 0.5535369318181818 0.6642692307692307 0.029460227272727287 0.037807692307692355
0 0.5225355113636363 0.6580192307692307 0.03049715909090913 0.035038461538461484
0 0.5193323863636363 0.6807403846153847 0.027159090909090914 0.031211538461538495
0 0.4762855113636363 0.648826923076923 0.04254261363636362 0.03953846153846154
0 0.4728267045454545 0.6082403846153845 0.03971590909090914 0.04924999999999992
0 0.5060085227272728 0.6068557692307692 0.028181818181818145 0.03467307692307687
0 0.5040696022727273 0.5535673076923078 0.04697443181818181 0.024365384615384646
0 0.5315198863636363 0.5585192307692307 0.030511363636363663 0.03592307692307694
0 0.41057528409090915 0.573375 0.04666193181818185 0.07640384615384609
0 0.5062073863636364 0.5820576923076922 0.03110795454545451 0.03426923076923075
0 0.6834161931818181 0.9052403846153847 0.028281250000000036 0.038288461538461584
0 0.41195312500000003 0.6563942307692308 0.02745738636363634 0.036750000000000026
0 0.45365056818181815 0.6891826923076924 0.024374999999999956 0.041442307692307605
0 0.4771235795454545 0.6828653846153847 0.024644886363636317 0.029499999999999953
0 0.47674005681818177 0.7206057692307692 0.04098011363636367 0.06074999999999995
0 0.5871022727272728 0.678125 0.03034090909090911 0.04178846153846157
0 0.4152627840909091 0.7387499999999999 0.024389204545454568 0.05142307692307694
0 0.39194602272727275 0.7318557692307692 0.02593749999999999 0.05017307692307699
0 0.31963068181818177 0.6664903846153847 0.02363636363636362 0.036134615384615425
0 0.29818892045454537 0.6703365384615384 0.020127840909090932 0.029634615384615322
0 0.29578125 0.6371538461538462 0.035454545454545426 0.03911538461538468
0 0.6365269886363636 0.9132980769230769 0.06623579545454544 0.08767307692307688
0 0.29315340909090903 0.5906442307692308 0.02144886363636367 0.0574807692307692
0 0.3082528409090909 0.5693173076923076 0.02713068181818185 0.037326923076923126
0 0.3266264204545455 0.6113846153846153 0.024502840909090908 0.034961538461538474
0 0.3336363636363636 0.5942019230769231 0.021874999999999967 0.02667307692307693
0 0.36492187499999995 0.5998365384615384 0.02933238636363641 0.04148076923076922
0 0.3052414772727272 0.5272115384615385 0.025511363636363606 0.04246153846153843
0 0.2591690340909092 0.4797596153846154 0.034446022727272645 0.05028846153846155
0 0.2266477272727272 0.42769230769230765 0.020426136363636358 0.029500000000000005
0 0.2184730113636365 0.4459423076923077 0.03078124999999994 0.038730769230769256
0 0.2404048295454545 0.43875 0.026690340909090858 0.0508846153846154
0 0.6633238636363636 0.8738461538461538 0.032414772727272716 0.03892307692307694
0 0.2651775568181818 0.40446153846153843 0.031122159090909044 0.04038461538461539
0 0.2765269886363636 0.433875 0.02529829545454546 0.03686538461538459
0 0.2157244318181818 0.4101634615384615 0.03275568181818174 0.03951923076923079
0 0.17632812499999995 0.4632884615384616 0.035014204545454675 0.05619230769230769
0 0.32787642045454557 0.4778269230769231 0.02867897727272727 0.04815384615384619
0 0.35227982954545456 0.4789423076923077 0.026747159090909148 0.04069230769230769
0 0.3253125 0.41309615384615384 0.02093750000000001 0.030615384615384645
0 0.3996448863636364 0.40863461538461543 0.03406249999999995 0.0600769230769231
0 0.4106676136363636 0.41901923076923075 0.030426136363636388 0.05819230769230773
0 0.40997869318181823 0.45870192307692303 0.03461647727272728 0.03551923076923077
0 0.6225923295454545 0.8846923076923077 0.01606534090909091 0.024346153846153896
0 0.43440340909090913 0.39389423076923075 0.022613636363636305 0.033634615384615346
0 0.4370454545454545 0.42375 0.02065340909090904 0.03138461538461537
0 0.45602982954545457 0.4386826923076923 0.027911931818181787 0.029480769230769255
0 0.45826704545454544 0.40145192307692307 0.030142045454545494 0.05101923076923077
0 0.23395596590909085 0.5289326923076922 0.016519886363636358 0.02005769230769232
0 0.45448863636363646 0.46603846153846157 0.02349431818181821 0.032730769230769195
0 0.5042116477272728 0.49992307692307697 0.027571022727272763 0.03596153846153844
0 0.518515625 0.45475 0.028934659090909098 0.04519230769230769
0 0.518515625 0.4157884615384615 0.020781249999999994 0.03457692307692306
0 0.531796875 0.41210576923076925 0.0214630681818182 0.02721153846153847
0 0.6021875 0.8688173076923076 0.027471590909090956 0.03113461538461538
0 0.5406534090909091 0.39965384615384614 0.027585227272727216 0.03088461538461539
0 0.5396306818181817 0.43538461538461537 0.02076704545454546 0.033192307692307674
0 0.5624431818181819 0.43147115384615387 0.02553977272727267 0.04378846153846156
0 0.574453125 0.3981057692307692 0.029815340909090923 0.04313461538461534
0 0.5632244318181818 0.36825 0.03940340909090911 0.03734615384615382
0 0.6723508522727273 0.393625 0.02492897727272729 0.033403846153846166
0 0.7133806818181818 0.3709807692307692 0.018863636363636364 0.028692307692307722
0 0.7975 0.4378269230769231 0.019545454545454533 0.051461538461538496
0 0.7770525568181819 0.43465384615384617 0.022088068181818157 0.05
0 0.7806676136363636 0.4861057692307692 0.028607954545454527 0.03724999999999996
0 0.6020241477272728 0.8396923076923076 0.026150568181818136 0.03157692307692311
0 0.7971377840909091 0.4780288461538461 0.02461647727272725 0.03578846153846151
0 0.7846519886363637 0.5123269230769231 0.02569602272727273 0.02892307692307696
0 0.6590625000000001 0.40765384615384614 0.031221590909090893 0.04315384615384615
0 0.6557386363636364 0.6288173076923077 0.0319034090909091 0.040173076923076895
0 0.7162073863636363 0.6649903846153846 0.02968750000000001 0.03817307692307697
0 0.7245525568181819 0.7091826923076923 0.029303977272727266 0.03717307692307689
0 0.7210795454545454 0.741451923076923 0.030909090909090938 0.04698076923076924
0 0.7442613636363636 0.7290673076923078 0.014829545454545451 0.024788461538461513
0 0.7576775568181818 0.7455096153846154 0.025866477272727242 0.04824999999999995
0 0.7753409090909091 0.7141153846153847 0.030909090909090896 0.03757692307692312
0 0.4970170454545454 0.8492115384615385 0.044318181818181805 0.054615384615384684
0 0.810987215909091 0.6528365384615386 0.04416193181818184 0.05167307692307693
0 0.8114630681818182 0.6998076923076922 0.027443181818181808 0.03973076923076928
0 0.8568892045454546 0.7130480769230768 0.027443181818181808 0.03375000000000002
0 0.8702982954545455 0.7365384615384616 0.03596590909090908 0.049961538461538495
0 0.8420596590909091 0.7487115384615385 0.027443181818181808 0.03415384615384614
0 0.7417613636363636 0.7770576923076923 0.04426136363636363 0.046615384615384635
0 0.7562926136363637 0.7915769230769231 0.048295454545454544 0.05023076923076924
0 0.7540625000000001 0.8245673076923077 0.035767045454545426 0.032673076923076944
0 0.7797727272727273 0.8357596153846154 0.027272727272727258 0.04055769230769226
0 0.8555255681818181 0.8212788461538462 0.03977272727272727 0.042019230769230816
0 0.5524289772727272 0.9239134615384615 0.03014204545454541 0.025326923076922997
0 0.8594105113636363 0.7893365384615385 0.050752840909090914 0.056903846153846104
0 0.8782102272727272 0.8614711538461539 0.03997159090909091 0.06455769230769229
0 0.8783309659090909 0.929201923076923 0.056690340909090906 0.06021153846153847
0 0.9020951704545455 0.9255192307692307 0.029531249999999988 0.037230769230769255
0 0.8900426136363636 0.8876057692307693 0.040738636363636366 0.04228846153846155
0 0.9294247159090909 0.8790961538461538 0.03666193181818182 0.04457692307692309
0 0.764815340909091 0.9471153846153846 0.03718750000000001 0.0612692307692308
0 0.7082315340909091 0.9479326923076923 0.03151988636363636 0.047596153846153844
0 0.7963423295454546 0.9391826923076924 0.03799715909090909 0.043211538461538516
0 0.8008025568181818 0.9798846153846154 0.03396306818181818 0.040230769230769264
0 0.614325284090909 0.5861634615384615 0.03447443181818179 0.03178846153846149
0 0.5778338068181817 0.9435576923076923 0.02623579545454541 0.04423076923076923
0 0.7576420454545454 0.9721346153846153 0.08346590909090908 0.055730769230769264
0 0.7105894886363636 0.9832115384615384 0.03191761363636363 0.03357692307692304
0 0.8249431818181818 0.9758269230769231 0.027414772727272704 0.03876923076923071
0 0.8382457386363636 0.9873653846153847 0.023735795454545464 0.025269230769230742
0 0.8812002840909091 0.9818269230769231 0.03191761363636363 0.036346153846153806
0 0.9329616477272727 0.9865288461538462 0.03723011363636363 0.026942307692307675
0 0.9327485795454545 0.9539519230769231 0.03191761363636363 0.04044230769230764
0 0.9527982954545454 0.9409423076923077 0.02619318181818182 0.03434615384615387
0 0.9493252840909091 0.9708461538461539 0.02413352272727273 0.033230769230769286
0 0.9581178977272727 0.9788846153846154 0.022088068181818177 0.03711538461538453
0 0.5619176136363637 0.9488557692307692 0.01786931818181816 0.03363461538461529
0 0.9878551136363636 0.9881923076923077 0.02428977272727273 0.023615384615384562
0 0.9769389204545454 0.9534038461538461 0.032741477272727276 0.04707692307692311
0 0.993487215909091 0.9548557692307692 0.013025568181818182 0.06421153846153854
0 0.23587357954545463 0.3630673076923077 0.033309659090908994 0.040480769230769195
0 0.24548295454545443 0.33763461538461537 0.026051136363636408 0.03584615384615382
0 0.24266335227272728 0.2474519230769231 0.033963068181818136 0.0376346153846154
0 0.266612215909091 0.29360576923076925 0.023366477272727258 0.021673076923076944
0 0.258203125 0.2676538461538462 0.032826704545454485 0.04584615384615383
0 0.3726633522727273 0.2753653846153846 0.019872159090909104 0.02630769230769232
0 0.3849786931818181 0.24192307692307694 0.03163352272727278 0.04353846153846154
0 0.5439133522727273 0.9469615384615385 0.018707386363636388 0.029115384615384588
0 0.4311008522727273 0.24552884615384615 0.017002840909090947 0.02340384615384613
0 0.4457173295454545 0.24912500000000004 0.013821022727272673 0.02555769230769229
0 0.4320241477272727 0.27575 0.03907670454545453 0.04353846153846157
0 0.46272727272727276 0.24984615384615388 0.02446022727272731 0.03130769230769231
0 0.4846590909090909 0.3268557692307692 0.029517045454545417 0.03778846153846155
0 0.4859872159090909 0.2915865384615385 0.027911931818181787 0.04067307692307688
0 0.4702982954545455 0.1962307692307692 0.030681818181818133 0.039346153846153836
0 0.5477130681818183 0.15478846153846157 0.04880681818181812 0.052153846153846134
0 0.5551491477272728 0.18550961538461538 0.036235795454545444 0.04336538461538461
0 0.535703125 0.1914423076923077 0.03927556818181815 0.04699999999999999
0 0.5037144886363636 0.9218365384615385 0.034332386363636384 0.0574423076923077
0 0.5576349431818182 0.21570192307692307 0.01754261363636367 0.028403846153846148
0 0.5745951704545454 0.19970192307692308 0.02098011363636361 0.03459615384615387
0 0.5919531250000001 0.2071923076923077 0.025923295454545456 0.033038461538461524
0 0.6005326704545455 0.18601923076923077 0.023252840909090914 0.03096153846153845
0 0.6316122159090909 0.1935096153846154 0.04805397727272725 0.06248076923076925
0 0.6018678977272728 0.22887499999999997 0.031264204545454616 0.03509615384615382
0 0.5244602272727272 0.11186538461538462 0.0546875 0.05165384615384614
0 0.5090625 0.07702884615384616 0.022982954545454556 0.03671153846153846
0 0.48075994318181814 0.056625 0.03282670454545456 0.04798076923076924
0 0.47157670454545453 0.061730769230769235 0.03545454545454551 0.044
0 0.4825071022727273 0.9233461538461538 0.037116477272727266 0.07103846153846154
0 0.41051136363636365 0.06774038461538462 0.022982954545454473 0.0364423076923077
0 0.38868607954545453 0.06728846153846153 0.02461647727272725 0.031115384615384614
0 0.385234375 0.09218269230769231 0.028224431818181826 0.034673076923076925
0 0.3286363636363636 0.06489423076923077 0.02883522727272729 0.037788461538461535
0 0.31723721590909093 0.03654807692307692 0.04140625000000005 0.05794230769230769
0 0.29800426136363634 0.003730769230769231 0.026605113636363663 0.007423076923076924
0 0.2860724431818181 0.022778846153846156 0.030894886363636364 0.04555769230769231
0 0.33678977272727273 0.016855769230769233 0.031761363636363574 0.033711538461538466
0 0.2329332386363635 0.013163461538461539 0.02748579545454549 0.026019230769230767
0 0.18029829545454557 0.022471153846153842 0.031022727272727316 0.03967307692307692
0 0.41519176136363634 0.9737884615384615 0.03987215909090908 0.052423076923076906
0 0.1633096590909091 0.04063461538461539 0.024119318181818207 0.032
0 0.14372869318181813 0.022125000000000002 0.026349431818181914 0.03432692307692308
0 0.10959517045454537 0.020403846153846154 0.04367897727272727 0.04080769230769231
0 0.07574573863636369 0.012461538461538463 0.04279829545454545 0.024923076923076926
0 0.04774857954545453 0.02973076923076923 0.021974431818181858 0.05946153846153846
0 0.0646022727272727 0.04417307692307692 0.02755681818181815 0.047230769230769236
0 0.09933948863636355 0.05291346153846154 0.038394886363636485 0.03771153846153846
0 0.025667613636363718 0.08517307692307692 0.02451704545454544 0.030384615384615378
0 0.009502840909091037 0.09801923076923076 0.01900568181818181 0.059692307692307676
0 0.5373792613636363 0.06716346153846153 0.034133522727272686 0.043403846153846154
0 0.40106534090909096 0.9516346153846155 0.026249999999999944 0.0368846153846154
0 0.5364701704545454 0.02076923076923077 0.028707386363636334 0.04026923076923077
0 0.5729332386363637 0.017442307692307694 0.030241477272727302 0.03430769230769231
0 0.6053977272727273 0.09928846153846153 0.05653409090909092 0.042884615384615396
0 0.6505752840909091 0.02303846153846154 0.03563920454545459 0.04607692307692308
0 0.6858380681818181 0.03855769230769231 0.029886363636363624 0.03892307692307693
0 0.6969034090909091 0.0718173076923077 0.02786931818181819 0.031326923076923086
0 0.698309659090909 0.10254807692307692 0.03150568181818179 0.03705769230769231
0 0.7157954545454546 0.11315384615384615 0.024573863636363612 0.033269230769230766
0 0.7350142045454545 0.11338461538461538 0.016818181818181822 0.025230769230769227
0 0.7162926136363637 0.1380480769230769 0.027215909090909086 0.03975
0 0.5074005681818182 0.9680480769230769 0.0342329545454545 0.04275000000000004
0 0.7683451704545454 0.21383653846153844 0.029531249999999988 0.05101923076923075
0 0.840859375 0.2216923076923077 0.026690340909090917 0.035307692307692304
0 0.8731747159090909 0.2689423076923077 0.021491477272727266 0.024384615384615397
0 0.8774147727272728 0.25979807692307694 0.021647727272727266 0.026750000000000048
0 0.8613991477272727 0.24725 0.030838068181818192 0.041038461538461544
0 0.8276420454545454 0.14524038461538463 0.02664772727272728 0.04082692307692309
0 0.8460511363636364 0.1602019230769231 0.026306818181818178 0.04082692307692309
0 0.8618465909090909 0.13006730769230768 0.02514204545454546 0.03490384615384614
0 0.9131818181818182 0.18267307692307694 0.03826704545454546 0.07396153846153845
0 0.9715909090909091 0.18179807692307692 0.03488636363636364 0.04275000000000001
0 0.5389701704545455 0.9825673076923077 0.05083806818181813 0.034865384615384604
0 0.9472869318181818 0.29433653846153846 0.08306818181818182 0.19078846153846152
0 0.9703409090909091 0.28902884615384616 0.01784090909090909 0.021211538461538462
0 0.9842613636363636 0.26989423076923075 0.02480113636363636 0.03474999999999999
0 0.9597372159090909 0.39640384615384616 0.06007102272727272 0.03576923076923076
0 0.9693252840909091 0.42854807692307695 0.037741477272727274 0.037903846153846114
0 0.9463707386363637 0.44621153846153844 0.029559659090909084 0.042576923076923054
0 0.9216832386363636 0.44961538461538464 0.025468749999999988 0.0366153846153846
0 0.889453125 0.45145192307692306 0.027627840909090914 0.03682692307692309
0 0.8651633522727273 0.48917307692307693 0.036093749999999994 0.044653846153846204
0 0.8711789772727273 0.5305 0.03832386363636364 0.04403846153846149
0 0.5062926136363637 0.9969711538461538 0.02215909090909094 0.006057692307692264
0 0.8270525568181818 0.5262788461538461 0.027627840909090894 0.036826923076923146
0 0.9095667613636363 0.4814423076923077 0.043309659090909086 0.06107692307692311
0 0.9221946022727273 0.504048076923077 0.04061079545454545 0.06351923076923077
0 0.9339275568181818 0.5184038461538463 0.025269886363636362 0.029923076923076927
0 0.9852414772727273 0.47838461538461535 0.029517045454545456 0.06842307692307695
0 0.971377840909091 0.5162692307692308 0.02616477272727273 0.036653846153846155
0 0.9878551136363637 0.5235961538461538 0.023011363636363635 0.04030769230769227
0 0.9817826704545455 0.5717692307692308 0.03643465909090909 0.048230769230769306
0 0.9729403409090909 0.6187596153846153 0.023295454545454543 0.03709615384615378
0 0.9888636363636364 0.6094807692307691 0.022272727272727274 0.03834615384615384
0 0.5912997159090909 0.5911153846153846 0.025014204545454485 0.046653846153846136
0 0.38127840909090915 0.9081442307692308 0.02130681818181818 0.02548076923076923
0 0.9478125000000001 0.6240096153846154 0.026960227272727268 0.03648076923076928
0 0.9540838068181818 0.5918173076923077 0.014644886363636356 0.022096153846153863
0 0.9009872159090909 0.5628653846153846 0.021633522727272713 0.02546153846153848
0 0.9321306818181818 0.6339807692307692 0.030426136363636367 0.04407692307692311
0 0.9383735795454545 0.68075 0.03342329545454545 0.05323076923076924
0 0.9769886363636363 0.6617403846153846 0.03258522727272727 0.03878846153846157
0 0.9923792613636364 0.6389903846153846 0.012997159090909089 0.02063461538461531
0 0.9711576704545455 0.6433846153846154 0.017258522727272727 0.018961538461538488
0 0.9702130681818182 0.7150096153846153 0.05042613636363636 0.06598076923076923
0 0.939921875 0.7331057692307693 0.023025568181818182 0.032519230769230814
0 0.37089488636363643 0.8588653846153846 0.014687499999999964 0.031923076923076964
0 0.9246946022727273 0.7143173076923077 0.029786931818181817 0.04444230769230772
0 0.894765625 0.6655192307692308 0.019502840909090914 0.02407692307692304
0 0.7772372159090909 0.0025192307692307693 0.017372159090909077 0.004807692307692308
0 0.8739346590909091 0.008048076923076922 0.025142045454545438 0.016096153846153843
0 0.891796875 0.02558653846153846 0.02328125 0.04048076923076922
0 0.945390625 0.026307692307692306 0.031491477272727275 0.03619230769230769
0 0.9672727272727273 0.012548076923076924 0.028778409090909094 0.025096153846153848
0 0.6590625000000001 0.2894903846153846 0.01866477272727275 0.01971153846153846
0 0.3528977272727273 0.8760865384615385 0.019232954545454494 0.0277115384615384
0 0.3618892045454545 0.8639038461538462 0.01985795454545457 0.03526923076923072
0 0.38362215909090913 0.8371923076923078 0.024914772727272674 0.030961538461538395
0 0.38171875 0.8671538461538462 0.024630681818181784 0.03769230769230773
0 0.3639701704545455 0.8216826923076923 0.02268465909090913 0.033403846153846166
0 0.3221590909090909 0.8931153846153846 0.03392045454545454 0.040192307692307645
0 0.3178196022727273 0.9233942307692307 0.0269176136363637 0.03128846153846161
0 0.29095880681818187 0.8912788461538462 0.03223011363636363 0.0478653846153847
0 0.5859588068181818 0.6256057692307693 0.02714488636363638 0.03221153846153846
0 0.28840909090909084 0.8600673076923078 0.017840909090909095 0.023788461538461547
0 0.30298295454545443 0.9782692307692308 0.025511363636363606 0.03542307692307684
0 0.30660511363636367 0.9938173076923078 0.027045454545454574 0.01236538461538452
0 0.24279119318181808 0.9592307692307692 0.0238210227272727 0.042538461538461546
0 0.2253835227272728 0.9677403846153847 0.0246022727272728 0.038980769230769305
0 0.17251420454545463 0.9805961538461538 0.02803977272727274 0.03880769230769232
0 0.10272017045454551 0.9883365384615383 0.025014204545454565 0.023326923076923068
0 0.11789772727272729 0.9522884615384616 0.040426136363636414 0.035538461538461574
0 0.11457386363636357 0.9234134615384616 0.025539772727272755 0.02686538461538467
0 0.09484375 0.9366923076923078 0.028977272727272695 0.036115384615384674
0 0.6329403409090908 0.5997884615384615 0.03142045454545459 0.03426923076923075
0 0.07613636363636356 0.9221730769230768 0.02852272727272733 0.03180769230769235
0 0.0558238636363636 0.9042596153846153 0.0257954545454545 0.040134615384615394
0 0.12182528409090909 0.8985288461538462 0.026946022727272766 0.03490384615384611
0 0.14068181818181813 0.8917596153846155 0.03156250000000004 0.032826923076923066
0 0.18013494318181822 0.890451923076923 0.025781249999999967 0.03648076923076917
0 0.13866477272727273 0.8634519230769231 0.025482954545454625 0.03101923076923076
0 0.13331676136363635 0.8331442307692308 0.03220170454545465 0.044403846153846106
0 0.19422585227272726 0.8174807692307693 0.03802556818181815 0.04119230769230772
0 0.1398508522727272 0.7825192307692307 0.022997159090909006 0.03242307692307684
0 0.18452414772727266 0.7737980769230769 0.035071022727272805 0.046711538461538395
0 0.6524573863636363 0.5789326923076923 0.03568181818181819 0.03632692307692305
0 0.18218039772727268 0.7330000000000001 0.03328125000000009 0.036769230769230776
0 0.14670454545454537 0.736673076923077 0.02750000000000002 0.03953846153846154
0 0.14873579545454552 0.698721153846154 0.05292613636363635 0.06605769230769225
0 0.10492897727272732 0.6940673076923077 0.04982954545454535 0.0586346153846154
0 0.20506392045454547 0.7482884615384615 0.01958806818181813 0.031653846153846116
0 0.22274857954545457 0.7399903846153847 0.019872159090908944 0.0324423076923077
0 0.24904829545454554 0.7518557692307692 0.026306818181818157 0.039557692307692294
0 0.22610085227272725 0.7176346153846153 0.021917613636363565 0.026500000000000058
0 0.24700284090909086 0.7154519230769232 0.02923295454545444 0.03798076923076923
0 0.23098721590909088 0.6941442307692307 0.02509943181818192 0.02759615384615389
0 0.6249715909090909 0.5357211538461538 0.03767045454545452 0.036365384615384556
0 0.029197443181818272 0.7890288461538462 0.026661931818181953 0.0336346153846154
0 0.03267755681818185 0.82525 0.027372159090909065 0.04776923076923083
0 0.017237215909090886 0.8700192307692307 0.026747159090908988 0.032500000000000064
0 0.016214488636363544 0.9149807692307692 0.03242897727272733 0.06830769230769239
0 0.015312499999999951 0.6945673076923077 0.030624999999999923 0.05836538461538466
0 0.023600852272727235 0.6508942307692307 0.047201704545454574 0.036057692307692304
0 0.027414772727272663 0.6259903846153846 0.040653409090909094 0.03259615384615382
0 0.03276278409090916 0.5946730769230769 0.025667613636363707 0.03296153846153844
0 0.059105113636363615 0.6229134615384615 0.02701704545454543 0.04163461538461545
0 0.04480113636363636 0.6147692307692307 0.0288920454545455 0.04561538461538467
0 0.6269744318181818 0.4960096153846154 0.04230113636363637 0.05309615384615387
0 0.11717329545454547 0.648451923076923 0.0222443181818183 0.03455769230769236
0 0.21594460227272727 0.6381153846153846 0.031974431818181805 0.040192307692307645
0 0.14637073863636374 0.542826923076923 0.02953125000000011 0.04903846153846154
0 0.12379971590909089 0.5526346153846154 0.03231534090909091 0.043000000000000024
0 0.10206676136363635 0.5722596153846154 0.030099431818181897 0.03998076923076927
0 0.03854403409090912 0.557875 0.025582386363636352 0.03194230769230761
0 0.032926136363636505 0.48924038461538455 0.03147727272727268 0.04013461538461534
0 0.0292755681818182 0.45702884615384615 0.02562499999999995 0.036173076923076926
0 0.018473011363636327 0.4379519230769231 0.028196022727272597 0.041634615384615395
0 0.0036079545454544837 0.44446153846153846 0.007215909090909149 0.03250000000000001
0 0.5845241477272727 0.539701923076923 0.050639204545454515 0.051826923076923055
0 0.008806818181818277 0.4759519230769231 0.01761363636363633 0.03148076923076924
0 0.009765625 0.3379326923076923 0.01953125 0.05225000000000003
0 0.09161221590909097 0.2912980769230769 0.027428977272727195 0.03844230769230771
0 0.11728693181818173 0.32757692307692304 0.03221590909090902 0.04188461538461539
0 0.14734375 0.3268653846153846 0.032272727272727314 0.033423076923076916
0 0.14191761363636357 0.3532980769230769 0.04366477272727274 0.03928846153846155
0 0.15561789772727286 0.37222115384615384 0.013565340909091006 0.020557692307692305
0 0.16556107954545463 0.2712788461538462 0.04390624999999995 0.06686538461538458
0 0.13458806818181823 0.20466346153846154 0.03213068181818166 0.04386538461538462
0 0.06978693181818185 0.2083846153846154 0.0277272727272727 0.03642307692307692
