0 0.6029900568181819 0.7550576923076923 0.04007102272727278 0.05753846153846146
0 0.47704545454545455 0.7859326923076924 0.03113636363636366 0.04628846153846163
0 0.18467329545454547 0.16871153846153844 0.023778409090909104 0.03657692307692307
0 0.27456676136363634 0.152625 0.032144886363636355 0.04367307692307691
0 0.3091264204545454 0.14486538461538462 0.03819602272727271 0.04923076923076922
0 0.2628977272727272 0.10958653846153846 0.06190340909090915 0.07775
0 0.21103693181818173 0.07496153846153847 0.0461363636363635 0.06842307692307692
0 0.25951704545454557 0.049596153846153845 0.05053977272727279 0.04873076923076924
0 0.29117897727272724 0.06232692307692307 0.025113636363636373 0.034
0 0.29676136363636363 0.0881923076923077 0.03627840909090912 0.023269230769230757
0 0.323643465909091 0.033192307692307695 0.02365056818181823 0.040961538461538466
0 0.30821732954545455 0.061528846153846156 0.04569602272727275 0.07498076923076924
0 0.48505681818181823 0.7408461538461538 0.03374999999999999 0.055846153846153775
0 0.33642045454545455 0.07604807692307693 0.025710227272727225 0.08651923076923076
0 0.3605965909090909 0.07546153846153847 0.026448863636363642 0.05788461538461538
0 0.3813068181818182 0.07086538461538461 0.029715909090909032 0.0435
0 0.3651704545454546 0.12106730769230768 0.03349431818181816 0.05321153846153848
0 0.384140625 0.11395192307692306 0.03464488636363634 0.05275
0 0.3809303977272728 0.1614615384615385 0.03410511363636362 0.04888461538461539
0 0.4073082386363637 0.15867307692307692 0.026889204545454556 0.04703846153846153
0 0.34197443181818177 0.15329807692307693 0.030624999999999923 0.04444230769230769
0 0.32592329545454546 0.17390384615384616 0.023409090909090935 0.03369230769230769
0 0.33890624999999996 0.1903653846153846 0.024687499999999994 0.03492307692307692
0 0.4486008522727273 0.7654615384615385 0.027230113636363577 0.04399999999999999
0 0.421171875 0.013913461538461538 0.02291193181818181 0.02775
0 0.404921875 0.018240384615384613 0.021491477272727266 0.036403846153846155
0 0.3859019886363636 0.01875 0.022485795454545432 0.037153846153846155
0 0.4273721590909091 0.03545192307692308 0.04394886363636363 0.05328846153846154
0 0.3605539772727273 0.00839423076923077 0.03420454545454543 0.01678846153846154
0 0.37758522727272725 0.01223076923076923 0.02198863636363639 0.02446153846153846
0 0.46758522727272733 0.15048076923076922 0.018323863636363603 0.026769230769230747
0 0.1784872159090909 0.3779711538461539 0.041832386363636426 0.05305769230769231
0 0.20826704545454544 0.3453942307692308 0.05230113636363627 0.05286538461538458
0 0.21405539772727267 0.38834615384615384 0.041832386363636266 0.05042307692307692
0 0.46071732954545463 0.7045 0.028764204545454544 0.029423076923076944
0 0.16840909090909084 0.33357692307692305 0.018494318181818317 0.02542307692307692
0 0.15598721590909104 0.34075 0.01990056818181833 0.03249999999999996
0 0.17306818181818173 0.3249711538461539 0.0167897727272728 0.05371153846153842
0 0.1612073863636364 0.30520192307692307 0.03374999999999999 0.04205769230769226
0 0.13431107954545451 0.3086346153846154 0.02484375000000001 0.04549999999999999
0 0.11567471590909084 0.26878846153846153 0.056463068181818184 0.07092307692307694
0 0.09727982954545444 0.32608653846153846 0.03603693181818182 0.047673076923076964
0 0.12576704545454542 0.3369326923076923 0.03377840909090905 0.038134615384615406
0 0.13297585227272724 0.37906730769230773 0.03853693181818181 0.042249999999999996
0 0.13997869318181833 0.4137211538461538 0.03899147727272718 0.04805769230769232
0 0.4597088068181818 0.7226923076923076 0.04785511363636363 0.052961538461538504
0 0.16564630681818182 0.4584134615384615 0.040951704545454444 0.0788653846153846
0 0.12080255681818197 0.44167307692307695 0.04657670454545466 0.04776923076923078
0 0.0949715909090908 0.4196153846153846 0.050284090909090876 0.06253846153846156
0 0.045276988636363646 0.3558173076923077 0.02680397727272712 0.04521153846153844
0 0.06843039772727266 0.3825576923076923 0.024730113636363592 0.031153846153846133
0 0.08071732954545463 0.36583653846153846 0.04419034090909093 0.052403846153846155
0 0.11856534090909099 0.36775961538461543 0.038806818181818255 0.03617307692307687
0 0.04921164772727271 0.30569230769230765 0.03890624999999998 0.03765384615384618
0 0.06921164772727262 0.2814615384615385 0.03598011363636369 0.04934615384615384
0 0.09120738636363646 0.216375 0.025198863636363648 0.05036538461538461
0 0.4201562499999999 0.7054615384615385 0.029090909090909035 0.03699999999999991
0 0.10893465909090916 0.21394230769230768 0.027784090909090994 0.04030769230769232
0 0.07439630681818177 0.19259615384615386 0.0277698863636363 0.04799999999999999
0 0.11176846590909084 0.142125 0.031803977272727255 0.041942307692307695
0 0.07005681818181808 0.08840384615384615 0.04088068181818194 0.09596153846153847
0 0.04114346590909079 0.09249038461538461 0.05813920454545447 0.05921153846153846
0 0.007592329545454635 0.07208653846153847 0.015184659090909169 0.036826923076923083
0 0.010227272727272751 0.1038173076923077 0.020454545454545423 0.05609615384615384
0 0.028558238636363642 0.061586538461538456 0.023480113636363598 0.03659615384615384
0 0.032286931818181874 0.042903846153846154 0.02088068181818188 0.0265
0 0.037968749999999996 0.029028846153846155 0.029630681818181837 0.03305769230769231
0 0.24954545454545451 0.7547788461538462 0.11124999999999999 0.1949807692307692
0 0.04588068181818172 0.06047115384615385 0.020454545454545423 0.03709615384615385
0 0.11170454545454545 0.07347115384615384 0.035767045454545544 0.03990384615384615
0 0.18892045454545459 0.26475000000000004 0.02900568181818192 0.02684615384615386
0 0.1925213068181818 0.23723076923076922 0.03481534090909089 0.031923076923076915
0 0.2205326704545455 0.31375000000000003 0.04791193181818185 0.060423076923076954
0 0.24255681818181818 0.35025 0.010227272727272791 0.01415384615384618
0 0.016157670454545414 0.410375 0.03231534090909091 0.05521153846153848
0 0.0070880681818181746 0.3797307692307692 0.014176136363636389 0.04934615384615384
0 0.04538352272727275 0.4391442307692308 0.026789772727272745 0.04882692307692311
0 0.01928267045454557 0.44873076923076916 0.038565340909090876 0.03923076923076924
0 0.29183948863636366 0.7276057692307693 0.08305397727272723 0.10282692307692302
0 0.0039204545454545325 0.49856730769230767 0.007840909090909065 0.0502884615384615
0 0.043401988636363686 0.48507692307692307 0.07336647727272724 0.08388461538461539
0 0.11717329545454547 0.47193269230769225 0.03002840909090907 0.03563461538461539
0 0.06298295454545444 0.4281634615384616 0.0961079545454545 0.14117307692307698
0 0.8861079545454545 0.9235865384615385 0.021107954545454544 0.03728846153846151
0 0.9137997159090909 0.9306923076923077 0.04532670454545455 0.07303846153846147
0 0.9173934659090909 0.8788557692307692 0.022116477272727274 0.0390192307692307
0 0.9035724431818182 0.8545288461538462 0.02842329545454545 0.03528846153846147
0 0.938125 0.8746634615384615 0.03039772727272727 0.036365384615384556
0 0.966953125 0.8734134615384616 0.02961647727272727 0.03171153846153848
0 0.21593039772727274 0.7447019230769231 0.09024147727272723 0.12455769230769227
0 0.959637784090909 0.9354326923076922 0.04058238636363636 0.07701923076923078
0 0.866278409090909 0.9229230769230768 0.023579545454545447 0.032038461538461585
0 0.8333380681818181 0.9222788461538461 0.05539772727272729 0.04328846153846152
0 0.8283806818181818 0.8888269230769231 0.0334943181818182 0.030730769230769266
0 0.8356960227272727 0.9475961538461538 0.047329545454545464 0.04438461538461547
0 0.7897727272727273 0.9694230769230769 0.039204545454545485 0.041423076923076965
0 0.821171875 0.9815576923076923 0.035610795454545464 0.029269230769230714
0 0.8245383522727272 0.986326923076923 0.04313920454545455 0.0273461538461539
0 0.8636008522727272 0.9700673076923076 0.04464488636363635 0.059865384615384605
0 0.7973082386363637 0.8877019230769231 0.03330965909090908 0.04398076923076924
0 0.3648650568181818 0.7926153846153845 0.016122159090909124 0.019038461538461605
0 0.7912286931818182 0.8583846153846154 0.022485795454545432 0.03315384615384617
0 0.7821377840909091 0.8584038461538461 0.02177556818181816 0.04930769230769228
0 0.780078125 0.9056730769230769 0.026349431818181793 0.0464230769230769
0 0.7589630681818182 0.8733557692307692 0.030312500000000006 0.044288461538461596
0 0.7261931818181818 0.8566634615384616 0.03312499999999999 0.03586538461538468
0 0.7305255681818181 0.8886153846153846 0.03227272727272727 0.039615384615384656
0 0.7458025568181819 0.9046346153846153 0.03700284090909089 0.046000000000000034
0 0.7135369318181818 0.8440673076923076 0.038721590909090935 0.04717307692307698
0 0.7563352272727273 0.8473557692307693 0.04258522727272726 0.05882692307692314
0 0.8298295454545455 0.8686057692307693 0.02889204545454546 0.04921153846153852
0 0.6062571022727272 0.7000480769230769 0.03484374999999996 0.05325
0 0.3530610795454545 0.8005384615384615 0.016690340909090908 0.02169230769230775
0 0.9105184659090909 0.981173076923077 0.04561079545454545 0.03711538461538464
0 0.9865127840909091 0.9754423076923078 0.026974431818181818 0.04911538461538466
0 0.9949644886363637 0.905471153846154 0.010014204545454547 0.044403846153846106
0 0.984296875 0.8509807692307693 0.03140625 0.06646153846153846
0 0.7817045454545455 0.7636826923076924 0.037585227272727284 0.032826923076923066
0 0.7016832386363636 0.695701923076923 0.03526988636363638 0.06421153846153843
0 0.4068039772727272 0.7040673076923077 0.036846590909090905 0.06328846153846147
0 0.38149857954545463 0.685201923076923 0.03916193181818181 0.04986538461538463
0 0.017009943181818254 0.1755576923076923 0.034019886363636426 0.0548846153846154
0 0.025000000000000022 0.17536538461538462 0.016079545454545364 0.024692307692307697
0 0.3498437499999999 0.8448173076923077 0.03295454545454544 0.045826923076923154
0 0.272578125 0.012038461538461538 0.04580965909090909 0.023884615384615386
0 0.24416903409090907 0.019269230769230768 0.026463068181818174 0.03834615384615384
0 0.9523650568181818 0.14553846153846156 0.027088068181818182 0.03592307692307691
0 0.9762073863636364 0.12549038461538461 0.04758522727272727 0.05478846153846154
0 0.9867542613636364 0.16133653846153845 0.02649147727272727 0.046519230769230764
0 0.9538778409090909 0.09233653846153846 0.02977272727272728 0.03809615384615385
0 0.9601988636363636 0.05182692307692308 0.031022727272727268 0.04396153846153847
0 0.9829829545454546 0.10373076923076922 0.03403409090909091 0.039076923076923065
0 0.9823153409090909 0.014682692307692308 0.022357954545454545 0.029365384615384616
0 0.9921306818181819 0.032769230769230766 0.015738636363636364 0.027115384615384614
0 0.3330894886363637 0.8624423076923078 0.03242897727272733 0.04411538461538461
0 0.9749431818181818 0.0676826923076923 0.05011363636363637 0.0464423076923077
0 0.9958096590909091 0.010884615384615385 0.008295454545454545 0.021615384615384616
0 0.01780539772727263 0.9588365384615385 0.03552556818181817 0.08232692307692308
0 0.019595170454545507 0.737576923076923 0.029985795454545473 0.048961538461538424
0 0.03589488636363636 0.6827596153846153 0.012301136363636318 0.019403846153846105
0 0.007372159090909158 0.7477211538461539 0.014744318181818176 0.08259615384615393
0 0.018345170454545423 0.01715384615384615 0.03612215909090902 0.03426923076923076
0 0.5584943181818183 0.31140384615384614 0.026477272727272707 0.0354230769230769
0 0.574453125 0.2978173076923077 0.018224431818181796 0.034788461538461546
0 0.6270241477272727 0.30522115384615384 0.026775568181818175 0.06290384615384612
0 0.3303977272727273 0.9042788461538462 0.02548295454545454 0.045557692307692306
0 0.6062144886363636 0.30282692307692305 0.015639204545454533 0.03776923076923074
0 0.5804758522727272 0.28251923076923074 0.018963068181818133 0.033307692307692295
0 0.6026988636363637 0.29509615384615384 0.015312499999999962 0.027384615384615348
0 0.5893465909090909 0.2960576923076923 0.014744318181818176 0.03184615384615385
0 0.5671519886363636 0.2553942307692308 0.03961647727272733 0.05036538461538464
0 0.603387784090909 0.2690096153846154 0.043423295454545444 0.054557692307692286
0 0.5541051136363637 0.3998269230769231 0.03653409090909087 0.05538461538461541
0 0.5126633522727273 0.539298076923077 0.03512784090909085 0.05671153846153848
0 0.49499289772727273 0.5093365384615385 0.04467329545454544 0.04513461538461533
0 0.5159446022727273 0.505375 0.025383522727272734 0.030480769230769273
0 0.31120738636363643 0.9062884615384615 0.03295454545454544 0.08711538461538464
0 0.5310085227272727 0.4977115384615385 0.023778409090909104 0.03415384615384614
0 0.5683309659090909 0.5088846153846154 0.0381392045454545 0.03623076923076929
0 0.6012926136363637 0.5099326923076922 0.02900568181818176 0.039134615384615316
0 0.6001065340909091 0.5340865384615385 0.032599431818181805 0.03998076923076927
0 0.6186647727272727 0.47219230769230774 0.02210227272727273 0.0401923076923077
0 0.6047585227272727 0.47985576923076917 0.026676136363636326 0.03413461538461533
0 0.6497514204545455 0.4668557692307692 0.0410369318181818 0.04440384615384616
0 0.6725142045454545 0.49511538461538457 0.061903409090909106 0.04757692307692304
0 0.685653409090909 0.46610576923076924 0.02247159090909094 0.030480769230769273
0 0.706015625 0.47171153846153846 0.030582386363636364 0.046115384615384544
0 0.34633522727272725 0.9621057692307693 0.024261363636363695 0.04401923076923074
0 0.6744673295454545 0.4265096153846154 0.04475852272727276 0.0544423076923077
0 0.7318892045454546 0.3301923076923077 0.03105113636363638 0.04588461538461536
0 0.7848650568181819 0.33947115384615384 0.04007102272727274 0.047826923076923086
0 0.7041832386363636 0.2433173076923077 0.025752840909090902 0.04267307692307692
0 0.6850639204545454 0.25033653846153847 0.025127840909090905 0.03663461538461535
0 0.7000426136363636 0.19240384615384615 0.0452556818181818 0.0795
0 0.6695525568181818 0.2209423076923077 0.02157670454545454 0.05534615384615385
0 0.6532457386363637 0.22524999999999998 0.028536931818181822 0.0643076923076923
0 0.5956463068181819 0.21016346153846152 0.03436079545454545 0.049057692307692316
0 0.5459730113636363 0.17320192307692306 0.04387784090909089 0.04951923076923077
0 0.32504971590909093 0.9587403846153847 0.021377840909090926 0.04328846153846152
0 0.5059446022727272 0.16308653846153848 0.0456676136363636 0.03336538461538463
0 0.5168181818181818 0.20743269230769232 0.0400284090909091 0.04948076923076924
0 0.5274005681818181 0.23289423076923074 0.044602272727272775 0.044096153846153834
0 0.5705184659090909 0.11006730769230769 0.04015624999999998 0.054096153846153835
0 0.5395099431818182 0.09007692307692307 0.05359375000000002 0.07257692307692307
0 0.6032457386363637 0.06626923076923077 0.03538352272727268 0.09076923076923077
0 0.6437002840909092 0.09654807692307692 0.03603693181818179 0.04913461538461538
0 0.6264985795454545 0.11284615384615383 0.030042613636363603 0.04253846153846153
0 0.6459659090909091 0.1308076923076923 0.018267045454545435 0.026538461538461545
0 0.6683167613636364 0.12525961538461536 0.030213068181818157 0.058326923076923075
0 0.31181818181818177 0.9714807692307692 0.023835227272727313 0.039884615384615296
0 0.7037642045454545 0.11398076923076923 0.02931818181818184 0.03907692307692309
0 0.7351349431818182 0.12711538461538463 0.04365056818181821 0.06280769230769231
0 0.7332102272727272 0.1883269230769231 0.05335227272727273 0.0799230769230769
0 0.7711576704545454 0.16785576923076923 0.05774147727272728 0.058326923076923075
0 0.772627840909091 0.21215384615384614 0.05553977272727272 0.04865384615384615
0 0.7352272727272727 0.2054423076923077 0.022556818181818174 0.031769230769230786
0 0.7267116477272727 0.22324038461538462 0.026093750000000006 0.03686538461538462
0 0.7340909090909091 0.2546538461538462 0.024801136363636376 0.058461538461538474
0 0.7511292613636364 0.2545961538461538 0.02424715909090912 0.04934615384615384
0 0.7745951704545455 0.26806730769230763 0.0322585227272727 0.05125000000000001
0 0.27398437499999995 0.9557403846153847 0.028110795454545402 0.0449038461538462
0 0.7840198863636363 0.28374038461538464 0.030681818181818175 0.05190384615384612
0 0.7100497159090908 0.2609711538461538 0.02492897727272729 0.04536538461538462
0 0.8640696022727272 0.14792307692307693 0.04455965909090908 0.04915384615384616
0 0.8128835227272727 0.03396153846153846 0.023664772727272722 0.035500000000000004
0 0.8167258522727272 0.06574038461538462 0.07225852272727273 0.06663461538461538
0 0.7923295454545455 0.02139423076923077 0.03204545454545455 0.04278846153846154
0 0.776015625 0.026778846153846157 0.026633522727272728 0.033596153846153845
0 0.8232528409090909 0.020182692307692308 0.037954545454545456 0.040211538461538465
0 0.8425923295454545 0.009634615384615384 0.03475852272727273 0.018576923076923078
0 0.8706747159090908 0.02960576923076923 0.026576704545454556 0.044057692307692305
0 0.2795312499999999 0.9862884615384615 0.024801136363636414 0.027423076923076904
0 0.8811647727272727 0.029259615384615384 0.03579545454545455 0.05851923076923077
0 0.6836008522727273 0.048211538461538465 0.02461647727272725 0.036500000000000005
0 0.7106818181818182 0.04040384615384616 0.028920454545454565 0.04661538461538462
0 0.6895667613636363 0.01817307692307692 0.034701704545454515 0.03634615384615384
0 0.7188707386363635 0.017298076923076923 0.03990056818181819 0.034442307692307696
0 0.7615696022727272 0.01460576923076923 0.029133522727272754 0.02921153846153846
0 0.7316477272727273 0.008875000000000001 0.023096590909090938 0.017750000000000002
0 0.6433522727272727 0.028798076923076923 0.05849431818181819 0.05690384615384615
0 0.9480752840909091 0.17283653846153846 0.021093749999999998 0.03225000000000002
0 0.9253622159090908 0.17859615384615385 0.03904829545454547 0.05
0 0.6299573863636363 0.8520288461538461 0.0417613636363636 0.05105769230769233
0 0.2971377840909091 0.9781923076923076 0.03475852272727276 0.043615384615384625
0 0.9367400568181818 0.26692307692307693 0.04274147727272727 0.0808076923076923
0 0.9396448863636364 0.2317403846153846 0.01670454545454545 0.01728846153846153
0 0.9481107954545455 0.31143269230769227 0.04485795454545455 0.06690384615384613
0 0.8868892045454546 0.28095192307692307 0.04221590909090909 0.056326923076923115
0 0.8840767045454545 0.34367307692307686 0.023778409090909104 0.05592307692307695
0 0.8992329545454545 0.3430673076923077 0.0224715909090909 0.059365384615384625
0 0.8648863636363636 0.37698076923076923 0.03542613636363636 0.058769230769230775
0 0.8346448863636364 0.3956346153846154 0.03488636363636364 0.04873076923076924
0 0.862471590909091 0.42025 0.0665909090909091 0.044846153846153834
0 0.8182883522727273 0.431 0.036463068181818166 0.042576923076923054
0 0.25168323863636355 0.9546634615384616 0.023423295454545304 0.02451923076923077
0 0.8221448863636364 0.47316346153846156 0.038465909090909085 0.0577115384615385
0 0.8453338068181818 0.4556923076923077 0.046463068181818175 0.040461538461538445
0 0.8859019886363636 0.4739326923076923 0.038650568181818196 0.04778846153846153
0 0.9037286931818181 0.4441538461538461 0.04026988636363637 0.044653846153846155
0 0.9281463068181818 0.45520192307692303 0.023622159090909086 0.06675000000000002
0 0.9500213068181819 0.4599903846153846 0.03174715909090909 0.051711538461538434
0 0.9099502840909091 0.48435576923076923 0.02723011363636364 0.047096153846153864
0 0.9238920454545454 0.5052692307692308 0.019232954545454543 0.029846153846153866
0 0.8924786931818182 0.5032884615384615 0.024161931818181825 0.02684615384615386
0 0.8930042613636364 0.5245 0.03424715909090908 0.04011538461538464
0 0.20893465909090903 0.961076923076923 0.01906249999999994 0.04588461538461541
0 0.8746022727272728 0.5101923076923077 0.021534090909090906 0.033884615384615395
0 0.823409090909091 0.5385961538461538 0.03698863636363637 0.04657692307692313
0 0.8571732954545455 0.5577692307692308 0.022727272727272728 0.028346153846153865
0 0.8401349431818181 0.5592403846153846 0.022855113636363642 0.060634615384615335
0 0.8704616477272727 0.5397115384615384 0.019133522727272746 0.025538461538461597
0 0.8887002840909091 0.5552596153846154 0.02370738636363636 0.023326923076923068
0 0.8335014204545454 0.5857211538461539 0.03734375000000003 0.04932692307692303
0 0.8647443181818182 0.5820288461538461 0.03335227272727271 0.060557692307692215
0 0.8857883522727272 0.5691634615384616 0.03103693181818181 0.0342115384615385
0 0.861768465909091 0.5327980769230768 0.027798295454545444 0.022480769230769228
0 0.22632102272727284 0.9605865384615384 0.02312499999999996 0.03871153846153845
0 0.9297301136363636 0.553048076923077 0.02536931818181818 0.03551923076923071
0 0.8342684659090909 0.755875 0.0404971590909091 0.05482692307692306
0 0.8528551136363636 0.7071057692307692 0.04326704545454545 0.07709615384615391
0 0.9790696022727273 0.7529134615384615 0.02711647727272727 0.04048076923076925
0 0.9664630681818182 0.7223076923076923 0.032926136363636366 0.028346153846153865
0 0.9880894886363636 0.6850096153846154 0.021747159090909088 0.04401923076923074
0 0.9745028409090909 0.7006634615384616 0.05099431818181818 0.0669807692307692
0 0.9615198863636364 0.7397211538461538 0.024346590909090905 0.028249999999999997
0 0.7808877840909091 0.7320865384615385 0.035184659090909065 0.04359615384615377
0 0.8027414772727273 0.6927788461538462 0.045767045454545435 0.07340384615384607
0 0.22360795454545468 0.9867788461538461 0.026363636363636447 0.026442307692307692
0 0.7695170454545455 0.6648461538461539 0.06099431818181818 0.0641923076923078
0 0.7513139204545455 0.7379711538461539 0.05867897727272728 0.08932692307692316
0 0.6737073863636364 0.7623653846153846 0.026732954545454535 0.03946153846153843
0 0.7105113636363636 0.7405673076923077 0.025170454545454544 0.037788461538461604
0 0.6934446022727272 0.7484903846153846 0.0254119318181818 0.04167307692307695
0 0.7057102272727273 0.7700480769230769 0.028409090909090908 0.02609615384615383
0 0.6512215909090908 0.7690096153846153 0.022329545454545453 0.037211538461538504
0 0.6627059659090908 0.7389230769230769 0.03586647727272727 0.03365384615384615
0 0.6927059659090908 0.7875769230769231 0.03666193181818182 0.04423076923076923
0 0.7269531250000001 0.7890384615384616 0.03595170454545455 0.06634615384615385
0 0.24960937500000002 0.9738749999999999 0.05044034090909089 0.05225000000000003
0 0.6948934659090908 0.8210480769230769 0.026519886363636346 0.02828846153846161
0 0.6613778409090909 0.8301249999999999 0.02428977272727272 0.03471153846153848
0 0.6742755681818182 0.8395576923076923 0.026306818181818157 0.03534615384615384
0 0.6836363636363636 0.8580480769230769 0.025056818181818163 0.036750000000000026
0 0.6760298295454545 0.8862115384615386 0.027741477272727275 0.04099999999999999
0 0.6355184659090909 0.9341057692307693 0.039076704545454574 0.05336538461538461
0 0.6648224431818182 0.9183557692307692 0.04012784090909091 0.04928846153846153
0 0.7073579545454546 0.6361923076923078 0.055624999999999994 0.059961538461538476
0 0.6853267045454545 0.582875 0.0286931818181818 0.0521346153846153
0 0.718046875 0.5830384615384615 0.04228693181818179 0.06473076923076918
0 0.3820809659090909 0.985548076923077 0.02984374999999999 0.028903846153846103
0 0.72875 0.5907115384615383 0.05210227272727274 0.06984615384615384
0 0.7756889204545454 0.5815096153846153 0.04731534090909091 0.06713461538461532
0 0.6365340909090909 0.5813942307692308 0.028181818181818186 0.042403846153846174
0 0.6393963068181818 0.6143461538461538 0.02649147727272728 0.03607692307692306
0 0.5929332386363635 0.6058557692307692 0.02953125000000003 0.04763461538461535
0 0.602237215909091 0.6226538461538461 0.02387784090909091 0.04873076923076918
0 0.5762926136363635 0.6073365384615385 0.03744318181818184 0.05544230769230777
0 0.543643465909091 0.5781923076923077 0.03680397727272731 0.057615384615384575
0 0.5016477272727272 0.5905 0.026079545454545393 0.05519230769230778
0 0.5279758522727273 0.5819807692307692 0.030184659090909092 0.06738461538461532
0 0.3589701704545455 0.98775 0.025497159090909074 0.02450000000000002
0 0.5206818181818182 0.6320576923076924 0.03539772727272721 0.04161538461538459
0 0.47558948863636363 0.6033269230769231 0.022883522727272745 0.0673076923076923
0 0.49421875000000004 0.6115384615384616 0.02011363636363632 0.07296153846153856
0 0.3821732954545455 0.6146442307692308 0.029090909090909115 0.040365384615384636
0 0.4083096590909091 0.6565 0.04818181818181821 0.06323076923076922
0 0.45886363636363636 0.6630961538461538 0.05076704545454547 0.06869230769230775
0 0.46232244318181825 0.6628846153846155 0.03157670454545449 0.035461538461538454
0 0.4663423295454545 0.6800288461538462 0.03620738636363638 0.031557692307692245
0 0.4765198863636364 0.7137211538461539 0.022613636363636388 0.028826923076923094
0 0.4323721590909091 0.5951826923076923 0.08318181818181819 0.14755769230769233
0 0.4033522727272728 0.9359615384615385 0.020511363636363633 0.03350000000000003
0 0.4533806818181818 0.5014519230769231 0.04159090909090905 0.06998076923076921
0 0.2935511363636364 0.6186730769230769 0.04349431818181819 0.05261538461538464
0 0.3304900568181819 0.5830288461538462 0.036235795454545444 0.043019230769230775
0 0.3237926136363637 0.6113557692307692 0.02065340909090912 0.054288461538461466
0 0.3447372159090909 0.619 0.03637784090909093 0.04388461538461537
0 0.3363920454545455 0.6535961538461539 0.023153409090909106 0.031538461538461494
0 0.3453196022727273 0.6746923076923077 0.03643465909090914 0.07373076923076918
0 0.3157386363636363 0.6614423076923078 0.028721590909090867 0.0630769230769231
0 0.5703977272727272 0.6903846153846154 0.02312499999999996 0.041307692307692344
0 0.5583380681818182 0.6733942307692307 0.03125 0.03428846153846151
0 0.3880539772727273 0.9495673076923077 0.029630681818181837 0.08448076923076925
0 0.5559588068181818 0.6992980769230769 0.01450284090909088 0.02609615384615383
0 0.5576207386363636 0.7204615384615385 0.028025568181818207 0.03938461538461542
0 0.5426633522727272 0.702701923076923 0.017826704545454562 0.04263461538461542
0 0.534034090909091 0.6838557692307693 0.022301136363636346 0.03174999999999998
0 0.5122727272727272 0.6779230769230769 0.02701704545454543 0.029730769230769193
0 0.5087997159090909 0.7052211538461539 0.030099431818181813 0.027673076923077005
0 0.527215909090909 0.7082788461538462 0.019062500000000024 0.030826923076923026
0 0.5386079545454545 0.7578365384615385 0.03281250000000003 0.04459615384615384
0 0.544247159090909 0.7395865384615385 0.028238636363636358 0.045980769230769276
0 0.5659801136363637 0.7498942307692308 0.022982954545454556 0.039096153846153926
0 0.6229758522727273 0.8866923076923078 0.03748579545454547 0.049384615384615395
0 0.41446022727272724 0.9198173076923077 0.022642045454545453 0.02686538461538467
0 0.581924715909091 0.7785384615384616 0.031207386363636402 0.04907692307692315
0 0.23792613636363635 0.8544038461538461 0.01701704545454548 0.022461538461538474
0 0.4193678977272728 0.3388076923076923 0.03455965909090907 0.04657692307692307
0 0.43362215909090907 0.36599038461538463 0.027642045454545426 0.04951923076923077
0 0.45240767045454544 0.3541057692307692 0.02376420454545457 0.07017307692307694
0 0.4737144886363637 0.35225 0.030951704545454494 0.0598461538461538
0 0.5087073863636364 0.3890961538461538 0.02911931818181818 0.044961538461538504
0 0.5103196022727272 0.4166923076923077 0.02714488636363638 0.03573076923076925
0 0.4781534090909091 0.4151057692307692 0.040142045454545444 0.03221153846153846
0 0.48013494318181815 0.4399326923076923 0.04907670454545456 0.047980769230769264
0 0.4117684659090909 0.8912596153846154 0.02933238636363633 0.04059615384615387
0 0.4976633522727273 0.480625 0.04748579545454546 0.034211538461538446
0 0.5304758522727273 0.4329423076923077 0.02359375000000002 0.035615384615384583
0 0.5381107954545454 0.3821826923076923 0.02161931818181814 0.02455769230769233
0 0.5327414772727272 0.3944615384615385 0.028125000000000015 0.05157692307692306
0 0.5730397727272727 0.36058653846153843 0.01647727272727276 0.022326923076923102
0 0.5663920454545455 0.35598076923076927 0.013153409090909078 0.05076923076923078
0 0.5537642045454545 0.35198076923076915 0.013295454545454484 0.05138461538461538
0 0.5671448863636364 0.34952884615384616 0.04159090909090913 0.07471153846153845
0 0.5803835227272728 0.4119903846153846 0.035227272727272746 0.05744230769230765
0 0.5932457386363637 0.38830769230769235 0.02776988636363638 0.041076923076923046
0 0.4576775568181819 0.9846730769230768 0.03169034090909091 0.03065384615384615
0 0.618828125 0.38517307692307695 0.029303977272727346 0.04142307692307691
0 0.618700284090909 0.4199038461538462 0.0277698863636363 0.03742307692307694
0 0.6023792613636363 0.42590384615384613 0.027514204545454553 0.046653846153846136
0 0.5447088068181818 0.46811538461538466 0.03382102272727273 0.03915384615384612
0 0.5485014204545454 0.43530769230769234 0.03240056818181818 0.029576923076923122
0 0.551590909090909 0.41529807692307696 0.013892045454545416 0.016711538461538458
0 0.5401278409090908 0.29700961538461534 0.02556818181818182 0.038134615384615406
0 0.571356534090909 0.9514423076923076 0.04651988636363636 0.0649615384615384
0 0.6057315340909091 0.950173076923077 0.036463068181818124 0.03592307692307694
0 0.5946306818181819 0.9706826923076923 0.057869318181818195 0.0586346153846154
0 0.38864346590909093 0.835125 0.039616477272727255 0.05024999999999999
0 0.39325994318181823 0.8523173076923077 0.03768465909090913 0.06378846153846157
0 0.05948863636363633 0.911673076923077 0.02599431818181812 0.04988461538461538
0 0.08319602272727267 0.926625 0.02920454545454554 0.03521153846153847
0 0.612705965909091 0.7964134615384615 0.025582386363636432 0.04409615384615386
0 0.08948153409090909 0.8999519230769231 0.040383522727272816 0.05490384615384618
0 0.08336647727272739 0.893375 0.02914772727272741 0.040826923076923115
0 0.10614346590909096 0.8120961538461537 0.15416193181818177 0.18107692307692314
0 0.060383522727272765 0.7086346153846154 0.03105113636363638 0.03173076923076923
0 0.054680397727272734 0.6828557692307693 0.027940340909091012 0.030249999999999926
0 0.08550426136363631 0.709548076923077 0.03282670454545456 0.08855769230769232
0 0.13987926136363638 0.6119903846153847 0.014588068181818155 0.04863461538461542
0 0.12117187499999993 0.6084423076923077 0.02842329545454544 0.04557692307692306
0 0.15231534090909093 0.6029903846153847 0.01701704545454548 0.03217307692307696
0 0.12482244318181823 0.6720096153846155 0.07276988636363639 0.11548076923076925
0 0.6329616477272728 0.7980576923076923 0.026946022727272725 0.04815384615384608
0 0.11350142045454537 0.6465576923076922 0.04265624999999996 0.0661153846153846
0 0.06061789772727266 0.6070576923076922 0.09450284090909103 0.14484615384615385
0 0.0404332386363635 0.5336346153846154 0.06549715909090911 0.03149999999999999
0 0.08642045454545455 0.5277692307692308 0.02875000000000001 0.03646153846153853
0 0.0949715909090908 0.5076826923076924 0.03355113636363637 0.0339807692307692
0 0.1216761363636365 0.5606634615384616 0.05409090909090915 0.08867307692307695
0 0.1362855113636363 0.5293076923076924 0.046321022727272745 0.05930769230769237
0 0.14175426136363634 0.5039711538461539 0.044048295454545444 0.050057692307692254
0 0.2160440340909091 0.5648365384615385 0.05933238636363634 0.0883653846153846
0 0.1749644886363636 0.5637596153846154 0.0488494318181818 0.08805769230769235
0 0.5908096590909091 0.8106538461538462 0.03681818181818176 0.04396153846153849
0 0.17769886363636356 0.6380673076923077 0.04062500000000003 0.09394230769230774
0 0.21878551136363633 0.639451923076923 0.05157670454545447 0.0979423076923077
0 0.2573153409090909 0.6343365384615385 0.03815340909090903 0.07305769230769232
0 0.31247159090909093 0.4586153846153846 0.04019886363636365 0.05253846153846153
0 0.28921874999999997 0.41592307692307695 0.04505681818181822 0.06411538461538457
0 0.32634943181818177 0.3864326923076923 0.027215909090909044 0.040442307692307694
0 0.3668678977272727 0.3965961538461539 0.02376420454545449 0.030846153846153832
0 0.33784090909090914 0.3772307692307692 0.06340909090909097 0.08569230769230769
0 0.3786292613636363 0.3705576923076923 0.034161931818181834 0.05626923076923075
0 0.33522017045454544 0.3409519230769231 0.040838068181818184 0.04186538461538464
0 0.555830965909091 0.87575 0.12595170454545448 0.13480769230769235
0 0.3298650568181819 0.28904807692307694 0.0630823863636364 0.0988653846153846
0 0.3219886363636363 0.22122115384615385 0.0400284090909091 0.06305769230769231
0 0.3550994318181818 0.22942307692307695 0.0320170454545454 0.07226923076923077
0 0.38132102272727275 0.22302884615384613 0.022698863636363663 0.041519230769230746
0 0.3872798295454545 0.2538942307692308 0.02686079545454549 0.0400576923076923
0 0.37975852272727273 0.27768269230769227 0.02852272727272725 0.07182692307692307
0 0.35235085227272733 0.27847115384615384 0.028451704545454506 0.04932692307692309
0 0.3141477272727272 0.26606730769230774 0.04034090909090914 0.08740384615384619
0 0.2829048295454545 0.28283653846153844 0.0380539772727273 0.10978846153846154
0 0.25230823863636365 0.29649038461538463 0.029019886363636452 0.028173076923076933
0 0.4742471590909091 0.8083269230769231 0.02616477272727267 0.03980769230769229
0 0.25254261363636354 0.32082692307692307 0.02357954545454549 0.030538461538461584
0 0.2474289772727274 0.23875961538461538 0.022357954545454396 0.03232692307692308
0 0.24623579545454533 0.21074038461538463 0.029687499999999967 0.03194230769230769
0 0.25913352272727286 0.24867307692307694 0.05946022727272729 0.08230769230769233
0 0.2259374999999999 0.24947115384615384 0.038863636363636385 0.07117307692307691
0 0.2049502840909092 0.21818269230769233 0.03538352272727268 0.03567307692307692
0 0.21734374999999995 0.18859615384615383 0.042528409090909165 0.05234615384615387
0 0.21459517045454557 0.1400576923076923 0.039616477272727255 0.04946153846153846
0 0.2049502840909091 0.16803846153846153 0.03228693181818185 0.034499999999999996
0 0.19542613636363626 0.205625 0.02937499999999993 0.03286538461538462
