0 0.6341477272727273 0.28274038461538464 0.04886363636363633 0.06705769230769232
0 0.8835511363636364 0.398826923076923 0.03948863636363636 0.0407692307692308
0 0.3353338068181818 0.5956730769230769 0.0292755681818182 0.04403846153846149
0 0.7445880681818182 0.04938461538461538 0.04215909090909092 0.06796153846153846
0 0.9699005681818181 0.587326923076923 0.03948863636363637 0.04984615384615387
0 0.8624644886363636 0.19221153846153846 0.03348011363636363 0.03715384615384614
0 0.471328125 0.9165769230769231 0.03211647727272729 0.028615384615384605
0 0.5543465909090909 0.012692307692307692 0.02846590909090904 0.025384615384615384
0 0.6696164772727273 0.5849711538461538 0.02610795454545454 0.04078846153846161
0 0.41278409090909096 0.9061153846153845 0.026420454545454497 0.03523076923076922
0 0.41318892045454547 0.7638365384615384 0.029673295454545435 0.04678846153846162
0 0.5850923295454544 0.007298076923076923 0.02504261363636371 0.014596153846153846
0 0.2961008522727272 0.6108173076923077 0.04512784090909088 0.04459615384615395
0 0.7141335227272727 0.4182211538461538 0.033465909090909095 0.03532692307692309
0 0.6257741477272727 0.4136923076923077 0.029446022727272713 0.03173076923076923
0 0.99046875 0.44459615384615386 0.0190625 0.032615384615384574
0 0.6502059659090909 0.5691153846153846 0.03546875 0.05799999999999994
0 0.8420454545454545 0.6353557692307692 0.0475284090909091 0.04078846153846161
0 0.2546306818181818 0.5926538461538462 0.035369318181818314 0.051192307692307704
0 0.6582386363636363 0.3221634615384615 0.031448863636363615 0.04259615384615386
0 0.6534090909090908 0.7153846153846154 0.022727272727272728 0.038461538461538464
0 0.5682954545454546 0.03771153846153846 0.0267613636363636 0.0446923076923077
0 0.7773863636363636 0.11192307692307693 0.030113636363636346 0.037153846153846155
0 0.9790909090909091 0.23751923076923076 0.04181818181818182 0.07703846153846151
0 0.9411150568181819 0.09161538461538461 0.02745738636363636 0.04076923076923077
0 0.6264417613636364 0.343 0.024105113636363674 0.0371538461538462
0 0.8704971590909091 0.08300961538461538 0.03883522727272728 0.05436538461538461
0 0.33696022727272734 0.8125480769230768 0.030909090909090976 0.037442307692307636
0 0.7385653409090909 0.7761826923076923 0.04082386363636361 0.06071153846153845
0 0.7305326704545454 0.3919423076923077 0.04484375000000003 0.0625384615384615
0 0.8828764204545454 0.7613269230769231 0.03012784090909092 0.03715384615384614
0 0.8825426136363637 0.16457692307692307 0.033465909090909095 0.04350000000000001
0 0.6317187500000001 0.8898846153846154 0.031704545454545444 0.040192307692307645
0 0.7616548295454545 0.4281923076923077 0.046860795454545426 0.07884615384615384
0 0.7988068181818182 0.01223076923076923 0.03815340909090907 0.02446153846153846
0 0.22921875000000003 0.958951923076923 0.025198863636363648 0.04513461538461533
0 0.7322017045454545 0.44722115384615385 0.033465909090909095 0.048019230769230765
0 0.6044034090909092 0.6634615384615384 0.026988636363636364 0.03461538461538462
0 0.40120028409090913 0.5296923076923077 0.03012784090909096 0.03715384615384625
0 0.7044247159090908 0.07295192307692308 0.023423295454545467 0.04440384615384615
0 0.6027272727272728 0.03500961538461539 0.03414772727272722 0.05317307692307693
0 0.532734375 0.2392403846153846 0.024105113636363595 0.03805769230769232
0 0.3566761363636364 0.8163942307692307 0.03454545454545454 0.04513461538461533
0 0.3997727272727273 0.9146538461538462 0.02803977272727274 0.040192307692307645
0 0.9958238636363637 0.5130096153846153 0.008352272727272727 0.07159615384615382
0 0.25544034090909085 0.9940673076923077 0.024801136363636254 0.011865384615384536
0 0.9615340909090909 0.4536538461538462 0.03213068181818182 0.04350000000000001
0 0.9622017045454545 0.735951923076923 0.03213068181818182 0.05890384615384615
0 0.25503551136363645 0.531 0.04430397727272719 0.058884615384615396
0 0.08203835227272727 0.9655576923076923 0.029275568181818038 0.04073076923076913
0 0.735546875 0.6687884615384615 0.026775568181818175 0.04530769230769231
0 0.2704829545454547 0.6284326923076923 0.029687499999999967 0.04128846153846148
0 0.7348792613636363 0.8364423076923077 0.038821022727272746 0.04350000000000001
0 0.38580965909090914 0.539201923076923 0.027443181818181808 0.03986538461538465
0 0.36664062500000005 0.6928269230769231 0.028451704545454506 0.040192307692307756
0 0.6445667613636363 0.15484615384615386 0.030156249999999944 0.03699999999999999
0 0.5490056818181819 0.49423076923076925 0.032670454545454544 0.04230769230769231
0 0.2369460227272726 0.6152211538461538 0.03821022727272724 0.04348076923076926
0 0.8018252840909091 0.2668846153846154 0.04819602272727272 0.03534615384615384
0 0.43534090909090917 0.535125 0.028778409090909077 0.040788461538461496
0 0.9304048295454546 0.36938461538461537 0.058224431818181814 0.043499999999999955
0 0.27840909090909094 0.395875 0.03008522727272728 0.03413461538461538
0 0.8118607954545455 0.47396153846153843 0.028124999999999997 0.030807692307692328
0 0.7258451704545454 0.07385576923076924 0.024758522727272737 0.055288461538461536
0 0.8249786931818182 0.3009519230769231 0.034815340909090914 0.08609615384615381
0 0.2686505681818182 0.56375 0.03252840909090914 0.040730769230769244
0 0.5943110795454545 0.9677692307692308 0.035781249999999994 0.038538461538461466
0 0.9317471590909091 0.5782596153846153 0.03681818181818181 0.04440384615384622
0 0.3219176136363636 0.7910769230769231 0.02846590909090904 0.04403846153846149
0 0.06374999999999997 0.9564807692307692 0.027642045454545506 0.04900000000000004
0 0.6024431818181819 0.17526923076923073 0.03471590909090909 0.04546153846153846
0 0.6101278409090909 0.20339423076923077 0.030738636363636426 0.03698076923076921
0 0.8718323863636364 0.11653846153846154 0.021420454545454545 0.0308076923076923
0 0.33736505681818185 0.7233846153846153 0.03171875000000006 0.040730769230769244
0 0.3141903409090909 0.5717403846153847 0.037414772727272776 0.061096153846153814
0 0.23165482954545458 0.9885673076923078 0.034957386363636385 0.02286538461538459
0 0.4083096590909091 0.9836057692307693 0.03130681818181821 0.03278846153846156
0 0.7084446022727273 0.35115384615384615 0.03012784090909092 0.05165384615384618
0 0.749609375 0.7997403846153847 0.041491477272727284 0.06071153846153845
0 0.713125 0.44177884615384616 0.02610795454545454 0.029903846153846177
0 0.8089133522727272 0.6167788461538461 0.05086647727272728 0.05617307692307688
0 0.4424644886363637 0.9185096153846154 0.036178977272727314 0.040173076923076895
0 0.2546306818181818 0.684298076923077 0.06627840909090912 0.06713461538461543
0 0.1803977272727273 0.8394230769230769 0.03409090909090909 0.04423076923076923
0 0.8380326704545454 0.8859230769230769 0.03279829545454544 0.0398846153846154
0 0.7619886363636363 0.3298653846153846 0.03948863636363638 0.06342307692307696
0 0.28105113636363643 0.5940288461538461 0.03130681818181813 0.038519230769230826
0 0.636484375 0.36928846153846157 0.03348011363636363 0.03353846153846153
0 0.3081605113636363 0.8722403846153846 0.03012784090909096 0.04440384615384622
0 0.45388494318181816 0.007682692307692308 0.03700284090909092 0.015365384615384616
0 0.44774857954545455 0.9413557692307692 0.04106534090909095 0.04513461538461544
0 0.2546306818181818 0.9584038461538462 0.043494318181818106 0.049538461538461524
0 0.47051846590909097 0.9891153846153847 0.025610795454545417 0.021769230769230756
0 0.7894389204545454 0.2868173076923077 0.03413352272727273 0.04259615384615386
0 0.5109730113636364 0.2211153846153846 0.03413352272727277 0.04169230769230768
0 0.6582386363636363 0.4553846153846154 0.03815340909090911 0.0371538461538462
0 0.8500852272727273 0.10158653846153846 0.02744318181818183 0.038980769230769236
0 0.5548224431818183 0.7426538461538462 0.022769886363636405 0.04984615384615377
0 0.34387073863636364 0.7632788461538461 0.034957386363636385 0.05559615384615389
0 0.6796590909090909 0.7100288461538462 0.02610795454545454 0.03171153846153837
0 0.6946022727272727 0.8153846153846154 0.04261363636363636 0.05384615384615385
0 0.6100426136363637 0.36294230769230773 0.030113636363636346 0.0389615384615385
0 0.6935156250000001 0.9644615384615385 0.03251420454545457 0.03853846153846158
0 0.977265625 0.30549038461538464 0.04484375 0.06978846153846152
0 0.7439133522727273 0.7054903846153846 0.03146306818181819 0.044403846153846106
0 0.013778409090909105 0.9278653846153846 0.02755681818181815 0.058884615384615396
0 0.30916193181818175 0.9112115384615386 0.030795454545454556 0.03715384615384614
0 0.22514914772727268 0.15699038461538461 0.022769886363636326 0.03851923076923077
0 0.5802911931818182 0.8686923076923078 0.02316761363636364 0.030807692307692383
0 0.47356534090909086 0.9394230769230769 0.026022727272727263 0.02807692307692312
0 0.2452769886363636 0.9165769230769231 0.03211647727272729 0.04292307692307691
0 0.6853480113636363 0.5849615384615384 0.028110795454545444 0.03534615384615384
0 0.5107599431818182 0.854375 0.021548295454545476 0.03413461538461538
0 0.9146732954545455 0.6860961538461539 0.04417613636363637 0.053461538461538484
0 0.5790696022727273 0.8568557692307692 0.032940340909090905 0.03467307692307687
0 0.9665553977272727 0.3997307692307693 0.06626420454545455 0.07703846153846149
0 0.7017542613636364 0.7145576923076923 0.03279829545454546 0.042576923076923054
0 0.6241974431818182 0.9896634615384615 0.025610795454545417 0.020673076923076922
0 0.7203480113636364 0.942721153846154 0.02521306818181818 0.03578846153846146
0 0.7238352272727273 0.8047307692307691 0.02610795454545458 0.047115384615384615
0 0.5199076704545454 0.017701923076923077 0.023338068181818192 0.035403846153846154
0 0.5648650568181818 0.4141442307692308 0.038821022727272704 0.043480769230769205
0 0.717705965909091 0.9050192307692307 0.03862215909090913 0.04184615384615383
0 0.20970170454545456 0.9603365384615384 0.02846590909090904 0.05559615384615389
0 0.25808238636363623 0.7310865384615384 0.0341477272727273 0.04513461538461533
0 0.93609375 0.12559615384615386 0.024090909090909093 0.0416923076923077
0 0.7218252840909092 0.5555192307692308 0.03146306818181819 0.04530769230769231
0 0.4821022727272727 0.9804326923076924 0.013835227272727285 0.018711538461538606
0 0.9780894886363636 0.681125 0.04382102272727273 0.12505769230769226
0 0.8011505681818182 0.4109711538461538 0.036136363636363654 0.04259615384615386
0 0.7429119318181818 0.6049038461538462 0.05088068181818181 0.07523076923076924
0 0.6213565340909091 0.8689615384615385 0.04512784090909088 0.04457692307692309
0 0.8530255681818182 0.019480769230769232 0.032812499999999994 0.038961538461538464
0 0.47818181818181815 0.6053653846153846 0.02610795454545454 0.04530769230769231
0 0.6445170454545455 0.4349903846153846 0.033465909090909136 0.041673076923076896
0 0.5314985795454545 0.07573076923076923 0.023139204545454574 0.03742307692307693
0 0.5133167613636364 0.42547115384615386 0.03748579545454544 0.04259615384615386
0 0.5484659090909091 0.23788461538461542 0.027443181818181808 0.03715384615384617
0 0.13164062499999996 0.31358653846153844 0.02521306818181818 0.039096153846153815
0 0.02065340909090907 0.005836538461538462 0.026022727272727343 0.011673076923076923
0 0.06008522727272725 0.4162403846153846 0.03170454545454553 0.04401923076923074
0 0.4188849431818181 0.012990384615384615 0.025610795454545497 0.02598076923076923
0 0.2777982954545455 0.31193269230769227 0.024801136363636334 0.034673076923076925
0 0.21315340909090896 0.08928846153846154 0.01829545454545454 0.025307692307692302
0 0.28980113636363636 0.44073076923076926 0.03008522727272728 0.0401923076923077
0 0.5930539772727272 0.021528846153846152 0.021619318181818222 0.03698076923076923
0 0.3664346590909091 0.27890384615384617 0.046761363636363656 0.04457692307692309
0 0.012521306818181865 0.05102884615384616 0.02438920454545449 0.05448076923076924
0 0.0703125 0.14615384615384616 0.078125 0.09615384615384616
0 0.35891335227272725 0.2607403846153846 0.024389204545454568 0.03248076923076923
0 0.1491264204545455 0.37330769230769234 0.04390625000000012 0.05065384615384616
0 0.4442968749999999 0.24670192307692307 0.02927556818181812 0.050634615384615354
0 0.3603409090909091 0.34385576923076927 0.024801136363636414 0.03686538461538459
0 0.2448721590909091 0.7412692307692307 0.04838068181818174 0.07430769230769228
0 0.19019176136363636 0.08185576923076923 0.024389204545454648 0.0280576923076923
0 0.21762784090909093 0.3193653846153846 0.026420454545454577 0.05615384615384613
0 0.5784588068181818 0.8274038461538461 0.01626420454545453 0.028615384615384605
0 0.031626420454545556 0.016625 0.026832386363636343 0.030826923076923078
0 0.8615056818181819 0.5557692307692308 0.109375 0.1423076923076923
0 0.26845170454545453 0.12314423076923076 0.027244318181818192 0.043480769230769246
0 0.06659090909090903 0.3105576923076923 0.0691193181818183 0.04292307692307691
0 0.2003551136363636 0.40660576923076924 0.027642045454545346 0.03686538461538465
0 0.2599147727272727 0.3435865384615385 0.023977272727272722 0.036326923076923104
0 0.07899147727272726 0.2725769230769231 0.028863636363636272 0.03523076923076922
0 0.23775568181818185 0.33065384615384613 0.03170454545454537 0.051192307692307704
0 0.7897727272727273 0.24104807692307692 0.033465909090909095 0.03805769230769232
0 0.3810724431818181 0.02048076923076923 0.033735795454545456 0.03742307692307692
0 0.09444602272727276 0.8186057692307691 0.035369318181818314 0.04294230769230766
0 0.23938210227272727 0.13359615384615384 0.03333806818181822 0.039076923076923065
0 0.18307528409090912 0.6732884615384616 0.03455965909090899 0.04842307692307694
0 0.03183238636363628 0.5805384615384616 0.030482954545454598 0.04457692307692309
0 0.06557528409090907 0.48917307692307693 0.03455965909090915 0.026961538461538426
0 0.17006392045454544 0.017673076923076923 0.036178977272727314 0.03534615384615385
0 0.2824786931818182 0.1256153846153846 0.015440340909090916 0.023115384615384607
0 0.768018465909091 0.2446826923076923 0.03012784090909088 0.03624999999999999
0 0.7623224431818182 0.2646153846153846 0.049531250000000006 0.058000000000000024
0 0.11619318181818172 0.5995288461538462 0.03335227272727275 0.038519230769230715
0 0.15269886363636365 0.17307692307692307 0.09801136363636363 0.1423076923076923
0 0.7733664772727272 0.48981730769230764 0.02877840909090912 0.04078846153846155
0 0.9055042613636364 0.25767307692307695 0.12964488636363636 0.1656923076923077
0 0.2586931818181817 0.036173076923076926 0.01829545454545454 0.031384615384615386
0 0.16965198863636355 0.565125 0.028053977272727272 0.03798076923076923
0 0.19954545454545458 0.13745192307692305 0.03659090909090908 0.03578846153846154
0 0.18409090909090908 0.4165192307692307 0.02440340909090918 0.03576923076923076
0 0.24751420454545459 0.163875 0.03497159090909075 0.04128846153846154
0 0.04666903409090917 0.10139423076923076 0.03251420454545453 0.06055769230769231
0 0.20482954545454557 0.07222115384615385 0.026022727272727343 0.036326923076923076
0 0.05419034090909092 0.45283653846153843 0.032926136363636456 0.03798076923076923
0 0.2641832386363636 0.06672115384615385 0.02927556818181828 0.039634615384615386
0 0.5297230113636363 0.21432692307692305 0.03012784090909088 0.04984615384615385
0 0.016221590909091033 0.15478846153846154 0.032443181818181864 0.05834615384615385
0 0.003615056818181972 0.25909615384615386 0.007230113636363681 0.02696153846153848
0 0.27089488636363646 0.19442307692307692 0.03536931818181823 0.04623076923076924
0 0.6725852272727273 0.6509615384615385 0.10369318181818182 0.10961538461538461
0 0.0373224431818181 0.5139423076923076 0.030894886363636364 0.041269230769230836
0 0.0025994318181816745 0.5048557692307691 0.005198863636363591 0.025326923076923108
0 0.34569602272727273 0.32239423076923074 0.03374999999999999 0.05009615384615381
0 0.34375 0.38653846153846155 0.02556818181818182 0.038461538461538464
0 0.1956747159090909 0.3534903846153846 0.033735795454545456 0.060557692307692326
0 0.1115198863636363 0.2381730769230769 0.036988636363636314 0.04900000000000001
0 0.8862215909090909 0.36847115384615386 0.03815340909090909 0.03624999999999999
0 0.19105113636363635 0.7951923076923076 0.026988636363636364 0.03653846153846154
0 0.057443181818181865 0.21671153846153846 0.05406250000000008 0.06330769230769231
0 0.196690340909091 0.5582499999999999 0.025198863636363648 0.037423076923076885
0 0.19303267045454542 0.011615384615384616 0.021150568181818163 0.023230769230769232
0 0.4446946022727273 0.14075 0.030894886363636364 0.04900000000000001
0 0.18977982954545458 0.046625 0.04228693181818179 0.061096153846153856
0 0.24751420454545459 0.3028461538461538 0.021960227272727326 0.028615384615384605
0 0.0976775568181818 0.19166346153846153 0.038224431818181935 0.06605769230769232
0 0.09118607954545443 0.2552403846153846 0.02316761363636372 0.03578846153846154
0 0.029999999999999805 0.09258653846153846 0.03497159090909092 0.055057692307692314
0 0.8142045454545455 0.14091346153846154 0.02610795454545456 0.04078846153846152
0 0.06720170454545449 0.3397307692307692 0.05082386363636376 0.037423076923076885
0 0.21661221590909097 0.395875 0.026832386363636506 0.03521153846153847
0 0.15969460227272725 0.303125 0.02521306818181818 0.0324807692307692
0 0.30585227272727267 0.07470192307692307 0.026420454545454577 0.034673076923076925
0 0.9722798295454546 0.096875 0.05544034090909091 0.10575000000000001
0 0.09342329545454542 0.06286538461538461 0.026022727272727184 0.03742307692307693
0 0.15684659090909103 0.25991346153846157 0.040653409090909094 0.045134615384615356
0 0.17026278409090911 0.6837499999999999 0.0292755681818182 0.037423076923076885
0 0.29671164772727276 0.40577884615384613 0.026832386363636343 0.02863461538461536
0 0.2361363636363637 0.05873076923076923 0.03659090909090908 0.04238461538461539
0 0.6006747159090908 0.2909038461538461 0.03146306818181815 0.057999999999999996
0 0.9859659090909091 0.37254807692307695 0.027443181818181818 0.03898076923076925
0 0.27190340909090904 0.23459615384615387 0.026022727272727263 0.04403846153846152
0 0.17026278409090911 0.40660576923076924 0.030894886363636364 0.04678846153846151
0 0.7911079545454546 0.21115384615384614 0.03883522727272728 0.0616153846153846
0 0.20034801136363645 0.11432692307692308 0.03740056818181824 0.033576923076923094
0 0.11599431818181827 0.2736730769230769 0.03536931818181815 0.049538461538461524
0 0.1344886363636365 0.41733653846153845 0.03982954545454556 0.05174999999999999
0 0.04423295454545473 0.042778846153846146 0.03821022727272724 0.04348076923076923
0 0.07188210227272729 0.078 0.03578125000000008 0.044576923076923076
0 0.11781960227272714 0.05377884615384616 0.052031249999999994 0.06659615384615385
0 0.12919744318181825 0.5766826923076923 0.03333806818181822 0.03467307692307687
0 0.5779119318181818 0.7394711538461538 0.028778409090909077 0.03805769230769235
0 0.25239346590909095 0.2753269230769231 0.04473011363636357 0.03742307692307694
0 0.31747159090909094 0.3951923076923077 0.026988636363636364 0.03653846153846154
0 0.17677556818181828 0.4740384615384615 0.03252840909090906 0.05834615384615385
0 0.015205965909090846 0.4850480769230769 0.030411931818181772 0.04844230769230769
0 0.014140624999999907 0.5164134615384615 0.02032670454545463 0.027519230769230775
0 0.0032102272727272396 0.4145961538461538 0.00642045454545452 0.031923076923076915
0 0.14445312499999996 0.34385576923076927 0.06058238636363633 0.05559615384615384
0 0.1926278409090909 0.019375000000000003 0.02440340909090918 0.030826923076923078
0 0.2271875000000001 0.43880769230769234 0.025198863636363488 0.03523076923076922
0 0.27821022727272726 0.03919230769230769 0.02562499999999995 0.038538461538461535
0 0.4621164772727272 0.4440480769230769 0.028778409090909077 0.04167307692307695
0 0.14790482954545459 0.07635576923076923 0.049588068181818296 0.06659615384615385
0 0.09667613636363626 0.10056730769230769 0.0300852272727272 0.04567307692307692
0 0.28715909090909086 0.06726923076923078 0.022357954545454476 0.03411538461538462
0 0.2784161931818182 0.4195384615384615 0.024389204545454568 0.029730769230769193
0 0.09687500000000004 0.3256923076923077 0.04187500000000002 0.05007692307692306
0 0.16477982954545456 0.4437596153846154 0.03211647727272713 0.05613461538461538
0 0.008252840909090842 0.5420096153846155 0.015852272727272684 0.04678846153846151
0 0.17819602272727275 0.10827884615384616 0.04187500000000002 0.05009615384615384
0 0.061100852272727435 0.5100961538461538 0.03211647727272729 0.03357692307692315
0 0.06639204545454547 0.46413461538461537 0.03130681818181813 0.03523076923076922
0 0.6021590909090908 0.23537500000000003 0.035284090909090876 0.03928846153846155
0 0.07045454545454544 0.36642307692307696 0.045142045454545414 0.047884615384615394
0 0.7616548295454545 0.08291346153846155 0.034815340909090935 0.058903846153846154
0 0.5845170454545454 0.019221153846153846 0.025056818181818163 0.03544230769230769
0 0.6030113636363637 0.7227115384615383 0.054886363636363615 0.07703846153846154
0 0.7653409090909091 0.9857403846153847 0.03548295454545453 0.028519230769230738
0 0.23958096590909084 0.6449423076923076 0.01748579545454554 0.022576923076923095
0 0.8644744318181818 0.8877403846153846 0.03213068181818182 0.047134615384615365
0 0.6003338068181818 0.765298076923077 0.028110795454545402 0.044403846153846106
0 0.5832741477272727 0.3062980769230769 0.03146306818181815 0.05255769230769228
0 0.6042755681818182 0.9924134615384617 0.01991477272727278 0.015173076923076897
0 0.5190056818181819 0.53875 0.027443181818181808 0.0607307692307692
0 0.4564914772727273 0.8733749999999999 0.02846590909090904 0.03798076923076923
0 0.41602982954545453 0.9341923076923077 0.025610795454545417 0.03411538461538453
0 0.4225426136363637 0.9874615384615385 0.026420454545454497 0.025076923076923115
0 0.4684872159090909 0.889875 0.03211647727272729 0.03798076923076923
0 0.7151349431818181 0.7566923076923078 0.03546875 0.07069230769230768
0 0.7151349431818181 0.7100288461538462 0.036803977272727266 0.04801923076923071
0 0.4243678977272727 0.8896057692307693 0.04228693181818179 0.05725000000000007
0 0.9898011363636363 0.6081730769230769 0.020397727272727272 0.03534615384615384
0 0.7486008522727272 0.9898173076923078 0.03413352272727273 0.020365384615384566
0 0.6033522727272727 0.4363461538461539 0.02610795454545454 0.03715384615384614
0 0.744921875 0.5555192307692308 0.03615056818181821 0.0416923076923077
0 0.20889204545454543 0.1660673076923077 0.03170454545454553 0.03798076923076923
0 0.5292613636363637 0.9842788461538462 0.03008522727272728 0.030826923076923134
0 0.8359517045454545 0.022201923076923077 0.033465909090909095 0.044403846153846155
0 0.505284090909091 0.2773076923076923 0.033465909090909095 0.04530769230769231
0 0.7814062500000001 0.09651923076923076 0.02744318181818185 0.037153846153846155
0 0.7824005681818182 0.03352884615384616 0.03213068181818182 0.05075
0 0.8587855113636363 0.7626826923076924 0.03146306818181817 0.03805769230769235
0 0.5867897727272728 0.9833365384615386 0.061392045454545414 0.033326923076923046
0 0.7907741477272727 0.45719230769230773 0.03279829545454546 0.03715384615384614
0 0.206455965909091 0.6248557692307691 0.0292755681818182 0.027519230769230775
0 0.5973295454545454 0.3516153846153846 0.02477272727272727 0.0380769230769231
0 0.8008877840909091 0.5189038461538461 0.0816619318181818 0.1776153846153846
0 0.787762784090909 0.42909615384615385 0.028110795454545444 0.03715384615384614
0 0.9918110795454546 0.5859615384615384 0.016377840909090908 0.0398846153846154
0 0.27698863636363635 0.9795961538461538 0.027244318181818192 0.039076923076922954
0 0.5799289772727272 0.7707403846153845 0.027443181818181808 0.04259615384615391
0 0.7328764204545455 0.4866442307692308 0.025440340909090906 0.047134615384615365
0 0.6314772727272727 0.1814326923076923 0.03244318181818182 0.04082692307692306
0 0.487890625 0.4363461538461539 0.026775568181818133 0.053461538461538484
0 0.7549573863636364 0.2242980769230769 0.03213068181818182 0.04259615384615383
0 0.23612926136363643 0.5731153846153846 0.03416193181818175 0.0583461538461538
0 0.32221590909090914 0.8890096153846153 0.027443181818181808 0.05075000000000008
0 0.4648224431818182 0.9816826923076923 0.02643465909090911 0.036634615384615404
0 0.30402698863636357 0.39064423076923077 0.013821022727272673 0.017057692307692315
0 0.8397088068181818 0.20353846153846156 0.028110795454545444 0.03807692307692307
0 0.4819034090909091 0.9559423076923076 0.020738636363636397 0.024769230769230762
0 0.690703125 0.3298653846153846 0.03748579545454544 0.03442307692307688
0 0.3515625 0.4548076923076923 0.029829545454545456 0.03653846153846154
0 0.5475639204545455 0.8703461538461539 0.026832386363636343 0.040730769230769244
0 0.09424005681818182 0.8502596153846154 0.030894886363636364 0.04348076923076926
0 0.36338068181818184 0.7855769230769231 0.027642045454545506 0.038538461538461466
0 0.6840056818181819 0.08654807692307692 0.033465909090909095 0.048019230769230765
0 0.7914488636363637 0.4848269230769231 0.02610795454545454 0.03442307692307693
0 0.5480894886363636 0.036173076923076926 0.027315340909090935 0.037000000000000005
0 0.674637784090909 0.4413365384615385 0.03748579545454544 0.0779423076923077
0 0.4794602272727272 0.8582307692307691 0.01991477272727278 0.024230769230769167
0 0.6920880681818182 0.9295096153846154 0.01829545454545454 0.026980769230769287
0 0.9682244318181819 0.434625 0.029460227272727277 0.03805769230769229
0 0.662002840909091 0.9811346153846153 0.04431818181818184 0.03773076923076924
0 0.8992826704545455 0.7214423076923077 0.026775568181818185 0.03715384615384614
0 0.9755894886363636 0.7576923076923077 0.03615056818181818 0.04623076923076916
0 0.8637997159090909 0.7232596153846155 0.028110795454545465 0.038980769230769305
0 0.17169034090909097 0.9888365384615383 0.036988636363636314 0.022326923076923102
0 0.9036292613636363 0.15007692307692305 0.03546875 0.04349999999999998
0 0.7529545454545454 0.676048076923077 0.026761363636363642 0.03986538461538465
0 0.7653338068181819 0.20525961538461537 0.03146306818181819 0.046211538461538464
0 0.9725710227272727 0.6167788461538461 0.027443181818181818 0.03986538461538454
0 0.48621448863636363 0.6280096153846154 0.03012784090909088 0.03805769230769224
0 0.9437926136363637 0.6666153846153846 0.03948863636363636 0.04350000000000001
0 0.9928125 0.8283846153846154 0.014374999999999999 0.05165384615384618
0 0.3709019886363637 0.7641057692307692 0.025610795454545417 0.03413461538461538
