0 0.9694389204545455 0.7257692307692307 0.019019886363636364 0.03365384615384615
0 0.6454971590909091 0.9306153846153845 0.03244318181818182 0.04149999999999997
0 0.516768465909091 0.6783076923076924 0.0214630681818182 0.05499999999999994
0 0.5324147727272728 0.6819999999999999 0.017159090909090968 0.036730769230769275
0 0.08197443181818187 0.09039423076923075 0.03838068181818179 0.07525
0 0.12739346590909084 0.9463461538461538 0.03731534090909105 0.05253846153846153
0 0.009112215909090837 0.9540480769230769 0.018224431818181876 0.04263461538461542
0 0.14773437499999997 0.9691153846153846 0.03475852272727276 0.06176923076923078
0 0.17352982954545448 0.975625 0.049133522727272776 0.04875000000000004
0 0.2443323863636363 0.9737115384615386 0.043749999999999935 0.05257692307692303
0 0.20904119318181813 0.9719230769230769 0.031235795454545467 0.05615384615384613
0 0.6754048295454546 0.5284711538461538 0.05941761363636366 0.04305769230769228
0 0.9679616477272728 0.757778846153846 0.02467329545454545 0.03425
0 0.09019886363636365 0.28862499999999996 0.024147727272727272 0.03494230769230767
0 0.013877840909090833 0.9838076923076924 0.027755681818181766 0.03238461538461534
0 0.1939133522727272 0.9292692307692308 0.03589488636363634 0.049461538461538404
0 0.16365056818181822 0.9220961538461538 0.02937499999999993 0.03942307692307692
0 0.01960937500000004 0.39729807692307695 0.03921875000000002 0.05590384615384614
0 0.2966406250000001 0.919 0.03651988636363634 0.03534615384615384
0 0.4324573863636364 0.9812307692307692 0.030965909090909106 0.03753846153846151
0 0.6717400568181818 0.5147307692307692 0.0292755681818182 0.026730769230769297
0 0.49080255681818175 0.944173076923077 0.027173295454545447 0.03469230769230773
0 0.6729616477272726 0.5574807692307692 0.02455965909090908 0.031192307692307745
0 0.6579900568181818 0.9054134615384616 0.017855113636363627 0.020596153846153917
0 0.6188210227272727 0.31526923076923075 0.05017045454545454 0.051923076923076926
0 0.5043536931818182 0.9566442307692308 0.02830965909090902 0.037250000000000005
0 0.5261576704545454 0.9259711538461538 0.028025568181818127 0.04032692307692313
0 0.5541051136363637 0.9809038461538462 0.033806818181818195 0.03819230769230772
0 0.6873082386363636 0.657846153846154 0.033906250000000006 0.04992307692307688
0 0.6868536931818181 0.5661826923076924 0.03595170454545455 0.04567307692307692
0 0.5676917613636363 0.6598942307692307 0.028281250000000036 0.029442307692307698
0 0.7272727272727273 0.5521538461538462 0.028409090909090908 0.03892307692307694
0 0.04724431818181818 0.9946153846153847 0.024176136363636337 0.010769230769230812
0 0.5773224431818182 0.5169038461538462 0.06373579545454545 0.06257692307692306
0 0.17045454545454541 0.5052403846153847 0.03275568181818174 0.03863461538461534
0 0.5489204545454547 0.9104038461538461 0.02991477272727273 0.030384615384615406
0 0.5703835227272727 0.9192788461538461 0.027102272727272704 0.04071153846153849
0 0.5916193181818181 0.5778846153846153 0.04403409090909091 0.07884615384615384
0 0.5440340909090908 0.6298076923076923 0.056818181818181816 0.08653846153846154
0 0.6658664772727273 0.6011923076923077 0.029829545454545456 0.04038461538461539
0 0.5850071022727272 0.5340096153846154 0.04708806818181823 0.04509615384615393
0 0.7553267045454546 0.47398076923076926 0.03838068181818179 0.05000000000000005
0 0.796875 0.347125 0.048295454545454544 0.06348076923076922
0 0.577684659090909 0.40075 0.021960227272727326 0.03323076923076923
0 0.8352272727272727 0.3721153846153846 0.03125 0.04807692307692308
0 0.16516335227272727 0.5390673076923077 0.05115056818181817 0.054096153846153835
0 0.8316761363636364 0.26826923076923076 0.03551136363636364 0.05576923076923077
0 0.8467116477272727 0.044125 0.042855113636363636 0.06132692307692308
0 0.9950426136363636 0.3379519230769231 0.009914772727272729 0.0327884615384615
0 0.9870099431818182 0.36078846153846156 0.025980113636363635 0.03619230769230773
0 0.5926846590909092 0.3943365384615385 0.019659090909090956 0.03205769230769229
0 0.6373295454545455 0.3665 0.03357954545454544 0.0383846153846154
0 0.9863423295454545 0.38496153846153847 0.02731534090909091 0.029153846153846148
0 0.9355539772727273 0.36078846153846156 0.10511363636363637 0.11346153846153846
0 0.6047443181818182 0.33166346153846155 0.05928977272727274 0.06432692307692306
0 0.48721590909090906 0.2692307692307692 0.045454545454545456 0.038461538461538464
0 0.14192471590909084 0.5020865384615385 0.025923295454545456 0.03351923076923078
0 0.5109943181818182 0.3965384615384615 0.02997159090909094 0.044076923076923055
0 0.9826136363636364 0.26375 0.034772727272727275 0.09565384615384617
0 0.9536647727272727 0.24914423076923078 0.046676136363636364 0.0523653846153846
0 0.9498792613636363 0.21175 0.04330965909090909 0.05542307692307691
0 0.9341122159090909 0.27258653846153846 0.08578125 0.08786538461538461
0 0.48262073863636357 0.37263461538461534 0.02938920454545454 0.05411538461538464
0 0.9800213068181818 0.18233653846153847 0.03995738636363636 0.06263461538461537
0 0.5081178977272728 0.3646634615384615 0.035724431818181863 0.03536538461538459
0 0.4439204545454545 0.3449134615384616 0.036051136363636355 0.031942307692307666
0 0.1455397727272728 0.07725 0.03863636363636354 0.031538461538461536
0 0.12187499999999996 0.49570192307692307 0.02781250000000006 0.042403846153846174
0 0.9540838068181818 0.12938461538461538 0.029019886363636362 0.04934615384615384
0 0.9625 0.105375 0.03573863636363636 0.041557692307692295
0 0.435830965909091 0.32108653846153845 0.028480113636363654 0.035442307692307704
0 0.4655681818181818 0.32235576923076925 0.03874999999999996 0.043711538461538496
0 0.9756747159090909 0.037153846153846155 0.03938920454545454 0.06565384615384616
0 0.9885014204545455 0.05166346153846154 0.022997159090909092 0.05901923076923077
0 0.41407670454545453 0.3665673076923077 0.030142045454545494 0.03790384615384617
0 0.45592329545454546 0.40452884615384616 0.05803977272727267 0.044826923076923084
0 0.4515340909090909 0.42147115384615386 0.02610795454545454 0.03159615384615386
0 0.4526491477272727 0.4481923076923077 0.05007102272727273 0.04373076923076925
0 0.6683593750000001 0.8903365384615385 0.017911931818181837 0.027134615384615302
0 0.4675923295454546 0.47139423076923076 0.020184659090909142 0.02867307692307697
0 0.9734375 0.08279807692307692 0.045 0.044980769230769234
0 0.4447585227272728 0.4867019230769231 0.01812499999999999 0.02867307692307697
0 0.9716832386363636 0.12996153846153846 0.01822443181818182 0.02846153846153847
0 0.986328125 0.12302884615384614 0.02649147727272727 0.039288461538461536
0 0.6935440340909091 0.6656153846153846 0.022883522727272745 0.04046153846153839
0 0.9254261363636364 0.19001923076923077 0.030000000000000006 0.045730769230769235
0 0.42120028409090904 0.4975673076923077 0.05768465909090903 0.053557692307692355
0 0.9132244318181818 0.16383653846153845 0.025511363636363627 0.041173076923076944
0 0.40904829545454546 0.5360192307692309 0.04252840909090909 0.0422692307692308
0 0.10661931818181813 0.5252788461538461 0.023153409090909186 0.03278846153846156
0 0.6074573863636363 0.6652307692307693 0.03014204545454541 0.04303846153846153
0 0.8905823863636364 0.20995192307692306 0.023977272727272722 0.041173076923076916
0 0.38424005681818185 0.4390769230769231 0.03526988636363642 0.052230769230769226
0 0.3467400568181819 0.4489230769230769 0.041718750000000006 0.035461538461538454
0 0.3422940340909091 0.4205 0.05490056818181823 0.030615384615384645
0 0.8669602272727273 0.19372115384615385 0.02803977272727272 0.041750000000000016
0 0.37316051136363637 0.3781057692307693 0.052571022727272716 0.07748076923076921
0 0.3473366477272727 0.3697307692307692 0.04464488636363637 0.09496153846153846
0 0.8856036931818182 0.177875 0.043735795454545465 0.0358653846153846
0 0.3355894886363636 0.33597115384615384 0.017741477272727287 0.023096153846153884
0 0.09423295454545455 0.5506057692307692 0.031221590909090935 0.04190384615384608
0 0.34316051136363634 0.8384423076923078 0.052571022727272716 0.0601153846153846
0 0.36706676136363636 0.8127596153846154 0.04225852272727273 0.03717307692307689
0 0.8336008522727273 0.1767403846153846 0.06813920454545454 0.0886346153846154
0 0.3514985795454545 0.7718846153846154 0.05294034090909088 0.04919230769230777
0 0.49395596590909097 0.864951923076923 0.04279829545454545 0.04882692307692316
0 0.46564630681818187 0.8417596153846154 0.03964488636363632 0.07190384615384623
0 0.8639488636363637 0.13640384615384615 0.03687500000000001 0.06338461538461537
0 0.561377840909091 0.7991826923076922 0.022784090909090938 0.033403846153846166
0 0.8726420454545455 0.12825 0.03911931818181819 0.05692307692307691
0 0.8372443181818182 0.08857692307692308 0.027471590909090914 0.060730769230769234
0 0.1219744318181818 0.37762500000000004 0.019062500000000104 0.027634615384615393
0 0.13582386363636345 0.6098173076923077 0.02681818181818181 0.049557692307692275
0 0.8090625 0.07833653846153846 0.045142045454545456 0.06413461538461537
0 0.7805397727272727 0.09313461538461539 0.03238636363636365 0.05996153846153845
0 0.4974502840909092 0.7913461538461538 0.03669034090909089 0.08892307692307694
0 0.5497869318181818 0.7142499999999999 0.028210227272727293 0.033807692307692275
0 0.874580965909091 0.5449615384615385 0.023678977272727275 0.03353846153846153
0 0.5270170454545454 0.8103653846153845 0.032840909090909094 0.06303846153846149
0 0.906484375 0.6447596153846153 0.02691761363636364 0.02224999999999999
0 0.8586860795454545 0.5942692307692308 0.021747159090909095 0.03226923076923083
0 0.5136434659090909 0.7849711538461539 0.016690340909090908 0.024673076923077002
0 0.9715127840909091 0.5530769230769231 0.02589488636363637 0.03430769230769226
0 0.19682528409090916 0.5396730769230769 0.022343749999999864 0.03753846153846151
0 0.5036434659090909 0.7994230769230769 0.017855113636363707 0.03461538461538462
0 0.983096590909091 0.5494326923076923 0.03380681818181818 0.059826923076923104
0 0.7147585227272728 0.6531057692307692 0.020454545454545423 0.02367307692307693
0 0.9928480113636363 0.5160288461538463 0.014303977272727274 0.033711538461538515
0 0.5774147727272727 0.7130865384615385 0.02792613636363632 0.040826923076923115
0 0.6651278409090908 0.7534134615384614 0.0339488636363636 0.043134615384615396
0 0.7044886363636365 0.7190673076923076 0.029289772727272734 0.044788461538461576
0 0.9849147727272727 0.6293749999999999 0.025795454545454545 0.04448076923076922
0 0.7053196022727273 0.6247115384615385 0.026633522727272728 0.02923076923076921
0 0.4654616477272727 0.9890096153846155 0.030951704545454494 0.021865384615384623
0 0.3414914772727272 0.30737499999999995 0.021363636363636394 0.03886538461538463
0 0.7243039772727273 0.63375 0.03531250000000002 0.048307692307692315
0 0.5830113636363636 0.6398653846153847 0.02778409090909091 0.03100000000000001
0 0.710234375 0.6012403846153845 0.03745738636363637 0.03090384615384614
0 0.6815198863636365 0.7488750000000001 0.01860795454545454 0.022826923076923085
0 0.6896661931818182 0.7492403846153847 0.033110795454545455 0.04348076923076926
0 0.7458664772727273 0.7099326923076923 0.02863636363636363 0.044211538461538476
0 0.6459588068181819 0.7079903846153845 0.033366477272727284 0.04344230769230764
0 0.6925426136363637 0.7003557692307693 0.028806818181818183 0.02951923076923081
0 0.7321235795454546 0.7431634615384616 0.03044034090909092 0.045365384615384675
0 0.7609375 0.7304326923076924 0.03423295454545454 0.047711538461538465
0 0.6686363636363637 0.9179423076923078 0.03696022727272725 0.0291538461538462
0 0.6552201704545455 0.7123846153846154 0.01910511363636362 0.021499999999999905
0 0.032514204545454506 0.47420192307692305 0.03545454545454551 0.03798076923076918
0 0.7048934659090909 0.6846923076923076 0.02225852272727275 0.02757692307692303
0 0.7608238636363637 0.2957692307692308 0.025028409090909098 0.033884615384615395
0 0.7359232954545454 0.2896442307692308 0.03392045454545454 0.04736538461538461
0 0.7378977272727272 0.24998076923076926 0.01829545454545454 0.012269230769230787
0 0.7552130681818181 0.25648076923076923 0.016335227272727272 0.030615384615384645
0 0.691640625 0.011894230769230768 0.031406249999999976 0.023788461538461536
0 0.7719389204545455 0.27621153846153845 0.030951704545454536 0.038499999999999965
0 0.7433238636363637 0.22866346153846154 0.029886363636363624 0.03959615384615382
0 0.16931818181818192 0.58875 0.04366477272727274 0.05434615384615383
0 0.729190340909091 0.14102884615384617 0.051676136363636355 0.053326923076923084
0 0.731796875 0.11243269230769232 0.02600852272727273 0.03425
0 0.69859375 0.11874038461538462 0.041448863636363645 0.03836538461538461
0 0.658856534090909 0.05867307692307692 0.029786931818181817 0.04384615384615384
0 0.031626420454545445 0.5157115384615385 0.044644886363636456 0.05123076923076926
0 0.7301846590909091 0.26589423076923074 0.017585227272727266 0.025134615384615425
0 0.7462855113636364 0.2685096153846154 0.022883522727272707 0.03351923076923078
0 0.6682741477272727 0.02898076923076923 0.03248579545454546 0.04688461538461539
0 0.7439985795454545 0.01853846153846154 0.03910511363636364 0.03707692307692308
0 0.72609375 0.32905769230769233 0.04602272727272728 0.03461538461538462
0 0.6504119318181818 0.8869615384615385 0.019346590909090876 0.022538461538461483
0 0.718203125 0.3644038461538462 0.035610795454545444 0.04823076923076926
0 0.711747159090909 0.38657692307692304 0.039744318181818165 0.042269230769230746
0 0.6819531249999999 0.7180288461538461 0.02376420454545457 0.03205769230769223
0 0.901669034090909 0.029028846153846155 0.04521306818181818 0.05805769230769231
0 0.7454758522727273 0.39276923076923076 0.02771306818181817 0.04080769230769231
0 0.7499644886363637 0.41256730769230776 0.020553977272727272 0.028173076923076933
0 0.8652840909090909 0.028548076923076926 0.03454545454545454 0.05709615384615385
0 0.7429190340909091 0.4409903846153846 0.02583806818181822 0.04105769230769235
0 0.9184446022727273 0.05014423076923077 0.03248579545454545 0.042326923076923074
0 0.9179900568181818 0.08184615384615385 0.044872159090909094 0.04765384615384616
0 0.1354261363636362 0.5496923076923077 0.04920454545454544 0.07230769230769224
0 0.8005184659090909 0.11458653846153846 0.028593749999999994 0.03378846153846155
0 0.6817258522727272 0.20358653846153849 0.020298295454545482 0.030057692307692327
0 0.6844673295454546 0.22332692307692306 0.025582386363636352 0.02338461538461538
0 0.7874218749999999 0.4757884615384616 0.03103693181818185 0.06207692307692308
0 0.8146448863636364 0.43757692307692314 0.03579545454545455 0.05296153846153845
0 0.2693821022727273 0.4841923076923077 0.022400568181818157 0.028269230769230748
0 0.9156960227272727 0.8605769230769231 0.01960227272727272 0.026153846153846198
0 0.7563352272727273 0.43806730769230773 0.018749999999999985 0.023326923076923124
0 0.007521306818181972 0.48603846153846153 0.015042613636363682 0.05184615384615392
0 0.08654829545454557 0.4804807692307692 0.03821022727272724 0.0416923076923077
0 0.13661931818181827 0.6877884615384615 0.026051136363636408 0.036038461538461554
0 0.02651278409090907 0.6168173076923077 0.0444744318181819 0.03774999999999999
0 0.03247159090909091 0.6407596153846153 0.046846590909090935 0.02759615384615389
0 0.060518465909090935 0.6801153846153846 0.041548295454545456 0.04299999999999992
0 0.03979403409090909 0.7392980769230769 0.02990056818181812 0.054096153846153835
0 0.04795454545454547 0.8310288461538461 0.04286931818181827 0.051249999999999955
0 0.04195312500000015 0.862923076923077 0.04163352272727281 0.04646153846153851
0 0.7651704545454545 0.4150480769230769 0.022073863636363624 0.02636538461538463
0 0.7830681818181818 0.4423173076923077 0.03741477272727269 0.034980769230769225
0 0.11505681818181823 0.20008653846153843 0.017244318181818322 0.03301923076923077
0 0.7884943181818181 0.4233173076923077 0.02548295454545454 0.025865384615384592
0 0.11038352272727281 0.11236538461538462 0.04596590909090911 0.07261538461538462
0 0.7509588068181818 0.7772211538461538 0.046150568181818154 0.05248076923076927
0 0.8164346590909091 0.5244038461538462 0.06224431818181817 0.09807692307692308
0 0.11289062500000002 0.1780673076923077 0.037286931818181816 0.03871153846153845
0 0.13117897727272732 0.20624038461538463 0.019488636363636402 0.033596153846153845
0 0.684140625 0.7818942307692308 0.025184659090909077 0.034980769230769225
0 0.12109375 0.009317307692307692 0.034346590909091 0.018634615384615385
0 0.7961860795454545 0.5590192307692308 0.09509943181818183 0.1089999999999999
0 0.7926633522727273 0.5879423076923077 0.031065340909090914 0.03719230769230764
0 0.8269744318181818 0.6975576923076924 0.030852272727272704 0.058153846153846174
0 0.7953480113636364 0.7093269230769231 0.04833806818181818 0.03461538461538462
0 0.6730894886363636 0.938875 0.023906250000000018 0.02651923076923081
0 0.08443181818181822 0.0135 0.04122159090909105 0.027
0 0.8070667613636364 0.7443269230769229 0.04305397727272726 0.0368846153846154
0 0.01761363636363633 0.011788461538461538 0.03522727272727266 0.023576923076923075
0 0.79046875 0.7308846153846154 0.027812500000000018 0.03188461538461546
0 0.0103480113636365 0.8679326923076923 0.0206960227272728 0.04932692307692303
0 0.4864346590909091 0.9866057692307691 0.02198863636363639 0.026788461538461553
0 0.7720241477272727 0.5776923076923076 0.02455965909090908 0.027923076923077
0 0.7946164772727273 0.7677019230769231 0.04911931818181818 0.04205769230769232
0 0.590390625 0.010317307692307693 0.019758522727272684 0.020634615384615387
0 0.07212357954545456 0.8757596153846153 0.029815340909090923 0.06521153846153852
0 0.13595880681818173 0.4499711538461539 0.02637784090909098 0.043480769230769205
0 0.12484375000000003 0.6620288461538462 0.03869318181818183 0.04401923076923074
0 0.8021377840909091 0.7933653846153846 0.04845170454545455 0.04326923076923077
0 0.5758096590909091 0.005471153846153847 0.012755681818181845 0.010942307692307694
0 0.8093678977272727 0.8439326923076924 0.04205965909090907 0.062096153846153884
0 0.8472798295454546 0.8810480769230769 0.04811079545454546 0.05374999999999998
0 0.5427982954545454 0.05032692307692308 0.010369318181818117 0.013846153846153845
0 0.5407670454545455 0.05906730769230769 0.013892045454545416 0.016519230769230762
0 0.5430042613636363 0.036576923076923076 0.01836647727272728 0.028461538461538465
0 0.7253551136363636 0.7003461538461538 0.02889204545454546 0.03534615384615384
0 0.7179971590909091 0.019298076923076925 0.03252840909090906 0.03859615384615385
0 0.7755539772727273 0.8717884615384615 0.03230113636363638 0.046153846153846156
0 0.08203835227272727 0.71125 0.022826704545454456 0.039653846153846165
0 0.5598295454545454 0.03220192307692308 0.016676136363636376 0.02732692307692308
0 0.7793678977272728 0.8260096153846154 0.031406249999999976 0.0514807692307693
0 0.7471803977272726 0.8454423076923077 0.030951704545454536 0.040846153846153865
0 0.7465696022727273 0.8096153846153846 0.024332386363636358 0.035076923076923096
0 0.7603551136363637 0.8244134615384615 0.021420454545454562 0.04190384615384608
0 0.85703125 0.8469615384615384 0.04227272727272728 0.06361538461538459
0 0.9862215909090909 0.7565576923076922 0.012386363636363638 0.02453846153846163
0 0.5577272727272726 0.056317307692307694 0.0208806818181818 0.03340384615384615
0 0.5721661931818183 0.02860576923076923 0.019758522727272684 0.03301923076923077
0 0.8855184659090909 0.797923076923077 0.052826704545454545 0.05146153846153845
0 0.6419176136363636 0.9079519230769231 0.01980113636363636 0.023788461538461547
0 0.8462642045454545 0.7508557692307694 0.06201704545454545 0.035673076923076946
0 0.8345951704545455 0.7740865384615384 0.02254261363636362 0.029903846153846177
0 0.6117755681818182 0.008326923076923077 0.02551136363636369 0.016653846153846154
0 0.8616193181818181 0.5659230769230769 0.019659090909090914 0.025500000000000092
0 0.8543963068181818 0.7900288461538462 0.030951704545454553 0.0526730769230769
0 0.8758380681818182 0.5968365384615385 0.016335227272727272 0.026596153846153815
0 0.8735511363636363 0.5733269230769231 0.016249999999999997 0.026230769230769203
0 0.8925213068181819 0.7473653846153846 0.03049715909090909 0.049961538461538495
0 0.8878196022727273 0.7187403846153846 0.028707386363636355 0.04675000000000001
0 0.887997159090909 0.591548076923077 0.012642045454545442 0.016019230769230737
0 0.10310369318181822 0.7186442307692308 0.02160511363636369 0.03167307692307698
0 0.895 0.5713942307692308 0.03193181818181818 0.04071153846153838
0 0.6753196022727272 0.7922307692307693 0.029502840909090923 0.03838461538461534
0 0.8888494318181819 0.6104423076923077 0.016676136363636376 0.02830769230769236
0 0.08672585227272733 0.8589134615384615 0.03572443181818179 0.061634615384615406
0 0.8965198863636363 0.6096442307692307 0.011562500000000002 0.0211346153846154
0 0.8583025568181818 0.5531057692307693 0.022343750000000006 0.02951923076923081
0 0.6459232954545455 0.678298076923077 0.030426136363636388 0.02663461538461532
0 0.9059801136363637 0.597375 0.02440340909090909 0.02405769230769229
0 0.8695951704545455 0.7008269230769231 0.04811079545454544 0.038884615384615434
0 0.9391193181818182 0.6715288461538462 0.03173295454545454 0.051326923076923076
0 0.6859375 0.8969038461538461 0.03724431818181818 0.06888461538461538
0 0.9745028409090909 0.6627884615384615 0.03363636363636364 0.05511538461538466
0 0.8768252840909091 0.6175961538461539 0.033906250000000006 0.033884615384615395
0 0.9649147727272728 0.6910384615384616 0.029261363636363637 0.03234615384615383
0 0.9235227272727273 0.7084615384615384 0.03889204545454546 0.03242307692307684
0 0.9384446022727273 0.7228173076923077 0.023252840909090914 0.04267307692307692
0 0.9537286931818182 0.7897692307692308 0.033025568181818184 0.045384615384615426
0 0.9635298295454545 0.8268942307692307 0.03237215909090909 0.03701923076923077
0 0.7785298295454546 0.6495 0.08467329545454545 0.09565384615384617
0 0.9009588068181819 0.6242788461538461 0.019389204545454543 0.030480769230769273
0 0.9618110795454545 0.8714903846153845 0.029786931818181817 0.03159615384615386
0 0.10309659090909085 0.6842403846153846 0.03911931818181829 0.043711538461538496
0 0.9855965909090909 0.8672115384615384 0.019232954545454543 0.02711538461538466
0 0.997393465909091 0.548375 0.0052130681818181816 0.03401923076923077
0 0.994375 0.8869903846153846 0.01125 0.04859615384615381
0 0.042784090909090966 0.9714903846153846 0.03678977272727286 0.03763461538461548
0 0.917421875 0.6150576923076924 0.021974431818181827 0.050653846153846105
0 0.9391903409090909 0.8977307692307692 0.02332386363636364 0.030615384615384537
0 0.3196022727272727 0.6490384615384616 0.125 0.18653846153846154
0 0.19389204545454541 0.8587884615384616 0.037755681818181716 0.044076923076923
0 0.8714914772727272 0.6736442307692307 0.03017045454545456 0.0306730769230769
0 0.21625000000000005 0.8252884615384615 0.036079545454545586 0.05519230769230767
0 0.06396306818181818 0.7631153846153846 0.041022727272727266 0.04973076923076926
0 0.1881463068181819 0.6677500000000001 0.07992897727272724 0.07811538461538463
0 0.16728693181818177 0.6858461538461538 0.026022727272727184 0.033807692307692275
0 0.18987215909090915 0.6523365384615385 0.03201704545454556 0.02890384615384621
0 0.22472301136363637 0.6249903846153846 0.038735795454545426 0.07094230769230767
0 0.18797585227272728 0.6052884615384615 0.029105113636363648 0.0386923076923077
0 0.20747159090909084 0.5648557692307693 0.03335227272727259 0.05313461538461538
0 0.22013494318181803 0.5363076923076923 0.02461647727272733 0.03953846153846154
0 0.2061079545454546 0.5022115384615384 0.026193181818181897 0.035346153846153784
0 0.2205752840909091 0.49182692307692305 0.02990056818181812 0.0398846153846154
0 0.22361505681818172 0.4777884615384615 0.0254119318181818 0.028769230769230783
0 0.706377840909091 0.8759326923076923 0.028977272727272737 0.06971153846153846
0 0.2158522727272728 0.4510961538461538 0.03264204545454548 0.04276923076923079
0 0.1774786931818183 0.45425961538461535 0.03194602272727274 0.0440576923076923
0 0.18193181818181803 0.10161538461538462 0.03784090909090907 0.08526923076923078
0 0.9609801136363636 0.9113269230769231 0.029715909090909088 0.03857692307692308
0 0.1551136363636364 0.09839423076923076 0.04437500000000001 0.04659615384615386
0 0.21466619318181823 0.12592307692307694 0.02637784090909082 0.06438461538461537
0 0.21399857954545454 0.0731923076923077 0.02734375 0.03965384615384615
0 0.9297798295454546 0.6200961538461539 0.018508522727272728 0.04503846153846157
0 0.5533664772727273 0.6815 0.02562499999999995 0.036730769230769275
0 0.9940980113636364 0.6657692307692308 0.011803977272727273 0.03461538461538462
0 0.35026278409090916 0.25453846153846155 0.021264204545454503 0.03457692307692306
0 0.15233664772727273 0.03444230769230769 0.03580965909090914 0.05769230769230769
0 0.9844744318181818 0.9834326923076923 0.031051136363636364 0.03313461538461542
0 0.9791335227272727 0.7411923076923076 0.021164772727272727 0.021500000000000012
0 0.6687713068181818 0.33110576923076923 0.07200284090909087 0.1756730769230769
0 0.6757315340909091 0.839125 0.039531249999999976 0.08017307692307692
0 0.9089985795454545 0.667201923076923 0.026349431818181824 0.02982692307692306
0 0.9701349431818181 0.9489134615384616 0.057599431818181814 0.06025000000000008
0 0.8893323863636364 0.5350961538461538 0.01744318181818182 0.028384615384615366
0 0.8729900568181819 0.5149711538461538 0.034303977272727264 0.03690384615384615
0 0.9116264204545454 0.4872596153846154 0.033309659090909084 0.029442307692307643
0 0.06505681818181808 0.7252980769230769 0.029488636363636352 0.04382692307692312
0 0.9875 0.7648173076923077 0.025 0.04009615384615389
0 0.9946377840909091 0.8092115384615384 0.010724431818181819 0.0691153846153846
0 0.12825284090909084 0.03 0.021874999999999967 0.029307692307692305
0 0.9147088068181818 0.45925 0.04373579545454545 0.040846153846153865
0 0.9702201704545454 0.9671923076923077 0.04558238636363636 0.03973076923076917
0 0.21783380681818187 0.015653846153846154 0.031519886363636444 0.03130769230769231
0 0.9314985795454546 0.9841346153846153 0.04671875 0.03173076923076923
0 0.1888707386363635 0.027317307692307693 0.02813920454545463 0.054634615384615386
0 0.20419744318181832 0.022221153846153845 0.024332386363636358 0.026326923076923074
0 0.22483664772727285 0.06469230769230769 0.02080965909090906 0.027692307692307697
0 0.15865056818181822 0.4324807692307692 0.031221590909090772 0.031346153846153815
0 0.03982954545454542 0.7020192307692308 0.03357954545454544 0.04042307692307689
0 0.8980539772727273 0.9618076923076923 0.02332386363636364 0.03253846153846157
0 0.23182528409090897 0.0235 0.03734375000000011 0.047
0 0.23667613636363638 0.11046153846153846 0.02761363636363644 0.03707692307692308
0 0.22404119318181825 0.09640384615384615 0.01947443181818187 0.026038461538461538
0 0.25683238636363626 0.08132692307692309 0.02568181818181824 0.07865384615384617
0 0.2281321022727273 0.070375 0.06561079545454553 0.09409615384615384
0 0.2533025568181819 0.02125 0.02759943181818175 0.0425
0 0.26591619318181803 0.057317307692307695 0.023877840909090994 0.047519230769230765
0 0.9907315340909091 0.7165961538461538 0.01853693181818182 0.06123076923076929
0 0.9040767045454545 0.9864711538461539 0.025909090909090923 0.027057692307692293
0 0.0392542613636363 0.6667980769230769 0.04723011363636364 0.03040384615384616
0 0.981015625 0.7134423076923078 0.01865056818181818 0.033769230769230774
0 0.2854332386363636 0.03127884615384616 0.041377840909090906 0.06255769230769231
0 0.5790269886363637 0.6833557692307692 0.030582386363636326 0.022749999999999968
0 0.3774502840909091 0.04561538461538461 0.03768465909090913 0.046000000000000006
0 0.37985795454545457 0.012980769230769231 0.035539772727272705 0.025961538461538463
0 0.6241193181818181 0.06032692307692308 0.03974431818181821 0.04153846153846154
0 0.5895738636363637 0.049336538461538466 0.03349431818181824 0.028096153846153844
0 0.6046946022727273 0.03426923076923077 0.02745738636363634 0.03315384615384616
0 0.11654119318181833 0.9815961538461538 0.03149147727272721 0.036807692307692284
0 0.5905610795454546 0.07296153846153845 0.04583806818181815 0.038538461538461535
0 0.016349431818181825 0.6980096153846154 0.0321022727272726 0.06586538461538462
0 0.8800355113636363 0.985153846153846 0.023906249999999997 0.029692307692307688
0 0.1230894886363636 0.052288461538461534 0.03660511363636361 0.052076923076923076
0 0.9717329545454545 0.8059903846153846 0.010852272727272728 0.01213461538461539
0 0.5859303977272727 0.08995192307692308 0.04163352272727273 0.04517307692307693
0 0.012180397727272751 0.3431442307692308 0.024360795454545423 0.042980769230769274
0 0.8829403409090909 0.9490384615384615 0.02713068181818181 0.03303846153846144
0 0.8660795454545455 0.9285865384615385 0.030312500000000006 0.034519230769230747
0 0.14005681818181825 0.3076249999999999 0.017045454545454544 0.026980769230769232
0 0.858203125 0.6443461538461539 0.05271306818181818 0.06588461538461536
0 0.15535511363636345 0.3183173076923077 0.025028409090909098 0.04809615384615383
0 0.30624289772727276 0.28163461538461537 0.029928977272727263 0.03292307692307693
0 0.14497159090909084 0.37025 0.034318181818181775 0.059961538461538476
0 0.9808380681818182 0.7900865384615385 0.029602272727272727 0.031096153846153878
0 0.13016335227272724 0.3155192307692308 0.02825284090909089 0.03826923076923078
0 0.9855965909090909 0.8140673076923077 0.023863636363636365 0.026596153846153926
0 0.8570028409090908 0.9393076923076923 0.029176136363636352 0.04042307692307689
0 0.11541903409090903 0.3595480769230769 0.026349431818181755 0.04009615384615384
0 0.5004190340909092 0.04948076923076924 0.015610795454545467 0.02515384615384616
0 0.29677556818181816 0.2929038461538462 0.026051136363636408 0.03373076923076927
0 0.4952982954545454 0.038730769230769235 0.020454545454545423 0.033269230769230766
0 0.3835866477272728 0.2870384615384615 0.028394886363636376 0.048192307692307694
0 0.9541477272727272 0.6269615384615385 0.03667613636363636 0.04538461538461532
0 0.39647727272727273 0.3039230769230769 0.028806818181818142 0.035076923076923096
0 0.15865767045454537 0.47268269230769233 0.03660511363636377 0.0541730769230769
0 0.35588778409090904 0.2965480769230769 0.035923295454545486 0.04955769230769233
0 0.32993607954545456 0.24679807692307687 0.02075284090909085 0.04359615384615382
0 0.6054261363636364 0.851125 0.03519886363636368 0.06244230769230764
0 0.47708806818181815 0.03611538461538462 0.026562500000000065 0.03461538461538462
0 0.3458522727272727 0.22612500000000002 0.027244318181818192 0.03332692307692307
0 0.48058948863636364 0.011894230769230768 0.03049715909090905 0.023788461538461536
0 0.30295454545454537 0.22875961538461537 0.039829545454545486 0.04794230769230768
0 0.2904829545454546 0.22158653846153845 0.027840909090909124 0.03259615384615385
0 0.2766335227272727 0.19188461538461538 0.02144886363636359 0.03065384615384615
0 0.6847585227272728 0.38348076923076924 0.019403409090909086 0.02534615384615386
0 0.7979403409090909 0.9791826923076923 0.027698863636363636 0.04163461538461534
0 0.64015625 0.8554807692307693 0.037642045454545414 0.09323076923076916
0 0.501853693181818 0.012932692307692307 0.023508522727272742 0.025865384615384613
0 0.7130823863636364 0.8204423076923076 0.04471590909090908 0.051615384615384674
0 0.7148295454545455 0.7779326923076922 0.03869318181818183 0.05163461538461532
0 0.6444744318181819 0.8333942307692308 0.016505681818181864 0.02805769230769237
0 0.5223082386363636 0.012682692307692308 0.030326704545454577 0.025365384615384616
0 0.5194815340909091 0.04188461538461539 0.037769886363636325 0.05223076923076923
0 0.860078125 0.9939519230769231 0.023906249999999997 0.012096153846153776
0 0.6320951704545454 0.7870576923076923 0.033196022727272734 0.041538461538461476
0 0.6413352272727273 0.7772788461538461 0.04090909090909089 0.06498076923076916
0 0.9612357954545454 0.735423076923077 0.023238636363636364 0.06657692307692309
0 0.5373863636363636 0.0749326923076923 0.03409090909090909 0.04786538461538461
0 0.26881392045454544 0.14991346153846152 0.023565340909090873 0.03090384615384614
0 0.5090767045454545 0.0871346153846154 0.03741477272727269 0.04530769230769231
0 0.725078125 0.6715673076923078 0.019019886363636385 0.024173076923076908
0 0.3591193181818183 0.18948076923076923 0.07838068181818182 0.041923076923076945
0 0.3565411931818182 0.1323173076923077 0.05259943181818178 0.07332692307692308
0 0.7118963068181818 0.6675000000000001 0.013821022727272713 0.022576923076923095
0 0.6339772727272728 0.8384326923076924 0.03409090909090909 0.06778846153846153
0 0.5986292613636364 0.7831057692307692 0.04288352272727272 0.07055769230769231
0 0.48241477272727273 0.18733653846153844 0.03633522727272733 0.03717307692307692
0 0.7509232954545454 0.9922500000000001 0.032727272727272716 0.015500000000000005
0 0.5730113636363636 0.7899615384615384 0.03275568181818182 0.0607307692307692
0 0.5042755681818182 0.5646538461538462 0.04681818181818187 0.05542307692307691
0 0.64234375 0.64025 0.044034090909090946 0.06634615384615385
0 0.4702059659090909 0.552701923076923 0.06700284090909094 0.0687115384615384
0 0.5058806818181818 0.1730096153846154 0.03517045454545453 0.03717307692307692
0 0.5981036931818182 0.24394230769230768 0.02637784090909098 0.03523076923076922
0 0.47848011363636367 0.6206442307692308 0.042897727272727254 0.07667307692307693
0 0.5002769886363636 0.6319423076923077 0.04302556818181813 0.08407692307692313
0 0.43757812499999993 0.5740288461538462 0.02691761363636362 0.0854038461538461
0 0.6195951704545455 0.22007692307692306 0.03490056818181813 0.05138461538461538
0 0.6618892045454545 0.9653557692307693 0.02906249999999997 0.032249999999999966
0 0.7374644886363637 0.6732115384615385 0.023508522727272704 0.037423076923076996
0 0.5865269886363635 0.665625 0.024474431818181763 0.025749999999999974
0 0.4122017045454546 0.5958461538461539 0.04738636363636366 0.096423076923077
0 0.39453835227272727 0.6122692307692308 0.03842329545454539 0.03815384615384621
0 0.5984943181818181 0.13948076923076924 0.048295454545454544 0.06923076923076923
0 0.38984374999999993 0.5826634615384616 0.02312499999999996 0.024480769230769264
0 0.665 0.714326923076923 0.025397727272727266 0.03923076923076919
0 0.6863849431818182 0.3424134615384615 0.024218750000000015 0.048288461538461565
0 0.6919389204545454 0.3068076923076923 0.026576704545454518 0.0381153846153846
0 0.497421875 0.6905 0.023678977272727216 0.05219230769230766
