0 0.5702201704545455 0.023442307692307693 0.0391051136363636 0.0455
0 0.5208309659090908 0.13813461538461538 0.02262784090909092 0.029730769230769245
0 0.7569602272727273 0.44211538461538463 0.03088068181818183 0.026461538461538443
0 0.7743252840909091 0.42417307692307693 0.02546875000000001 0.042846153846153846
0 0.8151065340909092 0.42835576923076923 0.05609374999999999 0.05886538461538464
0 0.8287428977272727 0.4628365384615385 0.024190340909090932 0.03309615384615386
0 0.8189630681818182 0.4699807692307692 0.03139204545454544 0.04249999999999999
0 0.7952982954545454 0.4813076923076923 0.055056818181818186 0.06234615384615388
0 0.7662215909090909 0.5133557692307692 0.036022727272727255 0.0470192307692308
0 0.7767755681818183 0.5523653846153846 0.026761363636363642 0.03657692307692304
0 0.7906605113636364 0.53825 0.021093750000000033 0.03134615384615387
0 0.8067471590909091 0.5248461538461539 0.02701704545454545 0.04353846153846151
0 0.5391832386363635 0.1511346153846154 0.03532670454545455 0.04549999999999999
0 0.8301633522727273 0.5089903846153846 0.02546875000000001 0.03901923076923075
0 0.8520241477272728 0.5361634615384615 0.034218750000000006 0.042480769230769294
0 0.8633522727272727 0.5633269230769231 0.027528409090909086 0.06269230769230774
0 0.8027627840909091 0.56525 0.034474431818181835 0.042153846153846077
0 0.7702982954545454 0.5988846153846153 0.02960227272727273 0.05150000000000006
0 0.7747230113636363 0.6243365384615384 0.021178977272727308 0.025750000000000082
0 0.9146448863636364 0.636875 0.13301136363636365 0.20071153846153847
0 0.8987144886363636 0.666298076923077 0.02032670454545453 0.0306346153846154
0 0.8811860795454546 0.6731730769230769 0.02134943181818182 0.032692307692307694
0 0.8495454545454546 0.6721442307692307 0.01957386363636364 0.023750000000000045
0 0.4942471590909091 0.15625 0.02434659090909089 0.0380769230769231
0 0.8382315340909091 0.6879711538461538 0.019303977272727278 0.027173076923076914
0 0.8078622159090909 0.6986346153846154 0.025156250000000012 0.03130769230769236
0 0.7833309659090909 0.6915865384615385 0.0254119318181818 0.04405769230769225
0 0.8594744318181818 0.7308557692307691 0.040056818181818186 0.050173076923076876
0 0.8696377840909091 0.7254038461538461 0.019730113636363636 0.03196153846153847
0 0.8841335227272727 0.7148846153846155 0.024204545454545465 0.03196153846153847
0 0.9868394886363636 0.7615384615384615 0.026321022727272728 0.04292307692307702
0 0.7302556818181818 0.7629134615384616 0.01749999999999999 0.020942307692307774
0 0.7352130681818182 0.7421826923076923 0.018096590909090923 0.02605769230769222
0 0.7632173295454545 0.7483076923076923 0.026832386363636343 0.05330769230769236
0 0.3733451704545455 0.011134615384615387 0.02194602272727271 0.02180769230769231
0 0.7894602272727272 0.7565961538461538 0.03965909090909093 0.0667307692307692
0 0.8073934659090909 0.773576923076923 0.0247869318181818 0.03434615384615387
0 0.8281107954545455 0.7915480769230769 0.04696022727272726 0.04975000000000001
0 0.9780184659090909 0.8422788461538462 0.03646306818181818 0.039096153846153815
0 0.9708522727272727 0.9334807692307692 0.058295454545454546 0.13303846153846155
0 0.9917045454545454 0.9301346153846154 0.01659090909090909 0.08846153846153847
0 0.986768465909091 0.9830384615384615 0.02362215909090909 0.033923076923076896
0 0.9386434659090909 0.9155288461538462 0.05046875 0.08132692307692312
0 0.9242116477272727 0.9046634615384616 0.036747159090909094 0.0627884615384615
0 0.9049573863636364 0.8953942307692309 0.0303409090909091 0.04263461538461542
0 0.31212357954545455 0.009634615384615384 0.026406249999999964 0.019269230769230768
0 0.8675923295454545 0.8484807692307692 0.04671875 0.048346153846153817
0 0.8805468750000001 0.875375 0.027116477272727278 0.033403846153846166
0 0.8600710227272728 0.8907211538461539 0.045880681818181814 0.04736538461538461
0 0.8228196022727273 0.9059038461538461 0.029019886363636352 0.0649230769230769
0 0.8611008522727273 0.9319519230769231 0.027372159090909086 0.037326923076923015
0 0.8722159090909091 0.9555 0.03272727272727274 0.03149999999999999
0 0.8388707386363636 0.944076923076923 0.027372159090909086 0.04096153846153849
0 0.8096306818181819 0.9468076923076924 0.03227272727272727 0.05111538461538458
0 0.7861505681818182 0.9236057692307692 0.030255681818181793 0.045250000000000054
0 0.7671235795454545 0.8719519230769232 0.03856534090909092 0.041326923076923094
0 0.3050923295454545 0.029009615384615384 0.02194602272727271 0.03436538461538461
0 0.7050497159090909 0.7958269230769232 0.022769886363636364 0.03350000000000003
0 0.7091264204545454 0.8249423076923077 0.04498579545454548 0.03234615384615383
0 0.7293678977272728 0.8559615384615386 0.025866477272727284 0.035769230769230706
0 0.6991477272727273 0.8749903846153846 0.07281250000000003 0.09744230769230762
0 0.7044886363636363 0.9332307692307692 0.024460227272727272 0.037307692307692375
0 0.6956321022727272 0.9600673076923077 0.023622159090909086 0.02855769230769235
0 0.6999857954545454 0.9811923076923077 0.022215909090909113 0.02665384615384607
0 0.6818536931818182 0.9751057692307691 0.019673295454545447 0.031211538461538388
0 0.6884588068181818 0.9940192307692307 0.022769886363636364 0.011961538461538515
0 0.7108167613636365 0.9948942307692308 0.020809659090909097 0.00990384615384611
0 0.2839985795454546 0.009509615384615385 0.03328124999999993 0.01855769230769231
0 0.675674715909091 0.9412307692307692 0.023053977272727257 0.05099999999999996
0 0.6909872159090908 0.9240961538461538 0.012656249999999996 0.02053846153846155
0 0.6898721590909092 0.9166730769230769 0.029517045454545456 0.040730769230769244
0 0.6793181818181818 0.8875480769230769 0.021931818181818177 0.031211538461538388
0 0.6635795454545454 0.8991634615384615 0.030369318181818174 0.03236538461538469
0 0.5916051136363636 0.8818461538461538 0.03147727272727268 0.0601538461538461
0 0.6017329545454546 0.9437019230769231 0.024176136363636337 0.043019230769230775
0 0.6253480113636364 0.9377980769230768 0.025298295454545497 0.039596153846153795
0 0.6118465909090909 0.8500576923076922 0.02755681818181815 0.04757692307692298
0 0.6484019886363637 0.8628173076923076 0.033735795454545414 0.031211538461538388
0 0.28125710227272727 0.03621153846153846 0.035326704545454474 0.038538461538461535
0 0.632237215909091 0.8494903846153846 0.01995738636363638 0.03198076923076922
0 0.6527556818181819 0.8369326923076923 0.03738636363636363 0.027403846153846154
0 0.6462926136363636 0.812576923076923 0.030085227272727322 0.039576923076923044
0 0.6652627840909091 0.8009711538461538 0.025866477272727242 0.0460576923076924
0 0.6468536931818182 0.7705096153846153 0.03683238636363633 0.05367307692307697
0 0.5979332386363636 0.7674615384615385 0.03177556818181819 0.036153846153846175
0 0.6004616477272728 0.729971153846154 0.04526988636363637 0.04263461538461542
0 0.5795170454545455 0.7164615384615385 0.018551136363636367 0.029307692307692326
0 0.71953125 0.6683076923076923 0.026988636363636364 0.03653846153846154
0 0.7306321022727273 0.5704999999999999 0.025582386363636352 0.04415384615384611
0 0.38243607954545455 0.10539423076923077 0.07373579545454549 0.07940384615384617
0 0.7143252840909091 0.5746826923076923 0.028963068181818204 0.03198076923076922
0 0.6974573863636364 0.607798076923077 0.025028409090909098 0.02817307692307688
0 0.6909872159090908 0.5836250000000001 0.026150568181818178 0.03159615384615386
0 0.6794602272727273 0.5406153846153846 0.03008522727272728 0.036153846153846064
0 0.6673792613636365 0.456875 0.05876420454545455 0.04451923076923078
0 0.6707528409090909 0.5074903846153845 0.03514204545454547 0.056711538461538424
0 0.6433380681818182 0.5019807692307692 0.03375000000000003 0.04492307692307689
0 0.6166264204545455 0.4578269230769231 0.05342329545454543 0.057846153846153874
0 0.5824644886363637 0.5057884615384616 0.025582386363636352 0.03576923076923076
0 0.6156463068181818 0.5284326923076923 0.032883522727272775 0.04224999999999994
0 0.34796875000000005 0.06384615384615386 0.05968750000000005 0.07615384615384616
0 0.5674786931818181 0.5880576923076922 0.02938920454545454 0.03757692307692312
0 0.6136647727272727 0.5681538461538461 0.0373295454545455 0.056538461538461496
0 0.554403409090909 0.5559230769230769 0.028352272727272698 0.0386923076923077
0 0.5134872159090909 0.5638173076923076 0.030639204545454535 0.04455769230769223
0 0.5344034090909091 0.5444711538461539 0.024005681818181867 0.034365384615384624
0 0.5382883522727273 0.4920096153846154 0.021264204545454503 0.02971153846153844
0 0.5025071022727272 0.45455769230769233 0.06813920454545458 0.11203846153846152
0 0.45083806818181815 0.46013461538461536 0.05258522727272725 0.051999999999999984
0 0.4411221590909091 0.48350000000000004 0.03497159090909092 0.03373076923076922
0 0.40613636363636363 0.4065769230769231 0.024005681818181787 0.05076923076923078
0 0.5373011363636364 0.008701923076923078 0.03704545454545452 0.017403846153846155
0 0.31195312500000005 0.0847403846153846 0.04802556818181818 0.03528846153846154
0 0.4317471590909091 0.4407788461538461 0.019886363636363636 0.03436538461538457
0 0.384765625 0.40395192307692307 0.02285511363636368 0.05601923076923076
0 0.3889914772727273 0.4560961538461538 0.02857954545454546 0.032807692307692315
0 0.4262144886363637 0.18761538461538463 0.02291193181818181 0.05096153846153846
0 0.4152627840909091 0.21489423076923078 0.025184659090909035 0.030096153846153828
0 0.40306107954545456 0.1883846153846154 0.02478693181818188 0.03730769230769229
0 0.3918465909090909 0.21289423076923075 0.022443181818181834 0.03144230769230768
0 0.3734801136363637 0.22516346153846156 0.028551136363636397 0.03655769230769232
0 0.39063920454545453 0.2465673076923077 0.02815340909090908 0.03759615384615387
0 0.37000710227272726 0.26511538461538464 0.03316761363636367 0.04438461538461541
0 0.2862286931818182 0.0868269230769231 0.048707386363636314 0.06546153846153847
0 0.34203835227272716 0.25075 0.06828124999999999 0.14623076923076922
0 0.3188991477272727 0.2155 0.039730113636363674 0.044384615384615383
0 0.30482244318181817 0.24525961538461538 0.04166193181818179 0.046480769230769235
0 0.1451136363636365 0.04734615384615384 0.03105113636363638 0.03899999999999999
0 0.13855823863636363 0.013923076923076923 0.022400568181818157 0.027846153846153847
0 0.11166903409090911 0.012413461538461538 0.03200284090909087 0.024826923076923076
0 0.1219105113636364 0.04236538461538462 0.022400568181818157 0.0403076923076923
0 0.12088068181818168 0.6480384615384616 0.018977272727272745 0.032500000000000064
0 0.1368892045454545 0.642625 0.02446022727272731 0.039634615384615414
0 0.01401988636363638 0.8424326923076924 0.02125000000000005 0.02690384615384617
0 0.9943323863636364 0.3768076923076923 0.01125 0.04188461538461539
0 0.2697230113636363 0.9336346153846155 0.04848011363636355 0.06473076923076918
0 0.24146306818181817 0.8044423076923077 0.017784090909090885 0.024769230769230762
0 0.2934588068181818 0.8199519230769231 0.02958806818181816 0.03778846153846149
0 0.35633522727272726 0.8796634615384614 0.021846590909090902 0.0455192307692308
0 0.3813068181818182 0.8866538461538461 0.032897727272727224 0.048423076923076826
0 0.36522017045454547 0.836923076923077 0.034332386363636384 0.05038461538461536
0 0.3467329545454546 0.820173076923077 0.044886363636363585 0.046153846153846156
0 0.30267755681818176 0.7837692307692307 0.04225852272727273 0.053961538461538464
0 0.32536221590909087 0.7816634615384616 0.020411931818181826 0.05559615384615389
0 0.3389275568181819 0.7743461538461538 0.0220880681818182 0.06500000000000002
0 0.9760582386363637 0.3490192307692308 0.028110795454545454 0.07003846153846151
0 0.36401988636363636 0.7788942307692307 0.031448863636363615 0.044211538461538476
0 0.38730823863636354 0.7940096153846153 0.03529829545454541 0.0347884615384616
0 0.39379261363636364 0.7590673076923078 0.0208806818181818 0.024057692307692398
0 0.3277627840909091 0.7405384615384616 0.024730113636363592 0.03184615384615385
0 0.26582386363636357 0.6942211538461539 0.03769886363636366 0.04648076923076915
0 0.2876704545454545 0.7446057692307693 0.020397727272727293 0.030211538461538533
0 0.19751420454545443 0.6735769230769231 0.024005681818181787 0.03315384615384617
0 0.21144176136363635 0.6804038461538462 0.02160511363636369 0.05199999999999993
0 0.3333167613636363 0.7143365384615386 0.03103693181818177 0.043134615384615396
0 0.2895383522727273 0.6601634615384615 0.02708806818181817 0.046057692307692286
0 0.9957386363636364 0.5060288461538461 0.008437499999999999 0.04451923076923073
0 0.3161931818181819 0.6712115384615384 0.029687500000000047 0.04842307692307694
0 0.3378053977272727 0.6732115384615385 0.026036931818181876 0.04065384615384613
0 0.3617613636363637 0.6678076923076923 0.023607954545454553 0.050076923076923005
0 0.38224431818181825 0.6864903846153847 0.030909090909090896 0.0681730769230769
0 0.3322443181818181 0.6204903846153845 0.054403409090909106 0.08813461538461535
0 0.3211079545454546 0.5940480769230768 0.018238636363636408 0.028980769230769216
0 0.29130681818181825 0.6195096153846154 0.031534090909090894 0.03917307692307693
0 0.2923224431818182 0.5850288461538462 0.028934659090909098 0.03524999999999997
0 0.05172585227272719 0.6426153846153846 0.03211647727272729 0.03134615384615387
0 0.06402698863636369 0.6461442307692308 0.05035511363636354 0.06424999999999993
0 0.9857528409090909 0.4479807692307692 0.019403409090909093 0.02892307692307691
0 0.04768465909090902 0.6202884615384615 0.03269886363636377 0.036807692307692284
0 0.010213068181818219 0.6414423076923077 0.020255681818181968 0.029769230769230805
0 0.007705965909090895 0.6104999999999999 0.01541193181818185 0.036038461538461554
0 0.02409801136363643 0.6071634615384616 0.024872159090909077 0.0520961538461538
0 0.051583806818181865 0.5932596153846154 0.03183238636363632 0.02821153846153838
0 0.09166193181818183 0.5948269230769231 0.03269886363636361 0.056423076923076985
0 0.11379971590909088 0.5930576923076922 0.03992897727272729 0.07638461538461544
0 0.15227272727272734 0.607951923076923 0.023721590909090814 0.03878846153846157
0 0.1722372159090909 0.6244038461538463 0.035298295454545325 0.03642307692307692
0 0.07979403409090902 0.5280384615384616 0.030383522727272707 0.03876923076923082
0 0.9573579545454546 0.45388461538461533 0.041903409090909095 0.06126923076923074
0 0.06475142045454552 0.5252980769230768 0.018821022727272728 0.02936538461538469
0 0.2113210227272727 0.5969711538461537 0.025482954545454625 0.03686538461538465
0 0.17720880681818185 0.567625 0.07029829545454547 0.0836730769230769
0 0.13312500000000005 0.5267788461538461 0.04832386363636361 0.11144230769230767
0 0.17514914772727286 0.5208269230769231 0.03748579545454544 0.047192307692307735
0 0.16431107954545443 0.4972403846153846 0.01933238636363638 0.023788461538461547
0 0.18115767045454545 0.44291346153846156 0.030156250000000027 0.06186538461538465
0 0.20473011363636362 0.4787980769230769 0.016988636363636414 0.028942307692307715
0 0.2239204545454545 0.49010576923076926 0.03369318181818186 0.042826923076923096
0 0.22860795454545457 0.45876923076923076 0.033096590909091006 0.03411538461538463
0 0.9310724431818181 0.49899038461538464 0.04103693181818182 0.04186538461538464
0 0.42873579545454543 0.8244807692307693 0.01985795454545457 0.02569230769230772
0 0.45764204545454545 0.8417500000000001 0.029659090909090902 0.04415384615384611
0 0.4757244318181818 0.8132403846153846 0.02312500000000004 0.042557692307692296
0 0.4837357954545455 0.8686346153846154 0.04863636363636365 0.06984615384615395
0 0.5295454545454545 0.8457499999999999 0.06255681818181821 0.08911538461538457
0 0.5427414772727273 0.9318653846153846 0.0438920454545455 0.05980769230769235
0 0.5171306818181818 0.7901538461538461 0.020795454545454527 0.02699999999999993
0 0.558828125 0.7875480769230769 0.02916193181818186 0.03917307692307693
0 0.5041193181818182 0.7336538461538461 0.05181818181818176 0.07884615384615384
0 0.5502130681818183 0.7184134615384615 0.04323863636363636 0.08417307692307689
0 0.858955965909091 0.43047115384615386 0.03740056818181818 0.06775000000000003
0 0.5300284090909091 0.6889038461538461 0.022869318181818213 0.03192307692307686
0 0.5001917613636364 0.6985769230769231 0.023934659090909124 0.03580769230769232
0 0.40838068181818177 0.5367788461538462 0.034375000000000065 0.0538653846153846
0 0.44220880681818187 0.5605384615384615 0.041235795454545414 0.05142307692307694
0 0.44491477272727276 0.5176826923076923 0.02568181818181816 0.036250000000000046
0 0.4637286931818182 0.5220961538461538 0.01990056818181825 0.03819230769230772
0 0.48308238636363643 0.5338461538461539 0.023153409090909106 0.056807692307692344
0 0.49284801136363643 0.560048076923077 0.018082386363636307 0.029865384615384672
0 0.6368678977272727 0.8945961538461539 0.08208806818181821 0.075
0 0.9746164772727273 0.016153846153846154 0.049999999999999996 0.03230769230769231
0 0.8952272727272728 0.43409615384615385 0.04019886363636363 0.05519230769230773
0 0.9270525568181818 0.014980769230769232 0.02916193181818181 0.029961538461538463
0 0.9746235795454545 0.045932692307692306 0.033338068181818184 0.04136538461538461
0 0.7228551136363637 0.009509615384615385 0.03704545454545456 0.017634615384615384
0 0.7933380681818182 0.04758653846153846 0.05110795454545453 0.06313461538461539
0 0.7391406250000001 0.042249999999999996 0.049048295454545456 0.049692307692307695
0 0.09582386363636364 0.024384615384615387 0.03809659090909098 0.04592307692307693
0 0.08205965909090907 0.03717307692307692 0.03039772727272724 0.05069230769230769
0 0.10254971590909079 0.068375 0.03424715909090911 0.04290384615384616
0 0.008927556818181914 0.017884615384615388 0.01728693181818176 0.03553846153846154
0 0.004623579545454559 0.048875 0.009247159090909078 0.02990384615384615
0 0.5331818181818182 0.04294230769230769 0.04184659090909088 0.07988461538461539
0 0.9111150568181818 0.3927980769230769 0.03430397727272728 0.04186538461538458
0 0.015965909090909114 0.05298076923076924 0.024971590909090804 0.03380769230769231
0 0.19824573863636374 0.11061538461538462 0.03745738636363637 0.06065384615384617
0 0.2179332386363636 0.1515673076923077 0.029446022727272755 0.04201923076923076
0 0.1846448863636364 0.11927884615384615 0.03392045454545454 0.05459615384615385
0 0.025404829545454533 0.19381730769230768 0.031690340909090835 0.04940384615384615
0 0.03772727272727261 0.11170192307692307 0.048011363636363734 0.06282692307692309
0 0.08926136363636372 0.1715 0.05184659090909091 0.08796153846153845
0 0.12415482954545454 0.12774038461538462 0.01984375000000004 0.020365384615384608
0 0.16079545454545463 0.11581730769230768 0.018238636363636408 0.0268653846153846
0 0.1502414772727273 0.14398076923076925 0.032329545454545444 0.046807692307692314
0 0.9210866477272728 0.3528269230769231 0.03626420454545454 0.0464230769230769
0 0.15503551136363636 0.1524326923076923 0.0175994318181818 0.026442307692307692
0 0.16735795454545443 0.165 0.01792613636363637 0.03684615384615384
0 0.1380752840909092 0.1743173076923077 0.04191761363636362 0.07451923076923077
0 0.04413352272727267 0.21396153846153845 0.040965909090909136 0.0585
0 0.04045454545454552 0.2653173076923077 0.056647727272727266 0.09275000000000004
0 0.06189630681818192 0.25361538461538463 0.03231534090909091 0.0441923076923077
0 0.09214488636363638 0.23909615384615382 0.03136363636363626 0.05503846153846152
0 0.11470880681818185 0.2365 0.023991477272727414 0.03857692307692306
0 0.11774857954545448 0.2687884615384615 0.04098011363636367 0.04246153846153849
0 0.13007102272727267 0.28936538461538464 0.026562499999999902 0.03249999999999996
0 0.9088636363636364 0.30087499999999995 0.02417613636363637 0.06432692307692311
0 0.14031960227272722 0.31124999999999997 0.025923295454545456 0.0381153846153846
0 0.006704545454545463 0.4451538461538462 0.013409090909090987 0.04246153846153849
0 0.008146306818181848 0.3584807692307692 0.016292613636363674 0.0892692307692308
0 0.06941761363636367 0.3255480769230769 0.02241477272727269 0.0294807692307692
0 0.08365767045454542 0.3374711538461539 0.02080965909090906 0.02990384615384612
0 0.06701704545454557 0.35327884615384614 0.024005681818181787 0.032942307692307736
0 0.04973011363636359 0.3665 0.024005681818181947 0.03511538461538465
0 0.16015625 0.3686634615384615 0.01823863636363625 0.023826923076923107
0 0.1663991477272727 0.3472211538461539 0.021122159090909098 0.028596153846153854
0 0.1811292613636365 0.3587019230769231 0.021122159090909098 0.027288461538461536
0 0.9494886363636363 0.25062500000000004 0.04133522727272727 0.041480769230769245
0 0.18016335227272728 0.3311826923076923 0.029446022727272755 0.031211538461538495
0 0.20193181818181827 0.28698076923076926 0.03392045454545454 0.051999999999999984
0 0.2312215909090909 0.3067019230769231 0.034886363636363556 0.05763461538461538
0 0.3067471590909091 0.31536538461538466 0.05409090909090907 0.0636923076923077
0 0.27538352272727273 0.2523173076923077 0.04065340909090918 0.05805769230769233
0 0.29362926136363643 0.27939423076923076 0.03169034090909091 0.04463461538461534
0 0.33075994318181823 0.39379807692307695 0.03680397727272731 0.06371153846153846
0 0.2955468750000001 0.37429807692307693 0.0521732954545454 0.05674999999999998
0 0.3053125 0.4202307692307692 0.02687499999999994 0.04030769230769232
0 0.2088139204545455 0.41156730769230765 0.031690340909090835 0.051557692307692256
0 0.9246022727272727 0.27403846153846156 0.024744318181818183 0.04111538461538461
0 0.20193181818181816 0.42391346153846154 0.028806818181818142 0.04332692307692308
0 0.2361789772727273 0.40766346153846156 0.026250000000000027 0.029019230769230776
0 0.26226562499999995 0.4148173076923077 0.024644886363636317 0.03378846153846158
0 0.24417613636363644 0.43236538461538465 0.024971590909090968 0.03161538461538461
0 0.28210227272727273 0.44232692307692306 0.022727272727272728 0.03076923076923077
0 0.3035511363636364 0.47375000000000006 0.03167613636363638 0.04334615384615383
0 0.275390625 0.46898076923076926 0.03424715909090903 0.040730769230769244
0 0.17650568181818183 0.9952307692307691 0.023039772727272766 0.009538461538461608
0 0.1973082386363636 0.9902500000000001 0.021122159090909098 0.019499999999999972
0 0.1950710227272726 0.9698846153846155 0.02687499999999994 0.03076923076923088
0 0.913359375 0.23541346153846154 0.023622159090909093 0.07878846153846153
0 0.09058948863636362 0.984125 0.02103693181818174 0.03174999999999998
0 0.07676136363636354 0.9798461538461538 0.018522727272727222 0.027538461538461415
0 0.06795454545454549 0.9825769230769231 0.028352272727272778 0.03484615384615385
0 0.07858664772727275 0.9518365384615386 0.024474431818181843 0.030942307692307644
0 0.07115767045454546 0.9301634615384615 0.02376420454545457 0.03590384615384608
0 0.02737926136363633 0.9543173076923077 0.032230113636363716 0.03528846153846158
0 0.011484375000000102 0.9196538461538462 0.022400568181818157 0.05323076923076924
0 0.11471590909090912 0.8863749999999999 0.029034090909090985 0.034980769230769225
0 0.1320809659090909 0.8665673076923077 0.026292613636363624 0.034365384615384624
0 0.12397017045454561 0.8263269230769232 0.03430397727272724 0.05107692307692308
0 0.9201065340909091 0.17564423076923077 0.027542613636363636 0.044519230769230755
0 0.15746448863636364 0.8623846153846154 0.03498579545454545 0.0637692307692307
0 0.18158380681818187 0.8563557692307693 0.02285511363636368 0.030019230769230795
0 0.1874147727272728 0.83375 0.024005681818181787 0.03249999999999996
0 0.1611221590909092 0.8238461538461538 0.029943181818181876 0.032500000000000064
0 0.15643465909090903 0.7984615384615384 0.035653409090908965 0.045499999999999936
0 0.10727982954545456 0.78175 0.03200284090909087 0.052923076923076885
0 0.0861292613636363 0.7669038461538461 0.02765625000000004 0.027538461538461526
0 0.04349431818181815 0.8020288461538461 0.02605113636363625 0.03713461538461539
0 0.053210227272727284 0.7669038461538461 0.029943181818181876 0.03311538461538456
0 0.022350852272727262 0.7504903846153846 0.02583806818181826 0.03744230769230775
0 0.8936789772727273 0.15984615384615386 0.04215909090909091 0.04415384615384614
0 0.06955965909090911 0.7500288461538461 0.022869318181818213 0.030942307692307644
0 0.08224431818181832 0.7317596153846153 0.024005681818181787 0.029096153846153838
0 0.07070312500000009 0.7101057692307692 0.02285511363636368 0.03528846153846158
0 0.06120738636363621 0.7182980769230769 0.01943181818181811 0.02382692307692305
0 0.04749289772727261 0.7257307692307692 0.04228693181818195 0.05603846153846151
0 0.10408380681818175 0.719076923076923 0.041605113636363586 0.04580769230769229
0 0.10476562499999997 0.7472403846153846 0.03245738636363624 0.023519230769230803
0 0.1343749999999999 0.7507980769230769 0.029943181818181876 0.04982692307692312
0 0.12431107954545473 0.6895192307692308 0.05555397727272729 0.05788461538461543
0 0.17289062500000008 0.7003557692307693 0.03200284090909087 0.05663461538461547
0 0.9178551136363636 0.13339423076923076 0.024744318181818194 0.0384423076923077
0 0.192784090909091 0.7037596153846155 0.024687499999999994 0.037442307692307636
0 0.16181107954545448 0.6579519230769231 0.036803977272727224 0.036826923076923035
0 0.8953622159090909 0.11875 0.04441761363636363 0.03653846153846154
0 0.5139701704545454 0.04805769230769231 0.020582386363636376 0.03807692307692308
0 0.8963494318181818 0.08297115384615383 0.02670454545454546 0.042634615384615375
0 0.8761079545454545 0.08733653846153847 0.023892045454545444 0.034634615384615396
0 0.8512286931818182 0.10884615384615384 0.03316761363636363 0.03807692307692307
0 0.8437784090909091 0.08239423076923076 0.03457386363636364 0.0384423076923077
0 0.7680042613636364 0.10199999999999998 0.02643465909090907 0.043384615384615376
0 0.8037073863636364 0.1069423076923077 0.026988636363636364 0.038076923076923085
0 0.8188920454545454 0.115125 0.0331818181818182 0.05063461538461538
0 0.8375923295454546 0.14139423076923077 0.025014204545454544 0.039211538461538464
0 0.82296875 0.153 0.02446022727272729 0.04492307692307692
0 0.8061079545454546 0.18001923076923076 0.032329545454545444 0.07992307692307693
0 0.48756392045454544 0.03992307692307692 0.03842329545454539 0.048769230769230766
0 0.7926136363636364 0.20057692307692307 0.021647727272727287 0.02434615384615384
0 0.7940127840909091 0.17602884615384615 0.029531249999999988 0.030826923076923078
0 0.7543678977272728 0.14081730769230769 0.03401988636363639 0.04263461538461539
0 0.7808025568181818 0.15261538461538462 0.02782670454545455 0.04796153846153846
0 0.7654758522727273 0.1916346153846154 0.02867897727272727 0.043
0 0.8014630681818182 0.21713461538461537 0.022500000000000006 0.028538461538461544
0 0.8519247159090909 0.2165673076923077 0.09586647727272729 0.12178846153846154
0 0.7501562500000001 0.30068269230769235 0.03346590909090905 0.062403846153846185
0 0.7181036931818182 0.3050576923076923 0.03007102272727271 0.040730769230769244
0 0.7330042613636363 0.34122115384615387 0.03907670454545453 0.04528846153846156
0 0.5235795454545455 0.11932692307692308 0.02332386363636366 0.0301923076923077
0 0.6926633522727272 0.1360576923076923 0.031491477272727254 0.039961538461538465
0 0.6991264204545455 0.16822115384615383 0.034872159090909106 0.03882692307692307
0 0.6885795454545454 0.15604807692307693 0.019403409090909086 0.021326923076923084
0 0.6658096590909091 0.15908653846153845 0.03738636363636363 0.06851923076923079
0 0.6281321022727273 0.11474038461538462 0.022769886363636364 0.03159615384615383
0 0.6551278409090909 0.13092307692307692 0.01883522727272726 0.025884615384615388
0 0.6396590909090909 0.14728846153846153 0.01883522727272726 0.029692307692307688
0 0.6222301136363637 0.15527884615384616 0.035710227272727255 0.04871153846153846
0 0.582734375 0.1535673076923077 0.03430397727272724 0.0300576923076923
0 0.5868039772727274 0.17754807692307692 0.029517045454545417 0.028557692307692298
0 0.4961363636363636 0.11352884615384615 0.03292613636363637 0.04271153846153846
0 0.6111292613636363 0.17507692307692307 0.022485795454545432 0.028153846153846154
0 0.6157670454545454 0.18629807692307693 0.023323863636363577 0.02321153846153845
0 0.6258877840909092 0.20096153846153847 0.017713068181818222 0.030461538461538467
0 0.5842755681818183 0.2257019230769231 0.034573863636363604 0.03728846153846154
0 0.6057883522727273 0.20951923076923076 0.02473011363636367 0.03234615384615383
0 0.6287002840909091 0.2289326923076923 0.02953125000000003 0.03921153846153849
0 0.6604758522727273 0.21351923076923077 0.05819602272727273 0.06623076923076923
0 0.6949076704545454 0.24682692307692305 0.02529829545454546 0.033115384615384644
0 0.6547088068181819 0.2717596153846154 0.06410511363636359 0.06775
0 0.6412144886363635 0.2919326923076923 0.02867897727272727 0.03882692307692307
0 0.48344460227272734 0.13580769230769232 0.03978693181818189 0.04365384615384615
0 0.673125 0.3003076923076923 0.029517045454545456 0.04111538461538461
0 0.6771946022727273 0.33665384615384614 0.06410511363636363 0.048346153846153817
0 0.6735369318181819 0.3671057692307692 0.040482954545454544 0.04528846153846151
0 0.5495596590909091 0.3054423076923077 0.020795454545454527 0.02930769230769227
0 0.3897230113636364 0.33836538461538457 0.03907670454545453 0.0639615384615385
0 0.3769318181818182 0.343125 0.0331818181818182 0.06509615384615383
0 0.42276278409090906 0.33665384615384614 0.017428977272727245 0.026269230769230763
0 0.4784303977272727 0.35034615384615386 0.0230539772727273 0.033115384615384616
0 0.4846732954545455 0.40062499999999995 0.0244034090909091 0.03624999999999999
0 0.4653409090909091 0.4166057692307692 0.025397727272727266 0.04244230769230768
0 0.5112286931818182 0.15369230769230768 0.02262784090909092 0.05246153846153846
0 0.6261505681818182 0.38530769230769235 0.024488636363636376 0.045153846153846135
0 0.6389843749999999 0.418625 0.031491477272727296 0.04105769230769235
0 0.6032883522727273 0.39130769230769236 0.03055397727272734 0.04769230769230766
0 0.6151846590909091 0.42100000000000004 0.024488636363636296 0.02811538461538457
0 0.6860866477272727 0.4139038461538462 0.07126420454545457 0.05642307692307693
0 0.7281463068181818 0.39857692307692305 0.030866477272727257 0.03484615384615385
0 0.7356036931818182 0.3729711538461538 0.02521306818181818 0.028211538461538437
0 0.7862926136363637 0.3905673076923077 0.023664772727272722 0.036211538461538434
0 0.7610795454545455 0.3900384615384615 0.027272727272727296 0.0491153846153846
0 0.7475710227272727 0.4179038461538462 0.02803977272727274 0.04423076923076923
