0 0.07954545454545459 0.05825961538461539 0.015909090909090973 0.03209615384615385
0 0.8501633522727272 0.6248749999999998 0.036633522727272716 0.040749999999999995
0 0.07396306818181808 0.08700961538461538 0.0222727272727272 0.035096153846153846
0 0.011903409090909034 0.03438461538461539 0.023636363636363778 0.040615384615384616
0 0.691299715909091 0.9182211538461539 0.026292613636363663 0.04448076923076922
0 0.39625710227272726 0.46252884615384615 0.03532670454545455 0.04605769230769234
0 0.6917684659090909 0.9601634615384614 0.025355113636363627 0.041942307692307695
0 0.06897017045454557 0.18243269230769232 0.018764204545454435 0.039403846153846143
0 0.6959943181818182 0.8743846153846153 0.04505681818181818 0.05084615384615384
0 0.15720880681818172 0.087125 0.031917613636363515 0.03686538461538462
0 0.90578125 0.9226730769230769 0.04599431818181818 0.0381153846153846
0 0.2046093750000001 0.9641923076923077 0.03098011363636372 0.06607692307692299
0 0.7615056818181818 0.048538461538461544 0.022897727272727278 0.028346153846153844
0 0.519765625 0.05650961538461538 0.032713068181818225 0.04959615384615385
0 0.1584446022727274 0.3680865384615384 0.03521306818181829 0.04813461538461539
0 0.04753551136363621 0.5648269230769232 0.0484232954545455 0.02746153846153852
0 0.21928267045454541 0.7080288461538462 0.06083806818181808 0.04163461538461534
0 0.11558238636363638 0.551548076923077 0.03926136363636378 0.0752884615384615
0 0.8100426136363637 0.5725769230769231 0.042244318181818175 0.06226923076923076
0 0.20128551136363637 0.3916634615384616 0.057571022727272686 0.09390384615384617
0 0.3187286931818182 0.2939326923076923 0.030752840909090876 0.05490384615384618
0 0.9198650568181819 0.8820096153846153 0.03473011363636364 0.04575000000000004
0 0.36191761363636354 0.5205384615384615 0.04252840909090909 0.054038461538461584
0 0.207890625 0.17226923076923079 0.045042613636363686 0.05465384615384616
0 0.4587428977272727 0.4414134615384615 0.033366477272727284 0.08236538461538459
0 0.5855113636363637 0.2531538461538461 0.06738636363636363 0.05138461538461538
0 0.8537571022727273 0.6722692307692307 0.03467329545454545 0.059346153846153875
0 0.9623650568181819 0.8110384615384616 0.07524147727272727 0.057576923076923074
0 0.43813210227272725 0.4573557692307692 0.02879261363636361 0.0345576923076923
0 0.3736860795454545 0.5640865384615386 0.03467329545454541 0.046057692307692286
0 0.4684303977272727 0.1592596153846154 0.07086647727272734 0.060634615384615384
0 0.9545170454545454 0.41376923076923083 0.06607954545454546 0.06376923076923076
0 0.9339417613636364 0.9029807692307692 0.03098011363636363 0.0673461538461538
0 0.1867684659090909 0.08140384615384615 0.029105113636363648 0.043192307692307697
0 0.4536789772727272 0.8692115384615384 0.044488636363636355 0.05226923076923078
0 0.10968750000000005 0.2469903846153846 0.04448863636363643 0.07263461538461538
0 0.1392258522727272 0.3984807692307692 0.03771306818181812 0.06126923076923074
0 0.6302059659090908 0.7122788461538462 0.043593749999999994 0.044826923076923084
0 0.06803267045454542 0.024182692307692308 0.031917613636363674 0.048365384615384616
0 0.7973650568181818 0.622125 0.030042613636363603 0.049557692307692275
0 0.8039204545454546 0.8857884615384616 0.04806818181818182 0.043615384615384625
0 0.28392045454545456 0.3643653846153846 0.07321022727272722 0.06353846153846157
0 0.19736505681818173 0.453375 0.061491477272727385 0.06201923076923077
0 0.83609375 0.4009230769230769 0.028125000000000015 0.03100000000000001
0 0.17577414772727273 0.5342692307692308 0.04055397727272721 0.06023076923076922
0 0.8252982954545455 0.6470288461538461 0.0353409090909091 0.0336730769230769
0 0.13608664772727286 0.05153846153846154 0.03660511363636377 0.06226923076923077
0 0.5408522727272727 0.2864038461538462 0.07721590909090911 0.08415384615384616
0 0.026178977272727333 0.02728846153846154 0.05235795454545456 0.05457692307692308
0 0.8688068181818182 0.5850192307692308 0.030738636363636364 0.05669230769230762
0 0.29377840909090913 0.0528173076923077 0.051619318181818225 0.05463461538461539
0 0.6928125 0.055624999999999994 0.038607954545454556 0.06732692307692308
0 0.2740625000000001 0.1398653846153846 0.04224431818181811 0.06353846153846154
0 0.2538849431818181 0.9006442307692308 0.016889204545454527 0.05590384615384614
0 0.5309161931818182 0.20351923076923079 0.03524147727272728 0.03446153846153847
0 0.24544034090909084 0.14875961538461538 0.04505681818181822 0.07117307692307692
0 0.8776207386363637 0.9213942307692308 0.05350852272727273 0.04574999999999993
0 0.7579403409090909 0.5738365384615385 0.02815340909090908 0.041942307692307695
0 0.7369744318181818 0.04189423076923077 0.06411931818181821 0.06998076923076924
0 0.7392613636363636 0.31234615384615383 0.04122159090909088 0.057576923076923074
0 0.17414062500000005 0.40007692307692305 0.030752840909090876 0.05226923076923078
0 0.10329545454545463 0.1675096153846154 0.02562499999999995 0.04578846153846154
0 0.8142613636363636 0.9328365384615386 0.0413068181818182 0.05590384615384614
0 0.4243892045454545 0.45160576923076917 0.02616477272727275 0.015942307692307676
0 0.37484375000000003 0.9617692307692308 0.04122159090909088 0.05492307692307693
0 0.9803480113636364 0.32539423076923074 0.039303977272727275 0.07371153846153848
0 0.5137002840909091 0.33689423076923075 0.07001420454545458 0.06467307692307692
0 0.2973082386363637 0.8351057692307692 0.060184659090909094 0.08324999999999994
0 0.6643465909090909 0.042346153846153846 0.04579545454545452 0.05669230769230769
0 0.4651278409090909 0.828903846153846 0.04122159090909088 0.06023076923076922
0 0.7255255681818182 0.40447115384615384 0.025511363636363648 0.0327884615384615
0 0.7540056818181818 0.8686346153846154 0.03696022727272729 0.050769230769230726
0 0.32330965909090914 0.39401923076923073 0.04644886363636362 0.056692307692307674
0 0.23839488636363637 0.9889711538461539 0.042244318181818195 0.02159615384615388
0 0.20390624999999996 0.6672788461538461 0.048409090909090964 0.0752884615384615
0 0.8292826704545455 0.6051826923076923 0.07134943181818185 0.08767307692307698
0 0.5029048295454546 0.10611538461538461 0.03240056818181818 0.03938461538461539
0 0.13357244318181816 0.5175961538461538 0.024218749999999935 0.03100000000000001
0 0.0716406249999999 0.1456826923076923 0.03276988636363643 0.03863461538461539
0 0.8243181818181818 0.6784711538461539 0.0412215909090909 0.05578846153846152
0 0.9784730113636364 0.7430673076923077 0.04305397727272727 0.08132692307692312
0 0.9653053977272728 0.18568269230769233 0.032713068181818176 0.04340384615384617
0 0.6470099431818181 0.45259615384615387 0.033366477272727284 0.08415384615384619
0 0.05571022727272734 0.3143076923076923 0.06607954545454543 0.028346153846153865
0 0.8805823863636364 0.13076923076923078 0.028124999999999997 0.06465384615384616
0 0.18864346590909098 0.03375 0.05725852272727281 0.06226923076923077
0 0.8848366477272727 0.09001923076923077 0.05234375 0.05403846153846154
0 0.4392826704545455 0.10906730769230769 0.05626420454545456 0.06025
0 0.19522017045454543 0.8803173076923076 0.03473011363636354 0.08132692307692312
0 0.2186860795454545 0.12524038461538461 0.02157670454545446 0.049557692307692316
0 0.031896306818181674 0.18815384615384617 0.05913352272727272 0.06861538461538463
0 0.6994957386363636 0.6935576923076923 0.03271306818181818 0.04111538461538461
0 0.6651420454545454 0.7141826923076923 0.0397159090909091 0.045442307692307685
0 0.4821377840909091 0.07290384615384615 0.05169034090909089 0.06111538461538461
0 0.43012784090909095 0.8878076923076923 0.04710227272727268 0.06819230769230765
0 0.21176136363636355 0.5813653846153847 0.039261363636363615 0.05226923076923067
0 0.09337357954545455 0.02930769230769231 0.031917613636363674 0.05846153846153847
0 0.8756818181818182 0.04278846153846154 0.044488636363636376 0.0558076923076923
0 0.5186079545454545 0.537375 0.024857954545454544 0.03455769230769236
0 0.36453125 0.4262115384615385 0.045142045454545414 0.05315384615384613
0 0.23792613636363635 0.8542596153846155 0.030028409090909234 0.054634615384615434
0 0.38295454545454544 0.39486538461538456 0.027215909090909127 0.038115384615384655
0 0.3012926136363636 0.991625 0.047869318181818166 0.01674999999999996
0 0.9283096590909091 0.0610673076923077 0.06289772727272727 0.04321153846153847
0 0.7134232954545454 0.38941346153846157 0.022244318181818216 0.04871153846153843
0 0.9531889204545455 0.7703846153846154 0.03941761363636364 0.03176923076923084
0 0.47462357954545453 0.12519230769230769 0.030326704545454577 0.04265384615384615
0 0.17832386363636354 0.17734615384615385 0.029090909090909115 0.06734615384615386
0 0.735887784090909 0.5846442307692308 0.04223011363636366 0.07878846153846158
0 0.5075355113636364 0.19777884615384614 0.0297017045454545 0.05578846153846152
0 0.9804048295454545 0.7780192307692307 0.03566761363636364 0.026692307692307682
0 0.12012784090909079 0.056625 0.030965909090909186 0.0800576923076923
0 0.3998579545454546 0.4170576923076923 0.03468749999999994 0.05138461538461538
0 0.9319460227272727 0.35442307692307695 0.027471590909090904 0.08326923076923073
0 0.7463494318181818 0.9615865384615384 0.0322159090909091 0.04217307692307694
0 0.2928409090909091 0.9502115384615385 0.036619318181818225 0.030500000000000027
0 0.06850142045454533 0.23517307692307693 0.05350852272727267 0.09403846153846154
0 0.6437357954545455 0.5048653846153845 0.04252840909090905 0.09123076923076923
0 0.3562002840909091 0.2836730769230769 0.037542613636363645 0.04192307692307689
0 0.08771306818181823 0.17933653846153846 0.025312499999999908 0.054826923076923086
0 0.7062642045454546 0.740375 0.02477272727272727 0.029750000000000054
0 0.7297869318181818 0.8762884615384614 0.030028409090909113 0.054653846153846185
0 0.7748366477272728 0.5954423076923077 0.030042613636363645 0.036846153846153785
0 0.9494318181818182 0.33513461538461536 0.04130681818181819 0.06692307692307689
0 0.09824573863636354 0.06916346153846155 0.02461647727272733 0.05355769230769231
0 0.6780894886363636 0.5035384615384616 0.03663352272727276 0.05846153846153853
0 0.12245028409090897 0.6162019230769231 0.049076704545454646 0.0788269230769231
0 0.5225355113636363 0.08921153846153847 0.0283096590909091 0.022307692307692296
0 0.26889914772727286 0.03947115384615384 0.03754261363636357 0.05590384615384615
0 0.9883806818181818 0.3762307692307692 0.02159090909090909 0.058461538461538474
0 0.1970951704545455 0.13477884615384617 0.03098011363636356 0.033057692307692316
0 0.8841903409090909 0.6325096153846154 0.04036931818181819 0.07117307692307702
0 0.7809446022727273 0.9766826923076923 0.07791193181818179 0.04448076923076933
0 0.5572088068181817 0.5444615384615384 0.02225852272727275 0.032769230769230696
0 0.05604403409090897 0.3404423076923077 0.06936079545454552 0.0345384615384615
0 0.6335653409090909 0.9283942307692308 0.04599431818181821 0.054634615384615434
0 0.2820454545454546 0.3078173076923077 0.06383522727272718 0.07244230769230772
0 0.8992116477272727 0.10364423076923077 0.036605113636363644 0.036865384615384605
0 0.08941051136363631 0.5798942307692307 0.03532670454545455 0.03632692307692305
0 0.9342329545454545 0.7530192307692307 0.05036931818181818 0.08149999999999999
0 0.5420028409090909 0.03909615384615384 0.04318181818181815 0.06376923076923076
0 0.16002130681818183 0.04582692307692307 0.026292613636363624 0.061
0 0.6849644886363636 0.011423076923076925 0.05038352272727273 0.02284615384615385
0 0.290965909090909 0.09983653846153846 0.04599431818181818 0.0724423076923077
0 0.830859375 0.4248461538461539 0.026832386363636385 0.030999999999999955
0 0.20225852272727274 0.8599807692307693 0.04693181818181813 0.05846153846153842
0 0.6279403409090909 0.8654903846153846 0.03849431818181821 0.05336538461538461
0 0.2548224431818181 0.07250961538461538 0.03754261363636373 0.03813461538461538
0 0.29753551136363643 0.9730769230769231 0.03660511363636369 0.030499999999999916
0 0.08450284090909088 0.6441057692307692 0.05954545454545465 0.05136538461538469
0 0.5153338068181817 0.3949134615384616 0.05757102272727277 0.06732692307692312
0 0.4037357954545455 0.5210961538461539 0.01937499999999998 0.02573076923076933
0 0.4214488636363637 0.37675 0.05298295454545456 0.08592307692307694
0 0.7255610795454546 0.8889999999999999 0.02910511363636361 0.036846153846153896
0 0.49494318181818187 0.14672115384615386 0.031164772727272725 0.03798076923076923
0 0.5902414772727272 0.6984615384615385 0.03775568181818179 0.057038461538461475
0 0.6697088068181818 0.937923076923077 0.03379261363636363 0.0381153846153846
0 0.7368252840909091 0.5509615384615385 0.03098011363636364 0.05973076923076913
0 0.6512713068181819 0.3482307692307692 0.0549573863636364 0.058461538461538474
0 0.42194602272727266 0.8240384615384615 0.050369318181818154 0.059346153846153875
0 0.6575142045454545 0.9010673076923077 0.04505681818181822 0.048288461538461565
0 0.7067897727272727 0.9061538461538461 0.021590909090909115 0.030500000000000027
0 0.6255965909090909 0.9740480769230769 0.04318181818181815 0.05190384615384617
0 0.06356534090909094 0.5918461538461538 0.026818181818181974 0.030115384615384554
0 0.2317116477272727 0.66375 0.04776988636363652 0.059346153846153764
0 0.0841761363636363 0.5448942307692308 0.028778409090909077 0.044288461538461596
0 0.010994318181818175 0.1319423076923077 0.020909090909090947 0.057230769230769224
0 0.8776207386363637 0.8928076923076923 0.05163352272727272 0.041923076923076945
0 0.573409090909091 0.01983653846153846 0.08113636363636365 0.03967307692307692
0 0.2782883522727273 0.9038173076923077 0.050696022727272645 0.0800576923076923
0 0.13973011363636367 0.3499903846153846 0.01659090909090918 0.019749999999999965
0 0.15016335227272715 0.20721153846153847 0.03098011363636372 0.07115384615384615
0 0.19897017045454557 0.914625 0.03848011363636368 0.06098076923076919
0 0.5612002840909092 0.2165576923076923 0.03129261363636368 0.04746153846153847
0 0.4276633522727272 0.4281346153846154 0.03140625000000002 0.03276923076923075
0 0.6096306818181818 0.072875 0.040312499999999994 0.04271153846153846
0 0.7546377840909091 0.5203557692307693 0.04842329545454546 0.04959615384615389
0 0.2721875 0.9387692307692307 0.023465909090909065 0.0279615384615385
0 0.9623650568181819 0.17461538461538462 0.056917613636363634 0.07796153846153844
0 0.4145809659090909 0.48599999999999993 0.02617897727272728 0.05403846153846153
0 0.967734375 0.39211538461538464 0.05538352272727273 0.06226923076923076
0 0.24872159090909096 0.10427884615384615 0.042244318181818195 0.03813461538461538
0 0.1970951704545455 0.10491346153846154 0.03098011363636356 0.03686538461538462
0 0.4769034090909091 0.19424999999999998 0.028125000000000015 0.06819230769230768
0 0.9648579545454545 0.8953461538461538 0.07028409090909091 0.12834615384615386
0 0.8790340909090909 0.9449038461538461 0.06758522727272728 0.03176923076923084
0 0.23745738636363645 0.03501923076923076 0.053494318181818136 0.06734615384615383
0 0.7645170454545455 0.6240288461538461 0.03943181818181817 0.04574999999999993
0 0.6689275568181818 0.52125 0.030099431818181813 0.06200000000000002
0 0.6178977272727273 0.21176923076923077 0.04045454545454548 0.033153846153846145
0 0.5685014204545455 0.9901153846153846 0.037286931818181816 0.019499999999999865
0 0.6598579545454546 0.9620673076923076 0.042244318181818195 0.05336538461538461
0 0.21915482954545462 0.07504807692307693 0.03754261363636357 0.05336538461538461
0 0.461796875 0.008509615384615385 0.03098011363636364 0.01701923076923077
0 0.7150710227272727 0.9533653846153847 0.03815340909090911 0.0791923076923077
0 0.4456605113636364 0.49574038461538467 0.05038352272727276 0.05578846153846158
0 0.7291193181818182 0.021615384615384616 0.06542613636363637 0.04323076923076923
0 0.12810369318181813 0.24343269230769232 0.031917613636363515 0.07751923076923077
0 0.03333096590909079 0.14923076923076922 0.049531250000000006 0.027461538461538464
0 0.6319673295454544 0.29286538461538464 0.0713210227272727 0.05934615384615382
0 0.16366477272727276 0.41868269230769234 0.021590909090909157 0.05048076923076923
0 0.0625852272727272 0.5276346153846154 0.056278409090909094 0.054038461538461584
0 0.9240909090909091 0.12016346153846154 0.06758522727272728 0.08513461538461539
