0 0.11647727272727271 0.18386538461538462 0.03289772727272739 0.04549999999999999
0 0.7046732954545454 0.3014519230769231 0.03767045454545452 0.04209615384615382
0 0.7493536931818182 0.06294230769230769 0.026321022727272728 0.03376923076923077
0 0.6591548295454546 0.3039326923076923 0.028707386363636376 0.03886538461538463
0 0.2773650568181818 0.1286923076923077 0.029673295454545355 0.04373076923076925
0 0.07434659090909079 0.20822115384615386 0.02548295454545446 0.07201923076923078
0 0.5259446022727272 0.3305480769230769 0.024360795454545423 0.03048076923076922
0 0.32629261363636364 0.6149711538461538 0.03150568181818183 0.045250000000000054
0 0.4437642045454545 0.9931249999999999 0.026249999999999944 0.013749999999999957
0 0.6242329545454546 0.1526057692307692 0.03323863636363637 0.04794230769230768
0 0.24605823863636367 0.29178846153846155 0.021633522727272755 0.029000000000000026
0 0.4186150568181818 0.7238269230769231 0.02595170454545452 0.0386538461538462
0 0.41712357954545454 0.6625480769230769 0.02487215909090916 0.03632692307692316
0 0.34394886363636357 0.7200096153846154 0.04056818181818182 0.04836538461538468
0 0.24578124999999995 0.31041346153846155 0.018551136363636287 0.030249999999999982
0 0.007997159090909034 0.050923076923076925 0.01599431818181817 0.02273076923076923
0 0.4224715909090909 0.33975000000000005 0.02857954545454546 0.03923076923076924
0 0.9257315340909091 0.12683653846153845 0.02424715909090909 0.03513461538461539
0 0.2993181818181818 0.4332211538461538 0.029517045454545497 0.038173076923076914
0 0.178309659090909 0.2856442307692308 0.04653409090909089 0.0854423076923077
0 0.1835511363636364 0.68525 0.07616477272727273 0.1006153846153846
0 0.6735724431818182 0.8060480769230769 0.0292755681818182 0.04167307692307695
0 0.7288352272727272 0.973971153846154 0.040852272727272716 0.033711538461538515
0 0.15276278409090915 0.5582307692307692 0.03737215909090918 0.04326923076923077
0 0.30062500000000003 0.22832692307692307 0.02392045454545451 0.03180769230769232
0 0.03953124999999991 0.676701923076923 0.02434659090909089 0.04590384615384616
0 0.07714488636363626 0.9421153846153846 0.02264204545454537 0.02892307692307696
0 0.8842116477272728 0.8902211538461537 0.03171875000000002 0.04678846153846151
0 0.2119460227272728 0.0630673076923077 0.009460227272727228 0.012865384615384617
0 0.4081107954545454 0.9850000000000001 0.02639204545454551 0.030000000000000044
0 0.0623508522727273 0.8196923076923077 0.035298295454545485 0.043000000000000024
0 0.016718750000000004 0.19874999999999998 0.033437499999999946 0.058769230769230775
0 0.2625142045454545 0.3099326923076923 0.01943181818181811 0.023596153846153867
0 0.16140624999999997 0.9586826923076923 0.02235795454545456 0.044249999999999984
0 0.7228835227272727 0.9075 0.025596590909090885 0.03303846153846155
0 0.9005894886363637 0.3956153846153846 0.02975852272727272 0.04111538461538461
0 0.253046875 0.003961538461538461 0.025866477272727326 0.006999999999999999
0 0.51046875 0.34500000000000003 0.02000000000000006 0.01957692307692309
0 0.27956676136363645 0.46333653846153844 0.029105113636363568 0.05736538461538458
0 0.2068821022727273 0.6295288461538462 0.029446022727272755 0.038288461538461584
0 0.26744318181818183 0.7594711538461538 0.043380681818181846 0.054134615384615344
0 0.9854048295454545 0.9020865384615385 0.02919034090909091 0.04213461538461543
0 0.4150923295454546 0.38077884615384616 0.03086647727272722 0.03863461538461539
0 0.02231534090909093 0.25498076923076923 0.02573863636363637 0.03780769230769227
0 0.17610795454545458 0.13251923076923075 0.12528409090909098 0.1601923076923077
0 0.7347656250000001 0.3328461538461538 0.02600852272727273 0.03157692307692305
0 0.47305397727272724 0.8437980769230768 0.03954545454545451 0.04690384615384624
0 0.6607954545454545 0.2645096153846154 0.03147727272727272 0.041596153846153866
0 0.6918323863636364 0.8262019230769231 0.03181818181818183 0.04332692307692303
0 0.20463778409090916 0.40446153846153843 0.01830965909090907 0.02584615384615384
0 0.4582315340909091 0.09073076923076923 0.033167613636363585 0.044653846153846155
0 0.7674644886363636 0.5216153846153846 0.026946022727272725 0.04926923076923078
0 0.9433451704545455 0.017836538461538463 0.015071022727272726 0.035673076923076925
0 0.3462642045454545 0.6825865384615385 0.04741477272727272 0.0449423076923077
0 0.45788352272727273 0.6624615384615385 0.024573863636363654 0.036769230769230776
0 0.19196022727272744 0.9851346153846153 0.025767045454545435 0.029730769230769193
0 0.9024005681818181 0.41351923076923075 0.023153409090909086 0.03134615384615387
0 0.4300923295454545 0.9842596153846155 0.022031250000000068 0.03125000000000011
0 0.1636789772727273 0.6804134615384615 0.018664772727272707 0.025288461538461496
0 0.7268963068181818 0.9415576923076924 0.04240056818181817 0.037346153846153876
0 0.1292897727272727 0.6209326923076923 0.024062500000000077 0.03405769230769238
0 0.22470880681818173 0.3446153846153846 0.0214630681818182 0.03573076923076925
0 0.36279829545454545 0.09738461538461539 0.033380681818181816 0.05184615384615386
0 0.9048650568181819 0.2504326923076923 0.010724431818181814 0.01390384615384616
0 0.7135511363636364 0.6448942307692308 0.0199147727272727 0.0259423076923076
0 0.7471874999999999 0.40924038461538464 0.035085227272727296 0.04786538461538459
0 0.10958096590909083 0.7397019230769231 0.026860795454545408 0.0526730769230769
0 0.17508522727272724 0.4627115384615385 0.03198863636363634 0.041653846153846145
0 0.007578125000000102 0.03528846153846154 0.015156249999999942 0.02776923076923077
0 0.16982244318181827 0.7199903846153846 0.028110795454545565 0.03532692307692309
0 0.3152059659090909 0.33798076923076925 0.03708806818181812 0.047115384615384615
0 0.22305397727272724 0.39560576923076923 0.03011363636363643 0.0467115384615385
0 0.15529829545454532 0.39855769230769234 0.03386363636363641 0.04619230769230766
0 0.7935298295454546 0.08425961538461538 0.029928977272727263 0.042326923076923074
0 0.6702627840909091 0.4206442307692308 0.028593749999999994 0.03424999999999995
0 0.4157386363636364 0.3547307692307692 0.028778409090909077 0.03323076923076923
0 0.8815909090909091 0.11084615384615384 0.02428977272727272 0.03461538461538462
0 0.056242897727272756 0.5288942307692307 0.02612215909090907 0.04717307692307698
0 0.9584090909090909 0.1475096153846154 0.012556818181818186 0.017942307692307688
0 0.17872869318181828 0.6989038461538462 0.022826704545454615 0.02746153846153841
0 0.8428125 0.7652596153846154 0.024090909090909083 0.0460576923076924
0 0.7694034090909091 0.9492211538461539 0.031164772727272725 0.04113461538461547
0 0.9679971590909091 0.4012019230769231 0.03644886363636363 0.05163461538461543
0 0.5339772727272727 0.8072596153846153 0.03446022727272726 0.03951923076923079
0 0.8937713068181818 0.45847115384615383 0.036349431818181815 0.04090384615384612
0 0.42555397727272726 0.1319903846153846 0.025397727272727266 0.03440384615384615
0 0.607315340909091 0.5575673076923077 0.020028409090909124 0.03205769230769223
0 0.5650994318181818 0.015134615384615385 0.020028409090909124 0.027115384615384614
0 0.19112215909090902 0.6834807692307692 0.019232954545454654 0.025269230769230853
0 0.35129261363636366 0.9795096153846155 0.03963068181818179 0.0359807692307693
0 0.19458806818181817 0.8832884615384616 0.14215909090909082 0.2279615384615385
0 0.19396306818181808 0.2696153846153846 0.030568181818181793 0.045153846153846135
0 0.7010511363636365 0.24624038461538464 0.029772727272727284 0.05775
0 0.923153409090909 0.0888173076923077 0.031761363636363636 0.04578846153846154
0 0.17776278409090907 0.6749903846153846 0.013991477272727305 0.019634615384615455
0 0.25741477272727276 0.35575961538461537 0.0277272727272727 0.03578846153846157
0 0.4727627840909091 0.5909230769230769 0.030099431818181813 0.04215384615384619
0 0.21764914772727273 0.2679423076923077 0.02632102272727269 0.04534615384615384
0 0.6220170454545455 0.553298076923077 0.023409090909090855 0.033673076923077014
0 0.17484374999999985 0.5584230769230769 0.03210227272727276 0.04846153846153855
0 0.2889346590909091 0.8013269230769232 0.05306818181818176 0.04411538461538461
0 0.5350213068181817 0.5112692307692308 0.043536931818181863 0.06003846153846159
0 0.735625 0.3045384615384616 0.02681818181818181 0.029346153846153883
0 0.09419744318181822 0.5512307692307692 0.030582386363636485 0.02961538461538457
0 0.33268465909090905 0.9294038461538461 0.02894886363636363 0.025653846153846107
0 0.7397230113636364 0.08169230769230769 0.026150568181818178 0.034346153846153846
0 0.2620383522727273 0.33052884615384615 0.021548295454545476 0.02321153846153845
0 0.8501207386363636 0.018192307692307695 0.034957386363636364 0.03638461538461539
0 0.09330965909090916 0.8920096153846154 0.03269886363636377 0.043173076923076904
0 0.3024147727272727 0.6785769230769231 0.03477272727272722 0.044384615384615356
0 0.08001420454545449 0.5078076923076923 0.04622159090909102 0.0648461538461539
0 0.47146306818181816 0.9903942307692307 0.029488636363636432 0.019211538461538478
0 0.5053196022727273 0.7137788461538461 0.03830965909090913 0.03855769230769233
0 0.9425852272727273 0.24311538461538462 0.015596590909090905 0.014115384615384622
0 0.0914772727272729 0.7549134615384614 0.05375000000000005 0.06913461538461536
0 0.29542613636363635 0.3569807692307692 0.01803977272727271 0.02988461538461537
0 0.3720880681818183 0.08345192307692306 0.04928977272727271 0.06182692307692307
0 0.6163210227272726 0.9940384615384615 0.026448863636363642 0.01192307692307701
0 0.9307670454545455 0.7133653846153846 0.06508522727272728 0.09019230769230765
0 0.32517045454545457 0.8903269230769232 0.026448863636363642 0.0393076923076923
0 0.4269673295454546 0.7738846153846154 0.02776988636363638 0.03892307692307694
0 0.9492471590909091 0.08968269230769231 0.030454545454545456 0.040749999999999995
0 0.48652698863636357 0.08148076923076925 0.025781249999999967 0.03223076923076923
0 0.49221590909090907 0.9591923076923077 0.03914772727272728 0.04619230769230777
0 0.42182528409090914 0.10102884615384615 0.023451704545454612 0.031749999999999994
0 0.48588778409090905 0.10976923076923077 0.025610795454545417 0.027538461538461526
0 0.85546875 0.9156730769230769 0.028863636363636355 0.03599999999999994
0 0.3521235795454545 0.9952596153846155 0.017911931818181837 0.009480769230769135
0 0.23242897727272738 0.017711538461538463 0.023977272727272722 0.030423076923076924
0 0.9086292613636364 0.11826923076923077 0.029247159090909094 0.04099999999999999
0 0.6469886363636363 0.8930673076923077 0.04170454545454543 0.05663461538461536
0 0.5874005681818182 0.9643846153846154 0.02241477272727277 0.03642307692307692
0 0.8363068181818182 0.29360576923076925 0.027954545454545444 0.03790384615384617
0 0.5539275568181818 0.6255576923076922 0.02509943181818184 0.030461538461538415
0 0.12625710227272724 0.7438365384615384 0.02686079545454557 0.06598076923076923
0 0.863046875 0.7125865384615385 0.03933238636363638 0.0526730769230769
0 0.3206534090909091 0.9661057692307692 0.024062499999999997 0.04121153846153847
0 0.7024573863636363 0.8527788461538461 0.03119318181818179 0.03171153846153848
0 0.2918963068181818 0.2610096153846154 0.02697443181818183 0.054365384615384635
0 0.4145525568181818 0.6222980769230769 0.027855113636363574 0.03748076923076914
0 0.1672159090909091 0.9255192307692307 0.025085227272727228 0.03350000000000003
0 0.35767045454545454 0.9472211538461538 0.028778409090909077 0.03759615384615387
0 0.36738636363636357 0.7702692307692308 0.025965909090909053 0.056499999999999995
0 0.5274857954545455 0.2785096153846154 0.034857954545454574 0.050326923076923054
0 0.705752840909091 0.3364711538461538 0.035397727272727296 0.03071153846153846
0 0.9464204545454545 0.8599134615384615 0.022784090909090914 0.04559615384615381
0 0.48237215909090914 0.565125 0.044545454545454485 0.048980769230769286
0 0.21970170454545446 0.04342307692307692 0.027301136363636402 0.034
0 0.4304616477272727 0.900826923076923 0.028650568181818204 0.03884615384615382
0 0.16869318181818183 0.4870288461538461 0.022670454545454598 0.036403846153846224
0 0.9265696022727272 0.26232692307692307 0.04166193181818181 0.04084615384615384
0 0.28179687499999995 0.33695192307692307 0.021974431818181858 0.032249999999999966
0 0.5178196022727273 0.12760576923076922 0.022656249999999985 0.03867307692307692
0 0.26587357954545443 0.283125 0.04109374999999993 0.06078846153846156
0 0.8674005681818182 0.25608653846153845 0.016022727272727275 0.0181346153846154
0 0.14779829545454537 0.4901634615384615 0.023323863636363577 0.03578846153846151
0 0.5638352272727273 0.2792788461538461 0.0663636363636364 0.08751923076923075
0 0.9386221590909091 0.3097019230769231 0.03326704545454546 0.05363461538461541
0 0.34046875 0.38732692307692307 0.037982954545454556 0.05503846153846155
0 0.02122869318181808 0.6786442307692307 0.021860795454545435 0.04171153846153846
0 0.3499289772727273 0.11875 0.03622159090909091 0.041653846153846145
0 0.27130681818181823 0.8907692307692309 0.06474431818181815 0.08350000000000003
0 0.4649289772727273 0.9594038461538461 0.03707386363636367 0.034000000000000016
0 0.3688778409090909 0.846548076923077 0.02852272727272733 0.0634038461538461
0 0.08802556818181817 0.5749134615384615 0.028806818181818142 0.04109615384615385
0 0.6887357954545454 0.9797692307692308 0.02690340909090909 0.0404615384615385
0 0.9086079545454545 0.22110576923076922 0.06289772727272727 0.0504423076923077
0 0.3918536931818182 0.7726826923076923 0.024588068181818187 0.04463461538461534
0 0.36575994318181815 0.4423557692307692 0.031008522727272784 0.042711538461538474
0 0.9378622159090909 0.1581923076923077 0.04458806818181818 0.04334615384615386
0 0.2750426136363636 0.16092307692307695 0.02471590909090914 0.03076923076923077
0 0.8148153409090909 0.8087115384615384 0.03193181818181821 0.04807692307692308
0 0.6582599431818181 0.3406634615384615 0.03867897727272726 0.04059615384615382
0 0.8679119318181818 0.3087884615384615 0.02863636363636363 0.03734615384615382
0 0.22022017045454556 0.7952499999999999 0.033963068181818136 0.0380769230769231
0 0.312890625 0.08615384615384615 0.031548295454545426 0.041346153846153845
0 0.8382670454545454 0.10834615384615386 0.02883522727272729 0.038423076923076914
0 0.3062144886363637 0.8414807692307693 0.03240056818181818 0.05157692307692306
0 0.6952414772727273 0.7075096153846153 0.023636363636363657 0.031634615384615365
0 0.908984375 0.1904423076923077 0.05927556818181818 0.06976923076923078
0 0.3317471590909091 0.9545192307692308 0.02718749999999998 0.027307692307692286
0 0.7863068181818182 0.28261538461538466 0.036534090909090905 0.050576923076923096
0 0.7637642045454546 0.46827884615384613 0.026789772727272745 0.04159615384615384
0 0.813778409090909 0.5755384615384614 0.0222443181818182 0.04030769230769227
0 0.9312997159090909 0.7772692307692308 0.13734375 0.23288461538461544
0 0.012940340909090797 0.14860576923076924 0.02573863636363637 0.047557692307692315
0 0.7011008522727273 0.6069903846153846 0.029446022727272713 0.03986538461538465
0 0.8124147727272727 0.9607019230769229 0.032670454545454544 0.049442307692307653
0 0.8696235795454546 0.15853846153846154 0.034332386363636364 0.0378076923076923
0 0.40748579545454544 0.0072403846153846155 0.026136363636363603 0.014480769230769231
0 0.9346448863636363 0.4826923076923077 0.03605113636363637 0.039346153846153864
0 0.6850639204545454 0.7244423076923077 0.02419034090909091 0.03199999999999997
0 0.2016051136363637 0.4751346153846154 0.03502840909090905 0.043000000000000024
0 0.6287073863636363 0.5158173076923077 0.06343750000000004 0.06767307692307692
0 0.8688991477272727 0.773625 0.032940340909090905 0.03221153846153846
0 0.9656605113636364 0.11640384615384615 0.030411931818181824 0.0363076923076923
0 0.7720454545454546 0.24351923076923077 0.03355113636363637 0.03711538461538461
0 0.3354829545454545 0.08921153846153847 0.0336079545454545 0.038769230769230764
0 0.9829971590909091 0.6834903846153847 0.03400568181818182 0.048326923076923066
0 0.8741619318181818 0.7499134615384615 0.02465909090909091 0.026634615384615427
0 0.4279474431818181 0.8590384615384615 0.027883522727272722 0.044961538461538456
0 0.9427556818181818 0.21752884615384618 0.030482954545454546 0.03917307692307691
0 0.2578338068181818 0.1523076923076923 0.024900568181818142 0.030230769230769228
0 0.6390767045454545 0.2378076923076923 0.028607954545454565 0.04500000000000004
0 0.6771519886363637 0.23522115384615383 0.03410511363636362 0.0562884615384615
0 0.19201704545454557 0.021701923076923077 0.0327556818181819 0.043403846153846154
0 0.4896946022727273 0.5297884615384616 0.05853693181818187 0.06453846153846154
0 0.9648650568181818 0.22448076923076923 0.035497159090909086 0.05507692307692311
0 0.4364275568181818 0.6425961538461538 0.033735795454545456 0.05046153846153848
0 0.5738565340909091 0.5195673076923077 0.04600852272727271 0.06559615384615387
0 0.45096590909090917 0.1814903846153846 0.18167613636363641 0.22148076923076926
0 0.8848721590909091 0.25508653846153845 0.02548295454545454 0.03867307692307689
0 0.08995738636363637 0.4261057692307692 0.028068181818181805 0.03490384615384617
0 0.3613991477272728 0.21842307692307691 0.03907670454545453 0.06723076923076925
0 0.8582102272727272 0.23759615384615387 0.03284090909090908 0.04942307692307693
0 0.953544034090909 0.13528846153846152 0.018678977272727274 0.021615384615384606
0 0.9598721590909091 0.9032307692307693 0.02690340909090909 0.05219230769230766
0 0.25333806818181803 0.812173076923077 0.04698863636363642 0.058076923076923054
0 0.7047017045454546 0.8787788461538462 0.026761363636363642 0.029442307692307698
0 0.6653053977272727 0.45295192307692306 0.016491477272727293 0.022326923076923102
0 0.6171448863636364 0.46487500000000004 0.046250000000000006 0.09909615384615385
0 0.2507244318181818 0.12258653846153847 0.031392045454545325 0.052942307692307705
0 0.5158451704545455 0.28910576923076925 0.03359375000000005 0.054096153846153835
0 0.40314630681818187 0.75125 0.027684659090909104 0.033423076923076916
0 0.9698792613636363 0.13564423076923077 0.018366477272727274 0.01851923076923076
0 0.9107528409090909 0.5386826923076923 0.02681818181818181 0.037826923076923105
0 0.03987215909090902 0.7251153846153846 0.02857954545454546 0.03573076923076931
0 0.3329474431818181 0.9901923076923076 0.023451704545454533 0.019269230769230733
0 0.9681178977272727 0.1698076923076923 0.05586647727272727 0.060038461538461534
0 0.20790482954545453 0.4303653846153846 0.029218749999999908 0.039076923076923065
0 0.18036931818181823 0.6101826923076922 0.029090909090909115 0.04236538461538467
0 0.019346590909090966 0.284375 0.02499999999999987 0.03425
0 0.046981534090909105 0.2456442307692308 0.031860795454545385 0.0620192307692308
0 0.4444744318181818 0.38752884615384614 0.040653409090909094 0.04659615384615383
0 0.5042613636363636 0.6798076923076923 0.030482954545454598 0.03123076923076925
0 0.7428835227272728 0.4913173076923077 0.026306818181818195 0.03732692307692307
0 0.8584872159090909 0.03754807692307692 0.03569602272727272 0.036519230769230776
0 0.5111576704545455 0.8215865384615385 0.030099431818181813 0.043557692307692374
0 0.686825284090909 0.31848076923076923 0.024758522727272737 0.032538461538461516
0 0.34095170454545454 0.8346730769230769 0.03747159090909098 0.045961538461538526
0 0.012684659090909212 0.7205192307692307 0.021789772727272772 0.0642692307692308
0 0.528046875 0.35975 0.0263778409090909 0.03149999999999999
0 0.17666903409090906 0.9615288461538462 0.021065340909090804 0.04963461538461539
0 0.8163849431818182 0.2491826923076923 0.028707386363636376 0.037519230769230805
0 0.6597301136363636 0.577548076923077 0.02968750000000001 0.041903846153846194
0 0.8083664772727273 0.9091346153846154 0.031164772727272725 0.04746153846153837
0 0.45532670454545454 0.6989519230769231 0.027386363636363598 0.03755769230769236
0 0.03235085227272727 0.0690576923076923 0.03447443181818179 0.039884615384615386
0 0.54640625 0.5751634615384617 0.09062500000000001 0.09886538461538466
0 0.43867187499999993 0.7184038461538461 0.026633522727272728 0.03911538461538468
0 0.6687571022727272 0.8698750000000001 0.04299715909090911 0.04955769230769238
0 0.3177556818181819 0.7198076923076924 0.03238636363636365 0.051230769230769205
0 0.49135653409090907 0.05477884615384615 0.02498579545454542 0.03340384615384616
0 0.23698153409090916 0.260625 0.0230539772727273 0.03417307692307692
0 0.5759375 0.6035576923076924 0.02778409090909091 0.035076923076923096
0 0.6789488636363636 0.36515384615384616 0.028693181818181843 0.03465384615384612
0 0.6995241477272727 0.9087596153846154 0.02552556818181818 0.03371153846153841
0 0.3069247159090909 0.3950480769230769 0.03566761363636366 0.04590384615384616
0 0.015205965909090846 0.003778846153846154 0.022088068181818278 0.007480769230769231
0 0.5065482954545455 0.3227692307692307 0.02659090909090913 0.03684615384615384
0 0.8092258522727273 0.675125 0.04322443181818183 0.0526730769230769
0 0.4127769886363637 0.05972115384615385 0.020184659090909062 0.025980769230769234
0 0.8609943181818182 0.8026826923076923 0.03482954545454547 0.046557692307692265
0 0.5804474431818182 0.9941346153846154 0.02285511363636368 0.010923076923076827
0 0.7926846590909091 0.5710865384615385 0.021250000000000012 0.03774999999999999
0 0.6837286931818182 0.4515576923076923 0.03305397727272725 0.05673076923076923
0 0.2631107954545455 0.6189423076923077 0.029630681818181917 0.040653846153846235
0 0.6889559659090909 0.5682403846153846 0.027514204545454553 0.03936538461538467
0 0.6770241477272727 0.39755769230769233 0.011889204545454552 0.01761538461538461
0 0.9150852272727272 0.2856730769230769 0.03985795454545455 0.04988461538461538
0 0.767159090909091 0.08678846153846154 0.02920454545454546 0.03865384615384616
0 0.685106534090909 0.07371153846153845 0.039360795454545426 0.048961538461538466
0 0.3308735795454546 0.8167211538461538 0.029161931818181778 0.045826923076923154
0 0.8478622159090909 0.8778076923076923 0.03776988636363637 0.0476153846153846
0 0.8844886363636364 0.5566538461538463 0.029630681818181816 0.041999999999999954
0 0.3005042613636364 0.871375 0.05629261363636363 0.08028846153846154
0 0.2289488636363637 0.29744230769230773 0.02792613636363632 0.035884615384615376
0 0.8472230113636363 0.30925 0.016178977272727272 0.026576923076923064
0 0.2769105113636363 0.3662019230769231 0.028963068181818163 0.0297884615384615
0 0.15197443181818182 0.7905673076923078 0.03346590909090901 0.03582692307692318
0 0.3031889204545455 0.2841442307692308 0.030752840909090876 0.04686538461538462
0 0.15327414772727266 0.8092115384615384 0.0230539772727273 0.023499999999999945
0 0.24474431818181808 0.944923076923077 0.08610795454545456 0.06780769230769229
0 0.878984375 0.47810576923076925 0.04098011363636365 0.041711538461538404
0 0.2216477272727272 0.7658076923076924 0.052613636363636314 0.040269230769230765
0 0.3052911931818182 0.5044807692307692 0.03484374999999996 0.037730769230769186
0 0.0963920454545455 0.8070576923076922 0.03579545454545461 0.04915384615384616
0 0.20543323863636365 0.3539519230769231 0.02484375000000001 0.037057692307692326
0 0.6975355113636363 0.4037403846153846 0.029247159090909094 0.03159615384615386
