0 0.48593039772727276 0.8901730769230769 0.023536931818181808 0.03126923076923075
0 0.0865198863636365 0.025903846153846156 0.02707386363636372 0.03776923076923077
0 0.7971590909090909 0.738423076923077 0.032499999999999994 0.04634615384615378
0 0.12429687499999997 0.4441826923076923 0.020838068181818284 0.0443269230769231
0 0.5202556818181818 0.5631153846153846 0.030198863636363624 0.047115384615384615
0 0.6999360795454546 0.1061923076923077 0.02691761363636362 0.03288461538461539
0 0.6413920454545454 0.5942211538461538 0.029545454545454562 0.04532692307692306
0 0.023373579545454493 0.030346153846153846 0.04674715909090905 0.06069230769230769
0 0.23835227272727266 0.22700961538461537 0.02380681818181817 0.03332692307692307
0 0.05615767045454556 0.288673076923077 0.0336505681818181 0.05
0 0.19920454545454547 0.47016346153846156 0.021164772727272855 0.03178846153846154
0 0.23486505681818182 0.4819615384615385 0.016946022727272657 0.02984615384615381
0 0.19540482954545457 0.5467884615384616 0.015752840909090956 0.030230769230769172
0 0.9912926136363637 0.1741923076923077 0.017414772727272727 0.03911538461538462
0 0.9247017045454545 0.726701923076923 0.030482954545454546 0.050673076923076966
0 0.43950284090909086 0.7480000000000001 0.024943181818181823 0.03646153846153842
0 0.40109375 0.8262211538461538 0.029545454545454482 0.04178846153846157
0 0.45887073863636363 0.7622211538461539 0.025610795454545497 0.03290384615384618
0 0.37855113636363635 0.990548076923077 0.044914772727272734 0.018903846153846122
0 0.28535511363636357 0.7405673076923077 0.027585227272727376 0.039096153846153815
0 0.9848650568181818 0.7806346153846153 0.028877840909090912 0.0369230769230769
0 0.14930397727272726 0.21146153846153848 0.029545454545454482 0.03776923076923077
0 0.21899857954545443 0.4919807692307692 0.01748579545454554 0.01711538461538457
0 0.8959232954545455 0.40397115384615384 0.028892045454545448 0.034673076923076925
0 0.151356534090909 0.17089423076923077 0.023792613636363636 0.03444230769230769
0 0.4028977272727272 0.1992307692307692 0.027897727272727255 0.039999999999999994
0 0.2230184659090909 0.24696153846153848 0.0277698863636363 0.03492307692307692
0 0.16514204545454547 0.41284615384615386 0.01786931818181808 0.029115384615384588
0 0.7849644886363636 0.7277115384615384 0.03379261363636363 0.04692307692307699
0 0.5826136363636364 0.8612115384615384 0.03977272727272727 0.05211538461538466
0 0.49104403409090913 0.666673076923077 0.02691761363636362 0.040884615384615366
0 0.17105113636363645 0.1442403846153846 0.030369318181818174 0.02555769230769232
0 0.5256107954545455 0.27863461538461537 0.0236363636363637 0.038230769230769276
0 0.8122088068181819 0.39242307692307693 0.021661931818181837 0.04000000000000002
0 0.9197869318181818 0.6066634615384616 0.029545454545454552 0.04178846153846146
0 0.13532670454545448 0.6432403846153847 0.02428977272727276 0.03644230769230767
0 0.5975923295454546 0.7824423076923077 0.026093750000000006 0.03707692307692302
0 0.03071022727272732 0.3409038461538461 0.04184659090909096 0.056653846153846166
0 0.9530397727272727 0.0324326923076923 0.04596590909090909 0.0648653846153846
0 0.5842684659090909 0.9448557692307693 0.06376420454545452 0.09563461538461553
0 0.5650710227272727 0.8855384615384616 0.029517045454545417 0.03476923076923074
0 0.6838778409090909 0.9817596153846153 0.016931818181818162 0.024711538461538615
0 0.12429687499999997 0.4791057692307692 0.02745738636363626 0.03805769230769224
0 0.7013494318181819 0.9888173076923076 0.018522727272727302 0.022365384615384606
0 0.8397798295454546 0.3199711538461538 0.03348011363636363 0.049788461538461566
0 0.4267045454545454 0.25479807692307693 0.029545454545454562 0.04444230769230772
0 0.22100852272727278 0.4635769230769231 0.024204545454545402 0.0375
0 0.03683948863636355 0.5965673076923077 0.03217329545454542 0.04090384615384623
0 0.8827911931818182 0.09952884615384615 0.02626420454545456 0.04090384615384616
0 0.5672017045454545 0.6333365384615385 0.02428977272727276 0.03644230769230767
0 0.8555397727272727 0.2715192307692308 0.019034090909090917 0.024000000000000035
0 0.6184161931818182 0.6008846153846155 0.025610795454545417 0.033769230769230774
0 0.5521022727272727 0.6497788461538462 0.02428977272727276 0.033788461538461524
0 0.5823082386363636 0.7519999999999999 0.024303977272727293 0.037346153846153876
0 0.6029900568181819 0.7275576923076923 0.03282670454545456 0.03465384615384612
0 0.6207173295454546 0.7422211538461538 0.03677556818181816 0.0675576923076923
0 0.1659730113636364 0.29397115384615385 0.028110795454545402 0.03582692307692307
0 0.7524573863636363 0.1746346153846154 0.028238636363636358 0.03823076923076922
0 0.8551065340909091 0.6088942307692308 0.021008522727272737 0.035557692307692325
0 0.5748579545454545 0.2861923076923077 0.030198863636363624 0.040884615384615366
0 0.8839914772727273 0.5297788461538462 0.03545454545454547 0.035557692307692325
0 0.1451988636363637 0.10146153846153848 0.027897727272727255 0.04223076923076923
0 0.6733380681818182 0.2599711538461538 0.030198863636363624 0.04178846153846157
0 0.8066193181818182 0.3613076923076923 0.023636363636363657 0.04000000000000002
0 0.4476278409090909 0.11756730769230771 0.02707386363636364 0.036673076923076926
0 0.8197514204545455 0.2799711538461538 0.026264204545454518 0.03909615384615387
0 0.2653267045454545 0.7552307692307693 0.024289772727272677 0.031115384615384628
0 0.684403409090909 0.6284423076923076 0.02363636363636362 0.037346153846153876
0 0.31620738636363643 0.6805673076923077 0.02363636363636362 0.03290384615384618
0 0.2049289772727273 0.6232307692307693 0.04661931818181809 0.07288461538461534
0 0.7107670454545454 0.4368557692307693 0.02363636363636362 0.04355769230769232
0 0.8489701704545455 0.08663461538461538 0.057116477272727284 0.05423076923076923
0 0.17639204545454557 0.16201923076923078 0.029545454545454642 0.04111538461538461
0 0.7301349431818182 0.42130769230769227 0.02430397727272725 0.04088461538461542
0 0.7462215909090909 0.40175 0.027585227272727296 0.040884615384615366
0 0.8715198863636364 0.48755769230769236 0.022329545454545453 0.02576923076923078
0 0.17622159090909084 0.46098076923076925 0.024147727272727272 0.032230769230769216
0 0.33272727272727276 0.42200961538461534 0.02215909090909094 0.03221153846153846
0 0.1613352272727272 0.3714230769230769 0.026789772727272745 0.03492307692307692
0 0.383203125 0.34090384615384617 0.02626420454545456 0.04111538461538461
0 0.34674715909090914 0.644576923076923 0.022982954545454556 0.03199999999999997
0 0.24169744318181818 0.621451923076923 0.025610795454545417 0.035557692307692214
0 0.16553267045454556 0.9343461538461538 0.024303977272727293 0.040884615384615366
0 0.047350852272727284 0.7827884615384615 0.03478693181818183 0.031115384615384628
0 0.8364985795454545 0.2719711538461539 0.01904829545454545 0.03378846153846158
0 0.7321022727272727 0.37863461538461535 0.02428977272727272 0.030230769230769228
0 0.10808238636363621 0.9045673076923076 0.031505681818181745 0.04355769230769226
0 0.9909659090909091 0.35820192307692306 0.01806818181818182 0.04444230769230766
0 0.47373579545454547 0.5979711538461538 0.03164772727272724 0.04690384615384613
0 0.8671022727272727 0.9957692307692306 0.015823863636363636 0.008461538461538418
0 0.4949147727272727 0.8137211538461538 0.027812499999999976 0.04401923076923074
0 0.5968536931818182 0.27552884615384615 0.024303977272727293 0.035557692307692325
0 0.3247514204545454 0.6539038461538461 0.027571022727272684 0.04176923076923071
0 0.9899786931818182 0.07063461538461539 0.020042613636363636 0.031115384615384614
0 0.15257102272727285 0.48896153846153845 0.020511363636363553 0.030884615384615444
0 0.019119318181818223 0.956125 0.028238636363636358 0.047096153846153864
0 0.2587642045454547 0.7378942307692308 0.02693181818181807 0.035557692307692325
0 0.16257102272727275 0.8939038461538461 0.02363636363636362 0.03823076923076922
0 0.2073082386363635 0.44016346153846153 0.02612215909090907 0.029096153846153838
0 0.1366974431818182 0.4717211538461539 0.015213068181818234 0.035826923076923124
0 0.463465909090909 0.8617980769230769 0.022244318181818216 0.04401923076923074
0 0.44147727272727266 0.06811538461538462 0.029545454545454562 0.04
0 0.45255681818181825 0.7902596153846154 0.023522727272727275 0.03186538461538471
0 0.8846519886363636 0.5608846153846153 0.03151988636363636 0.033769230769230774
0 0.49619318181818184 0.8487596153846154 0.022670454545454598 0.02605769230769233
0 0.7678906249999999 0.33285576923076926 0.03282670454545456 0.04532692307692306
0 0.5237926136363636 0.7969230769230768 0.023948863636363657 0.03823076923076922
0 0.6569318181818182 0.4746442307692308 0.03414772727272726 0.04267307692307697
0 0.2594176136363636 0.48590384615384613 0.03480113636363636 0.050653846153846105
0 0.2952059659090909 0.8525673076923077 0.02626420454545456 0.037326923076923126
0 0.21674005681818187 0.8205673076923077 0.025610795454545417 0.04621153846153841
0 0.9257173295454546 0.8962596153846154 0.024389204545454547 0.03301923076923069
0 0.8459161931818182 0.5448942307692308 0.03282670454545455 0.04267307692307692
0 0.14517755681818167 0.9143461538461539 0.02296874999999994 0.03288461538461532
0 0.3175426136363636 0.45145192307692306 0.03610795454545457 0.05332692307692311
0 0.6097798295454546 0.872798076923077 0.02396306818181819 0.03359615384615379
0 0.6052840909090909 0.9092788461538462 0.030369318181818174 0.03590384615384618
0 0.6342755681818182 0.25729807692307693 0.025596590909090923 0.036442307692307725
0 0.13500710227272716 0.8574615384615385 0.02626420454545456 0.03999999999999991
0 0.2528551136363636 0.5974519230769231 0.026931818181818234 0.037326923076923015
0 0.402734375 0.6706730769230769 0.024957386363636355 0.03288461538461543
0 0.17931818181818182 0.9893942307692308 0.021676136363636352 0.02121153846153841
0 0.9653409090909091 0.8501346153846154 0.032613636363636365 0.03257692307692307
0 0.41405539772727273 0.8481826923076923 0.025241477272727245 0.03648076923076928
0 0.38154119318181823 0.6641153846153847 0.028224431818181826 0.04799999999999996
0 0.3080113636363636 0.5321250000000001 0.03480113636363636 0.04532692307692306
0 0.8797301136363637 0.5791153846153846 0.021676136363636352 0.025769230769230725
0 0.6452911931818182 0.981576923076923 0.025667613636363627 0.036846153846153896
0 0.4968394886363636 0.8835096153846153 0.03765624999999999 0.04459615384615384
0 0.10644176136363626 0.4423942307692308 0.018849431818181953 0.035365384615384646
0 0.8899928977272727 0.8884326923076923 0.02311079545454545 0.03821153846153847
0 0.3204829545454545 0.8494615384615385 0.02428977272727276 0.04176923076923071
0 0.9149644886363636 0.29997115384615386 0.021008522727272737 0.02755769230769233
0 0.9024857954545454 0.006211538461538462 0.030198863636363635 0.012423076923076924
0 0.7843252840909091 0.9136346153846154 0.03507102272727272 0.03765384615384612
0 0.909247159090909 0.9469326923076923 0.023096590909090907 0.03705769230769238
0 0.9319176136363636 0.9252115384615385 0.02738636363636364 0.04111538461538461
0 0.3544815340909091 0.418125 0.02461647727272733 0.03555769230769227
0 0.9822585227272728 0.33952884615384615 0.029545454545454545 0.033788461538461524
0 0.7589275568181818 0.6782307692307692 0.020355113636363612 0.03199999999999997
0 0.17022727272727256 0.024798076923076926 0.020511363636363553 0.03555769230769231
0 0.47801136363636365 0.9017596153846154 0.030795454545454556 0.04286538461538465
0 0.25106534090909094 0.03146153846153846 0.021335227272727245 0.03776923076923077
0 0.34182528409090907 0.8619038461538462 0.02626420454545456 0.03999999999999991
0 0.631328125 0.45775 0.02626420454545456 0.035538461538461574
0 0.849140625 0.9934519230769231 0.020099431818181825 0.013096153846153742
0 0.1825 0.48403846153846153 0.02017045454545461 0.02999999999999999
0 0.8685653409090909 0.4608846153846154 0.02428977272727272 0.031115384615384628
0 0.8757883522727272 0.605326923076923 0.020355113636363633 0.03199999999999997
0 0.8580681818181818 0.5786730769230769 0.022982954545454556 0.032000000000000084
0 0.9775568181818182 0.5022211538461538 0.02559659090909091 0.039096153846153815
0 0.7422798295454545 0.3568557692307692 0.02231534090909088 0.034673076923076925
0 0.08345880681818185 0.7481249999999999 0.0308664772727273 0.03821153846153847
0 0.22921875000000003 0.8605673076923077 0.025596590909090885 0.04090384615384612
0 0.48571732954545466 0.9893942307692308 0.025667613636363627 0.02121153846153841
0 0.2062357954545455 0.9067884615384615 0.028238636363636358 0.039115384615384566
0 0.7791903409090909 0.8919134615384615 0.02738636363636364 0.024326923076923034
0 0.18719460227272722 0.9098942307692307 0.013792613636363688 0.027557692307692276
0 0.15158380681818173 0.46389423076923075 0.017201704545454565 0.019249999999999982
0 0.4230113636363636 0.14034615384615381 0.030369318181818174 0.039999999999999994
0 0.7852840909090909 0.3635288461538462 0.028238636363636358 0.04090384615384612
0 0.2817400568181818 0.5067884615384616 0.0321732954545455 0.049769230769230816
0 0.19721590909090903 0.41687499999999994 0.021164772727272695 0.03805769230769229
0 0.27363636363636357 0.01756730769230769 0.02215909090909086 0.034442307692307696
0 0.14992897727272725 0.4424038461538462 0.025142045454545358 0.032692307692307694
0 0.42774857954545453 0.12822115384615387 0.01836647727272728 0.016365384615384625
0 0.3928409090909091 0.9942115384615384 0.02235795454545456 0.011576923076923042
0 0.7872656250000001 0.855923076923077 0.032627840909090905 0.04561538461538456
0 0.007009943181818135 0.680875 0.01401988636363637 0.04640384615384614
0 0.45487926136363643 0.11275961538461539 0.015724431818181808 0.02694230769230769
0 0.20637073863636357 0.90825 0.028707386363636414 0.042576923076923054
0 0.1655894886363637 0.5056923076923078 0.024048295454545385 0.029653846153846183
0 0.21436079545454545 0.9505 0.07923295454545451 0.09773076923076911
0 0.24065340909090915 0.4781730769230769 0.0071590909090910185 0.023653846153846175
0 0.5533522727272727 0.6471057692307692 0.029659090909090902 0.04440384615384622
0 0.8629758522727273 0.8200096153846154 0.08583806818181819 0.11471153846153853
0 0.18784801136363638 0.9124519230769231 0.014474431818181895 0.030249999999999926
0 0.9544389204545455 0.5287499999999999 0.019048295454545453 0.026269230769230708
0 0.7252130681818182 0.03107692307692308 0.030198863636363663 0.04088461538461538
0 0.8451633522727273 0.5432596153846154 0.03569602272727272 0.048326923076923066
0 0.17507812499999997 0.1556346153846154 0.0391051136363636 0.05565384615384618
0 0.5106036931818183 0.017259615384615384 0.010440340909090861 0.017865384615384613
0 0.9020951704545455 0.0049807692307692305 0.033565340909090906 0.00976923076923077
0 0.6419247159090908 0.5925096153846154 0.03234375000000005 0.04751923076923073
0 0.89328125 0.4028173076923077 0.025710227272727284 0.030519230769230778
0 0.21625710227272732 0.4983653846153846 0.02203124999999999 0.03049999999999997
0 0.26576704545454544 0.7571826923076923 0.023977272727272802 0.032134615384615345
0 0.17600852272727285 0.4605673076923077 0.025028409090909098 0.03632692307692305
0 0.13426846590909092 0.8574615384615385 0.030241477272727222 0.04188461538461533
0 0.22429687499999995 0.5312307692307693 0.02626420454545456 0.03823076923076922
0 0.14990056818181818 0.4632884615384616 0.021278409090909115 0.020615384615384612
0 0.1608238636363637 0.3708653846153846 0.03230113636363638 0.03884615384615382
0 0.2966335227272727 0.8523942307692308 0.028551136363636397 0.0402115384615384
0 0.6990056818181818 0.3785769230769231 0.017812499999999988 0.021807692307692313
0 0.9025284090909091 0.41211538461538466 0.025880681818181827 0.021923076923076934
0 0.44568892045454545 0.6998173076923077 0.028224431818181826 0.04109615384615375
0 0.14278409090909083 0.41248076923076926 0.026477272727272707 0.03915384615384612
0 0.2059801136363636 0.4416057692307692 0.029289772727272734 0.0324423076923077
0 0.9423508522727273 0.033413461538461545 0.03251420454545455 0.06471153846153847
0 0.6172585227272727 0.645375 0.03943181818181817 0.06451923076923079
0 0.47438210227272737 0.9541730769230768 0.031235795454545388 0.03996153846153852
0 0.5664275568181818 0.6342211538461539 0.02862215909090906 0.040865384615384616
0 0.3224573863636363 0.8487788461538461 0.0259943181818182 0.038019230769230736
0 0.9657741477272728 0.5315673076923076 0.021633522727272727 0.021788461538461507
0 0.18629261363636374 0.7351346153846153 0.01514204545454541 0.023384615384615434
0 0.4745667613636364 0.9533846153846154 0.032599431818181805 0.040192307692307645
0 0.9293821022727273 0.3866923076923077 0.011974431818181818 0.018384615384615388
0 0.08335227272727286 0.7485384615384616 0.031136363636363577 0.038884615384615434
0 0.45186789772727276 0.7915192307692308 0.026406250000000044 0.036153846153846175
0 0.5807386363636364 0.7508461538461538 0.028181818181818145 0.038384615384615454
0 0.2569105113636364 0.7376153846153847 0.0285369318181817 0.036807692307692284
0 0.2195454545454545 0.21695192307692307 0.020823863636363592 0.029557692307692316
0 0.7674289772727272 0.3332596153846154 0.03468749999999998 0.049865384615384575
0 0.16105113636363655 0.8941826923076923 0.029659090909090902 0.040365384615384636
0 0.9201917613636363 0.29973076923076925 0.013366477272727278 0.027230769230769225
0 0.17272017045454546 0.03131730769230769 0.017627840909090864 0.022865384615384617
0 0.4883664772727273 0.8863557692307692 0.029545454545454482 0.03348076923076928
0 0.5968181818181817 0.7855673076923076 0.030426136363636388 0.04632692307692314
0 0.9530042613636364 0.543125 0.04140624999999999 0.04805769230769232
0 0.6294389204545454 0.7320192307692307 0.059048295454545485 0.08492307692307698
0 0.28243607954545447 0.5079903846153846 0.03569602272727272 0.05325
0 0.9097230113636363 0.3004615384615385 0.014900568181818175 0.029307692307692326
0 0.9743821022727273 0.08442307692307692 0.02691761363636364 0.03911538461538462
0 0.573544034090909 0.051528846153846154 0.03151988636363636 0.030211538461538456
0 0.9275639204545454 0.4046057692307692 0.025383522727272723 0.027711538461538454
0 0.6964346590909091 0.3904711538461539 0.019545454545454533 0.0190192307692308
0 0.6055042613636363 0.9086057692307693 0.03274147727272729 0.036826923076923146
0 0.4586150568181818 0.763673076923077 0.027315340909090935 0.034499999999999996
0 0.49591619318181823 0.8833942307692307 0.04245738636363634 0.048288461538461565
0 0.6842116477272727 0.9807884615384616 0.01819602272727273 0.02661538461538457
0 0.4400497159090909 0.746951923076923 0.026093750000000006 0.03594230769230769
0 0.23578835227272732 0.4896826923076923 0.017656250000000092 0.01978846153846147
0 0.4280965909090909 0.14878846153846154 0.026306818181818157 0.029500000000000005
0 0.1719602272727272 0.3595865384615385 0.020596590909090908 0.026980769230769232
0 0.22790482954545443 0.5930096153846154 0.025610795454545577 0.033788461538461524
0 0.4959232954545455 0.8514134615384615 0.025198863636363648 0.0318653846153846
0 0.7007670454545454 0.9888076923076924 0.015482954545454553 0.019269230769230844
0 0.7089204545454546 0.9570192307692307 0.08173295454545454 0.08596153846153844
0 0.045319602272727244 0.9491153846153847 0.028764204545454544 0.04280769230769229
0 0.1637428977272729 0.49271153846153853 0.01583806818181815 0.02626923076923082
0 0.16507812500000008 0.41223076923076923 0.01745738636363631 0.03161538461538466
0 0.21648437499999995 0.819673076923077 0.025639204545454482 0.04676923076923076
0 0.6836150568181818 0.6291057692307692 0.023622159090909124 0.041365384615384596
0 0.4946377840909091 0.8140096153846154 0.028394886363636376 0.04244230769230768
0 0.9668607954545455 0.033115384615384616 0.022045454545454545 0.06623076923076923
0 0.45255681818181825 0.22645192307692308 0.02380681818181817 0.02555769230769232
0 0.4605894886363636 0.7169038461538461 0.030099431818181813 0.040269230769230765
0 0.047002840909090904 0.7813365384615384 0.03690340909090912 0.03351923076923078
0 0.7064417613636365 0.016990384615384616 0.05546875000000002 0.03398076923076923
0 0.4605681818181818 0.8602403846153845 0.03082386363636362 0.047788461538461585
0 0.12603693181818187 0.47675961538461537 0.03707386363636367 0.04632692307692303
0 0.14527698863636362 0.9154134615384615 0.02637784090909082 0.03944230769230767
0 0.22773437500000004 0.8599423076923076 0.02771306818181817 0.041461538461538466
0 0.23524857954545453 0.5075961538461539 0.023508522727272663 0.0351538461538461
0 0.48773437500000005 0.2388173076923077 0.03217329545454542 0.04398076923076924
0 0.605078125 0.7243653846153847 0.03791193181818182 0.04323076923076927
0 0.2131321022727274 0.9525096153846154 0.07484374999999992 0.0949807692307692
0 0.8203480113636363 0.5556634615384617 0.05507102272727274 0.08640384615384616
0 0.4169602272727272 0.7237307692307693 0.022812500000000003 0.036846153846153896
0 0.40744318181818184 0.7031153846153846 0.02991477272727273 0.03926923076923069
0 0.36992187500000007 0.9892115384615384 0.02825284090909089 0.02157692307692313
0 0.5807173295454545 0.9465576923076924 0.06893465909090905 0.10146153846153855
0 0.1063068181818182 0.9063076923076923 0.033039772727272716 0.05542307692307691
0 0.3431463068181818 0.8625 0.02819602272727276 0.0386538461538462
0 0.1710582386363636 0.022115384615384613 0.02279829545454555 0.03484615384615384
0 0.6101349431818182 0.8715673076923077 0.0247869318181818 0.03382692307692303
0 0.16093749999999996 0.4103557692307692 0.010255681818181695 0.021634615384615384
0 0.7580184659090909 0.9066826923076924 0.018394886363636388 0.02605769230769233
0 0.21382102272727266 0.4733269230769231 0.013465909090909117 0.026115384615384585
0 0.5795170454545455 0.8605384615384616 0.051420454545454526 0.053499999999999985
0 0.5239204545454546 0.7962596153846154 0.02852272727272725 0.04078846153846161
0 0.4132244318181818 0.1366442307692308 0.018494318181818237 0.0248653846153846
0 0.6707954545454546 0.6585961538461539 0.02852272727272729 0.044269230769230845
0 0.1520241477272729 0.4912692307692308 0.021434659090909136 0.03561538461538469
0 0.22349431818181809 0.5310096153846153 0.028664772727272657 0.03759615384615376
0 0.7251775568181817 0.03183653846153846 0.03208806818181819 0.039442307692307686
0 0.3820170454545454 0.824326923076923 0.022840909090909148 0.05
0 0.41386363636363643 0.8554326923076923 0.028437499999999973 0.052865384615384634
0 0.4898295454545455 0.44175 0.01772727272727267 0.023115384615384635
0 0.4887713068181818 0.9882211538461538 0.03660511363636369 0.023557692307692307
0 0.4768821022727273 0.9007211538461538 0.035440340909090894 0.05036538461538472
0 0.6285511363636364 0.8330673076923076 0.03213068181818182 0.04401923076923074
0 0.018927556818181923 0.9561826923076924 0.03231534090909091 0.04917307692307691
0 0.2855610795454546 0.7410865384615385 0.029360795454545396 0.04328846153846152
0 0.14359374999999985 0.9850096153846153 0.011477272727272786 0.0199423076923077
0 0.19882812500000002 0.4699807692307692 0.021633522727272755 0.03334615384615385
0 0.6194886363636364 0.5983365384615384 0.0302840909090909 0.03528846153846158
0 0.3132528409090909 0.8756826923076924 0.027386363636363677 0.03501923076923073
0 0.07688210227272729 0.7791826923076923 0.03214488636363652 0.04059615384615387
0 0.6303125 0.8334038461538462 0.027386363636363598 0.03938461538461542
0 0.19053977272727285 0.498875 0.02610795454545454 0.031057692307692317
0 0.5156036931818182 0.008038461538461538 0.011832386363636342 0.014846153846153844
0 0.16475852272727276 0.9318750000000001 0.027755681818181766 0.04340384615384614
0 0.1506036931818181 0.4400769230769231 0.026576704545454598 0.02803846153846151
0 0.5648650568181818 0.8856826923076924 0.03228693181818176 0.03867307692307695
0 0.5156960227272727 0.9666346153846154 0.05068181818181819 0.0667307692307692
0 0.4036292613636363 0.8253365384615385 0.02541193181818188 0.043711538461538496
0 0.5201136363636363 0.021634615384615384 0.009829545454545478 0.03323076923076923
0 0.22124289772727268 0.4529711538461539 0.025866477272727326 0.01855769230769232
0 0.48054687500000004 0.05880769230769231 0.01845170454545456 0.025461538461538466
0 0.5177982954545455 0.9679615384615385 0.04363636363636359 0.06407692307692306
0 0.0349431818181819 0.10325961538461537 0.0698863636363637 0.12024999999999998
0 0.9109659090909091 0.3832403846153847 0.032017045454545465 0.04332692307692308
0 0.4455965909090909 0.12275961538461537 0.016874999999999994 0.030519230769230764
0 0.22908380681818197 0.47099038461538467 0.024332386363636358 0.033711538461538466
0 0.2602769886363636 0.48456730769230766 0.03529829545454557 0.048903846153846166
0 0.18495738636363646 0.48390384615384613 0.02622159090909096 0.03007692307692305
0 0.1740624999999999 0.9884423076923077 0.017045454545454544 0.02311538461538458
0 0.1157031249999999 0.44282692307692306 0.04075284090909082 0.046307692307692334
0 0.3076562500000001 0.5299807692307693 0.035568181818181846 0.05323076923076924
0 0.8567897727272727 0.27161538461538465 0.018494318181818178 0.02434615384615384
0 0.757372159090909 0.8811923076923077 0.02139204545454546 0.030692307692307654
0 0.8903125000000001 0.8889807692307692 0.02556818181818182 0.03765384615384612
0 0.8831321022727272 0.098375 0.02612215909090909 0.03917307692307693
0 0.8105752840909091 0.393125 0.026690340909090917 0.03744230769230769
0 0.5745809659090909 0.024307692307692308 0.03061079545454539 0.03384615384615385
0 0.51921875 0.5619615384615385 0.03312499999999999 0.04907692307692315
0 0.759765625 0.6799134615384614 0.025696022727272692 0.03786538461538461
0 0.8847017045454546 0.5630480769230769 0.03366477272727273 0.037442307692307636
0 0.7978053977272728 0.740875 0.03515625 0.04359615384615377
0 0.9900710227272728 0.1743173076923077 0.019857954545454547 0.039673076923076915
0 0.98421875 0.7803173076923077 0.029261363636363637 0.04071153846153849
0 0.8378053977272727 0.7488557692307691 0.01796875000000001 0.03474999999999999
0 0.7441193181818182 0.40004807692307687 0.029999999999999968 0.04382692307692306
0 0.1967116477272728 0.41683653846153845 0.02620738636363643 0.04259615384615386
0 0.25306107954545454 0.5979711538461538 0.029360795454545396 0.04009615384615389
0 0.02318892045454557 0.02973076923076923 0.046377840909090876 0.05946153846153846
0 0.746200284090909 0.9099230769230768 0.010667613636363664 0.01746153846153843
0 0.8057315340909091 0.36208653846153843 0.02481534090909091 0.043711538461538496
0 0.9640909090909091 0.8497596153846154 0.03534090909090909 0.03821153846153847
0 0.4566903409090909 0.2560384615384615 0.02852272727272725 0.040076923076923086
0 0.7881960227272727 0.8533076923076923 0.034744318181818196 0.05269230769230776
0 0.6349715909090909 0.2581538461538462 0.025397727272727308 0.03623076923076924
0 0.008735795454545392 0.41524038461538465 0.017471590909090843 0.02667307692307693
0 0.8209659090909092 0.5591057692307693 0.055142045454545444 0.08355769230769229
0 0.7937855113636363 0.03697115384615385 0.031974431818181846 0.04040384615384615
0 0.8177130681818182 0.7253653846153846 0.025426136363636373 0.04303846153846153
0 0.20362215909090908 0.622451923076923 0.04758522727272727 0.07444230769230765
0 0.8397798295454546 0.32146153846153847 0.03313920454545454 0.04961538461538464
0 0.8004474431818182 0.403875 0.03208806818181819 0.038750000000000014
0 0.49123579545454543 0.6656346153846153 0.030710227272727278 0.04323076923076927
0 0.26084517045454547 0.0038750000000000004 0.022713068181818195 0.007750000000000001
0 0.9751846590909091 0.9958173076923078 0.019460227272727275 0.00836538461538466
0 0.9815625 0.34052884615384615 0.027159090909090907 0.039480769230769236
0 0.7843181818181818 0.7305096153846155 0.03863636363636362 0.048250000000000064
0 0.38073863636363636 0.8217788461538461 0.021676136363636352 0.04355769230769226
0 0.47124999999999995 0.5983846153846153 0.03622159090909091 0.047192307692307735
0 0.870859375 0.4864711538461539 0.024275568181818166 0.029826923076923115
0 0.7528835227272728 0.17422115384615383 0.02985795454545452 0.037250000000000005
0 0.21852982954545463 0.2155673076923077 0.0285085227272728 0.028942307692307715
0 0.4898295454545455 0.4420769230769231 0.021761363636363627 0.025576923076923098
0 0.8982670454545454 0.8567596153846153 0.02755681818181817 0.03717307692307689
0 0.9021306818181818 0.957346153846154 0.03397727272727273 0.056807692307692344
0 0.778125 0.6568365384615384 0.02718750000000002 0.035596153846153826
0 0.942265625 0.6516538461538461 0.01177556818181818 0.017730769230769283
0 0.15020596590909097 0.21088461538461536 0.03288352272727286 0.04338461538461539
0 0.4878480113636364 0.23867307692307696 0.02708806818181817 0.04111538461538464
0 0.3696590909090909 0.31374038461538456 0.04201704545454543 0.0571346153846154
0 0.7302059659090909 0.4211442307692308 0.027031250000000003 0.03924999999999999
0 0.9261008522727273 0.7297788461538461 0.035355113636363636 0.0592115384615385
0 0.9898295454545455 0.3603942307692308 0.02034090909090909 0.047826923076923086
0 0.3151846590909091 0.6812403846153846 0.024630681818181784 0.03578846153846157
0 0.4406747159090909 0.06887499999999999 0.034218749999999964 0.04363461538461538
0 0.8553835227272727 0.6105192307692309 0.022556818181818174 0.03542307692307695
0 0.6928125 0.4551826923076923 0.029460227272727287 0.0339423076923077
0 0.4160369318181818 0.30711538461538457 0.02980113636363639 0.04265384615384611
0 0.8213565340909091 0.6048846153846154 0.03257102272727272 0.03980769230769229
0 0.41602982954545453 0.3058942307692308 0.027911931818181787 0.04444230769230772
0 0.2603480113636363 0.6607500000000001 0.030525568181818195 0.037807692307692355
0 0.2284090909090909 0.5950576923076923 0.0277272727272727 0.03776923076923074
0 0.009453124999999951 0.4159807692307692 0.018906249999999923 0.028269230769230748
0 0.8581321022727273 0.7516057692307693 0.024303977272727293 0.038980769230769305
0 0.6440980113636363 0.9802211538461539 0.027002840909090896 0.03809615384615385
0 0.2515696022727273 0.030951923076923075 0.025241477272727245 0.04236538461538462
0 0.8376420454545455 0.27176923076923076 0.023380681818181828 0.03442307692307693
0 0.33133522727272724 0.4230769230769231 0.02380681818181817 0.03338461538461541
0 0.6886647727272728 0.4194326923076923 0.03437499999999998 0.04217307692307694
0 0.20116477272727273 0.2970769230769231 0.025596590909090885 0.03284615384615387
0 0.34708806818181825 0.44534615384615384 0.022982954545454556 0.03446153846153844
0 0.7838707386363637 0.3621730769230769 0.02782670454545451 0.044961538461538504
0 0.49001420454545463 0.5321634615384616 0.03125 0.04848076923076919
0 0.35357244318181813 0.41951923076923076 0.024474431818181763 0.03703846153846152
0 0.738046875 0.30191346153846155 0.02026988636363638 0.024557692307692273
0 0.595809659090909 0.2752884615384615 0.027386363636363598 0.03492307692307692
0 0.3835866477272727 0.3420480769230769 0.028167613636363612 0.038596153846153836
0 0.8520596590909091 0.08625 0.06551136363636362 0.05888461538461538
0 0.9204474431818181 0.60675 0.030667613636363632 0.044192307692307725
0 0.7108025568181818 0.43613461538461534 0.025781249999999967 0.041923076923076945
0 0.9254048295454546 0.6504038461538463 0.022571022727272728 0.03230769230769233
0 0.4470525568181819 0.7008846153846154 0.02430397727272721 0.04000000000000002
0 0.9777485795454546 0.501778846153846 0.02913352272727273 0.040288461538461516
0 0.5662926136363635 0.12592307692307694 0.02906249999999997 0.0406923076923077
0 0.7789488636363636 0.9010192307692307 0.030710227272727278 0.05103846153846158
0 0.31781250000000005 0.45108653846153846 0.03792613636363635 0.05540384615384616
0 0.3473934659090909 0.6446538461538462 0.023423295454545467 0.0357307692307692
0 0.057613636363636256 0.28824999999999995 0.037272727272727124 0.04646153846153846
0 0.22270596590909086 0.24669230769230768 0.029048295454545518 0.03638461538461542
0 0.24104403409090902 0.6210288461538461 0.02813920454545463 0.03709615384615378
0 0.19585227272727268 0.32667307692307695 0.022755681818181793 0.029615384615384627
0 0.34689630681818184 0.44616346153846154 0.023565340909090873 0.0324423076923077
0 0.23459517045454537 0.5082115384615384 0.02183238636363637 0.029999999999999933
0 0.9732244318181819 0.0833173076923077 0.03005681818181818 0.038826923076923085
0 0.7585724431818182 0.8798653846153845 0.0238210227272727 0.037807692307692355
0 0.030482954545454577 0.3400192307692308 0.04366477272727274 0.06484615384615385
0 0.5250923295454545 0.2793557692307692 0.025894886363636307 0.03521153846153841
0 0.330078125 0.16439423076923076 0.026832386363636343 0.035442307692307704
0 0.572734375 0.05143269230769231 0.0308664772727273 0.03378846153846154
0 0.8149644886363636 0.07852884615384616 0.027258522727272746 0.03744230769230769
0 0.6247727272727273 0.9941826923076922 0.026505681818181814 0.01121153846153854
0 0.7322159090909091 0.3766538461538462 0.02590909090909088 0.03626923076923074
0 0.78671875 0.9121923076923077 0.031363636363636344 0.04219230769230769
0 0.7380113636363637 0.3035288461538461 0.019034090909090876 0.02578846153846153
0 0.06509943181818167 0.3359711538461539 0.02221590909090907 0.03125
0 0.1459019886363635 0.10101923076923078 0.032144886363636355 0.04534615384615383
0 0.9887571022727273 0.0711346153846154 0.022485795454545456 0.03742307692307692
0 0.8489630681818182 0.9928942307692309 0.020142045454545465 0.014211538461538435
0 0.3811647727272728 0.6636153846153847 0.031022727272727237 0.048384615384615436
0 0.2393536931818182 0.2258846153846154 0.025866477272727326 0.04807692307692311
0 0.8061150568181819 0.7665865384615385 0.04080965909090912 0.05082692307692298
0 0.45431818181818184 0.22652884615384616 0.024744318181818204 0.02517307692307693
0 0.9325213068181818 0.6265288461538462 0.029446022727272723 0.023326923076923068
0 0.2974289772727272 0.025490384615384616 0.02593749999999999 0.03940384615384616
0 0.9342258522727273 0.6364423076923078 0.024303977272727272 0.04265384615384617
0 0.7606605113636363 0.9055288461538461 0.02262784090909092 0.02736538461538465
0 0.42557528409090917 0.2549903846153846 0.02921874999999999 0.04463461538461537
0 0.2741832386363636 0.018625000000000003 0.021434659090909056 0.037250000000000005
0 0.9090980113636363 0.9459807692307691 0.02302556818181817 0.038500000000000076
0 0.9375994318181818 0.6453173076923077 0.015056818181818173 0.020365384615384678
0 0.8674502840909091 0.9941346153846154 0.019985795454545444 0.011730769230769274
0 0.6568465909090909 0.4740576923076923 0.03661931818181818 0.04373076923076925
0 0.19581676136363635 0.5472403846153846 0.018849431818181793 0.033788461538461635
0 0.08747869318181822 0.025875 0.029133522727272713 0.04121153846153846
0 0.6975426136363636 0.07378846153846155 0.03173295454545455 0.03538461538461538
0 0.6221874999999999 0.9948942307692308 0.023096590909090896 0.010211538461538357
0 0.8198863636363636 0.28142307692307694 0.026874999999999982 0.038499999999999965
0 0.5749147727272728 0.18376923076923077 0.026505681818181772 0.03657692307692307
0 0.1343821022727273 0.6443653846153846 0.029190340909090843 0.03700000000000002
0 0.4023650568181818 0.1995096153846154 0.028934659090909098 0.04036538461538461
0 0.8746377840909091 0.601875 0.02268465909090909 0.040365384615384636
0 0.4036363636363637 0.6696826923076923 0.02556818181818182 0.0354038461538462
0 0.9316761363636363 0.9258365384615385 0.028323863636363633 0.03982692307692315
0 0.037159090909090975 0.5968173076923078 0.033267045454545396 0.04021153846153851
0 0.8670951704545454 0.4611153846153846 0.02322443181818181 0.029423076923076944
0 0.5762144886363636 0.2860384615384616 0.03336647727272721 0.041038461538461544
0 0.1904403409090908 0.4976923076923077 0.02215909090909094 0.031346153846153815
0 0.8222798295454545 0.6048846153846154 0.027571022727272722 0.04000000000000002
0 0.8565411931818182 0.5804134615384615 0.024105113636363636 0.03525000000000008
0 0.7422656249999999 0.35391346153846154 0.02455965909090908 0.03975000000000003
0 0.19390624999999995 0.26939423076923075 0.026363636363636287 0.03344230769230772
0 0.6317897727272728 0.45803846153846156 0.02815340909090908 0.0363076923076923
0 0.2913849431818182 0.004423076923076923 0.03061079545454547 0.008846153846153846
0 0.8788920454545455 0.5801826923076923 0.023096590909090917 0.027903846153846137
0 0.32461647727272724 0.6521153846153847 0.02900568181818184 0.04669230769230775
0 0.9262997159090909 0.8965576923076922 0.02637784090909091 0.03411538461538463
0 0.9885582386363636 0.9679038461538461 0.022883522727272728 0.03796153846153837
0 0.4013778409090909 0.009903846153846154 0.028607954545454527 0.019807692307692307
0 0.988955965909091 0.9674230769230768 0.022088068181818184 0.0369230769230769
0 0.6736860795454546 0.2587980769230769 0.030383522727272707 0.04194230769230767
0 0.6991335227272728 0.10591346153846154 0.028863636363636355 0.033365384615384616
0 0.5357528409090908 0.05508653846153846 0.02659090909090905 0.036673076923076926
0 0.8368963068181818 0.7506153846153846 0.019928977272727275 0.04207692307692307
0 0.010390625000000098 0.3134903846153846 0.020781249999999994 0.04186538461538464
0 0.8830326704545455 0.5320480769230769 0.03677556818181818 0.04151923076923072
0 0.15269176136363638 0.16922115384615385 0.025667613636363548 0.040903846153846145
0 0.16589488636363636 0.2944519230769231 0.029517045454545417 0.03836538461538465
0 0.2970241477272727 0.022567307692307692 0.02626420454545456 0.037788461538461535
0 0.21541193181818197 0.5041826923076923 0.01653409090909089 0.021942307692307633
0 0.06509943181818167 0.3367307692307693 0.02017045454545445 0.02999999999999999
0 0.26040482954545463 0.661451923076923 0.027571022727272684 0.035557692307692325
0 0.8583380681818182 0.7482692307692308 0.023096590909090917 0.03126923076923075
0 0.8200497159090909 0.7242307692307692 0.024389204545454568 0.03880769230769232
0 0.4020809659090909 0.008509615384615385 0.02626420454545456 0.01701923076923077
0 0.009978693181818099 0.31389423076923073 0.0199573863636363 0.03894230769230769
0 0.8629332386363636 0.8197307692307693 0.08342329545454547 0.11076923076923081
0 0.17175426136363636 0.35867307692307693 0.019190340909090896 0.024615384615384584
0 0.042769886363636433 0.11598076923076922 0.04960227272727283 0.09
0 0.41750710227272725 0.7240000000000001 0.02166193181818182 0.03823076923076922
0 0.7078125 0.015990384615384615 0.05056818181818181 0.03198076923076923
0 0.9562215909090909 0.5417788461538462 0.039403409090909086 0.047096153846153864
0 0.9747017045454546 0.9958365384615385 0.016051136363636365 0.008326923076923155
0 0.2011931818181818 0.29710576923076926 0.025142045454545518 0.03313461538461542
0 0.5755184659090908 0.02486538461538462 0.027571022727272763 0.033769230769230774
0 0.8078551136363636 0.7656538461538461 0.03849431818181817 0.04865384615384617
0 0.3692471590909091 0.31423076923076926 0.03775568181818179 0.05
0 0.8131889204545455 0.07952884615384616 0.024957386363636373 0.03467307692307691
0 0.3310866477272727 0.1620096153846154 0.023792613636363636 0.03444230769230769
0 0.22921164772727276 0.47268269230769233 0.023394886363636402 0.03459615384615381
0 0.6174289772727273 0.6471153846153846 0.035454545454545426 0.062230769230769256
0 0.9123295454545455 0.38975000000000004 0.02889204545454546 0.04888461538461536
0 0.6696306818181819 0.6591153846153847 0.02428977272727272 0.04000000000000002
0 0.04472301136363621 0.9494615384615385 0.024303977272727293 0.039115384615384566
0 0.46116477272727263 0.7191153846153846 0.030198863636363704 0.03911538461538468
0 0.6923792613636364 0.45597115384615383 0.027571022727272722 0.033788461538461524
0 0.3119460227272728 0.8752403846153847 0.022982954545454556 0.03467307692307687
0 0.19639914772727274 0.3264230769230769 0.020838068181818284 0.02999999999999999
0 0.7938210227272727 0.03686538461538462 0.030852272727272725 0.04176923076923077
0 0.9277627840909091 0.4013076923076923 0.02166193181818182 0.029346153846153827
0 0.9014417613636364 0.9612692307692308 0.028877840909090905 0.05211538461538455
0 0.07788352272727261 0.7783461538461539 0.0288920454545455 0.04000000000000002
0 0.6891051136363636 0.42041346153846154 0.02889204545454546 0.035557692307692325
0 0.14397727272727256 0.41239423076923076 0.026448863636363642 0.03805769230769229
0 0.6989488636363637 0.38352884615384614 0.01968750000000002 0.031096153846153878
0 0.7776349431818181 0.6568846153846155 0.024957386363636393 0.033769230769230774
0 0.006115056818181919 0.6810096153846154 0.012230113636363655 0.04267307692307703
0 0.8000639204545454 0.40397115384615384 0.027571022727272722 0.03821153846153847
0 0.1651349431818182 0.5001538461538462 0.024474431818181843 0.03896153846153844
0 0.40732954545454547 0.7013365384615384 0.027585227272727296 0.037326923076923015
0 0.45788352272727273 0.25146153846153846 0.029545454545454562 0.0311153846153846
0 0.028167613636363553 0.0895673076923077 0.056335227272727224 0.08463461538461538
0 0.5357883522727274 0.055086538461538465 0.02691761363636362 0.03732692307692308
0 0.5663281250000001 0.12751923076923077 0.02626420454545456 0.039999999999999994
0 0.49005681818181823 0.5302211538461539 0.0288920454545455 0.04532692307692306
0 0.5751846590909091 0.18308653846153847 0.022982954545454556 0.033788461538461524
0 0.9250355113636364 0.6488846153846153 0.020355113636363633 0.030230769230769172
0 0.6986221590909091 0.07375 0.028238636363636396 0.03553846153846155
0 0.8987642045454546 0.8580961538461539 0.027812500000000007 0.0369230769230769
0 0.1945809659090909 0.2691153846153846 0.024474431818181843 0.03088461538461539
