0 0.09301136363636364 0.1128076923076923 0.07477272727272725 0.08099999999999999
0 0.34238636363636354 0.7826538461538461 0.050482954545454574 0.056307692307692364
0 0.04720880681818185 0.9153846153846154 0.08879261363636362 0.11957692307692298
0 0.42674005681818183 0.4460673076923077 0.047201704545454574 0.07021153846153849
0 0.4799573863636364 0.8916538461538461 0.03551136363636364 0.0392307692307693
0 0.6409588068181818 0.920125 0.046264204545454574 0.06201923076923077
0 0.0878693181818182 0.8856442307692307 0.05048295454545449 0.06644230769230772
0 0.5573579545454546 0.14648076923076925 0.0663636363636364 0.11515384615384616
0 0.8428622159090909 0.023932692307692308 0.053650568181818174 0.047865384615384615
0 0.008884943181818206 0.5123461538461539 0.017769886363636352 0.06896153846153849
0 0.6180539772727274 0.9707403846153846 0.04906250000000003 0.04048076923076915
0 0.7859375 0.15150961538461538 0.06019886363636363 0.07440384615384615
0 0.5695099431818182 0.031480769230769236 0.07569602272727267 0.06296153846153847
0 0.13389914772727274 0.8774230769230769 0.046264204545454456 0.1094615384615385
0 0.40448153409090903 0.8951346153846155 0.0378551136363636 0.04365384615384613
0 0.8595454545454546 0.28259615384615383 0.07 0.09565384615384614
0 0.5111505681818183 0.5071346153846155 0.04840909090909089 0.061115384615384676
0 0.5842329545454545 0.016615384615384615 0.032244318181818166 0.03323076923076923
0 0.9800071022727272 0.9185480769230769 0.030838068181818182 0.038596153846153836
0 0.5321235795454546 0.7440673076923078 0.10095170454545453 0.13728846153846153
0 0.6972869318181818 0.28259615384615383 0.06738636363636367 0.08326923076923076
0 0.5732457386363636 0.2765096153846154 0.06822443181818177 0.08667307692307691
0 0.5183380681818182 0.13225 0.04252840909090909 0.060115384615384626
0 0.10422585227272729 0.7186153846153847 0.05794034090909086 0.08288461538461543
0 0.588671875 0.18982692307692306 0.06169034090909092 0.08034615384615384
0 0.700127840909091 0.763673076923077 0.06028409090909095 0.08034615384615379
0 0.6545028409090909 0.9505673076923076 0.0892613636363636 0.09886538461538466
0 0.5219460227272728 0.44425 0.06999999999999997 0.08592307692307694
0 0.39169034090909094 0.783298076923077 0.06028409090909099 0.07401923076923078
0 0.40009943181818186 0.7121153846153846 0.06122159090909094 0.08730769230769227
0 0.586747159090909 0.9849807692307692 0.03971590909090914 0.029730769230769193
0 0.6828338068181818 0.012192307692307692 0.05373579545454543 0.024384615384615383
0 0.7627130681818182 0.3530096153846154 0.05823863636363636 0.07351923076923081
0 0.1500284090909091 0.6528076923076923 0.0682386363636363 0.09807692307692308
0 0.9125426136363637 0.025259615384615384 0.08701704545454546 0.05051923076923077
0 0.4806605113636363 0.9166442307692307 0.035980113636363616 0.03351923076923078
0 0.4664133522727273 0.9283461538461538 0.03365056818181818 0.04176923076923082
0 0.34098721590909087 0.7608269230769231 0.04205965909090911 0.03923076923076919
0 0.30658380681818187 0.9672596153846154 0.09160511363636357 0.0651730769230769
0 0.99140625 0.9394230769230769 0.017187499999999998 0.043653846153846244
0 0.44888494318181815 0.9403653846153847 0.01728693181818184 0.02276923076923083
0 0.47861505681818184 0.27776923076923077 0.07149147727272732 0.0778076923076923
0 0.41061789772727275 0.35653846153846147 0.06356534090909091 0.09742307692307692
0 0.38303977272727263 0.6064519230769231 0.07571022727272729 0.11009615384615384
0 0.5755326704545455 0.9780192307692308 0.047201704545454574 0.04365384615384602
0 0.06520596590909089 0.46996153846153843 0.047201704545454574 0.06515384615384615
0 0.43281249999999993 0.6247980769230769 0.09113636363636358 0.1062884615384615
