0 0.42759943181818183 0.03277884615384615 0.022982954545454556 0.035557692307692304
0 0.6590482954545455 0.5607788461538462 0.02363636363636362 0.037326923076923126
0 0.6886008522727272 0.28889423076923076 0.04495738636363637 0.06144230769230767
0 0.8611363636363636 0.01025 0.02954545454545454 0.02046153846153846
0 0.5165696022727273 0.6936634615384616 0.02231534090909088 0.025788461538461586
0 0.4873437500000001 0.1705576923076923 0.029545454545454562 0.040884615384615366
0 0.5270738636363637 0.2514423076923077 0.06039772727272725 0.05334615384615386
0 0.9806392045454545 0.03247115384615385 0.03480113636363636 0.054211538461538464
0 0.4564914772727273 0.12211538461538461 0.025596590909090885 0.031115384615384628
0 0.4811150568181819 0.20077884615384617 0.024957386363636355 0.02667307692307693
0 0.4262926136363636 0.07410576923076923 0.04792613636363638 0.06132692307692307
0 0.4614133522727273 0.1443269230769231 0.024957386363636355 0.024000000000000007
0 0.5582599431818182 0.11366346153846155 0.024303977272727293 0.037326923076923084
0 0.440078125 0.14744230769230768 0.02166193181818182 0.032
0 0.38328125 0.12922115384615385 0.02232954545454541 0.04532692307692309
0 0.3987144886363636 0.059894230769230776 0.02166193181818182 0.05244230769230769
0 0.4335085227272727 0.1194423076923077 0.019034090909090876 0.03465384615384616
0 0.4837357954545455 0.6447788461538461 0.040710227272727224 0.07021153846153855
0 0.4656818181818182 0.20522115384615386 0.03480113636363636 0.05690384615384616
0 0.6918678977272728 0.620326923076923 0.04595170454545454 0.056884615384615464
0 0.40495028409090916 0.1114423076923077 0.018394886363636346 0.03288461538461539
0 0.42366477272727276 0.37899999999999995 0.022982954545454556 0.036461538461538476
0 0.3711363636363636 0.2478846153846154 0.03610795454545457 0.040884615384615394
0 0.45944602272727275 0.5167788461538462 0.02363636363636362 0.043557692307692374
0 0.6661931818181819 0.0673076923076923 0.045454545454545456 0.046153846153846156
0 0.47947443181818183 0.35366346153846157 0.02428977272727276 0.037326923076923126
0 0.41939630681818185 0.12522115384615384 0.010497159090909071 0.03555769230769231
0 0.3110014204545455 0.2905865384615384 0.04044034090909095 0.03413461538461538
0 0.37147017045454545 0.20877884615384615 0.03282670454545456 0.046211538461538464
0 0.5152556818181818 0.3158846153846154 0.04857954545454544 0.05776923076923075
0 0.32045454545454544 0.20027884615384614 0.03625000000000005 0.029865384615384617
0 0.4019957386363636 0.14211538461538462 0.02166193181818182 0.032
0 0.7203764204545454 0.41671153846153847 0.020667613636363612 0.03288461538461543
0 0.29078125 0.22053846153846154 0.045170454545454646 0.037692307692307706
0 0.42727272727272725 0.3501153846153846 0.02363636363636362 0.02311538461538458
0 0.7022940340909091 0.40691346153846153 0.017571022727272734 0.02867307692307697
0 0.4991619318181818 0.20611538461538462 0.05318181818181818 0.09776923076923075
0 0.7512926136363637 0.5554423076923076 0.02428977272727272 0.05334615384615386
0 0.6440553977272727 0.28974038461538465 0.035724431818181863 0.03128846153846156
0 0.6767116477272728 0.33555769230769233 0.03151988636363636 0.05946153846153844
0 0.6495738636363637 0.35584615384615387 0.04650568181818179 0.044076923076923055
0 0.40823153409090907 0.011057692307692308 0.03151988636363636 0.022115384615384617
0 0.42070312500000007 0.6296634615384615 0.02626420454545456 0.03821153846153847
0 0.7908877840909091 0.009346153846153846 0.02691761363636362 0.018692307692307692
0 0.5582599431818182 0.1394423076923077 0.02691761363636362 0.030230769230769228
0 0.7112926136363636 0.24195192307692306 0.02227272727272728 0.04040384615384614
0 0.47257812499999996 0.0035 0.03282670454545456 0.007
0 0.5518465909090908 0.020192307692307693 0.015625 0.021153846153846155
0 0.40068181818181825 0.6105576923076923 0.022982954545454556 0.04623076923076916
0 0.47290482954545454 0.6883365384615384 0.038735795454545426 0.04355769230769226
0 0.9279403409090909 0.9514903846153846 0.024687500000000005 0.04409615384615386
0 0.9872088068181818 0.9493557692307691 0.025582386363636366 0.038403846153846094
0 0.1400426136363635 0.45972115384615386 0.026789772727272745 0.03909615384615387
0 0.33517045454545447 0.9365192307692308 0.07457386363636363 0.048346153846153817
0 0.9927272727272727 0.26349999999999996 0.014545454545454545 0.03911538461538462
0 0.9916761363636364 0.3264230769230769 0.016647727272727272 0.05973076923076923
0 0.7519460227272727 0.5852211538461538 0.022982954545454556 0.03467307692307687
0 0.3309588068181818 0.38800961538461537 0.04990056818181818 0.05121153846153851
0 0.9749502840909091 0.2727403846153846 0.02205965909090909 0.026326923076923074
0 0.984921875 0.2887403846153846 0.02521306818181818 0.027019230769230736
0 0.9733735795454546 0.34028846153846154 0.02100852272727273 0.033423076923076916
0 0.9649644886363636 0.3040288461538462 0.043082386363636364 0.04336538461538464
0 0.9623366477272727 0.33176923076923076 0.024161931818181822 0.029153846153846148
0 0.9352911931818182 0.32108653846153845 0.037286931818181816 0.06186538461538465
0 0.26136363636363635 0.44311538461538463 0.03255681818181821 0.03911538461538462
0 0.2608380681818182 0.34854807692307693 0.03360795454545458 0.04478846153846152
0 0.3094318181818182 0.2557403846153846 0.02573863636363637 0.03982692307692309
0 0.7013920454545455 0.5078846153846154 0.04661931818181817 0.03288461538461532
0 0.9371235795454546 0.2919326923076923 0.06723011363636365 0.05901923076923077
0 0.9098153409090909 0.226875 0.03465909090909091 0.04978846153846151
0 0.8522940340909091 0.258875 0.041491477272727284 0.10240384615384618
0 0.7874076704545454 0.1363076923076923 0.03348011363636363 0.03357692307692308
0 0.8922159090909091 0.20874038461538458 0.0740625 0.11874999999999997
0 0.9066619318181818 0.33033653846153843 0.018920454545454556 0.023480769230769246
0 0.9218963068181818 0.35806730769230766 0.029417613636363638 0.06613461538461536
0 0.8696377840909091 0.42526923076923073 0.04569602272727273 0.05119230769230765
0 0.7719744318181818 0.016923076923076926 0.016164772727272722 0.032
0 0.30128551136363635 0.3933461538461539 0.029417613636363606 0.07180769230769231
0 0.5960085227272727 0.4745576923076923 0.03676136363636363 0.08534615384615378
0 0.8073934659090909 0.4270576923076923 0.02626420454545456 0.03199999999999997
0 0.2626846590909092 0.410048076923077 0.02258522727272724 0.029865384615384617
0 0.2784375 0.3656153846153846 0.017329545454545518 0.03057692307692309
0 0.8838139204545454 0.4661634615384616 0.03938920454545453 0.06471153846153847
0 0.0977627840909091 0.878201923076923 0.022059659090909213 0.029865384615384672
0 0.8102840909090909 0.4540769230769231 0.021534090909090885 0.02630769230769232
0 0.7939914772727272 0.48714423076923075 0.02363636363636362 0.0312884615384615
0 0.2831605113636364 0.3599230769230769 0.06146306818181815 0.07607692307692308
0 0.7884872159090909 0.4359326923076923 0.02311079545454543 0.03413461538461538
0 0.7813920454545455 0.4640288461538462 0.03625000000000001 0.046211538461538464
0 0.5231321022727272 0.600326923076923 0.032826704545454485 0.04000000000000002
0 0.6608451704545455 0.49424999999999997 0.027315340909090893 0.028461538461538483
0 0.8746377840909091 0.35654807692307694 0.021093750000000012 0.0330192307692308
0 0.8764985795454545 0.16960576923076923 0.019019886363636364 0.025173076923076902
0 0.2962926136363637 0.16223076923076923 0.02889204545454542 0.03911538461538462
0 0.8223366477272728 0.29552884615384617 0.026463068181818154 0.05540384615384616
0 0.6311647727272727 0.49994230769230774 0.03625000000000001 0.046923076923076935
0 0.6277556818181818 0.5219903846153846 0.035710227272727255 0.03982692307692315
0 0.9916761363636364 0.4853653846153846 0.016647727272727272 0.08888461538461538
0 0.32465909090909095 0.06018269230769231 0.03940340909090911 0.08675
0 0.845078125 0.3856442307692308 0.033906250000000006 0.04309615384615384
0 0.6236789772727273 0.2433846153846154 0.024374999999999956 0.027307692307692314
0 0.9694318181818182 0.44874038461538457 0.03730113636363636 0.08817307692307691
0 0.9615553977272727 0.5251826923076922 0.04569602272727273 0.06898076923076918
0 0.8928267045454545 0.09963461538461539 0.027698863636363636 0.0375
0 0.2642542613636363 0.1451730769230769 0.029928977272727263 0.029153846153846148
0 0.8310298295454546 0.5162980769230769 0.03257102272727272 0.03982692307692304
0 0.9300426136363636 0.5002884615384615 0.024687499999999994 0.030576923076923144
0 0.987734375 0.5674903846153847 0.02453125 0.04409615384615386
0 0.23693892045454557 0.10000961538461538 0.03308238636363647 0.03271153846153846
0 0.8297159090909091 0.5500769230769231 0.0330965909090909 0.033423076923076916
0 0.28289772727272733 0.13165384615384618 0.0336079545454545 0.041961538461538474
0 0.9031605113636364 0.06448076923076923 0.028224431818181815 0.04
0 0.5001562500000001 0.12477884615384616 0.035454545454545426 0.05955769230769232
0 0.9169034090909091 0.5184326923076923 0.02573863636363637 0.03413461538461538
0 0.8886931818181818 0.1570096153846154 0.01696022727272727 0.02463461538461539
0 0.21304687499999997 0.07014423076923078 0.027315340909090935 0.03982692307692307
0 0.8539630681818182 0.33611538461538454 0.03678977272727273 0.051500000000000004
0 0.8591264204545455 0.5401153846153847 0.026775568181818175 0.057615384615384575
0 0.8769105113636364 0.1463846153846154 0.01819602272727273 0.022384615384615385
0 0.8161363636363637 0.09517307692307693 0.026448863636363642 0.0375
0 0.2261789772727273 0.22374999999999998 0.04727272727272724 0.05973076923076923
0 0.8901136363636364 0.994596153846154 0.03099431818181817 0.010807692307692317
0 0.041292613636363495 0.8202499999999999 0.029943181818181876 0.02346153846153844
0 0.4377769886363636 0.7118846153846154 0.034133522727272686 0.03199999999999997
0 0.1760227272727274 0.8216730769230769 0.14181818181818187 0.07465384615384614
0 0.1455610795454546 0.783625 0.022059659090909053 0.028442307692307732
0 0.10642045454545468 0.8074615384615385 0.02048295454545449 0.033423076923076916
0 0.8438920454545454 0.6066057692307693 0.026789772727272728 0.03982692307692315
0 0.06860795454545443 0.8042499999999999 0.024687499999999994 0.04976923076923076
0 0.029474431818181768 0.799625 0.01997159090909083 0.05332692307692311
0 0.12664062499999995 0.7857596153846155 0.021008522727272674 0.035557692307692214
0 0.0031818181818181746 0.8021250000000001 0.00636363636363639 0.032711538461538445
0 0.29734375 0.06836538461538462 0.027840909090909124 0.09315384615384616
0 0.05915482954545448 0.7551923076923077 0.0425426136363637 0.06684615384615383
0 0.40068181818181814 0.37632692307692306 0.03480113636363636 0.04000000000000002
0 0.012109374999999978 0.8049615384615384 0.024218749999999935 0.0696923076923077
0 0.09486505681818191 0.832701923076923 0.04779829545454542 0.03698076923076927
0 0.125859375 0.8120673076923076 0.019446022727272805 0.03698076923076916
0 0.886171875 0.5440288461538462 0.028366477272727272 0.054057692307692334
0 0.16866477272727276 0.7089615384615385 0.13130681818181825 0.13653846153846153
0 0.08751420454545455 0.7974903846153846 0.019431818181818272 0.05617307692307699
0 0.12008522727272719 0.7658557692307693 0.021534090909090864 0.02844230769230762
0 0.07411931818181827 0.6876346153846153 0.035710227272727255 0.062576923076923
0 0.10458096590909094 0.7843365384615385 0.02311079545454543 0.028442307692307732
0 0.09644176136363636 0.7527019230769231 0.034133522727272686 0.05048076923076923
0 0.514921875 0.6136634615384615 0.03217329545454542 0.043557692307692374
0 0.09119318181818192 0.7014903846153846 0.033096590909091006 0.060442307692307705
0 0.021335227272727297 0.7242500000000001 0.020482954545454648 0.033423076923076916
0 0.01999289772727275 0.6879807692307692 0.03998579545454542 0.15573076923076926
0 0.060461647727272805 0.6687884615384615 0.030468749999999902 0.02773076923076926
0 0.058366477272727146 0.6414134615384615 0.03676136363636363 0.03128846153846161
0 0.9242613636363637 0.6453557692307693 0.07826704545454546 0.060442307692307705
0 0.006598011363636358 0.4991826923076924 0.013196022727272676 0.027019230769230792
0 0.012372159090909163 0.5727884615384616 0.024744318181818124 0.07180769230769225
0 0.011058238636363793 0.36833653846153847 0.022116477272727343 0.03413461538461538
0 0.08225852272727263 0.296875 0.06144886363636362 0.07751923076923077
0 0.6343394886363636 0.3103653846153846 0.03151988636363632 0.03569230769230764
0 0.008174715909090913 0.3366923076923077 0.016349431818181805 0.040538461538461565
0 0.020021306818181817 0.3299423076923077 0.03467329545454541 0.046923076923076935
0 0.04865056818181823 0.695451923076923 0.020482954545454648 0.051211538461538454
0 0.014999999999999902 0.2627403846153846 0.030000000000000006 0.05048076923076923
0 0.8930326704545455 0.13154807692307693 0.0223153409090909 0.02855769230769231
0 0.015291193181818152 0.20975961538461538 0.02836647727272731 0.03413461538461538
0 0.020021306818181817 0.2933269230769231 0.030468750000000065 0.030576923076923033
0 0.06440340909090903 0.27802884615384615 0.05514204545454553 0.051211538461538454
0 0.08567471590909104 0.18202884615384615 0.026264204545454396 0.05263461538461539
0 0.08410511363636364 0.23358653846153846 0.044119318181818266 0.049057692307692316
0 0.6640482954545455 0.3208653846153846 0.01860795454545454 0.03007692307692305
0 0.025539772727272703 0.6136730769230769 0.029943181818181716 0.051192307692307704
0 0.008437500000000098 0.17634615384615385 0.016874999999999994 0.04976923076923076
0 0.019232954545454484 0.11731730769230769 0.03730113636363635 0.03698076923076924
0 0.8537642045454545 0.21018269230769232 0.08764204545454547 0.09513461538461539
0 0.0334161931818181 0.17704807692307692 0.037286931818181816 0.04267307692307692
0 0.039978693181818126 0.0831826923076923 0.031519886363636444 0.03271153846153846
0 0.0029190340909092116 0.07429807692307693 0.005838068181818201 0.03909615384615384
0 0.024225852272727333 0.022740384615384614 0.033622159090909036 0.03271153846153846
0 0.027642045454545516 0.050826923076923075 0.02573863636363637 0.026307692307692313
0 0.40765625000000005 0.2076346153846154 0.06198863636363634 0.14080769230769233
0 0.6980681818181818 0.16197115384615385 0.05187499999999998 0.07909615384615387
0 0.23326704545454546 0.057346153846153845 0.03414772727272722 0.0511923076923077
0 0.46359375 0.30541346153846155 0.07826704545454549 0.1230192307692308
0 0.51015625 0.4939519230769231 0.11409090909090908 0.1166730769230769
0 0.5566193181818182 0.47289423076923076 0.03940340909090911 0.03932692307692306
0 0.45968039772727276 0.5606249999999999 0.047599431818181805 0.05890384615384615
0 0.605362215909091 0.6022884615384615 0.12884943181818184 0.2222307692307693
0 0.9497514204545454 0.755923076923077 0.10049715909090909 0.1897307692307693
0 0.21095170454545453 0.45190384615384616 0.021534090909091027 0.03057692307692309
0 0.9882599431818182 0.6357596153846155 0.02348011363636364 0.09813461538461545
0 0.9185440340909091 0.8544326923076923 0.1629119318181818 0.2020576923076923
0 0.41939630681818185 0.7292211538461538 0.024957386363636355 0.03467307692307687
0 0.8541335227272727 0.5870480769230769 0.037812500000000006 0.04621153846153841
0 0.5156321022727273 0.5599134615384614 0.06828124999999999 0.051903846153846064
0 0.2663565340909091 0.03494230769230769 0.038338068181818195 0.04338461538461538
0 0.19255681818181813 0.01623076923076923 0.03676136363636363 0.03246153846153846
0 0.23458096590909083 0.01859615384615385 0.021008522727272674 0.02630769230769231
0 0.2710795454545454 0.01160576923076923 0.0561931818181819 0.02321153846153846
0 0.13636363636363635 0.004259615384615384 0.029943181818181716 0.008519230769230769
0 0.1460795454545455 0.039807692307692315 0.04832386363636361 0.049769230769230774
0 0.07070312499999998 0.023817307692307693 0.039389204545454574 0.047634615384615386
0 0.023700284090908963 0.007817307692307693 0.030468749999999902 0.015634615384615386
0 0.5736860795454546 0.23766346153846152 0.02231534090909096 0.034673076923076925
0 0.19965909090909084 0.21723076923076923 0.035710227272727255 0.06330769230769229
0 0.16052556818181818 0.2193653846153846 0.05619318181818174 0.041961538461538474
0 0.10904829545454542 0.25776923076923075 0.0288920454545455 0.037692307692307706
0 0.2435156249999999 0.2645192307692308 0.026775568181818213 0.03696153846153846
0 0.16078835227272714 0.24994230769230769 0.05251420454545442 0.037692307692307706
0 0.11377840909090908 0.22683653846153845 0.03099431818181809 0.03413461538461538
0 0.7391051136363636 0.8899807692307692 0.01471590909090907 0.02488461538461538
0 0.07517755681818172 0.1930480769230769 0.02626420454545456 0.049057692307692316
0 0.15369318181818192 0.29794230769230773 0.06460227272727276 0.07396153846153848
0 0.19939630681818177 0.27126923076923076 0.036235795454545444 0.03911538461538462
0 0.36129261363636367 0.16344230769230772 0.03610795454545457 0.06576923076923077
0 0.22460227272727273 0.27198076923076925 0.019431818181818272 0.03911538461538462
0 0.18810369318181808 0.3110961538461538 0.022059659090909213 0.03911538461538462
0 0.04260653409090909 0.303625 0.024161931818181805 0.032711538461538445
0 0.0378835227272728 0.24425961538461535 0.04622159090909102 0.07040384615384615
0 0.04969460227272726 0.3388269230769231 0.039389204545454574 0.03484615384615385
0 0.1996519886363637 0.316423076923077 0.019957386363636462 0.06257692307692306
0 0.22250000000000014 0.30149038461538463 0.024687499999999994 0.027019230769230792
0 0.22328835227272736 0.3231923076923077 0.02521306818181818 0.02773076923076926
0 0.23642755681818173 0.31643269230769233 0.06197443181818181 0.07394230769230772
0 0.23064630681818177 0.3786538461538461 0.0378267045454547 0.037692307692307685
0 0.7292897727272727 0.46655769230769234 0.02889204545454546 0.03734615384615382
0 0.3911647727272727 0.7234423076923077 0.030198863636363624 0.03911538461538468
0 0.1347869318181819 0.35163461538461543 0.027840909090909124 0.046230769230769214
0 0.28211647727272726 0.41289423076923076 0.017329545454545438 0.03555769230769227
0 0.2127840909090909 0.3651346153846154 0.03676136363636363 0.029153846153846148
0 0.1726065340909091 0.34807692307692306 0.044644886363636456 0.0291538461538462
0 0.2372088068181818 0.44513461538461546 0.036235795454545444 0.064
0 0.15448153409090903 0.3626538461538461 0.022059659090909053 0.0383846153846154
0 0.1145667613636363 0.47109615384615383 0.02311079545454543 0.02488461538461538
0 0.22565340909090914 0.4615 0.018380681818181897 0.05688461538461541
0 0.1996519886363637 0.3857692307692308 0.022059659090909213 0.03057692307692309
0 0.20333096590909083 0.47821153846153847 0.02521306818181818 0.03057692307692309
0 0.5841974431818182 0.21810576923076924 0.02626420454545456 0.029326923076923077
0 0.17522727272727256 0.3754519230769231 0.02363636363636362 0.03128846153846156
0 0.20990056818181813 0.4170576923076923 0.024687499999999994 0.041961538461538446
0 0.1983380681818182 0.4124326923076923 0.02784090909090896 0.03413461538461538
0 0.8492116477272728 0.134625 0.02231534090909092 0.04590384615384615
0 0.18521306818181815 0.37900961538461536 0.018380681818181897 0.049788461538461566
0 0.16052556818181818 0.4095865384615385 0.04360795454545461 0.05690384615384616
0 0.1957173295454545 0.4465673076923077 0.016292613636363674 0.035557692307692325
0 0.8221306818181818 0.059625 0.03349431818181816 0.04028846153846153
0 0.18284801136363626 0.4216826923076923 0.014701704545454579 0.03698076923076921
0 0.17522727272727256 0.4515480769230769 0.024687499999999994 0.03413461538461538
0 0.6931818181818181 0.4745576923076923 0.030198863636363624 0.048000000000000015
0 0.16709517045454547 0.4629134615384615 0.0199573863636363 0.027019230769230792
0 0.15396306818181815 0.48282692307692304 0.04937499999999999 0.05261538461538464
0 0.06545454545454532 0.5080769230769231 0.05093750000000002 0.0746538461538462
0 0.1061576704545455 0.5539423076923077 0.032571022727272816 0.03696153846153851
0 0.15789772727272722 0.5350961538461538 0.05829545454545449 0.04338461538461528
0 0.07149857954545458 0.5887884615384615 0.03257102272727266 0.04692307692307688
0 0.15684659090909103 0.5717211538461539 0.024687499999999994 0.0312884615384615
0 0.18704545454545463 0.5607019230769231 0.042017045454545515 0.05190384615384617
0 0.15684659090909103 0.5898461538461539 0.034147727272727385 0.036269230769230686
0 0.19203835227272736 0.6257692307692307 0.037286931818181816 0.065423076923077
0 0.43056107954545453 0.685673076923077 0.027571022727272684 0.03288461538461543
0 0.14765625000000004 0.6805288461538461 0.024147727272727272 0.0312884615384615
0 0.046285511363636456 0.584875 0.02311079545454543 0.04905769230769229
0 0.17627840909090897 0.6037211538461539 0.024687499999999994 0.032711538461538445
0 0.17338778409090916 0.6897596153846154 0.019957386363636462 0.032711538461538445
0 0.24299005681818187 0.6645192307692308 0.05200284090909093 0.051923076923076926
0 0.18600142045454537 0.6776730769230769 0.03677556818181816 0.048346153846153817
0 0.2858025568181818 0.6698557692307692 0.024161931818181805 0.03698076923076927
0 0.24088778409090916 0.7039903846153847 0.026775568181818213 0.027019230769230792
0 0.3181036931818182 0.7118076923076923 0.034133522727272686 0.05261538461538464
0 0.8702911931818182 0.05515384615384615 0.028934659090909098 0.04476923076923077
0 0.6560937499999999 0.5216634615384615 0.017727272727272713 0.03021153846153842
0 0.2621661931818182 0.6908269230769231 0.021008522727272837 0.03484615384615385
0 0.36142755681818184 0.7267403846153846 0.02521306818181818 0.05548076923076917
0 0.8725710227272727 0.12706730769230767 0.018607954545454556 0.05094230769230768
0 0.4104616477272728 0.7059423076923077 0.0204971590909091 0.022576923076922984
0 0.3406818181818182 0.7071923076923077 0.02573863636363637 0.10453846153846157
0 0.28894886363636363 0.69225 0.038863636363636385 0.044807692307692326
0 0.12323153409090903 0.579548076923077 0.034133522727272686 0.038403846153846205
0 0.27134943181818183 0.7185673076923076 0.029943181818181796 0.044788461538461576
0 0.3246661931818182 0.7701250000000001 0.0441335227272728 0.027019230769230792
0 0.41894886363636363 0.7942980769230769 0.03099431818181825 0.04124999999999998
0 0.7384872159090909 0.4932211538461539 0.03282670454545453 0.05509615384615386
0 0.33201704545454547 0.7939423076923078 0.04201704545454543 0.033423076923076916
0 0.8337073863636364 0.1430192307692308 0.021903409090909095 0.04811538461538461
0 0.38638494318181815 0.7672692307692308 0.036235795454545444 0.06400000000000006
0 0.3039204545454546 0.7377692307692307 0.05303977272727269 0.04623076923076927
0 0.24639914772727278 0.7345673076923077 0.07248579545454542 0.07963461538461543
0 0.3819176136363637 0.7903846153846154 0.06514204545454548 0.07180769230769236
0 0.3196732954545455 0.8195384615384615 0.02573863636363637 0.03484615384615385
0 0.2555965909090908 0.7903846153846154 0.03625000000000005 0.03199999999999997
0 0.9192897727272727 0.13098076923076923 0.020255681818181825 0.028538461538461544
0 0.4058167613636363 0.8447884615384614 0.05095170454545455 0.04550000000000005
0 0.616747159090909 0.2339903846153846 0.024801136363636414 0.029019230769230776
0 0.37981534090909086 0.8223846153846154 0.034659090909090876 0.0476538461538461
0 0.39426136363636366 0.8924326923076923 0.02258522727272724 0.0312884615384615
0 0.342265625 0.8316346153846155 0.04779829545454542 0.04623076923076927
0 0.28789772727272733 0.78825 0.03676136363636363 0.04907692307692304
0 0.28894886363636363 0.8209615384615384 0.038863636363636385 0.051923076923076926
0 0.2613778409090909 0.8110096153846155 0.021534090909091027 0.027750000000000014
0 0.8946875 0.05123076923076923 0.040511363636363644 0.0403076923076923
0 0.3837571022727272 0.8725192307692309 0.022599431818181855 0.028461538461538483
0 0.36983664772727276 0.8511826923076923 0.01995738636363638 0.027019230769230792
0 0.26295454545454544 0.8383846153846155 0.021534090909090944 0.025615384615384602
0 0.443359375 0.01727884615384615 0.028224431818181826 0.0345576923076923
0 0.30549715909090913 0.8554519230769232 0.026789772727272745 0.04124999999999998
0 0.3322869318181817 0.8586538461538461 0.03099431818181817 0.022038461538461607
0 0.36221590909090906 0.871451923076923 0.024687499999999994 0.036249999999999935
0 0.27765625000000005 0.9070096153846153 0.033096590909090846 0.04905769230769229
0 0.11719460227272727 0.44336538461538466 0.027315340909090935 0.03626923076923074
0 0.7472514204545455 0.2732884615384616 0.020667613636363654 0.04126923076923079
0 0.3414701704545454 0.8782019230769231 0.024161931818181805 0.032711538461538445
0 0.3916335227272728 0.9365192307692308 0.021534090909090944 0.03696153846153851
0 0.3212499999999999 0.8867403846153846 0.02784090909090904 0.029865384615384672
0 0.38218039772727264 0.9062980769230768 0.019446022727272725 0.044788461538461576
0 0.7319176136363637 0.5878942307692309 0.024943181818181823 0.03467307692307698
0 0.3603835227272728 0.8995480769230769 0.02312500000000004 0.03413461538461538
0 0.9337144886363636 0.5436730769230769 0.049900568181818185 0.05049999999999998
0 0.9048224431818181 0.5987788461538461 0.032031250000000004 0.03698076923076927
0 0.32991477272727276 0.9098461538461539 0.04201704545454543 0.030576923076923033
0 0.4194744318181818 0.9654134615384615 0.033096590909090846 0.06917307692307698
0 0.9647017045454546 0.5959423076923077 0.034147727272727274 0.058307692307692296
0 0.9321377840909091 0.6094519230769231 0.028877840909090905 0.032711538461538445
0 0.9337144886363636 0.5785192307692307 0.03203125 0.03199999999999997
0 0.9048295454545454 0.5699807692307692 0.024687499999999994 0.0362692307692308
0 0.8081747159090908 0.6915865384615385 0.04254261363636366 0.060442307692307594
0 0.6886008522727272 0.24906730769230767 0.02899147727272727 0.03413461538461536
0 0.8848579545454546 0.714701923076923 0.023636363636363636 0.035557692307692325
0 0.8020241477272727 0.24740384615384617 0.03410511363636362 0.03707692307692305
0 0.8291903409090909 0.7193173076923076 0.03309659090909092 0.060442307692307705
0 0.8035298295454545 0.3489807692307692 0.02274147727272726 0.03246153846153845
0 0.3769318181818182 0.9532307692307691 0.027840909090909124 0.060461538461538455
0 0.7281249999999999 0.28098076923076926 0.03204545454545455 0.042692307692307724
0 0.8606960227272727 0.714701923076923 0.024687500000000015 0.035557692307692325
0 0.7268394886363636 0.2592884615384615 0.020156249999999997 0.025884615384615398
0 0.7706178977272727 0.8373653846153847 0.017855113636363665 0.03769230769230773
0 0.8213068181818182 0.17408653846153846 0.032670454545454565 0.040865384615384616
0 0.555965909090909 0.3056634615384615 0.04727272727272731 0.0675576923076923
0 0.6491903409090909 0.4332211538461538 0.035454545454545426 0.05067307692307691
0 0.8721590909090909 0.3005769230769231 0.026874999999999982 0.028538461538461544
0 0.38454545454545463 0.9760865384615385 0.03781249999999992 0.047826923076923086
0 0.8833167613636363 0.32296153846153847 0.026036931818181817 0.028538461538461544
0 0.8004758522727273 0.2155673076923077 0.037201704545454545 0.05036538461538461
0 0.7335582386363637 0.23410576923076923 0.023252840909090914 0.03428846153846156
0 0.6542258522727273 0.21906730769230767 0.012400568181818167 0.015403846153846164
0 0.64234375 0.22360576923076925 0.03204545454545455 0.031480769230769215
0 0.35618607954545456 0.985326923076923 0.02521306818181818 0.029346153846153827
0 0.6413068181818182 0.19037500000000002 0.024801136363636376 0.05736538461538461
0 0.6785227272727272 0.41460576923076925 0.06821022727272728 0.05105769230769233
0 0.33674005681818187 0.225875 0.04044034090909095 0.032711538461538445
0 0.34646306818181827 0.9646153846153847 0.024687499999999994 0.02488461538461538
0 0.7108167613636365 0.4492403846153846 0.029446022727272713 0.03778846153846155
0 0.7879545454545455 0.8462500000000001 0.02102272727272729 0.032692307692307694
0 0.7974076704545454 0.8234903846153847 0.02521306818181818 0.04267307692307692
0 0.7944318181818182 0.30001923076923076 0.027698863636363636 0.04980769230769232
0 0.7480184659090909 0.3236538461538462 0.04495738636363637 0.04826923076923076
0 0.7792897727272727 0.8103365384615384 0.02889204545454546 0.041942307692307584
0 0.3217755681818182 0.9870096153846154 0.029943181818181796 0.025596153846153852
0 0.7113281250000001 0.395375 0.025326704545454524 0.034980769230769225
0 0.8543963068181818 0.752028846153846 0.04254261363636364 0.04051923076923076
0 0.49818181818181817 0.16033653846153847 0.02889204545454542 0.04178846153846152
0 0.8262713068181818 0.35794230769230767 0.024389204545454526 0.033576923076923094
0 0.7712713068181818 0.3495384615384615 0.026349431818181834 0.03707692307692308
0 0.8417897727272727 0.83025 0.027840909090909104 0.04623076923076927
0 0.2842187500000001 0.9839038461538462 0.052528409090909035 0.03219230769230771
0 0.811590909090909 0.8007307692307692 0.04306818181818183 0.06684615384615383
0 0.3225710227272728 0.9778557692307692 0.04306818181818181 0.044288461538461485
0 0.7472443181818182 0.8409230769230769 0.02889204545454546 0.04053846153846151
0 0.8294460227272727 0.7730096153846154 0.040965909090909094 0.04694230769230774
0 0.7828622159090909 0.34002884615384615 0.02274147727272726 0.04140384615384616
0 0.8620170454545455 0.8000288461538462 0.042017045454545474 0.05832692307692305
0 0.8283096590909091 0.017346153846153844 0.04661931818181819 0.03469230769230769
0 0.8111789772727273 0.1410576923076923 0.022329545454545453 0.03638461538461539
0 0.9615482954545455 0.9500673076923076 0.027840909090909086 0.03698076923076916
0 0.8746306818181818 0.27342307692307694 0.02852272727272727 0.030230769230769228
0 0.8578125 0.9415384615384615 0.02835227272727272 0.05403846153846147
0 0.8958948863636363 0.9198461538461539 0.035198863636363646 0.04907692307692304
0 0.27975852272727275 0.9447019230769231 0.05409090909090915 0.04763461538461535
0 0.8016122159090908 0.9667788461538462 0.029417613636363648 0.047634615384615456
0 0.8930042613636364 0.9408269230769231 0.05566761363636364 0.09246153846153843
0 0.24588068181818168 0.8828365384615384 0.038863636363636385 0.11875
0 0.9712713068181819 0.9763750000000001 0.026264204545454542 0.029865384615384672
0 0.6486789772727273 0.24565384615384614 0.02562500000000003 0.022769230769230774
0 0.9827485795454546 0.9789519230769231 0.03450284090909091 0.04209615384615382
0 0.9484161931818181 0.9768173076923077 0.03833806818181818 0.04636538461538464
0 0.10274857954545458 0.9718173076923078 0.033082386363636314 0.05636538461538462
0 0.8759375 0.9813557692307693 0.03625 0.0270192307692309
0 0.8625355113636364 0.9821442307692309 0.028366477272727272 0.03571153846153845
0 0.8357528409090909 0.9834903846153845 0.03150568181818181 0.032711538461538334
0 0.8289275568181818 0.9738942307692307 0.02836647727272725 0.029173076923076954
0 0.8289275568181818 0.9468653846153846 0.03572443181818181 0.03199999999999997
0 0.8979900568181818 0.30925 0.021491477272727266 0.029115384615384588
0 0.7440980113636364 0.972548076923077 0.028877840909090888 0.05490384615384618
0 0.4798011363636363 0.7438942307692309 0.03676136363636371 0.0693269230769231
0 0.7301775568181819 0.9596730769230769 0.011548295454545488 0.02488461538461538
0 0.8034517045454546 0.9276730769230769 0.055142045454545464 0.057615384615384575
0 0.9213707386363637 0.9853461538461539 0.030468749999999992 0.029307692307692326
0 0.807919034090909 0.8864230769230769 0.027315340909090914 0.04623076923076916
0 0.823409090909091 0.8778942307692308 0.021534090909090923 0.060442307692307705
0 0.7115340909090909 0.9682788461538462 0.03625000000000001 0.06344230769230771
0 0.6689914772727272 0.9330096153846154 0.021534090909090944 0.04267307692307692
0 0.1602627840909091 0.908076923076923 0.03782670454545454 0.048346153846153817
0 0.7548650568181818 0.9042115384615385 0.02205965909090909 0.03199999999999997
0 0.7385866477272727 0.9372788461538462 0.02626420454545456 0.0312884615384615
0 0.7656107954545455 0.005788461538461538 0.01968749999999998 0.011576923076923077
0 0.6821164772727273 0.9127403846153846 0.02258522727272728 0.04051923076923086
0 0.06729403409090906 0.9468269230769231 0.01680397727272717 0.032000000000000084
0 0.9041903409090909 0.3565384615384615 0.0165340909090909 0.029653846153846183
0 0.8971661931818182 0.28070192307692304 0.028110795454545465 0.04813461538461539
0 0.7091690340909091 0.9223365384615385 0.02626420454545456 0.04124999999999998
0 0.7293892045454546 0.9205576923076924 0.024687499999999994 0.04053846153846162
0 0.7359517045454546 0.8871346153846154 0.03886363636363634 0.03769230769230773
0 0.6125213068181818 0.917 0.026264204545454476 0.036269230769230686
0 0.5983451704545455 0.8138942307692308 0.024161931818181805 0.039096153846153815
0 0.6948934659090908 0.84425 0.03319602272727269 0.0642692307692308
0 0.5113139204545455 0.3656634615384616 0.03808238636363637 0.04532692307692306
0 0.12166193181818197 0.8725192307692308 0.02573863636363637 0.03411538461538463
0 0.09487215909090907 0.9308365384615384 0.027840909090909124 0.028442307692307732
0 0.2117329545454545 0.9575961538461538 0.03991477272727276 0.08480769230769235
0 0.8442542613636363 0.3624230769230769 0.020667613636363633 0.033576923076923094
0 0.98125 0.105625 0.036761363636363634 0.04194230769230768
0 0.6163210227272726 0.7993076923076923 0.02227272727272728 0.03469230769230773
0 0.6190482954545455 0.7574903846153845 0.024374999999999956 0.030711538461538405
0 0.14292613636363638 0.9464711538461538 0.05673295454545462 0.0782115384615385
0 0.060731534090909034 0.8920673076923077 0.0425426136363637 0.06186538461538454
0 0.6306036931818182 0.7705865384615385 0.02563920454545452 0.03413461538461538
0 0.410859375 0.4518942307692308 0.04203125000000005 0.061326923076923105
0 0.6816548295454545 0.8479423076923076 0.019332386363636343 0.027307692307692286
0 0.701825284090909 0.8360000000000001 0.02268465909090909 0.03869230769230759
0 0.6299715909090908 0.8243365384615384 0.0277272727272727 0.027865384615384525
0 0.649090909090909 0.8382788461538461 0.025624999999999988 0.03413461538461538
0 0.673046875 0.8795192307692308 0.02563920454545452 0.056307692307692364
0 0.6476207386363637 0.9022788461538461 0.027741477272727234 0.0312884615384615
0 0.16971590909090917 0.9592692307692307 0.05673295454545462 0.07396153846153843
0 0.6755681818181818 0.8186442307692308 0.041590909090909095 0.08817307692307697
0 0.8390838068181818 0.28909615384615384 0.02109374999999999 0.033576923076923094
0 0.8134517045454546 0.26447115384615383 0.02440340909090908 0.031326923076923065
0 0.5546448863636364 0.6727788461538462 0.02232954545454541 0.03021153846153842
0 0.6556036931818182 0.8755384615384615 0.015127840909090917 0.024461538461538406
0 0.6322869318181819 0.8032884615384616 0.009659090909090885 0.01649999999999997
0 0.09697443181818177 0.9066538461538463 0.02258522727272724 0.027038461538461542
0 0.6434232954545455 0.8038653846153846 0.012613636363636356 0.022192307692307622
0 0.6446803977272728 0.8035769230769231 0.021860795454545435 0.03526923076923072
0 0.18941761363636367 0.8725192307692309 0.11923295454545463 0.11234615384615387
0 0.08409801136363626 0.8991923076923076 0.018906250000000083 0.033423076923076916
0 0.6282954545454545 0.8451057692307693 0.017642045454545438 0.018211538461538404
0 0.6451065340909091 0.8596153846153847 0.019332386363636343 0.018769230769230753
0 0.9971875 0.0345 0.005625 0.069
0 0.634090909090909 0.10655769230769231 0.024943181818181823 0.03734615384615385
0 0.698309659090909 0.054692307692307686 0.02954545454545452 0.04176923076923077
0 0.7741761363636364 0.30980769230769234 0.01860795454545454 0.033576923076923094
0 0.6268181818181817 0.8610384615384615 0.018068181818181775 0.029576923076923067
0 0.6394318181818182 0.8778173076923077 0.018068181818181817 0.021057692307692284
0 0.6312286931818182 0.8852115384615384 0.015127840909090917 0.01992307692307695
0 0.6257670454545454 0.8965961538461539 0.015965909090909104 0.024461538461538406
0 0.59765625 0.7451826923076923 0.028238636363636358 0.03651923076923079
0 0.6177840909090909 0.8886250000000001 0.010085227272727305 0.019903846153846088
0 0.6331249999999999 0.9048365384615384 0.010511363636363645 0.01594230769230773
0 0.5272372159090908 0.7944711538461539 0.03740056818181816 0.05917307692307689
0 0.5730326704545454 0.9540480769230769 0.021434659090909056 0.026750000000000048
0 0.3655539772727273 0.10611538461538463 0.04857954545454544 0.06311538461538461
0 0.9900994318181818 0.13584615384615384 0.019801136363636365 0.07253846153846154
0 0.11561789772727271 0.8984807692307692 0.02521306818181818 0.02773076923076926
0 0.9555113636363637 0.14758653846153846 0.06303977272727272 0.06186538461538462
0 0.5650497159090909 0.9615192307692307 0.04495738636363633 0.07696153846153843
0 0.4814346590909091 0.9324230769230769 0.03656250000000001 0.051769230769230797
0 0.5350142045454545 0.9746057692307691 0.05042613636363636 0.05078846153846159
0 0.43815340909090905 0.980576923076923 0.029829545454545456 0.03884615384615382
0 0.5049644886363636 0.8223557692307693 0.03487215909090902 0.06144230769230778
0 0.49530539772727267 0.7944807692307693 0.02311079545454543 0.03526923076923083
0 0.15132812499999992 0.811 0.02521306818181818 0.032000000000000084
0 0.3731107954545454 0.3887788461538461 0.030852272727272687 0.047096153846153864
0 0.4805965909090909 0.8630192307692307 0.02815340909090908 0.03242307692307695
0 0.8897230113636364 0.345625 0.020667613636363633 0.025749999999999974
0 0.4824857954545454 0.836576923076923 0.024375000000000036 0.03300000000000005
0 0.47996448863636365 0.783375 0.053792613636363645 0.04267307692307692
0 0.8620241477272728 0.16932692307692307 0.021491477272727287 0.03246153846153845
0 0.410625 0.7594903846153847 0.03193181818181821 0.03698076923076927
0 0.8277130681818182 0.10468269230769231 0.030596590909090917 0.054288461538461535
0 0.4721875 0.8209230769230769 0.02815340909090908 0.03469230769230762
0 0.4585298295454545 0.8069903846153846 0.02521306818181818 0.03413461538461538
0 0.45832386363636357 0.8416923076923077 0.02562500000000003 0.0386923076923077
0 0.38623579545454545 0.08210576923076923 0.01772727272727267 0.020442307692307683
0 0.4175568181818182 0.8840673076923078 0.02227272727272728 0.03925000000000005
0 0.4406747159090909 0.801875 0.0247869318181818 0.03982692307692304
0 0.43437500000000007 0.8428269230769231 0.04244318181818181 0.053461538461538484
0 0.03289062499999995 0.8625576923076923 0.04569602272727267 0.065423076923077
0 0.40432528409090907 0.8729807692307692 0.01765625000000001 0.030730769230769266
0 0.4030681818181818 0.9190576923076923 0.021846590909090902 0.03526923076923072
0 0.9815056818181818 0.1774519230769231 0.027840909090909093 0.049057692307692316
0 0.4442400568181818 0.8860576923076923 0.03697443181818178 0.03299999999999994
0 0.4387855113636363 0.9253173076923077 0.047059659090909166 0.051211538461538454
0 0.8558238636363636 0.09041346153846154 0.03142045454545455 0.03917307692307693
0 0.7409872159090909 0.014692307692307692 0.03217329545454542 0.029346153846153845
0 0.3419886363636363 0.5867692307692308 0.027840909090909124 0.041961538461538446
0 0.3401491477272728 0.46907692307692306 0.03467329545454549 0.05688461538461535
0 0.3152059659090909 0.5554807692307693 0.037286931818181816 0.044807692307692326
0 0.35459517045454547 0.35530769230769227 0.04254261363636362 0.05973076923076923
0 0.9300355113636364 0.1603846153846154 0.01734375 0.02488461538461538
0 0.9426420454545454 0.1980673076923077 0.03204545454545454 0.06613461538461539
0 0.293671875 0.5142307692307692 0.043593749999999994 0.04907692307692315
0 0.5447443181818181 0.41787500000000005 0.0667045454545455 0.08674999999999997
0 0.3023295454545455 0.47156730769230776 0.049375000000000065 0.049057692307692344
0 0.32334517045454547 0.3446346153846154 0.03572443181818179 0.058307692307692296
0 0.772627840909091 0.5567692307692307 0.02102272727272729 0.04000000000000002
0 0.334375 0.26214423076923077 0.028352272727272698 0.0483653846153846
0 0.2217116477272728 0.9621249999999999 0.02626420454545456 0.04267307692307692
0 0.9526207386363637 0.22189423076923076 0.042542613636363635 0.08675
0 0.9895738636363637 0.19416346153846153 0.020852272727272726 0.03128846153846153
0 0.9838707386363637 0.22260576923076922 0.021008522727272726 0.03271153846153847
0 0.9754758522727273 0.2243846153846154 0.018906250000000003 0.04338461538461536
0 0.3241335227272727 0.4310288461538461 0.03624999999999998 0.05759615384615388
0 0.2797514204545455 0.4552115384615385 0.03782670454545454 0.060461538461538455
0 0.8930326704545455 0.3738942307692308 0.028110795454545465 0.03190384615384616
0 0.9969247159090909 0.2208269230769231 0.0061505681818181815 0.02630769230769232
0 0.5704048295454545 0.6541153846153845 0.02231534090909096 0.033769230769230774
0 0.7518536931818182 0.308125 0.026036931818181838 0.03582692307692307
0 0.9822230113636363 0.249625 0.03555397727272727 0.03128846153846153
0 0.8309446022727273 0.050249999999999996 0.03873579545454547 0.03646153846153846
0 0.7831321022727272 0.09854807692307693 0.042031250000000006 0.05155769230769231
0 0.41906960227272727 0.5914423076923078 0.042684659090909106 0.0648846153846154
0 0.700731534090909 0.03189423076923077 0.03217329545454542 0.035557692307692304
0 0.8716477272727272 0.018240384615384613 0.09258522727272728 0.036480769230769226
0 0.688075284090909 0.3939711538461539 0.022230113636363603 0.0321730769230769
0 0.22932528409090902 0.171125 0.033622159090909036 0.03982692307692309
0 0.38394176136363634 0.46744230769230766 0.03282670454545456 0.06399999999999995
0 0.3052272727272727 0.18570192307692307 0.019431818181818192 0.02490384615384616
0 0.6744673295454545 0.5941057692307692 0.02691761363636366 0.03467307692307687
0 0.6636363636363636 0.13323076923076924 0.039403409090909065 0.048000000000000015
0 0.2818536931818182 0.2479230769230769 0.03257102272727266 0.04407692307692308
0 0.6905610795454545 0.2105576923076923 0.039389204545454574 0.058653846153846154
0 0.6363920454545454 0.5527692307692308 0.025596590909090923 0.03199999999999997
0 0.6577272727272727 0.4647788461538462 0.03676136363636363 0.035557692307692325
0 0.7808380681818182 0.5874519230769231 0.029545454545454562 0.04444230769230761
0 0.4371164772727273 0.5101057692307692 0.035454545454545426 0.04267307692307697
0 0.5205042613636364 0.29499999999999993 0.03808238636363637 0.03911538461538462
0 0.5323295454545454 0.6612307692307693 0.04727272727272724 0.04799999999999996
0 0.40166903409090904 0.2914423076923077 0.019701704545454553 0.03200000000000003
0 0.7110724431818182 0.33975 0.04339488636363638 0.06646153846153846
0 0.7831321022727272 0.5052211538461538 0.03282670454545453 0.02932692307692302
0 0.40396306818181815 0.34477884615384613 0.02428977272727276 0.035557692307692325
0 0.7089417613636364 0.593673076923077 0.024957386363636355 0.039115384615384566
0 0.2702982954545454 0.17539423076923077 0.037812500000000006 0.032711538461538445
0 0.48176846590909084 0.012836538461538462 0.040696022727272775 0.025673076923076923
0 0.6464772727272727 0.32541346153846157 0.020681818181818225 0.03078846153846152
0 0.6859588068181819 0.5687788461538461 0.03151988636363636 0.035557692307692325
0 0.4423721590909091 0.7518846153846154 0.03545454545454551 0.04799999999999996
0 0.4788139204545454 0.46255769230769234 0.028224431818181826 0.03823076923076922
0 0.8005326704545455 0.031442307692307686 0.025610795454545456 0.03288461538461538
0 0.4761931818181818 0.11632692307692306 0.03610795454545457 0.07288461538461538
0 0.2897301136363637 0.31298076923076923 0.04727272727272724 0.0291538461538462
0 0.4174289772727273 0.3056634615384615 0.018380681818181813 0.07467307692307695
0 0.3931321022727272 0.675 0.05120738636363638 0.0577692307692307
0 0.4541974431818182 0.17145192307692309 0.039389204545454574 0.04444230769230769
0 0.6636008522727272 0.2561826923076923 0.021008522727272716 0.033557692307692316
0 0.37606534090909094 0.055894230769230765 0.02363636363636362 0.05332692307692308
0 0.5812428977272728 0.19055769230769232 0.025610795454545417 0.03823076923076922
0 0.4502556818181819 0.08033653846153846 0.030198863636363624 0.04355769230769231
0 0.6566690340909092 0.1799519230769231 0.034872159090909065 0.058596153846153846
0 0.7933096590909091 0.7461057692307693 0.06761363636363638 0.06132692307692316
0 0.6247727272727273 0.33730769230769225 0.023778409090909062 0.033576923076923094
0 0.6770951704545455 0.5207788461538462 0.02691761363636366 0.04621153846153841
0 0.6623224431818182 0.10788461538461538 0.03808238636363637 0.039999999999999994
0 0.3681818181818183 0.5003365384615385 0.027585227272727296 0.05332692307692311
0 0.6432173295454545 0.26898076923076925 0.02311079545454547 0.025038461538461503
