0 0.9622585227272727 0.9097596153846154 0.02943181818181818 0.07144230769230765
0 0.574794034090909 0.43097115384615386 0.04759943181818189 0.07905769230769227
0 0.3420383522727273 0.042846153846153846 0.03072443181818181 0.04765384615384616
0 0.3686079545454546 0.03676923076923076 0.030710227272727278 0.041115384615384616
0 0.3589488636363636 0.014182692307692308 0.025198863636363648 0.028365384615384615
0 0.4009019886363636 0.010548076923076924 0.06461647727272729 0.021096153846153848
0 0.8988920454545455 0.12848076923076923 0.07667613636363636 0.03273076923076922
0 0.8979545454545454 0.08428846153846153 0.06713068181818181 0.0756923076923077
0 0.9553267045454545 0.028471153846153844 0.07414772727272727 0.05694230769230769
0 0.8531036931818182 0.021124999999999998 0.04492897727272729 0.042249999999999996
0 0.8124715909090909 0.022894230769230767 0.06178977272727275 0.045788461538461535
0 0.5230681818181818 0.025403846153846155 0.048778409090909136 0.05080769230769231
0 0.3488423295454546 0.6145384615384616 0.059701704545454586 0.05507692307692305
0 0.1553267045454546 0.8663846153846153 0.03974431818181821 0.05676923076923073
0 0.04526988636363638 0.9917307692307693 0.030142045454545494 0.01653846153846158
0 0.19616477272727273 0.9131057692307692 0.027954545454545544 0.0390192307692307
0 0.030198863636363593 0.9636442307692308 0.04892045454545462 0.07271153846153847
0 0.9626136363636364 0.7957307692307691 0.07477272727272727 0.06869230769230764
0 0.0638281249999999 0.9757788461538462 0.022713068181818032 0.0472884615384616
0 0.4217471590909091 0.7575865384615386 0.0921590909090909 0.08159615384615386
0 0.09221590909090915 0.9701538461538461 0.039318181818181745 0.05969230769230773
0 0.46105823863636364 0.6937211538461538 0.028394886363636376 0.05321153846153849
0 0.06164772727272727 0.9432596153846154 0.03755681818181826 0.034288461538461615
0 0.935625 0.9190384615384615 0.04616477272727273 0.0625
0 0.4462073863636363 0.6845576923076924 0.02926136363636367 0.04080769230769225
0 0.35309659090909096 0.8170865384615384 0.03985795454545455 0.05782692307692306
0 0.29323863636363634 0.9932019230769229 0.028267045454545423 0.013596153846153942
0 0.30701704545454545 0.9069230769230769 0.03696022727272725 0.0726153846153846
0 0.3341974431818181 0.8657019230769231 0.042031249999999964 0.059865384615384605
0 0.3314772727272728 0.9160000000000001 0.03369318181818186 0.05446153846153845
0 0.3666335227272728 0.9078942307692308 0.041676136363636325 0.055942307692307645
0 0.060553977272727266 0.8879711538461539 0.058096590909091035 0.11175000000000003
0 0.10641335227272719 0.9048173076923077 0.05458806818181811 0.11117307692307693
0 0.35948863636363637 0.9638076923076924 0.05377840909090911 0.07238461538461535
0 0.9384161931818181 0.8760961538461538 0.03044034090909091 0.0398461538461539
0 0.09374289772727273 0.7939519230769231 0.05896306818181817 0.03132692307692311
0 0.08479403409090902 0.7460576923076923 0.0401846590909092 0.05261538461538464
0 0.08108664772727281 0.6682980769230769 0.05896306818181817 0.03548076923076921
0 0.0651420454545455 0.6313461538461538 0.06289772727272723 0.04553846153846155
0 0.010951704545454577 0.6632788461538461 0.021903409090909032 0.0467115384615385
0 0.5761434659090909 0.9823557692307692 0.07916193181818185 0.03528846153846158
0 0.6304332386363637 0.9730865384615385 0.03651988636363634 0.05382692307692309
0 0.006363636363636349 0.6239519230769232 0.01272727272727278 0.04021153846153851
0 0.6651917613636364 0.9689615384615385 0.05632102272727273 0.06207692307692302
0 0.01225852272727268 0.550923076923077 0.02451704545454544 0.03134615384615387
0 0.9460298295454546 0.8537788461538462 0.03450284090909091 0.050134615384615375
0 0.08370028409090902 0.5875865384615384 0.03450284090909102 0.06090384615384618
0 0.07147017045454551 0.5482692307692308 0.031008522727272784 0.07330769230769231
0 0.10553977272727266 0.5790096153846154 0.03624999999999998 0.05913461538461538
0 0.6715340909090909 0.8929326923076922 0.0608806818181818 0.16828846153846153
0 0.8851917613636364 0.20856730769230766 0.04811079545454546 0.08821153846153844
0 0.7100923295454545 0.839701923076923 0.03146306818181815 0.060442307692307705
0 0.7121164772727273 0.8850288461538462 0.04363636363636363 0.052211538461538524
0 0.10117187500000002 0.5325961538461538 0.03188920454545461 0.05500000000000004
0 0.14699573863636362 0.4975 0.022457386363636287 0.0371538461538462
0 0.07605113636363636 0.387375 0.032272727272727314 0.043711538461538496
0 0.7498650568181818 0.34427884615384613 0.04811079545454546 0.0678653846153846
0 0.10257812500000008 0.3813846153846154 0.04907670454545448 0.060461538461538455
0 0.7189701704545455 0.9310576923076923 0.05328124999999999 0.060461538461538455
0 0.06764204545454544 0.35354807692307694 0.03934659090909098 0.07182692307692312
0 0.79 0.9746730769230769 0.0471875 0.048769230769230794
0 0.10191051136363638 0.3451730769230769 0.03802556818181815 0.059846153846153854
0 0.8349076704545455 0.9884134615384615 0.03248579545454544 0.022673076923076962
0 0.8506036931818182 0.25945192307692305 0.045099431818181816 0.05428846153846155
0 0.020553977272727342 0.25359615384615386 0.021221590909090985 0.028730769230769226
0 0.9764630681818182 0.9585288461538461 0.046676136363636364 0.05494230769230779
0 0.9843252840909091 0.9389615384615384 0.030951704545454543 0.044653846153846204
0 0.9143181818181818 0.8510384615384615 0.03298295454545455 0.054269230769230715
0 0.3252698863636364 0.4229326923076923 0.06866477272727277 0.09501923076923076
0 0.9854403409090909 0.9015192307692307 0.02911931818181818 0.04669230769230775
0 0.7766761363636363 0.32596153846153847 0.04963068181818182 0.06649999999999998
0 0.9054332386363636 0.8922403846153847 0.037542613636363645 0.037788461538461604
0 0.8701704545454545 0.8967115384615384 0.05732954545454545 0.06869230769230764
0 0.8721946022727273 0.8637307692307692 0.05632102272727271 0.06319230769230771
0 0.980625 0.8513750000000001 0.03875 0.05905769230769227
0 0.9419673295454546 0.7246442307692308 0.03450284090909091 0.05563461538461529
0 0.9315625 0.7857788461538462 0.05125 0.06663461538461544
0 0.9688565340909091 0.7531442307692308 0.05478693181818182 0.05221153846153842
0 0.9153267045454545 0.7332307692307691 0.0471875 0.07280769230769223
0 0.9480539772727272 0.5821057692307693 0.030454545454545453 0.05082692307692309
0 0.7766761363636363 0.42773076923076925 0.07068181818181817 0.05292307692307694
0 0.96328125 0.5326538461538461 0.03247159090909091 0.05907692307692302
0 0.8341477272727273 0.5165000000000001 0.03906249999999998 0.035038461538461484
0 0.9836931818181818 0.29542307692307695 0.032613636363636365 0.08142307692307693
0 0.8475923295454546 0.3079711538461538 0.03708806818181818 0.050903846153846154
0 0.3382386363636364 0.4679326923076923 0.07411931818181819 0.0708269230769231
0 0.8671448863636364 0.3429230769230769 0.03409090909090909 0.062423076923076935
0 0.8463494318181818 0.40839423076923076 0.03056818181818183 0.04817307692307689
0 0.5296946022727272 0.4310480769230769 0.04032670454545461 0.0761346153846154
0 0.8784232954545454 0.37853846153846155 0.0455965909090909 0.06446153846153843
0 0.8541122159090909 0.4273942307692308 0.054133522727272725 0.08075000000000002
0 0.8265482954545454 0.41416346153846156 0.029062500000000012 0.0800576923076923
0 0.8049999999999999 0.4033076923076923 0.024062499999999997 0.04749999999999998
0 0.8077485795454545 0.2770961538461538 0.05262784090909092 0.12349999999999997
0 0.7603835227272727 0.39415384615384613 0.04911931818181816 0.0508846153846154
0 0.7771803977272727 0.6441923076923077 0.05163352272727272 0.07192307692307699
0 0.016654829545454608 0.20854807692307692 0.033309659090909154 0.06721153846153846
0 0.7631392045454546 0.6268942307692308 0.043607954545454526 0.05901923076923077
0 0.7288139204545454 0.6906730769230769 0.04311079545454544 0.06853846153846162
0 0.7027485795454546 0.5020384615384615 0.033082386363636355 0.06580769230769236
0 0.6709232954545454 0.5105192307692308 0.039602272727272764 0.07057692307692305
0 0.6982386363636364 0.46675961538461536 0.0380965909090909 0.027826923076923075
0 0.6999928977272727 0.43791346153846156 0.03458806818181817 0.0461346153846154
0 0.6714204545454545 0.45656730769230774 0.026562499999999985 0.05224999999999998
0 0.6143963068181817 0.46121153846153845 0.026519886363636388 0.038769230769230764
0 0.6027272727272728 0.5378173076923076 0.03784090909090907 0.04932692307692314
0 0.5981321022727273 0.5617596153846154 0.03501420454545459 0.05601923076923076
0 0.32032670454545453 0.7049230769230769 0.06190340909090907 0.05626923076923075
0 0.5104261363636364 0.5169903846153846 0.05056818181818177 0.05936538461538457
0 0.3647159090909091 0.47107692307692306 0.058920454545454574 0.042230769230769245
0 0.5074147727272728 0.5284903846153846 0.04386363636363644 0.0785192307692308
0 0.44747159090909083 0.6053365384615385 0.059062499999999976 0.0454807692307693
0 0.4580823863636364 0.5505096153846154 0.07178977272727267 0.06798076923076928
0 0.35852272727272727 0.509625 0.08318181818181819 0.06971153846153846
0 0.3694176136363636 0.4875 0.040596590909090964 0.030846153846153832
0 0.18796164772727275 0.3705288461538462 0.04109374999999993 0.07709615384615386
0 0.22262073863636356 0.36315384615384616 0.04703125000000002 0.05026923076923074
0 0.5472017045454546 0.4032788461538461 0.044914772727272734 0.0589038461538462
0 0.008650568181818086 0.2552403846153846 0.017301136363636293 0.047057692307692335
0 0.22410511363636365 0.3293076923076923 0.05099431818181815 0.026807692307692303
0 0.1978622159090908 0.3138942307692308 0.025241477272727245 0.0321730769230769
0 0.21766335227272726 0.2944519230769231 0.04109375000000009 0.04959615384615383
0 0.19216619318181827 0.2565769230769231 0.06336647727272729 0.05296153846153845
0 0.21172585227272722 0.21200961538461538 0.053963068181818195 0.08848076923076924
0 0.22311079545454537 0.20060576923076923 0.05099431818181815 0.08578846153846154
0 0.5248863636363637 0.24853846153846157 0.05744318181818182 0.07038461538461538
0 0.4820525568181818 0.25625 0.04802556818181818 0.07373076923076921
0 0.5053338068181819 0.31120192307692307 0.06089488636363637 0.06167307692307696
0 0.4681960227272728 0.3212596153846154 0.04406249999999998 0.06167307692307691
0 0.6769815340909091 0.41077884615384613 0.04009943181818185 0.0556346153846154
0 0.4449289772727273 0.3058461538461539 0.04306818181818181 0.07373076923076924
0 0.6845596590909091 0.2099903846153846 0.032187499999999994 0.061673076923076935
0 0.6617897727272728 0.20496153846153845 0.030198863636363624 0.07307692307692308
0 0.6239062500000001 0.17815384615384616 0.03366477272727275 0.06769230769230768
0 0.5986647727272727 0.14195192307692306 0.061392045454545414 0.05428846153846155
0 0.6070738636363636 0.20396153846153847 0.03366477272727279 0.06703846153846153
0 0.5961789772727273 0.23345192307692308 0.03366477272727271 0.07775000000000001
0 0.5828125 0.17982692307692305 0.034659090909090876 0.06973076923076924
0 0.5130042613636363 0.1526730769230769 0.03169034090909091 0.05965384615384616
0 0.3338352272727273 0.14070192307692306 0.023295454545454595 0.02421153846153844
0 0.2898153409090909 0.6917500000000001 0.05394886363636366 0.07303846153846147
0 0.4936931818181818 0.13424038461538462 0.03664772727272721 0.06167307692307692
0 0.33526278409090904 0.24149038461538463 0.03762784090909092 0.061673076923076935
0 0.30480113636363637 0.2374711538461538 0.03119318181818179 0.0683653846153846
0 0.3248863636363637 0.20066346153846154 0.033693181818181775 0.038288461538461535
0 0.29806818181818173 0.19249999999999998 0.044914772727272734 0.07488461538461538
0 0.3365340909090908 0.17194230769230767 0.033693181818181775 0.06530769230769229
0 0.3015980113636364 0.13816346153846154 0.027855113636363657 0.04278846153846154
0 0.25980113636363633 0.12577884615384616 0.046590909090909106 0.0630576923076923
0 0.32884232954545456 0.11817307692307692 0.03492897727272732 0.0748846153846154
0 0.29514914772727263 0.1083173076923077 0.030781250000000024 0.03601923076923076
0 0.5691193181818182 0.45705769230769233 0.050482954545454574 0.05003846153846156
0 0.250859375 0.08157692307692307 0.052826704545454545 0.067
0 0.2830965909090909 0.09085576923076924 0.029943181818181796 0.03828846153846155
0 0.3090838068181818 0.08467307692307692 0.02370738636363636 0.048423076923076916
0 0.2749786931818182 0.048346153846153844 0.024531249999999973 0.042230769230769225
0 0.29328125000000005 0.057644230769230774 0.027869318181818106 0.03828846153846154
0 0.32946732954545455 0.061586538461538456 0.02703124999999996 0.04278846153846154
0 0.2970241477272727 0.030509615384615385 0.04450284090909089 0.06101923076923077
0 0.31255681818181813 0.021807692307692306 0.027954545454545465 0.04361538461538461
0 0.36524147727272727 0.07449038461538461 0.05869318181818181 0.04609615384615384
0 0.3328693181818182 0.015471153846153846 0.03326704545454548 0.030942307692307693
