0 0.7292684659090909 0.5913365384615384 0.2174005681818182 0.18471153846153837
0 0.9515980113636363 0.6020288461538462 0.09680397727272728 0.13974999999999993
0 0.043636363636363695 0.03026923076923077 0.08727272727272735 0.06053846153846154
0 0.578252840909091 0.3099807692307692 0.060056818181818225 0.11657692307692309
0 0.5093110795454545 0.30935576923076924 0.09677556818181818 0.16282692307692306
0 0.44182528409090904 0.2713846153846154 0.13410511363636368 0.12296153846153846
0 0.37085227272727284 0.26733653846153843 0.03741477272727269 0.05055769230769229
0 0.5513920454545455 0.4034519230769231 0.0739204545454545 0.11801923076923072
0 0.39519176136363643 0.3014326923076923 0.15799715909090903 0.06359615384615383
0 0.4382954545454546 0.5271153846153847 0.08914772727272725 0.16526923076923075
0 0.31074573863636357 0.25134615384615383 0.1435653409090909 0.10196153846153848
0 0.39333806818181816 0.40811538461538455 0.1350284090909091 0.18049999999999997
0 0.988046875 0.7066826923076923 0.023906249999999997 0.0930961538461539
0 0.3598863636363636 0.4673269230769231 0.10471590909090912 0.14857692307692305
0 0.2816122159090909 0.5704999999999999 0.11873579545454542 0.13707692307692312
0 0.25678977272727266 0.48596153846153844 0.1516193181818182 0.11650000000000002
0 0.25912642045454537 0.3384615384615385 0.14387784090909095 0.10330769230769236
0 0.10483664772727286 0.4776346153846154 0.1321448863636365 0.12319230769230764
0 0.15245738636363626 0.8518942307692308 0.019090909090909006 0.027519230769230775
0 0.9722088068181818 0.7234230769230768 0.038764204545454546 0.1106923076923077
0 0.9371377840909091 0.7005865384615384 0.07978693181818182 0.16117307692307692
0 0.9482173295454546 0.8492307692307692 0.10330965909090907 0.11019230769230771
0 0.9012713068181818 0.9225673076923078 0.12271306818181818 0.15013461538461537
0 0.828565340909091 0.9744903846153846 0.0687215909090909 0.05101923076923072
0 0.8426917613636363 0.1266826923076923 0.06686079545454547 0.08548076923076922
0 0.7169957386363637 0.9686057692307692 0.0471448863636364 0.06267307692307698
0 0.8781818181818182 0.7273846153846154 0.054545454545454536 0.20450000000000007
0 0.9720170454545455 0.2207115384615385 0.05596590909090909 0.11465384615384619
0 0.8518607954545454 0.8184423076923077 0.02610795454545456 0.06823076923076915
0 0.8555965909090909 0.7777403846153845 0.01622159090909091 0.025365384615384613
0 0.8731036931818181 0.6251923076923077 0.08069602272727272 0.1327692307692308
0 0.8334090909090909 0.7854615384615384 0.046363636363636364 0.19373076923076926
0 0.7602201704545455 0.8219807692307692 0.1260653409090909 0.2339615384615384
0 0.797421875 0.8389038461538462 0.08566761363636366 0.1643461538461538
0 0.7932599431818181 0.7021153846153847 0.08683238636363638 0.0714615384615385
0 0.8338636363636364 0.5636057692307692 0.12536931818181818 0.17959615384615382
0 0.5481818181818182 0.919125 0.07883522727272728 0.11701923076923082
0 0.5897088068181817 0.9448461538461538 0.04103693181818188 0.11030769230769233
0 0.963125 0.40368269230769227 0.03713068181818182 0.053480769230769235
0 0.6224005681818181 0.9579326923076923 0.0575852272727273 0.08413461538461539
0 0.6688210227272727 0.9004807692307693 0.1369602272727273 0.12215384615384611
0 0.6569105113636364 0.974826923076923 0.07524147727272723 0.05034615384615386
0 0.6895312499999999 0.94075 0.03647727272727274 0.07546153846153848
0 0.6722230113636364 0.8236346153846155 0.10348011363636363 0.1286153846153846
0 0.6468607954545454 0.7547692307692309 0.08968750000000002 0.06096153846153844
0 0.6730894886363636 0.7158557692307692 0.08813920454545456 0.08086538461538453
0 0.7425852272727274 0.7029903846153847 0.041107954545454545 0.017288461538461555
0 0.6050710227272728 0.6953653846153847 0.048039772727272716 0.06392307692307683
0 0.610625 0.6398557692307693 0.05113636363636364 0.05932692307692301
0 0.9607173295454545 0.36599038461538463 0.07856534090909091 0.1199423076923077
0 0.6430752840909091 0.6652788461538462 0.07407670454545459 0.0931730769230769
0 0.5217471590909091 0.5366057692307692 0.05553977272727276 0.08609615384615392
0 0.5787286931818181 0.5763461538461538 0.02728693181818179 0.03611538461538456
0 0.5853196022727273 0.5990000000000001 0.02720170454545451 0.03642307692307692
0 0.3795525568181818 0.8401634615384616 0.14663352272727276 0.14059615384615387
0 0.3464488636363636 0.7083173076923077 0.07201704545454544 0.18748076923076926
0 0.35637784090909086 0.9216346153846153 0.04156249999999999 0.1565769230769231
0 0.7311931818181818 0.6843076923076924 0.08519886363636363 0.09661538461538452
0 0.3988707386363637 0.9689038461538463 0.053849431818181775 0.062192307692307644
0 0.2899786931818181 0.9589134615384616 0.12819602272727273 0.08217307692307696
0 0.8332741477272727 0.046913461538461536 0.10598011363636366 0.09382692307692307
0 0.2196519886363636 0.9561923076923078 0.017826704545454482 0.08761538461538462
0 0.26674715909090907 0.9001538461538461 0.12548295454545452 0.12353846153846156
0 0.2989985795454545 0.7578942307692308 0.06802556818181825 0.09167307692307695
0 0.08237926136363638 0.8522692307692308 0.10643465909090918 0.12769230769230766
0 0.26791193181818185 0.80875 0.08079545454545461 0.14711538461538462
0 0.10133522727272715 0.6244519230769231 0.18656250000000005 0.2038653846153847
0 0.01059659090909093 0.5807692307692308 0.020738636363636397 0.242
0 0.030816761363636314 0.2928365384615384 0.06163352272727271 0.11232692307692307
0 0.08039772727272732 0.2800576923076923 0.09508522727272735 0.18269230769230768
0 0.03546875000000005 0.14280769230769233 0.048948863636363686 0.11396153846153846
0 0.752627840909091 0.1258173076923077 0.08249999999999998 0.10086538461538462
0 0.06682528409090915 0.15851923076923077 0.09998579545454543 0.16065384615384617
0 0.162684659090909 0.17508653846153846 0.12002840909090909 0.23551923076923076
0 0.10818892045454542 0.11470192307692308 0.1678267045454545 0.22940384615384615
0 0.16540482954545443 0.8413365384615384 0.01615056818181819 0.017826923076923042
0 0.21342329545454541 0.7393173076923076 0.0619886363636365 0.19809615384615384
0 0.1610582386363636 0.7997019230769231 0.08416193181818182 0.1865576923076924
0 0.1116051136363635 0.49804807692307695 0.07823863636363643 0.10824999999999999
0 0.19306818181818197 0.5640865384615384 0.09105113636363639 0.15721153846153846
0 0.7611931818181819 0.3958942307692308 0.23991477272727268 0.21278846153846154
0 0.7417684659090908 0.4562019230769231 0.03714488636363637 0.07224999999999998
0 0.8741051136363637 0.32116346153846154 0.086875 0.14167307692307696
0 0.8576491477272727 0.4541153846153846 0.1029403409090909 0.058384615384615354
0 0.7823508522727273 0.4685 0.031974431818181805 0.04538461538461537
0 0.7487144886363637 0.4973942307692307 0.12802556818181818 0.09736538461538455
0 0.261143465909091 0.12030769230769231 0.0355823863636363 0.04873076923076924
0 0.29830255681818185 0.02200961538461538 0.06671875000000003 0.043980769230769226
0 0.3638778409090908 0.006134615384615384 0.024261363636363612 0.01223076923076923
0 0.3870170454545455 0.05199038461538462 0.11321022727272725 0.10398076923076924
0 0.3823153409090909 0.07939423076923076 0.0181818181818182 0.029173076923076913
0 0.6291761363636363 0.046586538461538464 0.07153409090909092 0.09317307692307693
0 0.7214275568181818 0.1896153846153846 0.18708806818181822 0.3622692307692308
0 0.8434588068181819 0.3382403846153846 0.07143465909090908 0.09094230769230768
0 0.5544105113636364 0.04608653846153847 0.0781676136363636 0.0921346153846154
0 0.505859375 0.04868269230769231 0.07504261363636369 0.09736538461538462
0 0.47762784090909094 0.11522115384615385 0.08323863636363639 0.12440384615384614
0 0.5464914772727273 0.09993269230769232 0.05383522727272732 0.1199423076923077
0 0.6278835227272728 0.22709615384615386 0.06164772727272728 0.2278076923076923
0 0.5870667613636364 0.1937788461538462 0.06058238636363633 0.1983269230769231
0 0.6961079545454545 0.537923076923077 0.2243181818181818 0.4636153846153846
0 0.24264204545454537 0.022365384615384617 0.04002840909090902 0.044730769230769234
0 0.5263636363636364 0.21624038461538464 0.08079545454545455 0.14367307692307693
0 0.5832883522727272 0.6033461538461539 0.12529829545454552 0.1500384615384615
0 0.8444176136363637 0.39425 0.12860795454545457 0.08657692307692309
0 0.5475142045454545 0.7408942307692308 0.06210227272727276 0.16475000000000004
0 0.48896306818181823 0.6488365384615384 0.11400568181818181 0.09901923076923079
0 0.6037855113636363 0.08671153846153846 0.06112215909090905 0.08092307692307692
0 0.5202414772727273 0.6694038461538462 0.12281250000000005 0.18638461538461543
0 0.25789062500000004 0.6009038461538462 0.07450284090909082 0.13357692307692304
0 0.34215198863636365 0.5228365384615384 0.09495738636363639 0.19005769230769234
0 0.614609375 0.5179519230769231 0.15487215909090904 0.13536538461538458
0 0.6827556818181818 0.4553942307692308 0.09196022727272729 0.1158269230769231
0 0.674268465909091 0.411 0.1548153409090909 0.10226923076923078
0 0.6169105113636364 0.33340384615384616 0.06029829545454548 0.08503846153846153
