0 0.5381605113636363 0.06740384615384615 0.1541335227272727 0.13423076923076924
0 0.42534090909090905 0.4016538461538462 0.05928977272727274 0.09092307692307693
0 0.9438991477272727 0.01596153846153846 0.06737215909090909 0.031269230769230764
0 0.5982670454545455 0.37072115384615384 0.06874999999999996 0.12894230769230772
0 0.9676988636363636 0.09139423076923078 0.06460227272727272 0.12067307692307694
0 0.3364559659090909 0.10546153846153847 0.0800994318181818 0.13492307692307692
0 0.9453125 0.5511634615384615 0.08991477272727273 0.1867884615384616
0 0.06958806818181817 0.9328557692307693 0.13917613636363638 0.13405769230769238
0 0.2362002840909091 0.3543173076923077 0.1493039772727272 0.13540384615384615
0 0.08129261363636364 0.6142211538461538 0.09434659090909102 0.14959615384615388
0 0.38419744318181825 0.9726923076923076 0.12194602272727267 0.054192307692307706
0 0.9661292613636363 0.630826923076923 0.06700284090909091 0.2316153846153846
0 0.1647514204545455 0.3981057692307692 0.02401988636363648 0.07405769230769234
0 0.1765127840909091 0.8404615384615385 0.05828124999999996 0.09665384615384613
0 0.47562499999999996 0.6015961538461538 0.06338068181818182 0.10288461538461538
0 0.020909090909090988 0.6565096153846154 0.04139204545454544 0.07951923076923081
0 0.8030113636363636 0.6590673076923077 0.1328409090909091 0.05498076923076918
0 0.7038636363636364 0.7012307692307692 0.07568181818181818 0.15315384615384614
0 0.6083664772727273 0.2430576923076923 0.10911931818181818 0.1579615384615385
0 0.7835440340909091 0.5737307692307692 0.10501420454545453 0.11057692307692307
0 0.10497869318181818 0.39422115384615386 0.07032670454545453 0.15540384615384617
0 0.7796732954545454 0.6749615384615385 0.04414772727272729 0.051769230769230797
0 0.91578125 0.9227596153846155 0.11210227272727273 0.15344230769230774
0 0.8300071022727272 0.6070384615384615 0.10563920454545457 0.13661538461538467
0 0.8812571022727272 0.4952980769230769 0.10717329545454544 0.13924999999999998
0 0.09819602272727268 0.3423461538461538 0.07946022727272735 0.18230769230769228
0 0.897265625 0.6645673076923077 0.13180397727272727 0.23432692307692313
0 0.4686434659090909 0.15104807692307692 0.10186079545454542 0.12274999999999998
0 0.75484375 0.9586250000000001 0.13894886363636363 0.08274999999999995
0 0.11622159090909079 0.1413269230769231 0.1628125 0.24015384615384616
0 0.8963352272727273 0.4457884615384615 0.20616477272727274 0.1854230769230769
0 0.1854829545454545 0.726423076923077 0.18684659090909103 0.16757692307692304
0 0.8097088068181818 0.8138365384615385 0.1375710227272727 0.0848653846153846
0 0.7369105113636363 0.7327596153846153 0.04296875 0.14463461538461533
0 0.48432528409090914 0.9819711538461539 0.07921875000000006 0.036057692307692304
0 0.10670454545454544 0.9781153846153846 0.05298295454545448 0.04353846153846162
0 0.8656107954545454 0.39292307692307693 0.09113636363636363 0.09392307692307693
0 0.027407670454545507 0.8110096153846155 0.05475852272727282 0.0831346153846153
0 0.8348721590909091 0.03016346153846154 0.04139204545454544 0.05951923076923077
0 0.7005184659090908 0.8765480769230768 0.1352130681818182 0.24655769230769226
0 0.8310724431818182 0.2754134615384615 0.09342329545454545 0.10540384615384615
0 0.7051775568181817 0.5801346153846154 0.17470170454545456 0.10673076923076923
0 0.8931676136363637 0.05951923076923077 0.1118465909090909 0.11742307692307691
0 0.8307954545454546 0.7247115384615385 0.10565340909090909 0.13180769230769235
0 0.9786860795454545 0.25298076923076923 0.042627840909090914 0.20346153846153842
0 0.29681818181818187 0.5514326923076923 0.07661931818181818 0.15540384615384611
0 0.44274857954545455 0.4443653846153846 0.06197443181818181 0.13769230769230767
0 0.3480610795454546 0.5484423076923077 0.04225852272727273 0.12807692307692312
0 0.14526988636363636 0.4740673076923077 0.09303977272727272 0.08278846153846156
0 0.061328124999999956 0.42475 0.05455965909090905 0.14857692307692305
0 0.4868821022727272 0.33200961538461543 0.09208806818181815 0.15744230769230771
0 0.3570951704545454 0.2933269230769231 0.1829119318181818 0.18573076923076923
0 0.17338778409090916 0.9391538461538462 0.07345170454545444 0.12169230769230764
0 0.6428835227272727 0.18722115384615384 0.16210227272727276 0.12682692307692311
0 0.37291193181818183 0.49152884615384623 0.0596022727272727 0.06448076923076923
0 0.7003196022727272 0.7858173076923077 0.06228693181818181 0.13340384615384615
0 0.6556107954545455 0.7786634615384614 0.08482954545454545 0.19809615384615395
0 0.06385653409090897 0.07942307692307692 0.12700284090909086 0.15884615384615383
0 0.30463778409090914 0.4513942307692308 0.09964488636363641 0.13705769230769232
0 0.0060298295454545014 0.17484615384615385 0.011803977272727195 0.0393076923076923
0 0.4035653409090909 0.5580480769230769 0.1005965909090909 0.09178846153846157
0 0.8056676136363636 0.3380961538461538 0.14505681818181818 0.07942307692307694
0 0.51828125 0.79425 0.08451704545454546 0.1088846153846154
0 0.22751420454545468 0.8345384615384615 0.1192045454545454 0.16949999999999998
0 0.7755326704545454 0.8851249999999999 0.11629261363636365 0.12221153846153848
0 0.9319247159090909 0.04276923076923077 0.13615056818181817 0.08553846153846154
0 0.532784090909091 0.9522211538461539 0.09650568181818181 0.09436538461538471
0 0.5528267045454545 0.2742307692307692 0.04446022727272721 0.0811153846153846
0 0.6337002840909092 0.9238076923076923 0.15390625000000002 0.1523846153846154
0 0.7040482954545455 0.025038461538461537 0.017471590909090926 0.029153846153846155
0 0.8386647727272727 0.18175961538461538 0.10446022727272726 0.08671153846153846
0 0.22352982954545453 0.6605000000000001 0.14072443181818173 0.13715384615384615
0 0.9380823863636364 0.34505769230769234 0.12383522727272728 0.09126923076923078
0 0.25604403409090903 0.11870192307692308 0.08893465909090903 0.17632692307692308
0 0.1452627840909091 0.28727884615384613 0.09120738636363641 0.12801923076923075
0 0.1424502840909092 0.052105769230769226 0.10288352272727265 0.0939423076923077
0 0.012805397727272738 0.20526923076923076 0.025610795454545417 0.09296153846153847
0 0.794112215909091 0.5009326923076923 0.03279829545454546 0.07128846153846152
0 0.038529829545454586 0.20147115384615388 0.07683238636363625 0.20855769230769233
0 0.6747443181818182 0.23814423076923077 0.08673295454545454 0.12082692307692307
0 0.4719105113636364 0.47359615384615383 0.07978693181818185 0.149
0 0.043480113636363504 0.36432692307692305 0.08647727272727272 0.17376923076923073
0 0.028941761363636354 0.525423076923077 0.05776988636363647 0.1513076923076923
0 0.6384161931818182 0.06244230769230769 0.07933238636363639 0.12488461538461539
0 0.866512784090909 0.8819038461538462 0.07822443181818182 0.1250769230769231
0 0.7811008522727273 0.11054807692307692 0.11529829545454545 0.08340384615384616
0 0.6031107954545455 0.8010769230769231 0.09522727272727276 0.19084615384615386
0 0.4974644886363637 0.8796346153846153 0.10595170454545451 0.09265384615384617
0 0.9517755681818182 0.30647115384615387 0.044147727272727276 0.040557692307692315
0 0.23407670454545448 0.3650480769230769 0.05107954545454551 0.11655769230769228
0 0.8065553977272727 0.4296346153846154 0.13509943181818185 0.20323076923076924
0 0.973984375 0.8001826923076923 0.05203125 0.18971153846153851
0 0.3512357954545454 0.4449807692307692 0.06559659090909092 0.13149999999999998
0 0.9339204545454546 0.20817307692307693 0.08301136363636363 0.20919230769230768
0 0.4856818181818182 0.243375 0.20576704545454547 0.22840384615384615
0 0.4026846590909091 0.4554326923076923 0.07534090909090904 0.16144230769230772
0 0.7288707386363636 0.0679423076923077 0.07095170454545453 0.13561538461538464
0 0.10117187500000002 0.5214807692307692 0.07882102272727275 0.14180769230769233
0 0.8734517045454545 0.2604807692307692 0.09539772727272727 0.0901923076923077
0 0.420625 0.6240096153846154 0.0790909090909091 0.1181730769230769
0 0.2345454545454545 0.48246153846153844 0.10943181818181813 0.1827307692307692
0 0.2689701704545455 0.22992307692307692 0.14947443181818185 0.15326923076923077
