0 0.9768892045454546 0.6154903846153846 0.04576704545454546 0.07213461538461537
0 0.8226704545454545 0.9863653846153846 0.08499999999999998 0.02726923076923078
0 0.14642755681818187 0.050048076923076924 0.08788352272727273 0.09948076923076923
0 0.8205042613636364 0.934701923076923 0.06916193181818184 0.10336538461538451
0 0.0373011363636363 0.8965480769230769 0.07394886363636356 0.10532692307692304
0 0.034779829545454555 0.3500961538461539 0.06819602272727271 0.08257692307692308
0 0.06706676136363643 0.570173076923077 0.09700284090909085 0.10661538461538461
0 0.5343821022727273 0.9875384615384615 0.04322443181818183 0.024923076923076885
0 0.37490056818181816 0.49442307692307697 0.09315340909090915 0.10988461538461541
0 0.45514914772727266 0.9724807692307692 0.04609374999999998 0.05461538461538457
0 0.9014772727272727 0.5149134615384615 0.040511363636363644 0.12901923076923077
0 0.04210227272727274 0.8386826923076923 0.08355113636363627 0.08582692307692306
0 0.22002840909090904 0.49865384615384617 0.15607954545454536 0.10661538461538456
0 0.9261576704545454 0.8352211538461538 0.053792613636363645 0.12482692307692302
0 0.33791903409090907 0.3874711538461539 0.07683238636363633 0.15928846153846157
0 0.3189559659090909 0.47882692307692304 0.0667471590909091 0.07996153846153843
0 0.4169176136363636 0.6387692307692308 0.05522727272727272 0.08126923076923086
0 0.5016832386363637 0.041923076923076924 0.13350852272727273 0.08192307692307693
0 0.610497159090909 0.5737403846153847 0.03610795454545457 0.04940384615384615
0 0.48247159090909086 0.587076923076923 0.08741477272727276 0.07607692307692308
0 0.6543963068181817 0.05926923076923077 0.08211647727272724 0.09557692307692309
0 0.7251491477272727 0.1324423076923077 0.09154829545454544 0.15034615384615382
0 0.48996448863636366 0.9670769230769231 0.05330965909090905 0.06565384615384624
0 0.010007102272727386 0.9488942307692307 0.020014204545454592 0.03705769230769227
0 0.4377130681818181 0.3208365384615384 0.03937499999999996 0.11701923076923076
0 0.5302556818181818 0.31080769230769234 0.1772159090909091 0.19634615384615384
0 0.17091619318181828 0.22590384615384615 0.10805397727272735 0.17553846153846156
0 0.5257386363636364 0.9324903846153846 0.0816477272727273 0.11117307692307682
0 0.11629971590909094 0.5828461538461539 0.03697443181818178 0.08711538461538464
0 0.7162926136363637 0.9561538461538462 0.0758806818181818 0.06630769230769246
0 0.42988636363636357 0.7726923076923076 0.07059659090909089 0.08646153846153842
0 0.1982954545454546 0.4125 0.09940340909090911 0.13653846153846153
0 0.8566477272727273 0.12151923076923077 0.07428977272727272 0.11988461538461538
0 0.8855326704545454 0.4100192307692308 0.1020596590909091 0.10565384615384615
0 0.5849502840909091 0.7009711538461538 0.05617897727272729 0.13913461538461544
0 0.8197869318181819 0.843673076923077 0.08403409090909088 0.09557692307692306
0 0.5942755681818181 0.4036634615384615 0.12332386363636366 0.09621153846153846
0 0.01196732954545443 0.45053846153846155 0.02353693181818189 0.13069230769230766
0 0.4567755681818182 0.6995480769230769 0.07443181818181815 0.0962115384615384
0 0.4737286931818182 0.3822788461538462 0.04802556818181818 0.11701923076923076
0 0.834140625 0.347548076923077 0.07728693181818182 0.12698076923076923
0 0.23431818181818187 0.22786538461538464 0.08980113636363632 0.17684615384615385
0 0.813125 0.23021153846153847 0.08928977272727275 0.10565384615384618
0 0.9813920454545455 0.691173076923077 0.036761363636363634 0.10361538461538461
0 0.9601917613636364 0.38564423076923077 0.06677556818181819 0.1544038461538462
0 0.36601562500000007 0.7372596153846154 0.05714488636363639 0.09948076923076926
0 0.3936292613636364 0.3097788461538461 0.06723011363636361 0.11701923076923076
0 0.9712784090909091 0.2368173076923077 0.05744318181818182 0.13613461538461538
0 0.017990056818181777 0.6437980769230769 0.03598011363636369 0.09394230769230763
0 0.618330965909091 0.7451826923076923 0.10276988636363636 0.1599423076923076
0 0.4128338068181818 0.8198269230769231 0.051860795454545444 0.12807692307692312
0 0.45826704545454544 0.9250192307692308 0.05522727272727272 0.09623076923076916
0 0.3404048295454545 0.011163461538461539 0.03992897727272729 0.022326923076923078
0 0.20465909090909096 0.8591730769230769 0.1522443181818182 0.1891923076923077
0 0.7628764204545455 0.5514326923076923 0.16134943181818182 0.17944230769230765
0 0.6937713068181819 0.05210576923076923 0.07251420454545456 0.10401923076923078
0 0.40419744318181816 0.39560576923076923 0.08163352272727277 0.13132692307692312
0 0.5984019886363636 0.36823076923076925 0.11103693181818185 0.0687692307692308
0 0.4910724431818182 0.6444038461538462 0.06723011363636361 0.06826923076923076
0 0.9536292613636363 0.7627884615384615 0.09228693181818182 0.0619615384615384
0 0.19553977272727263 0.6277019230769231 0.0801988636363637 0.13263461538461532
0 0.3528053977272727 0.6108076923076923 0.08163352272727277 0.10726923076923071
0 0.7251775568181817 0.8761826923076923 0.11285511363636362 0.14694230769230762
0 0.29686079545454547 0.8377019230769231 0.05042613636363636 0.10532692307692304
0 0.6816193181818182 0.28837500000000005 0.04917613636363633 0.09363461538461541
0 0.8224289772727273 0.7591538461538462 0.09701704545454545 0.12742307692307692
0 0.6601065340909091 0.8797596153846154 0.06723011363636361 0.08648076923076918
0 0.7469105113636363 0.24164423076923078 0.07353693181818183 0.05890384615384615
0 0.31255681818181824 0.07076923076923076 0.12269886363636363 0.10884615384615383
0 0.08220170454545439 0.6257596153846153 0.05522727272727272 0.06240384615384613
0 0.7770454545454546 0.9301442307692308 0.06289772727272727 0.10532692307692304
0 0.5866335227272728 0.8755384615384615 0.09411931818181817 0.1059615384615384
0 0.6426278409090909 0.016346153846153847 0.04034090909090914 0.032499999999999994
0 0.9784090909090909 0.3582115384615384 0.04318181818181818 0.17676923076923073
0 0.7587997159090909 0.9847596153846154 0.07634943181818182 0.029903846153846177
0 0.5835582386363637 0.11046153846153847 0.10180397727272729 0.1758846153846154
0 0.09288352272727285 0.38877884615384617 0.06051136363636367 0.1404423076923077
0 0.9281178977272727 0.6175192307692308 0.08029829545454546 0.12292307692307695
0 0.6185724431818183 0.8300288461538462 0.12725852272727273 0.06632692307692309
0 0.052549715909090966 0.4433846153846154 0.10276988636363624 0.21519230769230765
0 0.4202840909090909 0.23078846153846153 0.06386363636363641 0.0936153846153846
0 0.8240056818181818 0.039740384615384615 0.08855113636363635 0.07721153846153846
0 0.9646946022727273 0.040749999999999995 0.06828125 0.07923076923076922
0 0.12901988636363626 0.692076923076923 0.07011363636363638 0.08388461538461539
0 0.7086363636363636 0.40113461538461537 0.12156249999999998 0.14426923076923073
0 0.9938139204545454 0.8114903846153847 0.012372159090909092 0.06436538461538456
0 0.7033238636363637 0.8088942307692307 0.07011363636363634 0.07217307692307687
0 0.24908380681818187 0.7294615384615385 0.09796874999999995 0.07542307692307698
0 0.4344957386363636 0.9848269230769231 0.04705965909090908 0.028615384615384497
0 0.6416193181818182 0.49 0.1291761363636363 0.1352307692307692
0 0.47238636363636366 0.10238461538461538 0.08931818181818181 0.10792307692307691
0 0.8687713068181818 0.7565480769230769 0.07444602272727273 0.11182692307692314
0 0.28029119318181805 0.43656730769230767 0.10373579545454549 0.09751923076923079
0 0.20273437500000002 0.7704230769230769 0.15126420454545456 0.16384615384615395
0 0.8810369318181819 0.16926923076923078 0.08704545454545455 0.1330769230769231
0 0.7697869318181818 0.3660865384615385 0.0637784090909091 0.13105769230769232
0 0.2965269886363636 0.5244711538461538 0.044559659090909094 0.07698076923076923
0 0.8858167613636364 0.8817115384615385 0.04609375 0.14888461538461542
0 0.6637571022727273 0.1954615384615385 0.09316761363636364 0.12873076923076926
0 0.1376633522727272 0.4960576923076923 0.08643465909090912 0.1085769230769231
0 0.5559446022727272 0.5022307692307693 0.10373579545454542 0.11857692307692307
0 0.7371519886363636 0.2751730769230769 0.09603693181818179 0.11784615384615382
0 0.30659090909090914 0.3257115384615385 0.06627840909090912 0.15019230769230768
0 0.8783735795454546 0.9762884615384615 0.07731534090909092 0.04742307692307697
0 0.5829971590909091 0.22140384615384615 0.08176136363636365 0.12400000000000001
0 0.23346590909090914 0.9661826923076924 0.1172727272727272 0.06698076923076932
0 0.9640411931818181 0.9317692307692307 0.07191761363636363 0.1352307692307691
0 0.7352698863636364 0.8765096153846155 0.10036931818181817 0.13198076923076923
0 0.11029119318181813 0.6644423076923077 0.07779829545454543 0.09038461538461538
0 0.33936079545454545 0.9258076923076923 0.14022727272727276 0.14499999999999996
0 0.5184446022727274 0.7494038461538461 0.10757102272727276 0.17815384615384613
0 0.7645525568181818 0.8914615384615384 0.09268465909090909 0.10988461538461536
0 0.41576704545454546 0.9344423076923077 0.06724431818181822 0.09038461538461538
0 0.13046164772727276 0.9534326923076922 0.06723011363636369 0.09167307692307695
0 0.7251775568181817 0.6674903846153847 0.10708806818181817 0.12678846153846154
0 0.40995738636363643 0.7112596153846155 0.061477272727272686 0.07217307692307698
0 0.1329829545454545 0.4206346153846154 0.05042613636363636 0.09230769230769231
0 0.6294247159090909 0.3555576923076923 0.05916193181818179 0.08946153846153848
0 0.3247159090909091 0.8305576923076923 0.044659090909090905 0.08388461538461539
0 0.6901207386363637 0.9857211538461539 0.07154829545454545 0.02855769230769235
0 0.9650710227272727 0.08850000000000001 0.0690340909090909 0.17473076923076922
0 0.640184659090909 0.9327596153846153 0.08500000000000005 0.09167307692307695
0 0.6500710227272728 0.10091346153846154 0.1061363636363636 0.12555769230769231
0 0.1034517045454546 0.28020192307692304 0.06531250000000002 0.11701923076923076
0 0.05638494318181808 0.24022115384615386 0.0720312499999999 0.11832692307692308
0 0.428203125 0.1654423076923077 0.06339488636363635 0.08711538461538462
0 0.3074289772727272 0.7645673076923077 0.09556818181818186 0.08905769230769231
0 0.25580255681818187 0.5786153846153846 0.07299715909090908 0.08126923076923075
0 0.3686505681818182 0.801625 0.04994318181818185 0.06890384615384612
0 0.9376846590909091 0.27847115384615384 0.08178977272727272 0.2031730769230769
0 0.14786931818181825 0.3575673076923077 0.05619318181818174 0.06371153846153846
0 0.815752840909091 0.17281730769230771 0.08553977272727273 0.09144230769230768
0 0.5019247159090909 0.08092307692307692 0.09748579545454544 0.1131153846153846
0 0.46085937499999996 0.6462403846153847 0.051860795454545444 0.04875000000000004
0 0.05507102272727271 0.9733076923076923 0.10948863636363626 0.053384615384615364
0 0.9506463068181819 0.8648076923076923 0.05666193181818182 0.08776923076923074
0 0.05314630681818178 0.7681442307692308 0.10563920454545456 0.144326923076923
0 0.6745170454545455 0.42790384615384613 0.12005681818181815 0.10273076923076921
0 0.38930397727272725 0.6446057692307692 0.04897727272727275 0.07867307692307686
0 0.6080539772727274 0.022201923076923077 0.036505681818181805 0.04421153846153846
0 0.8787784090909091 0.04025 0.06602272727272727 0.07923076923076923
0 0.04438210227272732 0.15179807692307692 0.08836647727272733 0.10401923076923078
0 0.8971661931818182 0.24495192307692307 0.08779829545454544 0.19809615384615384
0 0.978125 0.5443749999999999 0.043750000000000004 0.09344230769230776
0 0.2640838068181818 0.3250576923076923 0.07731534090909084 0.16903846153846153
0 0.09708806818181803 0.8737884615384616 0.07156249999999999 0.11442307692307692
0 0.23774857954545459 0.6654807692307693 0.14887784090909084 0.1495384615384615
0 0.1250639204545455 0.1439903846153846 0.10276988636363639 0.14825
0 0.05758522727272719 0.06711538461538462 0.11380681818181819 0.13423076923076924
0 0.5677130681818182 0.023615384615384614 0.05377840909090911 0.04723076923076923
0 0.9022301136363636 0.5548749999999999 0.023835227272727275 0.04178846153846146
0 0.3523295454545454 0.9856153846153846 0.12005681818181824 0.027307692307692286
0 0.11329545454545453 0.4807692307692308 0.08693181818181825 0.08061538461538459
0 0.8384303977272727 0.029548076923076923 0.020781249999999994 0.028134615384615383
0 0.6848366477272727 0.7282788461538462 0.08211647727272728 0.10663461538461537
0 0.17488636363636367 0.5971538461538461 0.1051704545454545 0.10726923076923083
0 0.4475639204545455 0.41802884615384617 0.07251420454545456 0.11117307692307693
0 0.8287002840909091 0.6312307692307693 0.13356534090909092 0.1838846153846154
0 0.6069957386363637 0.9575192307692308 0.10700284090909089 0.08426923076923086
0 0.20909801136363637 0.3526923076923077 0.08163352272727277 0.10469230769230768
0 0.411875 0.04451923076923077 0.09411931818181817 0.08711538461538461
0 0.7602201704545455 0.08799038461538462 0.1245596590909091 0.17371153846153845
0 0.9184730113636363 0.9428269230769231 0.04705965909090908 0.11311538461538449
0 0.7941832386363636 0.4250096153846154 0.08254261363636362 0.10259615384615384
0 0.9162997159090909 0.07275961538461538 0.04651988636363636 0.14425000000000002
0 0.908984375 0.7292692307692308 0.042031250000000006 0.1107307692307692
0 0.7499147727272728 0.7513557692307692 0.06627840909090908 0.11898076923076924
0 0.3883451704545454 0.8799711538461538 0.09220170454545458 0.10598076923076925
0 0.8680539772727273 0.8836634615384615 0.06051136363636363 0.1514807692307692
0 0.035937499999999956 0.7398653846153846 0.07187500000000004 0.11442307692307692
0 0.018444602272727262 0.23728846153846156 0.03649147727272735 0.07476923076923078
0 0.9746022727272727 0.8261250000000001 0.05079545454545454 0.08321153846153853
0 0.5092684659090909 0.4739519230769231 0.09413352272727278 0.14694230769230773
0 0.8937855113636364 0.3495865384615385 0.08254261363636363 0.09244230769230768
0 0.4133167613636364 0.5691923076923078 0.09700284090909093 0.09623076923076927
0 0.8812215909090909 0.6805 0.05403409090909092 0.09042307692307688
0 0.5525355113636363 0.6330192307692308 0.07586647727272731 0.08126923076923075
0 0.8382599431818182 0.26221153846153844 0.10805397727272728 0.12496153846153847
0 0.05386363636363645 0.6569711538461539 0.06579545454545462 0.07801923076923087
0 0.03165482954545462 0.2990576923076923 0.061946022727272745 0.06176923076923078
0 0.6440625 0.2731634615384615 0.09508522727272727 0.08063461538461537
0 0.6447443181818182 0.6154807692307692 0.11142045454545454 0.15603846153846151
0 0.656796875 0.31640384615384615 0.038906250000000024 0.05915384615384613
0 0.48823153409090914 0.18954807692307693 0.08836647727272724 0.11248076923076925
0 0.5544602272727273 0.5693173076923077 0.08931818181818181 0.09036538461538464
0 0.24056107954545458 0.10043269230769229 0.12245738636363633 0.1274423076923077
0 0.9461292613636364 0.6891346153846154 0.050269886363636364 0.09753846153846148
0 0.1122088068181818 0.7837403846153846 0.07779829545454543 0.12548076923076923
0 0.5732386363636364 0.2192692307692308 0.0764488636363637 0.0938846153846154
0 0.33120028409090907 0.5737403846153847 0.09603693181818183 0.12482692307692313
0 0.050383522727272756 0.510673076923077 0.06482954545454543 0.14303846153846153
0 0.2436718750000001 0.040615384615384616 0.11237215909090911 0.08061538461538462
0 0.42124289772727275 0.499625 0.09075284090909089 0.08582692307692306
0 0.01220170454545444 0.5747211538461539 0.024005681818181787 0.06890384615384612
0 0.8545809659090909 0.4844326923076923 0.08478693181818181 0.14628846153846153
0 0.3667400568181818 0.2571153846153846 0.08356534090909097 0.1371923076923077
0 0.4897230113636364 0.8346442307692308 0.10563920454545456 0.16125000000000003
0 0.5336150568181818 0.17817307692307693 0.11285511363636362 0.09426923076923076
0 0.7416477272727273 0.19643269230769234 0.0690340909090909 0.045711538461538456
0 0.9737002840909091 0.16113461538461538 0.051775568181818186 0.0843076923076923
0 0.943125 0.50475 0.06227272727272728 0.11580769230769225
0 0.9780113636363637 0.48037500000000005 0.043522727272727275 0.07213461538461542
0 0.334559659090909 0.6979326923076923 0.08548295454545456 0.11898076923076924
