0 0.4756676136363637 0.5323557692307692 0.01749999999999999 0.019057692307692248
0 0.9166122159090909 0.06684615384615386 0.032514204545454554 0.06811538461538462
0 0.040134943181818206 0.011865384615384614 0.03345170454545448 0.023692307692307693
0 0.30789772727272724 0.4506153846153846 0.04323863636363636 0.08480769230769229
0 0.6699644886363636 0.04967307692307692 0.07387784090909094 0.09934615384615383
0 0.3736505681818181 0.6134423076923077 0.054062500000000006 0.08234615384615383
0 0.6229829545454546 0.7378846153846155 0.0621875 0.10900000000000001
0 0.8281534090909091 0.12923076923076923 0.048778409090909094 0.06603846153846155
0 0.6282173295454545 0.9075673076923076 0.05265624999999999 0.11109615384615382
0 0.3142613636363637 0.9697884615384614 0.04758522727272727 0.060423076923076954
0 0.7984659090909091 0.72375 0.0775 0.08649999999999992
0 0.943671875 0.6884423076923077 0.08512784090909092 0.10961538461538461
0 0.004389204545454439 0.23439423076923074 0.008607954545454629 0.04959615384615386
0 0.14235795454545463 0.11269230769230769 0.11488636363636363 0.06842307692307692
0 0.8410014204545455 0.5675384615384615 0.05592329545454546 0.12203846153846161
0 0.21061079545454542 0.8473846153846154 0.07829545454545456 0.12842307692307686
0 0.7422017045454545 0.6148557692307692 0.0986931818181818 0.09774999999999998
0 0.8826278409090909 0.03454807692307693 0.048465909090909094 0.06713461538461539
0 0.5481107954545454 0.770846153846154 0.0882954545454545 0.17388461538461542
0 0.6118678977272727 0.25429807692307693 0.08319602272727268 0.1273653846153846
0 0.6940553977272728 0.7847019230769231 0.09532670454545453 0.07598076923076921
0 0.4215127840909091 0.6060192307692308 0.05205965909090906 0.06750000000000005
0 0.3712002840909091 0.4594423076923077 0.10140624999999998 0.11269230769230763
0 0.4557883522727273 0.7088942307692307 0.08669034090909088 0.15432692307692308
0 0.9787357954545455 0.049721153846153845 0.042528409090909096 0.09917307692307692
0 0.16566761363636362 0.21514423076923078 0.1939204545454545 0.15701923076923074
0 0.17484374999999985 0.10325961538461538 0.11312499999999998 0.08771153846153847
0 0.6641406249999999 0.28298076923076926 0.052372159090909094 0.09738461538461539
0 0.9506676136363637 0.05936538461538462 0.04295454545454546 0.07807692307692309
0 0.26071732954545446 0.5880480769230769 0.10305397727272729 0.2612884615384616
0 0.08410511363636364 0.8120384615384615 0.08190340909090904 0.10126923076923071
0 0.5807599431818182 0.9601634615384614 0.08552556818181815 0.07928846153846146
0 0.0177485795454545 0.28660576923076925 0.025553977272727287 0.056403846153846124
0 0.9435582386363637 0.2428173076923077 0.11288352272727273 0.15917307692307694
0 0.9365696022727272 0.58025 0.08680397727272726 0.04350000000000001
0 0.7004190340909091 0.1625 0.09330965909090909 0.08423076923076923
0 0.7732173295454545 0.11610576923076923 0.0638494318181818 0.13105769230769232
0 0.3156392045454546 0.9361057692307692 0.0905113636363636 0.12771153846153852
0 0.7473792613636363 0.23770192307692306 0.11171874999999996 0.08667307692307691
0 0.9276562500000001 0.1050576923076923 0.05951704545454544 0.043192307692307697
0 0.38531249999999995 0.5361826923076923 0.07085227272727272 0.07478846153846151
0 0.41003551136363636 0.8311538461538461 0.09311079545454547 0.08149999999999999
0 0.08435369318181818 0.17691346153846155 0.12839488636363636 0.09101923076923077
0 0.7880042613636363 0.07424038461538461 0.042343750000000006 0.10375
0 0.5853196022727273 0.748875 0.06075284090909088 0.147173076923077
0 0.5115767045454545 0.2381153846153846 0.08133522727272725 0.12903846153846155
0 0.5986434659090909 0.31175 0.060127840909090964 0.1663076923076923
0 0.8614488636363636 0.5986153846153845 0.07261363636363635 0.06892307692307688
0 0.2428338068181819 0.0916826923076923 0.17890625 0.1833653846153846
0 0.08628551136363638 0.06392307692307692 0.06390625000000001 0.07323076923076922
0 0.45811079545454547 0.3945096153846154 0.06954545454545459 0.0994423076923077
0 0.9611008522727272 0.9484230769230769 0.062258522727272725 0.10311538461538462
0 0.02830965909090921 0.7523942307692307 0.056221590909090964 0.11759615384615381
0 0.505234375 0.31732692307692306 0.02964488636363637 0.043307692307692325
0 0.3217471590909091 0.5456538461538462 0.08306818181818185 0.10615384615384613
0 0.24402698863636374 0.2663846153846154 0.048025568181818266 0.09892307692307695
0 0.9527769886363636 0.021259615384615384 0.04382102272727273 0.04251923076923077
0 0.7769744318181818 0.48350000000000004 0.07681818181818184 0.12553846153846154
0 0.5340553977272728 0.4804038461538462 0.08100852272727277 0.04599999999999998
0 0.8983877840909091 0.15254807692307693 0.057173295454545456 0.09548076923076924
0 0.9702698863636363 0.9138076923076923 0.05940340909090909 0.17238461538461536
0 0.3871732954545455 0.8788461538461538 0.12019886363636365 0.08503846153846159
0 0.2164346590909091 0.8161153846153846 0.01769886363636369 0.019307692307692238
0 0.9690553977272727 0.8113076923076923 0.06066761363636364 0.12534615384615386
0 0.6722443181818182 0.5591153846153847 0.12232954545454545 0.16980769230769227
0 0.04867187500000003 0.9830384615384615 0.09734374999999997 0.033923076923076896
0 0.47706676136363635 0.8480000000000001 0.06663352272727276 0.12823076923076923
0 0.03289062499999995 0.8869519230769232 0.06578124999999992 0.13559615384615395
0 0.5771235795454546 0.6577115384615384 0.08552556818181815 0.08492307692307687
0 0.5530113636363636 0.30149038461538463 0.09710227272727275 0.09398076923076924
0 0.6813636363636364 0.7270769230769231 0.06818181818181818 0.06153846153846154
0 0.982002840909091 0.18671153846153846 0.03599431818181818 0.0673076923076923
0 0.5155965909090909 0.7860576923076923 0.07786931818181818 0.10434615384615382
0 0.9571022727272728 0.12291346153846154 0.0852840909090909 0.08555769230769229
0 0.21257812499999995 0.7315 0.07617897727272727 0.11976923076923071
0 0.8368536931818182 0.05423076923076923 0.059275568181818186 0.10846153846153846
0 0.9904474431818182 0.47424038461538465 0.019105113636363635 0.12771153846153846
0 0.27453835227272727 0.21182692307692308 0.03907670454545453 0.10753846153846157
0 0.9753977272727272 0.14763461538461536 0.04920454545454545 0.0694230769230769
0 0.05418323863636365 0.046480769230769235 0.03055397727272726 0.09296153846153847
0 0.5836079545454546 0.6212211538461538 0.08499999999999996 0.09894230769230768
0 0.2294389204545454 0.9272692307692307 0.08654829545454555 0.14546153846153845
0 0.017478693181818272 0.8215769230769231 0.03492897727272732 0.05669230769230762
0 0.6626491477272727 0.37744230769230763 0.12504261363636363 0.19834615384615387
0 0.5015482954545455 0.6746634615384615 0.10275568181818179 0.11628846153846159
0 0.9014559659090909 0.009182692307692308 0.06552556818181818 0.01794230769230769
0 0.9086079545454545 0.4056634615384615 0.05258522727272727 0.07513461538461537
0 0.1377698863636364 0.8648557692307692 0.10005681818181826 0.11913461538461537
0 0.9752556818181818 0.5606442307692308 0.04948863636363637 0.09221153846153844
0 0.20916193181818177 0.33313461538461536 0.10400568181818186 0.12753846153846152
0 0.5885298295454545 0.4033269230769231 0.058565340909090935 0.1136923076923077
0 0.9000497159090909 0.06808653846153846 0.06441761363636365 0.11878846153846156
0 0.35363636363636364 0.995298076923077 0.02610795454545454 0.009403846153846127
0 0.9340696022727273 0.4197884615384615 0.06092329545454545 0.0886923076923077
0 0.9102769886363636 0.6695192307692307 0.04757102272727272 0.08757692307692312
0 0.05114346590909091 0.29199038461538457 0.05569602272727278 0.06244230769230769
0 0.36747869318181825 0.24975961538461539 0.16183238636363637 0.2038269230769231
0 0.4352698863636364 0.5497019230769231 0.05840909090909092 0.06136538461538466
0 0.9768394886363636 0.30796153846153845 0.046321022727272725 0.08103846153846157
0 0.45984375 0.4458942307692308 0.08437500000000005 0.07975
0 0.11198863636363621 0.03544230769230769 0.09713068181818181 0.06976923076923078
0 0.7043536931818182 0.0814326923076923 0.06447443181818184 0.1029423076923077
0 0.9834303977272727 0.5135 0.03313920454545454 0.09826923076923076
0 0.6651136363636363 0.7702692307692307 0.0725568181818182 0.06688461538461545
0 0.7605539772727272 0.3699711538461538 0.16318181818181818 0.2243269230769231
0 0.49966619318181815 0.36285576923076923 0.042201704545454514 0.07574999999999997
0 0.9157102272727273 0.8313846153846154 0.06761363636363636 0.13334615384615392
0 0.46277698863636363 0.31721153846153843 0.04271306818181817 0.09376923076923081
0 0.6481463068181819 0.834201923076923 0.06572443181818179 0.08728846153846162
0 0.8537926136363636 0.4213461538461538 0.11110795454545454 0.1244230769230769
0 0.7585440340909091 0.7773173076923077 0.07029829545454543 0.1050192307692308
0 0.276356534090909 0.36836538461538465 0.07529829545454553 0.10196153846153848
0 0.6702201704545454 0.40239423076923075 0.09572443181818184 0.13282692307692306
0 0.32989346590909097 0.7560288461538461 0.08387784090909084 0.17398076923076927
0 0.6162642045454545 0.07570192307692308 0.11818181818181817 0.15140384615384617
0 0.023856534090909154 0.04571153846153846 0.047713068181818225 0.09142307692307693
0 0.20284801136363628 0.9925 0.02771306818181817 0.014999999999999913
0 0.8068323863636364 0.02176923076923077 0.10420454545454544 0.04353846153846154
0 0.46221590909090904 0.09742307692307692 0.21159090909090905 0.19484615384615384
0 0.6556534090909092 0.6556057692307693 0.08499999999999996 0.11298076923076923
0 0.8791903409090909 0.518375 0.12727272727272726 0.08813461538461546
0 0.8213423295454545 0.8724903846153846 0.07461647727272726 0.0948653846153847
0 0.9526349431818182 0.7859038461538462 0.09473011363636363 0.13050000000000003
0 0.06461647727272724 0.9249423076923077 0.12900568181818173 0.144
0 0.8312002840909091 0.679125 0.08723011363636363 0.13051923076923078
0 0.7322940340909091 0.04765384615384616 0.06083806818181816 0.09530769230769232
0 0.9059019886363636 0.6118846153846154 0.030468749999999992 0.06949999999999998
0 0.004801136363636327 0.29615384615384616 0.009602272727272715 0.07638461538461544
0 0.28499289772727276 0.7735000000000001 0.11345170454545447 0.19146153846153846
0 0.07067471590909091 0.13581730769230768 0.07589488636363645 0.05963461538461538
0 0.6696803977272727 0.19042307692307694 0.05615056818181818 0.09553846153846153
0 0.7172443181818182 0.5254711538461538 0.10752840909090908 0.11159615384615384
0 0.7769673295454546 0.9098653846153846 0.1576278409090909 0.16946153846153858
0 0.8712642045454546 0.6918365384615385 0.06468750000000001 0.07682692307692317
0 0.665 0.9788269230769231 0.09210227272727273 0.04188461538461533
0 0.8660724431818182 0.7639423076923076 0.08822443181818183 0.12334615384615381
0 0.41472301136363643 0.6433653846153846 0.046803977272727254 0.060538461538461576
0 0.5184801136363637 0.5613076923076923 0.05778409090909092 0.16026923076923077
0 0.43141335227272737 0.3064519230769231 0.032599431818181805 0.02990384615384612
0 0.8187144886363636 0.222125 0.0736505681818182 0.14048076923076921
0 0.8872443181818181 0.9123365384615385 0.08221590909090909 0.11778846153846154
0 0.8053267045454545 0.578548076923077 0.047159090909090914 0.14067307692307698
0 0.8581747159090909 0.08332692307692308 0.049673295454545456 0.06976923076923078
0 0.60796875 0.540875 0.08397727272727273 0.17825000000000005
0 0.9567613636363637 0.4609423076923077 0.08647727272727274 0.20600000000000002
0 0.5378977272727272 0.37547115384615387 0.03463068181818181 0.05255769230769228
0 0.8612428977272727 0.16949999999999998 0.03546875 0.12484615384615383
0 0.8537144886363637 0.8443076923076922 0.05771306818181818 0.06865384615384613
0 0.08876420454545453 0.2690576923076923 0.10460227272727271 0.09526923076923079
0 0.15870738636363635 0.6903942307692308 0.06301136363636366 0.16209615384615378
0 0.049808238636363744 0.6956730769230769 0.09961647727272727 0.09442307692307697
0 0.03801846590909086 0.114 0.07603693181818177 0.0710769230769231
0 0.8650497159090909 0.3061634615384615 0.07234374999999998 0.18290384615384614
0 0.9044673295454546 0.946625 0.07086647727272727 0.10671153846153848
0 0.45129261363636364 0.5009807692307692 0.11960227272727271 0.046653846153846136
0 0.4438139204545455 0.593375 0.07865056818181819 0.06951923076923072
0 0.7958451704545455 0.9632211538461538 0.16623579545454548 0.07351923076923081
0 0.9605681818181818 0.6703557692307693 0.07886363636363637 0.14125
0 0.8982670454545454 0.21447115384615387 0.0568465909090909 0.09044230769230767
0 0.5926775568181819 0.12332692307692307 0.09899147727272731 0.1571923076923077
0 0.5457670454545456 0.534201923076923 0.07153409090909085 0.11017307692307696
0 0.47826704545454546 0.5701153846153847 0.05323863636363639 0.09815384615384619
0 0.3637286931818182 0.3750865384615385 0.16632102272727278 0.08109615384615382
0 0.3827201704545454 0.7213557692307693 0.08737215909090908 0.17236538461538461
0 0.4682315340909091 0.944576923076923 0.15171875 0.11053846153846146
0 0.5802130681818183 0.8692019230769231 0.07224431818181812 0.11628846153846159
0 0.7003835227272728 0.8958846153846154 0.13196022727272727 0.16338461538461535
0 0.3849999999999999 0.9654711538461538 0.11173295454545458 0.06905769230769236
0 0.8054048295454546 0.7964615384615384 0.05575284090909091 0.06453846153846154
0 0.05495028409090896 0.4509711538461538 0.10990056818181819 0.11532692307692308
0 0.7412073863636364 0.6928653846153846 0.10596590909090912 0.10311538461538462
0 0.9368394886363637 0.3361442307692308 0.08379261363636363 0.09494230769230765
0 0.537215909090909 0.4324519230769231 0.08863636363636361 0.06805769230769228
