0 0.09611505681818178 0.07445192307692308 0.14768465909090914 0.14867307692307694
0 0.04724431818181818 0.39295192307692306 0.09448863636363634 0.08721153846153845
0 0.027428977272727195 0.8124326923076923 0.05485795454545455 0.19821153846153844
0 0.5796235795454545 0.5356923076923077 0.1167755681818182 0.1576923076923077
0 0.5148011363636362 0.38884615384615384 0.10073863636363639 0.0633846153846154
0 0.4682386363636364 0.4752788461538462 0.09446022727272728 0.147173076923077
0 0.44470170454545455 0.1081826923076923 0.061477272727272686 0.10017307692307692
0 0.4104190340909091 0.22504807692307693 0.052514204545454586 0.1953653846153846
0 0.10049715909090906 0.009692307692307693 0.06315340909090915 0.019384615384615386
0 0.3090198863636364 0.1370673076923077 0.09502840909090905 0.16578846153846152
0 0.3434019886363636 0.21534615384615383 0.08833806818181818 0.15757692307692306
0 0.3209090909090909 0.19074038461538462 0.02556818181818182 0.03301923076923077
0 0.11158380681818192 0.4745480769230769 0.08697443181818168 0.08409615384615382
0 0.22416903409090916 0.13896153846153844 0.0867187500000001 0.14461538461538462
0 0.23075284090909098 0.042923076923076925 0.16318181818181818 0.08584615384615385
0 0.30229403409090916 0.29392307692307695 0.07737215909090905 0.12999999999999995
0 0.24948153409090912 0.3299903846153846 0.10643465909090918 0.2038653846153846
0 0.15098721590909103 0.22430769230769232 0.1074005681818182 0.1515
0 0.5848011363636363 0.07600961538461538 0.07193181818181817 0.15201923076923077
0 0.49262784090909095 0.06264423076923077 0.09826704545454538 0.11948076923076924
0 0.4980042613636364 0.6138653846153846 0.05257102272727279 0.0999615384615384
0 0.3311079545454546 0.05790384615384615 0.07079545454545451 0.1155
0 0.9342897727272728 0.7868653846153847 0.07661931818181819 0.15861538461538466
0 0.35858664772727267 0.4765673076923077 0.10089488636363632 0.10571153846153845
0 0.1750923295454545 0.6828461538461538 0.0620312500000001 0.13296153846153844
0 0.12955965909090916 0.7024615384615384 0.05832386363636372 0.1626153846153846
0 0.9579971590909091 0.275375 0.08383522727272727 0.11078846153846154
0 0.07888494318181827 0.13924999999999998 0.10916193181818185 0.06853846153846153
0 0.8154971590909091 0.7437884615384615 0.06974431818181817 0.10123076923076921
0 0.9485795454545455 0.20897115384615386 0.0940625 0.08201923076923077
0 0.8325071022727273 0.26528846153846153 0.09038352272727272 0.13511538461538466
0 0.41228693181818177 0.8292692307692309 0.058977272727272705 0.1458846153846153
0 0.4823508522727272 0.9080096153846153 0.09481534090909091 0.09586538461538455
0 0.07042613636363637 0.5712211538461538 0.12752840909090904 0.07125000000000002
0 0.2813423295454546 0.672826923076923 0.13052556818181815 0.10746153846153846
0 0.07463778409090915 0.6957403846153847 0.07146306818181826 0.11417307692307693
0 0.11103693181818197 0.7753557692307692 0.07090909090909085 0.1009038461538462
0 0.16330255681818173 0.8042115384615385 0.06774147727272718 0.16830769230769227
0 0.2973863636363636 0.5468173076923077 0.09764204545454547 0.09490384615384609
0 0.08174715909090902 0.8219134615384615 0.08139204545454555 0.1717115384615385
0 0.05126420454545455 0.8903269230769232 0.08303977272727278 0.1376153846153846
0 0.28798295454545453 0.8179903846153846 0.19451704545454546 0.1407115384615385
0 0.512109375 0.9439903846153846 0.12765625 0.11201923076923077
0 0.35460227272727274 0.9286538461538462 0.09491477272727272 0.14269230769230767
0 0.43470170454545454 0.9296057692307692 0.03460227272727267 0.061596153846153905
0 0.2681178977272727 0.9297596153846154 0.09992897727272722 0.13767307692307687
0 0.20779829545454542 0.9561153846153847 0.091903409090909 0.0875384615384616
0 0.14008522727272732 0.9361538461538462 0.1226704545454544 0.12769230769230766
0 0.035397727272727386 0.9542115384615385 0.07079545454545459 0.09153846153846158
0 0.02305397727272729 0.08542307692307692 0.029943181818181716 0.12376923076923077
0 0.9216619318181818 0.9179423076923077 0.11880681818181818 0.12930769230769232
0 0.20865767045454542 0.38690384615384615 0.1226846590909091 0.22953846153846155
0 0.41875710227272733 0.386 0.12328124999999995 0.18111538461538462
0 0.744921875 0.4608269230769231 0.08288352272727272 0.10180769230769236
0 0.81359375 0.11340384615384615 0.058125 0.0716923076923077
0 0.3145596590909091 0.2069903846153846 0.03150568181818183 0.04901923076923076
0 0.6904403409090909 0.022288461538461538 0.0875284090909091 0.044153846153846155
0 0.8484517045454545 0.04744230769230769 0.1080681818181818 0.09488461538461539
0 0.7734019886363637 0.017240384615384616 0.09086647727272724 0.03448076923076923
0 0.7418181818181818 0.11297115384615385 0.14488636363636365 0.18105769230769228
0 0.014701704545454608 0.049019230769230766 0.029403409090909157 0.09803846153846153
0 0.7658664772727273 0.06717307692307692 0.08090909090909092 0.08438461538461538
0 0.6534517045454545 0.18714423076923076 0.0650568181818182 0.26901923076923073
0 0.617890625 0.12999038461538462 0.10830965909090909 0.10605769230769231
0 0.5552414772727272 0.2405576923076923 0.09951704545454546 0.22188461538461537
0 0.4912642045454546 0.25130769230769234 0.06846590909090908 0.11584615384615386
0 0.6373011363636363 0.04645192307692308 0.06437499999999999 0.09290384615384616
0 0.7291051136363637 0.19065384615384617 0.11786931818181817 0.18161538461538465
0 0.45024147727272734 0.2009903846153846 0.045710227272727284 0.1200576923076923
0 0.5198721590909091 0.13516346153846154 0.10991477272727272 0.1360576923076923
0 0.5167045454545454 0.03368269230769231 0.08548295454545456 0.06736538461538462
0 0.06642045454545453 0.19615384615384615 0.08306818181818185 0.12326923076923078
0 0.42390624999999993 0.06483653846153847 0.09207386363636362 0.12967307692307695
0 0.5778338068181819 0.3229807692307692 0.09481534090909091 0.14465384615384616
0 0.6255113636363636 0.36305769230769236 0.0876988636363636 0.12457692307692309
0 0.64390625 0.19629807692307694 0.1109659090909091 0.07740384615384616
0 0.5525497159090909 0.4186346153846154 0.11964488636363639 0.08107692307692307
0 0.6667684659090909 0.4565480769230769 0.09529829545454542 0.15325
0 0.6679758522727273 0.37179807692307687 0.06455965909090912 0.09440384615384616
0 0.6639985795454546 0.544201923076923 0.06089488636363637 0.12240384615384617
0 0.720703125 0.5293749999999999 0.07225852272727273 0.05536538461538466
0 0.721171875 0.5637980769230769 0.08561079545454547 0.04813461538461533
0 0.021605113636363638 0.16695192307692308 0.04321022727272721 0.14825
0 0.7261789772727273 0.6343269230769231 0.08758522727272727 0.1059230769230769
0 0.7866335227272727 0.5716346153846154 0.06315340909090908 0.12592307692307697
0 0.7340482954545454 0.923701923076923 0.0950284090909091 0.15259615384615388
0 0.5878196022727273 0.6407692307692309 0.15330965909090907 0.16738461538461544
0 0.682890625 0.6652403846153845 0.043963068181818166 0.08759615384615387
0 0.6951917613636365 0.7658653846153847 0.0820596590909091 0.16084615384615383
0 0.6539417613636364 0.8168942307692307 0.11617897727272726 0.1258653846153846
0 0.7801846590909091 0.8798173076923077 0.07318181818181815 0.1270576923076923
0 0.5260440340909092 0.6963653846153847 0.11288352272727269 0.0916538461538462
0 0.6147017045454546 0.7378076923076923 0.10204545454545455 0.065423076923077
0 0.020909090909090988 0.2803365384615385 0.04181818181818189 0.09255769230769233
0 0.5997869318181819 0.7778269230769231 0.04974431818181815 0.12303846153846146
0 0.6630255681818182 0.9717692307692307 0.09417613636363634 0.05646153846153849
0 0.6736718749999999 0.91325 0.041548295454545456 0.1160384615384615
0 0.7135227272727273 0.9355769230769231 0.06991477272727273 0.12884615384615383
0 0.7919105113636363 0.7943557692307692 0.05657670454545454 0.09836538461538458
0 0.8318749999999999 0.6686057692307692 0.05681818181818184 0.08809615384615385
0 0.9456747159090909 0.08 0.10865056818181817 0.16
0 0.9063849431818182 0.12224999999999998 0.06822443181818182 0.12042307692307692
0 0.8836363636363637 0.1671923076923077 0.04394886363636363 0.0616153846153846
0 0.9668963068181818 0.17482692307692307 0.06620738636363636 0.07357692307692308
0 0.06279829545454552 0.2899038461538462 0.12559659090909084 0.1606923076923077
0 0.9102485795454546 0.24774038461538458 0.09995738636363637 0.08382692307692308
0 0.8728622159090909 0.16384615384615384 0.07194602272727271 0.1336923076923077
0 0.3721306818181819 0.07095192307692308 0.06352272727272723 0.14182692307692307
0 0.8305326704545455 0.14700961538461538 0.08921875 0.13363461538461538
0 0.9706321022727272 0.3709711538461538 0.058678977272727265 0.16051923076923078
0 0.9207883522727273 0.3492596153846154 0.10092329545454547 0.17701923076923073
0 0.8544886363636364 0.381625 0.07147727272727272 0.13617307692307692
0 0.8051775568181818 0.37729807692307693 0.05737215909090909 0.14501923076923076
0 0.878252840909091 0.46581730769230767 0.18485795454545453 0.08886538461538458
0 0.9662926136363637 0.5008269230769231 0.06741477272727273 0.10238461538461541
0 0.12826704545454537 0.38448076923076924 0.10230113636363634 0.1148846153846154
0 0.9092116477272727 0.5001730769230769 0.11296875 0.08242307692307689
0 0.8857102272727273 0.5817307692307693 0.1466477272727273 0.1315384615384615
0 0.9287286931818182 0.6368076923076923 0.14254261363636364 0.21976923076923072
0 0.5113636363636364 0.8007115384615384 0.13911931818181825 0.12569230769230771
0 0.8105681818181818 0.9574038461538462 0.0924147727272727 0.08376923076923078
0 0.5283096590909091 0.5840096153846154 0.11394886363636368 0.1835961538461539
0 0.46225142045454537 0.7610673076923077 0.10396306818181818 0.06617307692307686
0 0.4534232954545455 0.7169519230769231 0.06673295454545448 0.07213461538461537
0 0.7435724431818183 0.7810192307692307 0.06782670454545454 0.16107692307692306
0 0.9927627840909091 0.98825 0.014474431818181817 0.023500000000000052
