0 0.9234659090909091 0.3655288461538461 0.05173295454545455 0.04528846153846151
0 0.6907883522727273 0.070125 0.017514204545454524 0.07155769230769231
0 0.6949502840909091 0.7414134615384614 0.02626420454545456 0.037442307692307636
0 0.7763991477272727 0.7688461538461538 0.022230113636363645 0.04176923076923082
0 0.40042613636363633 0.5531826923076922 0.019488636363636323 0.029403846153846194
0 0.4885369318181818 0.4839711538461539 0.12122159090909096 0.0473269230769231
0 0.6999857954545454 0.9869519230769231 0.028778409090909077 0.02609615384615383
0 0.6612642045454545 0.9823653846153847 0.03681818181818184 0.03526923076923072
0 0.6625284090909092 0.9538461538461539 0.03258522727272727 0.04926923076923078
0 0.6153196022727272 0.920451923076923 0.02086647727272727 0.049942307692307744
0 0.5947301136363636 0.929548076923077 0.02258522727272724 0.048326923076923066
0 0.5052059659090908 0.9228365384615385 0.019673295454545405 0.017750000000000037
0 0.6528480113636363 0.09477884615384614 0.0833380681818182 0.10498076923076924
0 0.5791761363636363 0.8889999999999999 0.05886363636363636 0.04457692307692309
0 0.6412215909090909 0.9001826923076923 0.05644886363636361 0.065826923076923
0 0.5470596590909091 0.9500288461538461 0.06786931818181814 0.031173076923076883
0 0.7644957386363636 0.9188461538461539 0.023053977272727257 0.03823076923076922
0 0.7702627840909091 0.8833365384615385 0.023053977272727257 0.045250000000000054
0 0.85703125 0.8873269230769231 0.06568181818181817 0.053076923076923015
0 0.9704190340909091 0.8673942307692308 0.059161931818181815 0.10890384615384614
0 0.9789204545454545 0.9427980769230769 0.03971590909090909 0.06186538461538454
0 0.9929829545454546 0.9188076923076922 0.014034090909090911 0.06246153846153839
0 0.9182386363636363 0.05391346153846154 0.023125000000000003 0.10740384615384616
0 0.8981321022727273 0.2691153846153846 0.035184659090909086 0.05553846153846153
0 0.9025284090909091 0.5892403846153845 0.042613636363636374 0.06078846153846146
0 0.8284019886363636 0.5840288461538461 0.03419034090909092 0.04805769230769232
0 0.8869460227272727 0.6224038461538461 0.04559659090909091 0.031192307692307634
0 0.8887713068181818 0.7633461538461539 0.03643465909090908 0.05542307692307702
0 0.9229261363636363 0.7866634615384616 0.04000000000000001 0.06148076923076928
0 0.7328196022727274 0.7918557692307692 0.05169034090909089 0.055326923076923044
0 0.7016619318181818 0.8304038461538461 0.019232954545454574 0.0410000000000001
0 0.7153196022727273 0.8420000000000001 0.023053977272727257 0.045346153846153814
0 0.589424715909091 0.7871826923076923 0.035781249999999994 0.03928846153846155
0 0.5611008522727272 0.8008750000000001 0.021747159090909095 0.0544807692307692
0 0.8807457386363636 0.2648653846153846 0.02504261363636363 0.027769230769230765
0 0.5562073863636363 0.7665000000000001 0.03159090909090911 0.03307692307692305
0 0.5453338068181818 0.7367403846153846 0.05731534090909086 0.02263461538461535
0 0.6156178977272727 0.7358076923076923 0.03223011363636363 0.01746153846153854
0 0.6112926136363637 0.7794519230769231 0.03178977272727272 0.052442307692307656
0 0.6413778409090909 0.7943942307692309 0.039829545454545486 0.06978846153846158
0 0.8787215909090909 0.1381826923076923 0.04477272727272727 0.06617307692307693
0 0.8725568181818182 0.17318269230769232 0.01428977272727273 0.06671153846153849
0 0.8881960227272727 0.21429807692307692 0.04099431818181818 0.030826923076923078
0 0.8593039772727273 0.2063076923076923 0.022812500000000003 0.05780769230769231
0 0.9685653409090909 0.13710576923076923 0.06187499999999999 0.07155769230769232
0 0.7071946022727273 0.09665384615384613 0.0898721590909091 0.1358076923076923
0 0.9470383522727273 0.029057692307692305 0.027059659090909093 0.05811538461538461
0 0.9712713068181819 0.09942307692307693 0.04629261363636364 0.12007692307692307
0 0.9648934659090909 0.37675000000000003 0.047002840909090904 0.035153846153846154
0 0.9862855113636364 0.364576923076923 0.02742897727272727 0.03246153846153851
0 0.9280397727272727 0.5924134615384615 0.01332386363636364 0.04905769230769229
0 0.9652130681818182 0.6112307692307692 0.03573863636363636 0.07899999999999997
0 0.929609375 0.6373557692307692 0.04001420454545455 0.09848076923076919
0 0.9779332386363636 0.03403846153846154 0.03794034090909091 0.025
0 0.6804332386363636 0.6436923076923078 0.02643465909090911 0.04003846153846152
0 0.7268394886363636 0.47398076923076915 0.03776988636363637 0.0586153846153846
0 0.7313849431818182 0.011894230769230768 0.020838068181818162 0.023788461538461536
0 0.7070951704545454 0.4167692307692308 0.02771306818181821 0.0743846153846154
0 0.7098721590909092 0.47065384615384614 0.022499999999999964 0.03034615384615385
0 0.6869886363636364 0.4538076923076923 0.02954545454545452 0.036192307692307676
0 0.6846022727272727 0.4121730769230769 0.021590909090909074 0.04265384615384611
0 0.6576633522727273 0.3644423076923077 0.037855113636363645 0.0342307692307692
0 0.6406605113636363 0.4012403846153846 0.04265625 0.04125000000000003
0 0.3697585227272727 0.2859807692307692 0.03724431818181822 0.054999999999999986
0 0.4173650568181818 0.28654807692307693 0.05882102272727268 0.03551923076923077
0 0.43746448863636367 0.30737499999999995 0.07103693181818181 0.04536538461538462
0 0.840887784090909 0.1585673076923077 0.047997159090909076 0.04332692307692308
0 0.7572869318181819 0.11261538461538462 0.05068181818181819 0.05880769230769229
0 0.5671022727272728 0.04589423076923077 0.019659090909090956 0.028442307692307697
0 0.5903053977272728 0.06622115384615385 0.04302556818181821 0.049673076923076924
0 0.844140625 0.39528846153846153 0.03859375 0.026653846153846125
0 0.6688139204545455 0.4089326923076923 0.02825284090909089 0.027634615384615393
0 0.6545454545454545 0.30341346153846155 0.05110795454545453 0.04348076923076926
0 0.621747159090909 0.26821153846153845 0.018267045454545473 0.02892307692307696
0 0.6328693181818181 0.42894230769230773 0.04852272727272731 0.052730769230769206
0 0.6175994318181819 0.4769615384615385 0.056818181818181775 0.07480769230769237
0 0.833075284090909 0.181125 0.0342755681818182 0.047865384615384615
0 0.44442471590909094 0.05043269230769231 0.01728693181818176 0.02732692307692307
0 0.7034872159090909 0.16402884615384614 0.04538352272727271 0.04017307692307692
0 0.9314417613636363 0.1854903846153846 0.02075284090909091 0.025596153846153852
0 0.44957386363636365 0.060980769230769234 0.014403409090909071 0.022923076923076928
0 0.7675710227272727 0.7358653846153845 0.020085227272727255 0.02923076923076921
0 0.286122159090909 0.014682692307692308 0.04301136363636368 0.02928846153846154
0 0.21609374999999997 0.12209615384615384 0.019687499999999858 0.03653846153846153
0 0.46691051136363637 0.984951923076923 0.026747159090909068 0.02994230769230779
0 0.8368678977272728 0.6486923076923077 0.012798295454545442 0.07876923076923084
0 0.720028409090909 0.23019230769230767 0.03465909090909092 0.03746153846153847
0 0.012151988636363686 0.8067019230769231 0.024303977272727293 0.08298076923076919
0 0.759325284090909 0.19670192307692308 0.04862215909090912 0.1050576923076923
0 0.7558380681818182 0.15740384615384614 0.11454545454545456 0.0555
0 0.7661008522727273 0.3094423076923077 0.01964488636363638 0.027000000000000038
0 0.7781107954545454 0.3143942307692308 0.023238636363636343 0.025442307692307674
0 0.25588778409090907 0.2164903846153846 0.015866477272727376 0.04217307692307694
0 0.0447514204545455 0.7637788461538461 0.018821022727272728 0.02205769230769225
0 0.24745738636363646 0.20164423076923074 0.01332386363636363 0.024057692307692318
0 0.05475142045454551 0.7294134615384614 0.02830965909090902 0.046557692307692265
0 0.04343749999999991 0.7849903846153846 0.04886363636363633 0.07036538461538468
0 0.8622301136363637 0.6646538461538462 0.011676136363636362 0.035461538461538454
0 0.1218678977272728 0.534875 0.07788352272727278 0.05948076923076925
0 0.24795454545454543 0.3931442307692308 0.03505681818181811 0.06855769230769226
0 0.8865909090909091 0.3018942307692308 0.05644886363636363 0.03959615384615385
0 0.2257670454545455 0.3318942307692308 0.034005681818181734 0.07801923076923076
0 0.8023650568181818 0.6517884615384616 0.023139204545454536 0.0762307692307692
0 0.10391335227272724 0.4000384615384615 0.07745738636363632 0.052115384615384605
0 0.3143039772727273 0.21869230769230769 0.014090909090909114 0.03580769230769232
0 0.16193181818181823 0.3466346153846154 0.05198863636363624 0.05084615384615384
0 0.11855113636363646 0.40183653846153844 0.029630681818181837 0.08951923076923074
0 0.1831676136363637 0.3637115384615385 0.028181818181818228 0.03169230769230773
0 0.9410227272727273 0.21450961538461535 0.028096590909090904 0.05201923076923076
0 0.9333735795454545 0.10890384615384616 0.04359375 0.10242307692307694
0 0.9497514204545454 0.1770673076923077 0.10049715909090909 0.0693653846153846
0 0.9438494318181818 0.34464423076923073 0.0621875 0.029019230769230776
0 0.887762784090909 0.23220192307692308 0.05839488636363635 0.04813461538461536
0 0.13889204545454537 0.4035480769230769 0.04377840909090916 0.05498076923076918
0 0.28630681818181813 0.15327884615384615 0.05727272727272734 0.0428653846153846
0 0.5099289772727273 0.1726730769230769 0.03940340909090911 0.05219230769230769
0 0.1594034090909091 0.3228653846153846 0.01761363636363633 0.0276538461538462
0 0.13865767045454547 0.2817403846153846 0.03893465909090921 0.03040384615384616
0 0.32188920454545455 0.17885576923076923 0.04843750000000003 0.039211538461538464
0 0.40426846590909093 0.5343846153846153 0.029133522727272713 0.017192307692307687
0 0.418359375 0.4883173076923077 0.04259943181818183 0.07263461538461541
0 0.05651988636363636 0.26519230769230767 0.03247159090909093 0.03273076923076925
0 0.07360085227272739 0.24378846153846156 0.08745738636363644 0.03115384615384616
0 0.9250213068181818 0.31889423076923074 0.040838068181818184 0.021211538461538462
0 0.8506178977272727 0.3205576923076923 0.031576704545454554 0.04488461538461539
0 0.039403409090909114 0.22677884615384614 0.035482954545454574 0.029673076923076937
0 0.02071022727272731 0.21333653846153847 0.040142045454545444 0.039557692307692294
0 0.012904829545454577 0.18416346153846153 0.025781249999999967 0.04755769230769229
0 0.4157741477272727 0.5196923076923077 0.02291193181818181 0.016230769230769226
0 0.013146306818181852 0.0994423076923077 0.026292613636363624 0.08780769230769232
0 0.019964488636363686 0.1691442307692308 0.03992897727272729 0.05748076923076923
0 0.025859375000000018 0.09162500000000001 0.050752840909090935 0.09478846153846154
0 0.14813920454545448 0.06988461538461539 0.020624999999999973 0.022115384615384624
0 0.43137073863636366 0.5202596153846153 0.02359375000000002 0.03398076923076926
0 0.9514701704545454 0.20573076923076922 0.020156249999999997 0.02996153846153846
0 0.35721590909090917 0.20347115384615386 0.026306818181818157 0.046288461538461556
0 0.03899857954545449 0.1557403846153846 0.021747159090909175 0.05036538461538461
0 0.3891477272727273 0.5396442307692307 0.0279261363636364 0.049365384615384644
0 0.45191051136363636 0.4558269230769231 0.04765625000000002 0.02946153846153845
0 0.4889701704545455 0.45960576923076923 0.034957386363636385 0.06090384615384618
0 0.4710227272727273 0.4768076923076923 0.016306818181818127 0.013884615384615382
0 0.06735795454545468 0.12227884615384615 0.05136363636363632 0.04517307692307691
0 0.04739346590909088 0.19595192307692308 0.022656250000000065 0.03678846153846153
0 0.42795454545454537 0.20130769230769233 0.0208806818181818 0.03399999999999999
0 0.0791761363636364 0.20432692307692307 0.04105113636363649 0.11823076923076924
0 0.8250355113636364 0.020009615384615383 0.015071022727272705 0.03478846153846154
0 0.08294744318181813 0.5211346153846154 0.023139204545454494 0.04453846153846148
0 0.06251420454545453 0.17696153846153848 0.025909090909090923 0.030423076923076938
0 0.0740056818181819 0.156625 0.03224431818181825 0.02848076923076921
0 0.8505539772727273 0.6531538461538461 0.018068181818181817 0.051153846153846196
0 0.44339488636363633 0.6757211538461538 0.02889204545454542 0.03282692307692317
0 0.04289772727272734 0.6401442307692308 0.04170454545454547 0.05498076923076929
0 0.11556107954545458 0.1859903846153846 0.03919034090909095 0.04986538461538463
0 0.12362926136363628 0.15300961538461538 0.034133522727272686 0.03317307692307692
0 0.10399147727272728 0.12839423076923076 0.02724431818181811 0.03690384615384615
0 0.4641974431818181 0.6714711538461539 0.012372159090909062 0.01898076923076924
0 0.8139914772727272 0.023557692307692307 0.026732954545454556 0.047115384615384615
0 0.6458948863636365 0.2859038461538462 0.07002840909090911 0.060730769230769255
0 0.1193323863636363 0.12519230769230769 0.020909090909090947 0.03307692307692308
0 0.09794744318181803 0.11970192307692307 0.0366619318181819 0.04624999999999999
0 0.0935156250000001 0.10194230769230771 0.043224431818181745 0.08011538461538462
0 0.6569105113636363 0.9342692307692309 0.04620738636363637 0.021999999999999995
0 0.1355823863636364 0.07901923076923077 0.01502840909090915 0.02161538461538462
0 0.673387784090909 0.28142307692307694 0.03691761363636365 0.027038461538461542
0 0.11813920454545468 0.07474038461538463 0.012556818181818226 0.046211538461538464
0 0.018032670454545374 0.6708173076923076 0.03606534090909089 0.05140384615384619
0 0.12289062500000003 0.031105769230769232 0.015610795454545467 0.062211538461538464
0 0.912890625 0.34927884615384613 0.057173295454545456 0.03844230769230771
0 0.08809659090909083 0.6682115384615385 0.02357954545454549 0.036076923076923166
0 0.13549005681818183 0.03089423076923077 0.022542613636363642 0.05228846153846154
0 0.8853764204545455 0.5766923076923077 0.03288352272727271 0.049538461538461524
0 0.7230468750000001 0.9833846153846154 0.023536931818181808 0.033230769230769175
0 0.14922585227272733 0.012471153846153847 0.017088068181818305 0.02098076923076923
0 0.6965625 0.970125 0.03946022727272727 0.02936538461538469
0 0.9701633522727273 0.5195192307692307 0.037741477272727274 0.0416153846153847
0 0.15413352272727276 0.0076538461538461534 0.02499999999999987 0.015307692307692307
0 0.14533380681818187 0.048615384615384616 0.017911931818181837 0.022192307692307692
0 0.7813423295454546 0.9794326923076924 0.05464488636363636 0.04113461538461536
0 0.9663849431818182 0.2883846153846154 0.028394886363636355 0.029076923076923087
0 0.8173011363636363 0.4026057692307692 0.02392045454545453 0.06898076923076923
0 0.15125 0.033644230769230773 0.014488636363636427 0.01909615384615385
0 0.2567968749999999 0.1434519230769231 0.019928977272727234 0.05236538461538461
0 0.9825923295454545 0.5097211538461539 0.03413352272727273 0.05874999999999997
0 0.14712357954545463 0.08909615384615384 0.0363210227272728 0.027307692307692314
0 0.5293465909090909 0.6845769230769231 0.04789772727272723 0.014115384615384568
0 0.21926136363636362 0.15441346153846155 0.027698863636363636 0.030519230769230778
0 0.8354190340909091 0.4237980769230769 0.016292613636363636 0.04340384615384614
0 0.9326065340909091 0.9702788461538462 0.059673295454545465 0.05798076923076919
0 0.7974644886363637 0.4725288461538461 0.02879261363636365 0.03190384615384616
0 0.9651278409090909 0.26453846153846156 0.020767045454545455 0.026153846153846198
0 0.8102059659090909 0.4418365384615385 0.022656250000000003 0.08217307692307696
0 0.19236505681818172 0.14905769230769228 0.024531249999999973 0.02623076923076923
0 0.26209517045454545 0.1080576923076923 0.04132102272727269 0.03284615384615386
0 0.6673295454545455 0.38808653846153846 0.02386363636363634 0.02563461538461541
0 0.759090909090909 0.013798076923076923 0.02894886363636363 0.027596153846153847
0 0.19583806818181815 0.2776923076923077 0.02980113636363639 0.043000000000000024
0 0.6587997159090909 0.04971153846153847 0.04933238636363635 0.053000000000000005
0 0.17678267045454532 0.27934615384615386 0.05129261363636366 0.05423076923076926
0 0.07841619318181803 0.6726442307692307 0.02813920454545463 0.06436538461538456
0 0.12531250000000005 0.2620192307692308 0.0480397727272728 0.04973076923076926
0 0.8896519886363636 0.46196153846153853 0.018906250000000003 0.05715384615384615
0 0.8060369318181818 0.49491346153846155 0.02107954545454546 0.035365384615384646
0 0.16151988636363646 0.718326923076923 0.08295454545454542 0.11811538461538465
0 0.18311789772727272 0.24491346153846152 0.01455965909090909 0.025249999999999963
0 0.5490909090909091 0.3903653846153846 0.019715909090909086 0.028730769230769226
0 0.1575426136363638 0.23700000000000002 0.032443181818181864 0.042538461538461546
0 0.11973721590909103 0.29689423076923077 0.07842329545454535 0.02625000000000001
0 0.17303977272727267 0.26752884615384614 0.03386363636363641 0.03444230769230769
0 0.19389914772727268 0.20370192307692309 0.016775568181818103 0.02359615384615384
0 0.4859161931818181 0.11855769230769231 0.023792613636363636 0.040615384615384595
0 0.19201704545454557 0.1729519230769231 0.025000000000000033 0.02005769230769232
0 0.9295667613636364 0.007480769230769231 0.016178977272727272 0.014961538461538462
0 0.21177556818181809 0.18171153846153848 0.018920454545454615 0.016538461538461554
0 0.1689772727272728 0.12645192307692307 0.02781250000000006 0.04125000000000001
0 0.05203124999999997 0.49772115384615384 0.019517045454545467 0.011480769230769228
0 0.06394886363636365 0.5024807692307692 0.015454545454545448 0.01803846153846153
0 0.04737926136363635 0.48046153846153844 0.041661931818181716 0.023269230769230757
0 0.4850639204545455 0.05308653846153847 0.023508522727272742 0.03909615384615385
0 0.1184517045454545 0.5081634615384616 0.01278409090909091 0.015326923076923129
0 0.04426846590909084 0.8858846153846154 0.013678977272727266 0.03461538461538462
0 0.08501420454545461 0.4677403846153846 0.01707386363636361 0.021865384615384623
0 0.07336647727272727 0.472375 0.017386363636363648 0.029442307692307698
0 0.9339914772727272 0.4235769230769231 0.057329545454545466 0.09265384615384617
0 0.8815482954545455 0.41125 0.02005681818181819 0.06384615384615383
0 0.06631392045454543 0.4528653846153846 0.02438920454545449 0.04273076923076923
0 0.46578125000000004 0.06507692307692307 0.020426136363636358 0.03253846153846154
0 0.12779829545454546 0.4366730769230769 0.02707386363636356 0.036653846153846155
0 0.10945312500000004 0.4652596153846154 0.021974431818181695 0.037403846153846135
0 0.5959090909090909 0.0165 0.024914772727272758 0.033
0 0.10317471590909089 0.4957980769230769 0.017684659090909157 0.021711538461538445
0 0.6041690340909092 0.025721153846153845 0.11822443181818176 0.05144230769230769
0 0.2161292613636363 0.6489807692307693 0.03825284090909084 0.11826923076923077
0 0.32721590909090914 0.34565384615384614 0.02659090909090913 0.07511538461538463
0 0.3397159090909091 0.29300000000000004 0.06403409090909089 0.07550000000000004
0 0.9046448863636364 0.4536730769230769 0.022613636363636367 0.029961538461538432
0 0.3659232954545455 0.21034615384615385 0.03198863636363634 0.061500000000000006
0 0.2393323863636364 0.18048076923076922 0.06730113636363644 0.028730769230769226
0 0.5771661931818182 0.012673076923076922 0.01674715909090912 0.025346153846153845
0 0.2961079545454546 0.19241346153846156 0.06039772727272725 0.04386538461538459
0 0.10411931818181808 0.5888461538461538 0.025198863636363648 0.042038461538461566
0 0.49191761363636366 0.14692307692307693 0.02718749999999998 0.04261538461538464
0 0.22618607954545455 0.19645192307692308 0.02867897727272735 0.026942307692307675
0 0.233515625 0.21466346153846153 0.029815340909090923 0.023788461538461547
0 0.6351207386363636 0.7501538461538462 0.04771306818181819 0.03434615384615387
0 0.4741761363636363 0.09475961538461539 0.0257954545454545 0.04251923076923077
0 0.9267613636363636 0.47325 0.04181818181818182 0.09361538461538463
0 0.6776988636363637 0.7391442307692309 0.04056818181818182 0.041980769230769203
0 0.38364346590909093 0.8628557692307692 0.05882102272727276 0.022173076923076872
0 0.5629332386363637 0.3554038461538462 0.03404829545454549 0.032230769230769216
0 0.6076704545454545 0.2533076923076923 0.015511363636363658 0.06623076923076923
0 0.541328125 0.12073076923076924 0.0587926136363637 0.06465384615384616
0 0.20998579545454554 0.21991346153846156 0.02235795454545456 0.053865384615384655
0 0.7876065340909091 0.8945192307692307 0.017201704545454565 0.026692307692307682
0 0.5278977272727272 0.10044230769230769 0.027414772727272742 0.051653846153846154
0 0.5440624999999999 0.200375 0.03897727272727272 0.05048076923076923
0 0.35979403409090904 0.25272115384615385 0.01910511363636362 0.025480769230769203
0 0.934893465909091 0.5236057692307692 0.01444602272727273 0.03028846153846154
0 0.8068963068181818 0.761451923076923 0.03305397727272729 0.10817307692307693
0 0.5387428977272727 0.8459326923076923 0.022230113636363683 0.0359807692307693
0 0.3787357954545455 0.24192307692307694 0.01877840909090913 0.038615384615384614
0 0.12363636363636354 0.09775961538461539 0.013153409090909078 0.027019230769230764
0 0.40127840909090906 0.22882692307692307 0.03676136363636363 0.047423076923076915
0 0.12814630681818184 0.5926826923076923 0.029161931818181778 0.0705192307692307
0 0.6159801136363636 0.2952211538461538 0.042414772727272704 0.035942307692307746
0 0.2925639204545455 0.03517307692307692 0.04282670454545459 0.022500000000000003
0 0.10416903409090916 0.623826923076923 0.01686079545454546 0.012999999999999982
0 0.568359375 0.34727884615384613 0.03924715909090908 0.021711538461538445
0 0.8799147727272727 0.4458942307692308 0.0330965909090909 0.1000576923076923
0 0.42735795454545455 0.3358653846153846 0.03178977272727272 0.016192307692307725
0 0.4560937500000001 0.32783653846153843 0.028267045454545503 0.023326923076923068
0 0.09262784090909093 0.6149326923076923 0.014261363636363584 0.01498076923076927
0 0.29068892045454553 0.35727884615384614 0.038224431818181775 0.05617307692307688
0 0.19485085227272725 0.3843076923076923 0.022627840909090837 0.025807692307692337
0 0.25515625 0.44667307692307695 0.06321022727272728 0.08138461538461537
0 0.12435369318181833 0.47465384615384615 0.032400568181818266 0.02750000000000002
0 0.08446732954545444 0.49929807692307693 0.025838068181818098 0.018480769230769203
0 0.08356534090909085 0.48606730769230766 0.030738636363636343 0.023480769230769246
0 0.027876420454545414 0.518875 0.05575284090909091 0.07844230769230767
0 0.850078125 0.44275000000000003 0.014985795454545451 0.024730769230769202
0 0.05526278409090901 0.5295096153846154 0.0160085227272727 0.040749999999999995
0 0.15222301136363636 0.4083653846153847 0.0175994318181818 0.028807692307692288
0 0.39922585227272733 0.1498846153846154 0.03427556818181818 0.0991153846153846
0 0.10198863636363631 0.4615192307692308 0.016249999999999917 0.03042307692307691
0 0.34530539772727276 0.7077307692307692 0.035497159090909024 0.04530769230769231
0 0.44738636363636364 0.2316153846153846 0.04991477272727271 0.024769230769230762
0 0.4463849431818182 0.18874038461538462 0.018025568181818177 0.041826923076923074
0 0.4436860795454546 0.2185 0.022059659090909133 0.01692307692307692
0 0.24398437500000003 0.14314423076923077 0.03541193181818191 0.06682692307692308
0 0.336328125 0.6983365384615384 0.01836647727272728 0.03313461538461542
0 0.8528764204545455 0.4589230769230769 0.015468750000000002 0.014384615384615365
0 0.3105042613636364 0.7701923076923077 0.04095170454545452 0.049961538461538495
0 0.22900568181818182 0.09985576923076922 0.020568181818181843 0.047596153846153844
0 0.3115553977272727 0.6823750000000001 0.05169034090909089 0.0520961538461538
0 0.2976207386363636 0.8579615384615384 0.022002840909090923 0.04334615384615389
0 0.4507883522727273 0.9660673076923078 0.01748579545454546 0.025326923076923108
0 0.30446732954545463 0.7361730769230769 0.04305397727272728 0.07480769230769227
0 0.4351207386363637 0.8332403846153845 0.015014204545454535 0.06194230769230765
0 0.44236505681818183 0.809375 0.027514204545454553 0.05436538461538458
0 0.13295454545454544 0.44191346153846156 0.029375000000000092 0.025903846153846152
0 0.5615482954545454 0.6997692307692308 0.04133522727272731 0.02488461538461538
0 0.8601988636363637 0.4736538461538462 0.029232954545454545 0.03284615384615387
0 0.14649857954545453 0.4560961538461539 0.013707386363636493 0.017576923076923105
0 0.21431818181818185 0.46598076923076925 0.02369318181818191 0.03003846153846155
0 0.5891761363636363 0.2729423076923077 0.038295454545454514 0.07134615384615384
0 0.46892755681818177 0.6704423076923077 0.025326704545454604 0.02819230769230763
0 0.4578693181818182 0.6990480769230769 0.05903409090909091 0.032249999999999966
0 0.14142755681818187 0.477625 0.011093750000000084 0.0184423076923077
0 0.4895667613636363 0.7208461538461539 0.024474431818181763 0.0667692307692307
0 0.5189204545454547 0.7099423076923076 0.04428977272727274 0.04676923076923076
0 0.23404829545454542 0.046115384615384614 0.031335227272727195 0.025730769230769234
0 0.5212642045454545 0.7326442307692308 0.07380681818181815 0.060403846153846204
0 0.7540553977272728 0.146625 0.05896306818181821 0.0850576923076923
0 0.5643181818181817 0.61775 0.07497159090909095 0.11934615384615385
0 0.16267045454545448 0.48039423076923077 0.015312499999999962 0.012865384615384612
0 0.21237215909090912 0.025125 0.028267045454545583 0.038865384615384614
0 0.5318678977272727 0.647875 0.03526988636363642 0.05728846153846158
0 0.15980823863636362 0.4227019230769231 0.03785511363636376 0.02463461538461539
0 0.5822585227272727 0.5387884615384616 0.1021875 0.04207692307692307
0 0.34784090909090903 0.5449999999999999 0.03190340909090914 0.047769230769230724
0 0.4125568181818182 0.4418557692307692 0.03985795454545455 0.06028846153846153
0 0.4085511363636364 0.41963461538461533 0.02482954545454548 0.0395769230769231
0 0.47181107954545454 0.3259903846153846 0.01842329545454541 0.04236538461538462
0 0.6776846590909091 0.19684615384615384 0.02659090909090909 0.07123076923076921
0 0.4171519886363636 0.580875 0.03401988636363635 0.04882692307692305
0 0.4800213068181818 0.30132692307692305 0.02151988636363633 0.018999999999999993
0 0.48105823863636354 0.3550384615384615 0.04549715909090913 0.03350000000000003
0 0.4285298295454546 0.3607596153846154 0.08541193181818181 0.08198076923076922
0 0.39336647727272733 0.36644230769230773 0.056818181818181816 0.060038461538461534
0 0.39431107954545463 0.39392307692307693 0.05973011363636365 0.03880769230769232
0 0.1814701704545455 0.4348653846153846 0.016406249999999935 0.059230769230769253
0 0.17186789772727273 0.3826057692307692 0.025696022727272613 0.05678846153846154
0 0.27503551136363635 0.24186538461538462 0.01845170454545456 0.034076923076923074
0 0.2698934659090909 0.21868269230769233 0.018480113636363624 0.017865384615384627
0 0.95765625 0.30299038461538463 0.059375 0.09236538461538461
0 0.8902201704545455 0.1033846153846154 0.04705965909090908 0.09557692307692309
0 0.22411221590909103 0.02133653846153846 0.020099431818181787 0.025403846153846152
0 0.28813210227272734 0.23516346153846154 0.01600852272727278 0.023326923076923068
0 0.30540482954545456 0.22827884615384614 0.022059659090909053 0.022403846153846163
0 0.3315838068181818 0.22957692307692307 0.022627840909090837 0.02403846153846154
0 0.2730965909090909 0.2527403846153846 0.02349431818181813 0.026749999999999993
0 0.412578125 0.1829903846153846 0.03194602272727274 0.05140384615384613
0 0.5290411931818182 0.1436923076923077 0.022940340909090876 0.024692307692307697
0 0.377528409090909 0.14273076923076922 0.03250000000000008 0.03042307692307691
0 0.5507883522727273 0.16914423076923077 0.02390625000000006 0.03886538461538463
0 0.3872798295454545 0.6248846153846154 0.02504261363636363 0.04453846153846148
0 0.9115269886363636 0.10546153846153847 0.04916193181818183 0.03923076923076924
0 0.7643821022727273 0.1806057692307692 0.09160511363636364 0.08101923076923079
0 0.685106534090909 0.22666346153846154 0.035781249999999994 0.034788461538461546
0 0.642578125 0.25972115384615385 0.03137784090909091 0.035749999999999976
0 0.6381321022727273 0.672 0.04032670454545453 0.060230769230769324
0 0.5542826704545455 0.29949038461538463 0.052826704545454545 0.05278846153846157
0 0.6018821022727273 0.6827211538461538 0.04555397727272726 0.039557692307692294
0 0.7933451704545454 0.1960480769230769 0.039161931818181846 0.039634615384615386
0 0.7093039772727272 0.13227884615384614 0.031534090909090894 0.055826923076923066
0 0.7273011363636364 0.11908653846153845 0.03409090909090909 0.041826923076923074
0 0.6015767045454545 0.210625 0.035823863636363674 0.06701923076923079
0 0.7077130681818182 0.19723076923076924 0.03366477272727275 0.03826923076923078
0 0.585518465909091 0.1869903846153846 0.017144886363636355 0.06540384615384613
0 0.6491264204545455 0.2215673076923077 0.03529829545454544 0.04321153846153846
0 0.6293039772727274 0.20452884615384617 0.029971590909090903 0.07398076923076922
0 0.8184161931818181 0.1451923076923077 0.029928977272727284 0.09346153846153846
0 0.686484375 0.3458173076923077 0.02467329545454546 0.04155769230769228
0 0.6838565340909091 0.31508653846153845 0.03555397727272727 0.03513461538461535
0 0.8380539772727272 0.28652884615384616 0.04931818181818182 0.03624999999999999
0 0.86546875 0.5348365384615384 0.026562500000000003 0.0348269230769231
0 0.7030397727272728 0.25838461538461543 0.045625000000000006 0.03353846153846156
0 0.6977130681818182 0.2921923076923077 0.02718749999999998 0.031923076923076964
0 0.7181676136363637 0.1993653846153846 0.020852272727272737 0.02453846153846152
0 0.8224857954545455 0.3440769230769231 0.014602272727272748 0.027346153846153843
0 0.12558948863636354 0.49178846153846156 0.02521306818181818 0.018538461538461566
0 0.8158167613636363 0.3148557692307693 0.022286931818181813 0.03117307692307694
0 0.7866548295454545 0.28829807692307696 0.03532670454545455 0.019673076923076904
0 0.8293963068181818 0.2686634615384615 0.030213068181818195 0.027134615384615358
0 0.8707315340909091 0.33456730769230775 0.010127840909090902 0.05294230769230769
0 0.8080184659090909 0.26561538461538464 0.018906250000000003 0.0238076923076923
0 0.41677556818181816 0.23064423076923077 0.015710227272727275 0.03255769230769232
0 0.9437642045454545 0.5798269230769231 0.014687499999999994 0.07511538461538463
0 0.18472301136363645 0.14139423076923077 0.0327982954545455 0.05601923076923077
0 0.9855042613636363 0.09260576923076923 0.028991477272727273 0.08771153846153845
0 0.1770667613636363 0.09836538461538463 0.01916193181818183 0.03634615384615384
0 0.21539062499999995 0.04884615384615385 0.026832386363636343 0.03342307692307693
0 0.16231534090909083 0.06751923076923076 0.02332386363636374 0.015307692307692316
0 0.16744318181818185 0.08872115384615384 0.01556818181818187 0.021519230769230766
0 0.010980113636363642 0.42050000000000004 0.021960227272727326 0.01988461538461539
0 0.1477485795454545 0.11925000000000001 0.04223011363636366 0.057153846153846166
0 0.7882741477272728 0.7063942307692308 0.01964488636363638 0.04209615384615382
0 0.05936079545454542 0.3033076923076923 0.04136363636363637 0.06653846153846159
0 0.0408664772727273 0.2845384615384615 0.021903409090909196 0.026999999999999986
0 0.0212926136363637 0.3195192307692308 0.0320170454545454 0.08669230769230767
0 0.5674928977272726 0.23177884615384617 0.019076704545454556 0.08278846153846156
0 0.47927556818181816 0.42918269230769235 0.06349431818181817 0.038134615384615406
0 0.011242897727272716 0.26829807692307694 0.02248579545454551 0.07428846153846155
0 0.44148437500000004 0.4185384615384615 0.044161931818181864 0.04534615384615387
0 0.26954545454545453 0.029240384615384613 0.028664772727272816 0.020596153846153844
0 0.16403409090909093 0.2180096153846154 0.011818181818181728 0.041788461538461545
0 0.24622869318181817 0.03599038461538462 0.031974431818181805 0.03975
0 0.9323224431818182 0.5591442307692308 0.017826704545454552 0.04040384615384614
0 0.16446022727272724 0.18896153846153846 0.028238636363636358 0.05523076923076923
0 0.26542613636363643 0.042076923076923074 0.02894886363636371 0.027653846153846154
0 0.4074715909090909 0.014865384615384615 0.01835227272727275 0.02973076923076923
0 0.5682883522727273 0.16197115384615385 0.022400568181818157 0.06459615384615383
0 0.5483380681818182 0.09650961538461537 0.017073863636363693 0.05917307692307692
0 0.5661079545454546 0.07676923076923077 0.017954545454545435 0.035807692307692304
0 0.39777698863636357 0.40575 0.024843749999999932 0.023000000000000017
0 0.6134303977272728 0.3206057692307692 0.019076704545454556 0.021634615384615384
0 0.5290553977272727 0.07875 0.019190340909090896 0.028307692307692305
0 0.92515625 0.5429903846153846 0.013352272727272725 0.02690384615384617
0 0.3078835227272727 0.06376923076923076 0.05852272727272734 0.05326923076923077
0 0.9180681818181818 0.5273173076923078 0.016022727272727275 0.029980769230769182
0 0.6011860795454546 0.32919230769230773 0.018338068181818216 0.02523076923076924
0 0.5483664772727272 0.060259615384615384 0.02446022727272731 0.030826923076923078
0 0.5490553977272727 0.023442307692307693 0.017997159090909112 0.046884615384615386
0 0.7628977272727273 0.35075961538461536 0.03880681818181821 0.0553269230769231
0 0.4566619318181818 0.940173076923077 0.015909090909090894 0.023884615384615414
0 0.429296875 0.9733173076923077 0.014815340909090919 0.022019230769230857
0 0.9077911931818182 0.5054134615384616 0.021690340909090902 0.03748076923076925
0 0.5915340909090909 0.35359615384615384 0.04414772727272733 0.04138461538461535
0 0.7883664772727272 0.3809134615384615 0.04116477272727271 0.06255769230769231
0 0.3951704545454545 0.8422307692307693 0.058977272727272705 0.0416923076923077
0 0.7583948863636364 0.8119711538461539 0.018749999999999985 0.046673076923077
0 0.20028409090909094 0.8349711538461538 0.019715909090909246 0.05336538461538461
0 0.5740056818181818 0.3237019230769231 0.0532954545454546 0.03013461538461536
0 0.5285866477272727 0.01735576923076923 0.015752840909090956 0.03471153846153846
0 0.21736505681818175 0.8382307692307692 0.028338068181818245 0.05103846153846147
0 0.2372301136363636 0.7742692307692308 0.04778409090909089 0.08830769230769223
0 0.20669744318181815 0.8319134615384616 0.02311079545454543 0.04844230769230769
0 0.5617116477272728 0.3832211538461538 0.01643465909090908 0.021826923076923067
0 0.3017045454545454 0.5053846153846154 0.021164772727272775 0.030846153846153832
0 0.5445880681818182 0.3672692307692308 0.01840909090909088 0.023038461538461518
0 0.3931107954545454 0.4793846153846154 0.037982954545454556 0.0708076923076923
0 0.32622869318181813 0.4510673076923077 0.1089914772727273 0.020134615384615383
0 0.3236789772727273 0.5280096153846153 0.036988636363636314 0.03455769230769236
0 0.7740553977272727 0.700826923076923 0.025980113636363666 0.04965384615384614
0 0.5368252840909091 0.026480769230769235 0.01583806818181815 0.03884615384615385
0 0.27194602272727264 0.4902596153846154 0.026676136363636405 0.05828846153846149
0 0.2562073863636364 0.9395384615384614 0.022670454545454598 0.020076923076923072
0 0.368153409090909 0.9122403846153846 0.01519886363636362 0.01613461538461536
0 0.3057244318181819 0.9042500000000001 0.0165909090909091 0.021346153846153782
0 0.30164772727272726 0.9176826923076923 0.012045454545454571 0.016288461538461592
0 0.2871732954545454 0.9245096153846154 0.018210227272727263 0.023788461538461547
0 0.28931107954545454 0.8489615384615385 0.018650568181818174 0.02784615384615377
0 0.2832244318181818 0.5171826923076923 0.02369318181818191 0.07121153846153847
0 0.25275568181818187 0.5823942307692308 0.04042613636363634 0.0746730769230769
0 0.3436221590909091 0.9054423076923078 0.022670454545454518 0.032153846153846095
0 0.982734375 0.4918846153846153 0.03453125 0.05884615384615383
0 0.4982599431818181 0.024836538461538462 0.018821022727272728 0.024403846153846158
0 0.35056818181818183 0.8938269230769231 0.019659090909090956 0.043000000000000024
0 0.32450994318181814 0.898826923076923 0.02720170454545451 0.03530769230769233
0 0.43249289772727273 0.8847403846153846 0.02938920454545454 0.04559615384615392
0 0.24263494318181822 0.49828846153846157 0.033025568181818184 0.05653846153846155
0 0.2295454545454546 0.22358653846153848 0.024204545454545402 0.03744230769230769
0 0.3068749999999999 0.8079423076923077 0.05338068181818179 0.04800000000000007
0 0.2251917613636365 0.5188557692307693 0.03294034090909082 0.047903846153846096
0 0.7370383522727273 0.8356153846153845 0.027855113636363657 0.05138461538461533
0 0.2297798295454545 0.3012692307692308 0.021235795454545518 0.04569230769230768
0 0.17858664772727273 0.5631538461538462 0.08876420454545456 0.11403846153846156
0 0.5192400568181819 0.06129807692307692 0.017741477272727287 0.025903846153846152
0 0.27458806818181813 0.8026346153846154 0.04062500000000003 0.05919230769230764
0 0.46890624999999997 0.7623173076923077 0.015909090909090894 0.044750000000000074
0 0.44463068181818177 0.9900192307692309 0.020681818181818187 0.019807692307692328
0 0.44901988636363643 0.7685288461538461 0.02937500000000001 0.027326923076923148
0 0.43474431818181813 0.7297692307692308 0.035994318181818225 0.053576923076923105
0 0.4554403409090909 0.7290384615384616 0.029147727272727245 0.04530769230769231
0 0.24380681818181815 0.3448076923076923 0.025852272727272793 0.04796153846153846
0 0.45377840909090916 0.7785480769230769 0.016306818181818127 0.02498076923076914
0 0.2544389204545454 0.33328846153846153 0.024446022727272778 0.06619230769230772
0 0.19084517045454552 0.44279807692307693 0.023394886363636402 0.06367307692307694
0 0.5197159090909091 0.027125 0.022244318181818136 0.048019230769230765
0 0.4218536931818182 0.8222788461538463 0.011747159090909065 0.07390384615384617
0 0.4011150568181818 0.8820576923076923 0.03731534090909088 0.024153846153846158
0 0.37039772727272724 0.8875865384615385 0.026335227272727222 0.03344230769230767
0 0.33182528409090917 0.8198942307692308 0.023622159090909086 0.03490384615384622
0 0.3173934659090909 0.9270192307692308 0.0218892045454545 0.028846153846153848
0 0.3010156249999999 0.941471153846154 0.02268465909090905 0.03401923076923077
0 0.28995028409090906 0.40133653846153844 0.07197443181818185 0.08159615384615386
0 0.32908380681818183 0.9738653846153845 0.04674715909090905 0.04980769230769237
0 0.28715909090909086 0.9486153846153845 0.03494318181818177 0.023846153846153913
0 0.5153480113636364 0.7601346153846154 0.013622159090909136 0.04380769230769237
0 0.4993110795454545 0.05613461538461539 0.018877840909090938 0.03480769230769231
0 0.570078125 0.6777884615384615 0.03268465909090908 0.031461538461538485
0 0.225184659090909 0.40577884615384613 0.02664772727272726 0.07994230769230767
0 0.2874786931818182 0.9744807692307693 0.07356534090909085 0.05103846153846158
0 0.2519460227272726 0.8871442307692308 0.025397727272727266 0.02951923076923081
0 0.18394886363636365 0.8776346153846154 0.09096590909090904 0.054692307692307686
0 0.25252130681818197 0.8218942307692307 0.0292755681818182 0.03294230769230768
0 0.37526278409090896 0.7769134615384615 0.030269886363636367 0.05001923076923075
0 0.3944389204545454 0.7358269230769231 0.033622159090909036 0.04515384615384619
0 0.37073863636363635 0.7232500000000001 0.08252840909090912 0.0732692307692307
0 0.3903906250000001 0.7642115384615384 0.03955965909090904 0.07334615384615382
0 0.5025213068181817 0.0855 0.021292613636363648 0.028269230769230776
0 0.4158025568181819 0.7614615384615384 0.014644886363636367 0.08676923076923078
0 0.4286576704545454 0.770576923076923 0.016605113636363633 0.03534615384615384
0 0.20861505681818182 0.2349423076923077 0.047684659090909 0.058461538461538474
0 0.49723721590909087 0.6753846153846154 0.03166193181818177 0.020653846153846172
0 0.8091264204545454 0.875375 0.036321022727272716 0.040826923076923115
0 0.8228338068181819 0.8747115384615385 0.0261505681818182 0.018076923076923143
0 0.5522798295454545 0.9828365384615384 0.07572443181818182 0.03432692307692312
0 0.6248863636363637 0.9593461538461538 0.03721590909090911 0.03611538461538456
0 0.7323579545454546 0.9232884615384616 0.028380681818181805 0.02642307692307694
0 0.7134161931818181 0.9458076923076923 0.05086647727272728 0.04230769230769231
0 0.5037642045454545 0.12671153846153846 0.01343749999999997 0.05707692307692309
0 0.6673011363636363 0.6787788461538461 0.024090909090909062 0.030519230769230778
0 0.110234375 0.3060865384615385 0.04092329545454538 0.020711538461538483
0 0.8675071022727272 0.9764999999999999 0.06714488636363636 0.04699999999999999
0 0.6675994318181818 0.7698653846153847 0.02875000000000001 0.039576923076923044
0 0.619012784090909 0.7209038461538462 0.05651988636363639 0.022461538461538474
0 0.5787286931818181 0.7325865384615384 0.03825284090909092 0.02017307692307694
0 0.5957883522727272 0.7543942307692307 0.032031249999999935 0.026711538461538543
0 0.5501704545454545 0.8177403846153847 0.01423295454545452 0.0449423076923077
0 0.08670454545454542 0.3548076923076923 0.03457386363636368 0.044307692307692347
0 0.2149289772727272 0.2675961538461539 0.01144886363636372 0.05053846153846151
0 0.524609375 0.1692596153846154 0.026519886363636388 0.02555769230769229
0 0.8707173295454546 0.779298076923077 0.017997159090909074 0.06240384615384613
0 0.5691974431818183 0.8802115384615384 0.03478693181818175 0.027423076923076904
0 0.6390340909090909 0.8873749999999999 0.061022727272727326 0.021519230769230766
0 0.7897940340909091 0.9550192307692308 0.03225852272727274 0.0392692307692308
0 0.8533096590909091 0.7973173076923077 0.023238636363636364 0.05882692307692303
0 0.9875142045454546 0.4786153846153846 0.024971590909090905 0.06365384615384614
0 0.1268039772727273 0.34388461538461534 0.051164772727272705 0.03369230769230771
0 0.8047514204545455 0.9362692307692307 0.05214488636363637 0.05253846153846153
0 0.8617045454545454 0.9557211538461539 0.0759375 0.08855769230769232
0 0.04392755681818172 0.3523846153846154 0.041264204545454646 0.09830769230769232
0 0.5220809659090908 0.25698076923076923 0.030639204545454535 0.05973076923076923
0 0.9722088068181818 0.4283076923076923 0.016065340909090908 0.0685384615384615
0 0.024417613636363744 0.4536923076923077 0.0483806818181819 0.05780769230769231
0 0.9428338068181819 0.8698076923076922 0.031690340909090904 0.05492307692307693
0 0.9050497159090909 0.5345384615384615 0.031008522727272735 0.0685384615384615
0 0.35891335227272725 0.6539903846153847 0.03637784090909093 0.06140384615384617
0 0.42264204545454553 0.6980865384615385 0.03940340909090911 0.04717307692307687
0 0.4796306818181818 0.5927788461538461 0.02809659090909095 0.057403846153846194
0 0.9831107954545455 0.6473461538461539 0.033778409090909095 0.10550000000000002
0 0.46841619318181815 0.5964999999999999 0.02546875000000001 0.03834615384615384
0 0.012208806818181817 0.3735192307692308 0.024417613636363713 0.07461538461538458
0 0.5465767045454545 0.25059615384615386 0.02312500000000004 0.06684615384615383
0 0.05590198863636364 0.4154519230769231 0.07700284090909096 0.08559615384615382
0 0.4663423295454545 0.6471923076923077 0.04183238636363635 0.019499999999999972
0 0.4746803977272728 0.6330673076923077 0.09850852272727276 0.032134615384615456
0 0.4372230113636363 0.6578173076923077 0.024957386363636355 0.01840384615384625
0 0.23014204545454542 0.28521153846153846 0.03093749999999996 0.04569230769230768
0 0.3988068181818182 0.6797307692307692 0.06607954545454543 0.05153846153846156
0 0.4152840909090909 0.15132692307692308 0.02767045454545457 0.026923076923076925
0 0.5989417613636363 0.6993173076923077 0.03313920454545452 0.023288461538461563
0 0.022805397727272858 0.5640384615384616 0.04561079545454547 0.06026923076923083
0 0.7548011363636363 0.7471826923076923 0.020028409090909083 0.025634615384615353
0 0.4994602272727273 0.25332692307692306 0.021477272727272734 0.06223076923076923
0 0.6521022727272727 0.6726442307692307 0.038295454545454514 0.04390384615384613
0 0.6696235795454546 0.7039423076923076 0.0676278409090909 0.037423076923076885
0 0.3826207386363637 0.6024134615384615 0.03282670454545456 0.032249999999999966
0 0.41392045454545456 0.5617403846153847 0.028551136363636317 0.059826923076923104
0 0.4448366477272727 0.6009807692307693 0.031661931818181846 0.04873076923076929
0 0.758465909090909 0.7614615384615385 0.02434659090909093 0.029730769230769193
0 0.42534090909090905 0.6077499999999999 0.02000000000000006 0.046038461538461535
0 0.4056676136363637 0.6291923076923077 0.04068181818181824 0.04469230769230771
0 0.4112144886363637 0.6499423076923078 0.035610795454545444 0.03753846153846161
0 0.38452414772727284 0.6726826923076923 0.029048295454545438 0.041826923076923074
0 0.9599715909090909 0.4861442307692308 0.01982954545454545 0.04517307692307694
0 0.4714772727272727 0.2808173076923077 0.06565340909090905 0.05790384615384618
0 0.4962855113636363 0.5546249999999999 0.14401988636363636 0.06828846153846163
0 0.47287642045454537 0.5105673076923077 0.06541193181818183 0.033211538461538424
0 0.5162073863636364 0.34544230769230766 0.023607954545454553 0.047807692307692336
0 0.68578125 0.37766346153846153 0.028920454545454524 0.029942307692307678
0 0.706122159090909 0.3663653846153846 0.01957386363636364 0.026500000000000003
0 0.18994318181818182 0.5005961538461539 0.03366477272727279 0.032346153846153886
0 0.19541193181818173 0.4788653846153846 0.050113636363636485 0.02888461538461535
0 0.44918323863636367 0.09551923076923077 0.025383522727272734 0.029423076923076916
0 0.2787855113636364 0.14584615384615385 0.038224431818181935 0.058884615384615396
0 0.18188920454545443 0.5524423076923076 0.03193181818181821 0.06842307692307689
0 0.47075284090909086 0.254 0.036448863636363675 0.032
0 0.3430397727272727 0.5743846153846153 0.02985795454545452 0.06115384615384618
0 0.31835227272727273 0.6322211538461538 0.05053977272727279 0.0806346153846154
0 0.33578125000000003 0.6475384615384616 0.04713068181818183 0.03173076923076923
0 0.062357954545454675 0.60725 0.016562499999999956 0.03173076923076923
0 0.7038920454545454 0.3380576923076923 0.011903409090909084 0.04903846153846154
0 0.6878977272727274 0.596548076923077 0.026875000000000024 0.05851923076923078
0 0.7141619318181818 0.3128076923076923 0.01678977272727272 0.05200000000000004
0 0.6889630681818182 0.565451923076923 0.021278409090909115 0.05655769230769236
0 0.7340980113636364 0.30749999999999994 0.01836647727272728 0.03457692307692306
0 0.07298295454545456 0.5712788461538462 0.04406249999999998 0.04528846153846145
0 0.6388139204545455 0.3416442307692308 0.06887784090909088 0.03417307692307689
0 0.3003338068181818 0.12177884615384615 0.04007102272727278 0.08882692307692308
0 0.7348650568181818 0.3351153846153846 0.010667613636363623 0.03100000000000001
0 0.05178977272727281 0.666673076923077 0.03434659090909084 0.01438461538461542
0 0.7409019886363637 0.2796923076923077 0.017514204545454524 0.028538461538461544
0 0.0275355113636363 0.5985288461538462 0.055071022727272705 0.02548076923076923
0 0.7225355113636365 0.2835192307692308 0.024105113636363636 0.04749999999999998
0 0.8340127840909091 0.245125 0.048565340909090884 0.0211346153846154
0 0.8953551136363637 0.3258557692307692 0.038125000000000006 0.014557692307692294
0 0.8894176136363636 0.37354807692307695 0.032244318181818186 0.049365384615384644
0 0.9359730113636364 0.267826923076923 0.058480113636363636 0.10607692307692307
0 0.6068110795454545 0.38189423076923074 0.06487215909090907 0.03732692307692307
0 0.7016264204545455 0.5073076923076922 0.028394886363636376 0.04511538461538458
0 0.038821022727272614 0.866375 0.02724431818181811 0.10571153846153851
0 0.973075284090909 0.2432403846153846 0.05191761363636363 0.08313461538461536
0 0.3130823863636364 0.051875000000000004 0.048295454545454544 0.026288461538461542
0 0.7853053977272728 0.4262980769230769 0.012457386363636379 0.03917307692307693
0 0.3970667613636363 0.09464423076923077 0.024417613636363633 0.019173076923076935
0 0.7723508522727273 0.44826923076923075 0.026150568181818178 0.05803846153846155
0 0.7505397727272727 0.44925000000000004 0.04028409090909093 0.09065384615384618
0 0.8485866477272728 0.34190384615384617 0.03288352272727273 0.07542307692307693
0 0.6649005681818182 0.538625 0.04042613636363634 0.04801923076923071
0 0.5828338068181818 0.39205769230769233 0.036889204545454586 0.06769230769230768
0 0.6574147727272728 0.5477884615384616 0.04056818181818182 0.032807692307692315
0 0.669140625 0.6171923076923077 0.041321022727272734 0.06407692307692317
0 0.7904048295454545 0.5203846153846154 0.02473011363636363 0.03973076923076928
0 0.7573153409090909 0.5261826923076923 0.057954545454545474 0.07548076923076923
0 0.7458167613636364 0.5724423076923078 0.046150568181818195 0.05553846153846153
0 0.8587997159090909 0.7216923076923076 0.014332386363636368 0.08830769230769234
0 0.8809232954545454 0.7110288461538462 0.03164772727272727 0.055326923076923044
0 0.8358167613636364 0.7180096153846154 0.020923295454545462 0.09821153846153845
0 0.016811079545454577 0.8940192307692307 0.03333806818181822 0.04246153846153843
0 0.8469389204545454 0.7186442307692308 0.020724431818181822 0.10459615384615382
0 0.5895809659090909 0.4481153846153846 0.08393465909090914 0.05400000000000003
0 0.6786931818181818 0.5258269230769231 0.03599431818181819 0.029769230769230805
0 0.9649289772727273 0.5770961538461539 0.029346590909090916 0.04130769230769223
0 0.9496519886363637 0.526375 0.016093749999999997 0.06405769230769232
0 0.18968039772727285 0.007634615384615385 0.021036931818181902 0.01526923076923077
0 0.9788210227272727 0.5540961538461538 0.03474431818181818 0.09357692307692302
0 0.48518465909090913 0.17141346153846151 0.029772727272727326 0.01955769230769231
0 0.419296875 0.19391346153846156 0.017911931818181837 0.027173076923076942
0 0.3802627840909092 0.0806826923076923 0.02867897727272727 0.017749999999999995
0 0.3635795454545455 0.09848076923076922 0.026193181818181813 0.015307692307692309
0 0.37825284090909084 0.11408653846153846 0.02767045454545449 0.024826923076923083
0 0.6350994318181818 0.5331153846153847 0.018920454545454577 0.11046153846153846
0 0.42384232954545453 0.11930769230769232 0.02941761363636369 0.03426923076923077
0 0.376484375 0.09913461538461538 0.017002840909090867 0.022115384615384617
0 0.41499289772727266 0.08867307692307692 0.043792613636363616 0.023653846153846147
0 0.3540767045454545 0.02382692307692308 0.04372159090909095 0.022192307692307692
0 0.40950284090909084 0.05992307692307693 0.03670454545454542 0.03215384615384616
0 0.37502840909090907 0.008644230769230769 0.058664772727272746 0.017288461538461537
0 0.2590767045454545 0.09397115384615384 0.042642045454545426 0.05186538461538461
0 0.4946306818181818 0.98425 0.04093749999999999 0.03149999999999999
0 0.2865767045454546 0.0945 0.03877840909090902 0.04769230769230769
0 0.28193181818181823 0.06856730769230769 0.047954545454545444 0.030019230769230767
0 0.6931605113636363 0.4743846153846154 0.017798295454545456 0.021269230769230773
0 0.20588068181818187 0.10222115384615385 0.028267045454545423 0.06921153846153848
0 0.20010653409090906 0.08427884615384616 0.021065340909090804 0.024096153846153847
0 0.24706676136363626 0.014730769230769231 0.03853693181818181 0.029461538461538463
0 0.8142897727272727 0.705076923076923 0.02883522727272725 0.06876923076923075
0 0.7921732954545455 0.7326057692307693 0.03252840909090906 0.06175000000000003
0 0.11010653409090909 0.9067884615384615 0.022485795454545352 0.06823076923076915
0 0.19444602272727274 0.029951923076923074 0.016988636363636414 0.023557692307692307
0 0.1789346590909091 0.016057692307692308 0.02252840909090911 0.028153846153846154
0 0.13833096590909089 0.9103461538461538 0.05478693181818173 0.07111538461538465
0 0.16693892045454561 0.5150384615384616 0.02359375000000002 0.06426923076923069
0 0.6893607954545455 0.4935288461538461 0.019630681818181808 0.02267307692307685
0 0.48082386363636365 0.3782403846153846 0.04440340909090908 0.03194230769230772
0 0.06955965909090911 0.8512403846153845 0.036988636363636314 0.03259615384615382
0 0.4946519886363636 0.4010096153846154 0.05617897727272729 0.02725000000000003
0 0.1451562500000001 0.8204903846153846 0.06031249999999989 0.044788461538461576
0 0.512840909090909 0.2971826923076923 0.05460227272727272 0.08194230769230772
0 0.20634943181818177 0.7693557692307692 0.026505681818181772 0.0812884615384615
0 0.2041122159090908 0.9400865384615386 0.022144886363636408 0.11982692307692308
0 0.18905539772727276 0.9465961538461539 0.050866477272727195 0.09492307692307685
0 0.5090838068181818 0.33534615384615385 0.03001420454545454 0.028384615384615366
0 0.4577982954545454 0.36459615384615385 0.0326420454545454 0.05326923076923075
0 0.7113636363636364 0.542653846153846 0.029517045454545456 0.03088461538461539
0 0.8134232954545455 0.2904519230769231 0.03840909090909092 0.05636538461538462
0 0.09947443181818183 0.8611249999999999 0.027272727272727337 0.034403846153846236
0 0.1308167613636364 0.8478653846153846 0.062173295454545426 0.04338461538461539
0 0.09268465909090906 0.8326153846153846 0.029829545454545456 0.02803846153846151
0 0.15090198863636362 0.8057692307692308 0.04228693181818179 0.03473076923076913
0 0.06272727272727263 0.8957980769230769 0.028011363636363674 0.05344230769230762
0 0.2857741477272727 0.2165673076923077 0.02546874999999993 0.033557692307692316
0 0.03652698863636372 0.954625 0.03620738636363638 0.09075
0 0.49889914772727273 0.5839038461538462 0.018110795454545456 0.054115384615384586
0 0.5952982954545455 0.725923076923077 0.020852272727272737 0.01403846153846156
0 0.7717826704545454 0.03193269230769231 0.0764630681818182 0.06386538461538462
0 0.7200639204545455 0.5536346153846153 0.03535511363636366 0.11788461538461541
0 0.5412144886363637 0.5638461538461539 0.07169034090909095 0.05323076923076924
0 0.5194460227272728 0.5850480769230769 0.03275568181818182 0.06621153846153847
0 0.37436079545454537 0.5830961538461539 0.025454545454545476 0.04315384615384615
0 0.581328125 0.7155673076923077 0.029190340909090843 0.012942307692307618
0 0.06686079545454549 0.8119230769230769 0.06215909090909089 0.033115384615384665
0 0.3295170454545455 0.8495961538461538 0.03088068181818183 0.03415384615384614
0 0.10039772727272733 0.798826923076923 0.03923295454545455 0.049961538461538495
0 0.35333806818181823 0.612576923076923 0.03105113636363638 0.03838461538461534
0 0.36990767045454553 0.5437980769230769 0.026292613636363624 0.06259615384615387
0 0.3539275568181818 0.5930961538461538 0.01825284090909086 0.03553846153846146
0 0.7266406249999999 0.6679038461538461 0.029105113636363648 0.04011538461538464
0 0.23149857954545439 0.8753846153846154 0.016463068181818228 0.0380769230769231
0 0.34288352272727274 0.7367307692307693 0.06278409090909089 0.04057692307692301
0 0.3399360795454546 0.8474519230769231 0.021207386363636293 0.02674999999999994
0 0.29497869318181824 0.8302788461538462 0.05808238636363634 0.020673076923076922
0 0.3134446022727272 0.8598173076923077 0.016036931818181846 0.04063461538461537
0 0.6776562500000001 0.8890576923076923 0.04607954545454545 0.05038461538461547
0 0.09401278409090896 0.7445192307692308 0.050923295454545485 0.0667307692307692
0 0.6871235795454546 0.9331538461538462 0.03745738636363633 0.040884615384615366
0 0.16684659090909093 0.8107692307692308 0.05204545454545453 0.12069230769230767
0 0.2708593749999999 0.9296346153846153 0.017315340909090825 0.029384615384615443
0 0.5070738636363636 0.43276923076923074 0.03826704545454545 0.0363076923076923
0 0.6918181818181819 0.9087884615384615 0.03136363636363638 0.022576923076923095
0 0.1375142045454545 0.7721057692307692 0.05625000000000003 0.04474999999999996
0 0.13278409090909093 0.6972596153846154 0.01775568181818182 0.0455192307692308
0 0.13566051136363633 0.7357307692307692 0.03098011363636356 0.05026923076923074
0 0.1669176136363636 0.6980865384615385 0.06647727272727266 0.07521153846153848
0 0.17274857954545453 0.6742019230769231 0.08526988636363632 0.10048076923076923
0 0.25274147727272733 0.9247788461538461 0.02329545454545451 0.018673076923076994
0 0.2922443181818182 0.20445192307692306 0.035880681818181805 0.030019230769230767
0 0.44118607954545463 0.11783653846153848 0.01742897727272733 0.01575000000000001
0 0.48715909090909093 0.2481538461538462 0.021590909090909074 0.015192307692307703
0 0.5429616477272727 0.4143557692307692 0.02248579545454551 0.021903846153846128
0 0.47526988636363643 0.21748076923076923 0.016022727272727313 0.02592307692307693
0 0.12272017045454542 0.6383365384615385 0.021150568181818163 0.04901923076923079
0 0.3763352272727273 0.939326923076923 0.05778409090909084 0.038999999999999944
0 0.10734374999999996 0.6782788461538463 0.03039772727272724 0.06982692307692308
0 0.021605113636363638 0.6994903846153846 0.039034090909090935 0.050634615384615354
0 0.02883522727272725 0.5787211538461539 0.05767045454545458 0.04755769230769234
0 0.09098721590909098 0.7401826923076923 0.01734374999999989 0.029673076923076937
0 0.09036221590909088 0.5994711538461539 0.024105113636363674 0.017134615384615432
0 0.062180397727272685 0.5934519230769232 0.03484374999999996 0.030173076923076917
0 0.145909090909091 0.496201923076923 0.03849431818181821 0.02359615384615392
0 0.5291264204545454 0.43074038461538466 0.01938920454545451 0.11625000000000003
0 0.5339985795454545 0.7673846153846153 0.03580965909090914 0.05930769230769226
0 0.09987215909090896 0.5151057692307692 0.019147727272727136 0.026750000000000048
0 0.06556818181818191 0.536076923076923 0.030625000000000083 0.040269230769230765
0 0.277734375 0.6695480769230769 0.02745738636363634 0.16251923076923075
0 0.21257102272727268 0.5604903846153846 0.05744318181818189 0.05313461538461538
0 0.23786931818181822 0.68425 0.029232954545454604 0.09715384615384612
0 0.058735795454545325 0.680548076923077 0.03991477272727276 0.020634615384615418
0 0.4642613636363637 0.21275 0.024062499999999997 0.032999999999999995
0 0.8685724431818181 0.37291346153846155 0.011463068181818192 0.05255769230769233
0 0.21758522727272722 0.5779807692307691 0.03161931818181817 0.028230769230769243
0 0.5286576704545454 0.36495192307692303 0.0322585227272727 0.0321730769230769
0 0.02137073863636374 0.7316057692307693 0.04274147727272732 0.06048076923076932
0 0.2793821022727273 0.8596153846153847 0.02691761363636362 0.04750000000000009
0 0.2400852272727273 0.8470673076923078 0.036931818181818184 0.028634615384615467
0 0.027819602272727284 0.7828653846153847 0.03515625 0.05796153846153854
0 0.005440340909090846 0.7781442307692308 0.010880681818181774 0.02267307692307685
0 0.7424147727272727 0.6630192307692307 0.026392045454545432 0.06649999999999998
0 0.7514630681818182 0.4906923076923077 0.01701704545454548 0.04457692307692309
0 0.7486008522727272 0.42062499999999997 0.018877840909090896 0.0901346153846154
0 0.730703125 0.4261442307692308 0.03370738636363635 0.05475
0 0.6740696022727273 0.016826923076923076 0.015866477272727254 0.03365384615384615
0 0.7932812499999999 0.4155288461538461 0.016988636363636334 0.030173076923076917
0 0.9718323863636363 0.7141057692307693 0.056335227272727266 0.06409615384615382
0 0.957421875 0.7293942307692307 0.08257102272727274 0.11701923076923071
0 0.8712144886363636 0.7353461538461539 0.019985795454545464 0.025961538461538463
0 0.8690269886363636 0.8453750000000001 0.08208806818181817 0.029288461538461465
0 0.899481534090909 0.8479038461538461 0.04998579545454545 0.0719615384615385
0 0.8009872159090909 0.9134134615384616 0.019019886363636385 0.025403846153846114
0 0.8108806818181817 0.9363846153846153 0.021846590909090923 0.03234615384615383
0 0.8185298295454546 0.8355673076923077 0.04370738636363634 0.04109615384615385
0 0.8142471590909091 0.8295673076923077 0.05832386363636366 0.051134615384615445
0 0.6937713068181819 0.01883653846153846 0.02262784090909092 0.03767307692307692
0 0.7338707386363637 0.7710480769230769 0.02455965909090908 0.03217307692307696
0 0.6712855113636363 0.8138942307692308 0.03748579545454547 0.0657884615384615
0 0.6438636363636363 0.8541346153846153 0.022073863636363666 0.03146153846153838
0 0.633984375 0.8696057692307694 0.027883522727272722 0.027788461538461515
0 0.6062073863636364 0.832 0.04511363636363635 0.05261538461538464
0 0.7011647727272727 0.799875 0.04204545454545454 0.05436538461538458
0 0.7344531249999999 0.7008653846153846 0.06504261363636363 0.08223076923076922
0 0.7293821022727274 0.7367980769230769 0.03416193181818179 0.037326923076923015
0 0.7063210227272727 0.7621634615384616 0.027585227272727296 0.04459615384615384
0 0.6855326704545455 0.7731538461538461 0.022542613636363642 0.03384615384615378
