0 0.9511505681818182 0.9493461538461538 0.06644886363636364 0.10130769230769232
0 0.975703125 0.4984326923076923 0.04859375 0.05313461538461538
0 0.2850284090909091 0.09275961538461538 0.061363636363636426 0.07336538461538462
0 0.2787571022727273 0.04133653846153846 0.06759943181818179 0.03809615384615384
0 0.2351917613636364 0.047749999999999994 0.0625994318181819 0.059076923076923075
0 0.5216832386363637 0.5220576923076924 0.04055397727272729 0.041346153846153845
0 0.42186789772727273 0.5798749999999999 0.06990056818181824 0.11021153846153847
0 0.7474147727272727 0.08110576923076923 0.03383522727272726 0.0439423076923077
0 0.9485582386363637 0.7274519230769231 0.02873579545454545 0.0478653846153847
0 0.9885440340909091 0.6830192307692307 0.022911931818181817 0.0869230769230769
0 0.18605113636363635 0.021211538461538462 0.03866477272727276 0.015576923076923077
0 0.2488849431818182 0.014894230769230769 0.0631676136363636 0.029788461538461538
0 0.6708025568181819 0.02539423076923077 0.06538352272727273 0.05078846153846154
0 0.2277414772727273 0.8812884615384615 0.07071022727272723 0.036730769230769164
0 0.4134446022727273 0.7589423076923076 0.02279829545454539 0.07784615384615377
0 0.5291903409090908 0.5545961538461538 0.01289772727272725 0.043000000000000024
0 0.520809659090909 0.6169038461538462 0.038238636363636384 0.1572307692307692
0 0.4777911931818182 0.5769038461538462 0.05115056818181817 0.07473076923076925
0 0.14775568181818177 0.8481249999999999 0.043579545454545544 0.029980769230769182
0 0.5805397727272728 0.25317307692307695 0.02531249999999999 0.1467692307692308
0 0.25196732954545453 0.8908557692307693 0.08492897727272722 0.059749999999999984
0 0.17160511363636355 0.9092499999999999 0.06267045454545456 0.034499999999999996
0 0.18244318181818187 0.9366057692307692 0.06383522727272718 0.04874999999999993
0 0.902265625 0.35541346153846154 0.07884943181818183 0.048788461538461544
0 0.42767755681818176 0.839125 0.045099431818181816 0.0318653846153846
0 0.25473011363636366 0.9560096153846154 0.08687500000000004 0.07386538461538467
0 0.4544815340909091 0.8513653846153846 0.04708806818181815 0.10526923076923078
0 0.23024857954545463 0.5007692307692307 0.07265624999999996 0.0631153846153846
0 0.18500000000000005 0.5218076923076924 0.0566193181818182 0.042423076923076924
0 0.9866548295454546 0.9786923076923078 0.026690340909090907 0.04207692307692307
0 0.9924502840909091 0.948548076923077 0.01509943181818182 0.08144230769230763
0 0.8280752840909091 0.4603173076923077 0.056633522727272734 0.13586538461538464
0 0.8625213068181818 0.4568653846153846 0.03129261363636364 0.034999999999999976
0 0.9893039772727272 0.41662499999999997 0.021335227272727273 0.033557692307692344
0 0.2271590909090908 0.12012500000000001 0.10985795454545451 0.11848076923076922
0 0.9894673295454546 0.37790384615384615 0.02106534090909091 0.05403846153846153
0 0.77265625 0.09746153846153846 0.04085227272727276 0.04342307692307692
0 0.777784090909091 0.12441346153846153 0.051676136363636355 0.04732692307692308
0 0.7698153409090909 0.18546153846153846 0.03372159090909088 0.07676923076923077
0 0.8044602272727273 0.08374038461538462 0.03826704545454545 0.03528846153846154
0 0.8421732954545454 0.07449038461538461 0.1009659090909091 0.11009615384615384
0 0.5013352272727273 0.2826057692307692 0.08735795454545454 0.07028846153846151
0 0.4601846590909091 0.1831442307692308 0.03431818181818185 0.13090384615384618
0 0.4427414772727273 0.10264423076923077 0.08272727272727275 0.061326923076923064
0 0.5286789772727273 0.06070192307692307 0.10124999999999997 0.06201923076923077
0 0.3555965909090909 0.05750961538461538 0.04747159090909093 0.09144230769230768
0 0.18860085227272738 0.012336538461538461 0.05805397727272728 0.024596153846153847
0 0.23155539772727274 0.008692307692307692 0.047713068181818065 0.017384615384615384
0 0.5520099431818182 0.6582499999999999 0.061832386363636326 0.07976923076923069
0 0.627784090909091 0.5810961538461539 0.09159090909090904 0.1298461538461538
0 0.8914630681818182 0.0524423076923077 0.07053977272727273 0.05988461538461539
0 0.9371946022727273 0.09880769230769232 0.059190340909090915 0.07238461538461538
0 0.7980397727272728 0.2525 0.041193181818181816 0.08992307692307694
0 0.7842045454545454 0.28460576923076925 0.02386363636363634 0.10217307692307691
0 0.7638352272727273 0.24423076923076922 0.029829545454545456 0.12465384615384614
0 0.4215980113636364 0.3660576923076923 0.06174715909090913 0.07453846153846153
0 0.4117471590909091 0.6664903846153847 0.11252840909090912 0.06621153846153847
0 0.40821732954545453 0.3075384615384616 0.060724431818181816 0.06061538461538463
0 0.9539133522727272 0.8422788461538462 0.06947443181818182 0.12348076923076919
0 0.9470241477272727 0.8727692307692309 0.08742897727272726 0.14503846153846156
0 0.0558238636363636 0.7550769230769231 0.11150568181818182 0.10396153846153847
0 0.06485085227272724 0.7759326923076924 0.07541193181818186 0.03824999999999997
0 0.8570951704545455 0.8520288461538462 0.05901988636363636 0.05217307692307691
0 0.9805113636363636 0.08126923076923076 0.023636363636363636 0.16253846153846152
0 0.11591619318181823 0.778 0.10427556818181814 0.07661538461538468
0 0.6362215909090909 0.5152115384615384 0.09968750000000001 0.08669230769230767
0 0.5680326704545454 0.17227884615384617 0.05617897727272729 0.07282692307692305
0 0.5977769886363635 0.15484615384615383 0.10302556818181818 0.0916923076923077
0 0.612137784090909 0.10576923076923077 0.07850852272727274 0.08034615384615384
0 0.10001420454545462 0.5373365384615384 0.08076704545454548 0.03736538461538463
0 0.038146306818181874 0.51325 0.061775568181818195 0.07738461538461534
0 0.2897230113636363 0.542 0.04384943181818182 0.0416923076923077
0 0.9734303977272727 0.3123461538461539 0.05313920454545454 0.09826923076923076
0 0.8897443181818182 0.9653076923076924 0.08335227272727272 0.06938461538461535
0 0.6723792613636363 0.07848076923076923 0.12348011363636364 0.05857692307692308
0 0.7259517045454545 0.1661153846153846 0.05048295454545453 0.14215384615384616
0 0.7386150568181818 0.014894230769230769 0.03311079545454542 0.029788461538461538
0 0.7253196022727273 0.042692307692307696 0.05788352272727273 0.03876923076923078
0 0.6471022727272727 0.045201923076923084 0.07801136363636361 0.048865384615384616
0 0.44549005681818177 0.03815384615384616 0.04262784090909089 0.07611538461538463
0 0.4597301136363636 0.030038461538461538 0.03909090909090915 0.060076923076923076
0 0.39428977272727284 0.03268269230769231 0.029602272727272692 0.06536538461538462
0 0.051214488636363686 0.5629519230769231 0.04197443181818192 0.03794230769230773
0 0.8733380681818181 0.7025288461538461 0.08119318181818182 0.04448076923076922
0 0.9488707386363636 0.02869230769230769 0.05171875000000001 0.0385
0 0.9323863636363636 0.7756538461538462 0.05769886363636363 0.09757692307692299
0 0.88671875 0.7433749999999999 0.04707386363636363 0.1794423076923077
0 0.8944176136363636 0.5355961538461538 0.0790625 0.07580769230769234
0 0.9157102272727273 0.7239230769230769 0.03230113636363636 0.11480769230769239
0 0.3503338068181818 0.3768076923076923 0.06313920454545453 0.07342307692307694
0 0.7990127840909091 0.20152884615384614 0.05990056818181821 0.14325
0 0.377237215909091 0.8593461538461539 0.03330965909090908 0.054769230769230806
0 0.34268465909090906 0.8843173076923078 0.041988636363636284 0.08748076923076914
0 0.3219176136363636 0.8544134615384615 0.05625000000000003 0.021826923076923122
0 0.3477485795454546 0.8217307692307693 0.05049715909090902 0.05223076923076917
0 0.677265625 0.1777019230769231 0.08524147727272725 0.11540384615384615
0 0.22014204545454552 0.9656153846153847 0.06985795454545464 0.06876923076923075
0 0.15884943181818167 0.8204807692307692 0.05164772727272729 0.032615384615384574
0 0.2043252840909091 0.5894423076923077 0.07453125000000003 0.11242307692307699
0 0.8932102272727273 0.4758942307692308 0.08056818181818183 0.10098076923076926
0 0.9418607954545455 0.15279807692307693 0.06607954545454545 0.10974999999999999
0 0.8381107954545455 0.030884615384615382 0.09440340909090908 0.061153846153846156
0 0.7596448863636364 0.029403846153846152 0.02943181818181818 0.05869230769230769
0 0.3420738636363636 0.06582692307692307 0.06502840909090905 0.13165384615384615
0 0.21575994318181813 0.09239423076923077 0.047372159090909124 0.10321153846153845
0 0.2466761363636365 0.7959999999999999 0.05701704545454544 0.05353846153846149
0 0.3610440340909091 0.22826923076923075 0.0324573863636364 0.06115384615384615
0 0.22193892045454533 0.7748846153846154 0.07120738636363635 0.0761538461538462
0 0.3838423295454546 0.8048173076923076 0.0946164772727272 0.04867307692307693
0 0.8830894886363636 0.6241442307692306 0.03981534090909089 0.03713461538461539
0 0.8477627840909091 0.5712499999999999 0.07794034090909094 0.07538461538461537
0 0.9037642045454546 0.41557692307692307 0.030426136363636357 0.03199999999999997
0 0.8902059659090908 0.4475769230769231 0.07651988636363637 0.075
0 0.863359375 0.33897115384615384 0.08819602272727271 0.13601923076923075
0 0.917890625 0.39315384615384613 0.061178977272727274 0.04934615384615384
0 0.40323153409090906 0.5129711538461539 0.04384943181818182 0.04448076923076922
0 0.3053125 0.23460576923076923 0.037159090909090864 0.11005769230769234
0 0.3942045454545454 0.18942307692307692 0.1058522727272727 0.09807692307692308
0 0.1534801136363636 0.5137499999999999 0.04164772727272734 0.05611538461538463
0 0.7770951704545455 0.04285576923076923 0.048735795454545455 0.08544230769230769
0 0.9536789772727273 0.37299999999999994 0.07380681818181818 0.04957692307692308
0 0.43938210227272734 0.3044326923076923 0.10393465909090911 0.08690384615384615
0 0.47835227272727276 0.6328173076923077 0.05965909090909091 0.08459615384615386
0 0.3271590909090909 0.4987307692307693 0.04105113636363633 0.043615384615384625
0 0.3241548295454546 0.5649615384615384 0.03080965909090909 0.10023076923076912
0 0.30351562500000007 0.47878846153846155 0.02933238636363633 0.10180769230769231
0 0.594034090909091 0.4536442307692307 0.12190340909090908 0.05017307692307693
0 0.5574360795454545 0.49032692307692305 0.06123579545454547 0.03884615384615382
0 0.2938920454545454 0.18898076923076923 0.053210227272727326 0.08484615384615385
0 0.5158806818181818 0.49206730769230766 0.037329545454545414 0.06274999999999999
0 0.4938352272727272 0.5277211538461538 0.022982954545454556 0.0806730769230769
0 0.4746732954545455 0.5063365384615384 0.026278409090909092 0.04340384615384614
0 0.4987571022727273 0.8849038461538461 0.08677556818181822 0.11907692307692311
0 0.3026491477272727 0.41775 0.041605113636363586 0.07442307692307695
0 0.3026491477272727 0.3427115384615384 0.02521306818181818 0.08634615384615385
0 0.37857244318181815 0.3622692307692308 0.02819602272727276 0.08246153846153845
0 0.9865198863636364 0.4475769230769231 0.026960227272727275 0.03257692307692307
0 0.3362357954545455 0.3845480769230769 0.04997159090909092 0.10190384615384618
0 0.2402982954545454 0.5366923076923078 0.06786931818181823 0.0720384615384615
0 0.5572372159090908 0.37369230769230766 0.03879261363636364 0.10400000000000002
0 0.541690340909091 0.44179807692307693 0.03639204545454546 0.04836538461538463
0 0.5231605113636364 0.40837500000000004 0.04115056818181822 0.051057692307692276
0 0.5084730113636364 0.43472115384615384 0.031093750000000062 0.028480769230769237
0 0.2524857954545454 0.43261538461538457 0.0676704545454546 0.1223461538461538
0 0.28155539772727267 0.3324807692307692 0.04984375000000005 0.10473076923076925
0 0.41763494318181815 0.6280961538461539 0.07660511363636364 0.07707692307692304
0 0.7404545454545455 0.1264423076923077 0.030568181818181793 0.06207692307692308
0 0.8699786931818182 0.08624038461538461 0.07990056818181818 0.03032692307692307
0 0.12919744318181803 0.9041826923076923 0.10416193181818188 0.07090384615384616
0 0.3710085227272728 0.24400961538461538 0.020681818181818187 0.04217307692307691
