0 0.7138849431818182 0.2699423076923077 0.07828124999999998 0.09011538461538464
0 0.7869247159090909 0.7134903846153846 0.023423295454545467 0.1276730769230769
0 0.20342329545454552 0.25126923076923074 0.0804829545454545 0.057423076923076924
0 0.13002130681818191 0.43641346153846156 0.029360795454545396 0.04786538461538459
0 0.1126136363636363 0.46364423076923084 0.03480113636363636 0.10821153846153848
0 0.7063849431818182 0.12134615384615384 0.0880823863636364 0.053730769230769214
0 0.6183025568181817 0.14674038461538463 0.028281250000000036 0.05448076923076923
0 0.8836505681818182 0.08269230769230769 0.0206534090909091 0.032384615384615394
0 0.8744034090909091 0.03521153846153846 0.031534090909090914 0.06992307692307692
0 0.046825284090909025 0.5324807692307693 0.023934659090909124 0.03384615384615389
0 0.5782457386363637 0.07513461538461538 0.08938920454545456 0.035461538461538454
0 0.6595454545454545 0.07148076923076924 0.02852272727272729 0.09284615384615384
0 0.8332244318181818 0.7435673076923076 0.04741477272727272 0.06948076923076933
0 0.668409090909091 0.12479807692307691 0.029289772727272734 0.10725000000000001
0 0.8654332386363637 0.09704807692307693 0.019019886363636364 0.0375576923076923
0 0.18819602272727276 0.139375 0.035880681818181805 0.06921153846153846
0 0.01117897727272732 0.5928461538461538 0.02235795454545456 0.053000000000000005
0 0.2866122159090909 0.9859807692307693 0.025014204545454485 0.02803846153846151
0 0.6402769886363636 0.1267788461538462 0.022343750000000027 0.030250000000000006
0 0.04681818181818187 0.5696538461538462 0.019573863636363598 0.036076923076923166
0 0.06639914772727273 0.4798461538461538 0.01740056818181818 0.04638461538461534
0 0.27900568181818186 0.9384615384615385 0.06525568181818174 0.08907692307692318
0 0.26105823863636357 0.9852403846153847 0.0500142045454546 0.02951923076923081
0 0.7715198863636363 0.7201634615384616 0.012329545454545465 0.06924999999999998
0 0.11778409090909103 0.5155480769230769 0.03860795454545447 0.08244230769230765
0 0.13001420454545454 0.5685480769230769 0.05437499999999996 0.050057692307692365
0 0.05933238636363636 0.5567692307692307 0.039147727272727195 0.02061538461538456
0 0.08760653409090902 0.5022980769230769 0.03154829545454534 0.06036538461538459
0 0.08678977272727273 0.47431730769230773 0.02664772727272726 0.023557692307692307
0 0.08841619318181815 0.4227884615384615 0.040781250000000054 0.08392307692307689
0 0.05171875000000015 0.4540769230769231 0.04676136363636358 0.07434615384615384
0 0.08162642045454549 0.46033653846153844 0.018480113636363624 0.020596153846153806
0 0.1452414772727273 0.4927307692307693 0.035880681818181805 0.1118846153846154
0 0.15312499999999996 0.4868365384615384 0.07340909090909084 0.02209615384615381
0 0.7345312500000001 0.7093173076923077 0.07397727272727274 0.11432692307692305
0 0.21484375 0.5115000000000001 0.060909090909091065 0.13030769230769235
0 0.20151988636363638 0.26121153846153844 0.08863636363636376 0.067
0 0.22897727272727275 0.2648942307692308 0.07829545454545456 0.09644230769230767
0 0.2287073863636363 0.20342307692307693 0.12451704545454549 0.058884615384615396
0 0.29694602272727266 0.09777884615384615 0.08698863636363646 0.1023269230769231
0 0.3249502840909091 0.21003846153846153 0.09407670454545457 0.047115384615384615
0 0.2738423295454545 0.15883653846153845 0.08319602272727272 0.044826923076923084
0 0.2868892045454545 0.16403846153846152 0.05056818181818185 0.0728846153846154
0 0.35159090909090907 0.021471153846153845 0.058181818181818154 0.04294230769230769
0 0.7221590909090909 0.042201923076923074 0.06633522727272725 0.05005769230769231
0 0.45225852272727274 0.6932884615384616 0.027528409090909086 0.07942307692307694
0 0.8384375 0.09741346153846155 0.044744318181818205 0.04121153846153846
0 0.9374786931818182 0.1691923076923077 0.023934659090909083 0.09350000000000001
0 0.9902201704545455 0.1195 0.01955965909090909 0.016192307692307683
0 0.9595028409090909 0.15630769230769231 0.019034090909090914 0.053000000000000005
0 0.8950710227272727 0.08674038461538462 0.01957386363636364 0.039019230769230764
0 0.9374786931818182 0.09410576923076922 0.0761221590909091 0.06109615384615384
0 0.9227982954545455 0.1368076923076923 0.021761363636363638 0.03165384615384617
0 0.9720099431818182 0.205625 0.04404829545454546 0.1089423076923077
0 0.9831534090909091 0.15373076923076923 0.032613636363636365 0.04930769230769231
0 0.009034090909090797 0.582173076923077 0.017954545454545435 0.03311538461538456
0 0.6408380681818182 0.5248846153846154 0.08383522727272728 0.09261538461538456
0 0.1392542613636365 0.7717211538461538 0.0913494318181819 0.044173076923076864
0 0.2703053977272728 0.033 0.030440340909090837 0.04784615384615385
0 0.2529048295454547 0.03325 0.04350852272727272 0.0665
0 0.27710227272727284 0.021961538461538466 0.09406249999999995 0.043423076923076925
0 0.8469460227272727 0.04208653846153847 0.04403409090909091 0.08417307692307693
0 0.8466761363636364 0.0665 0.055454545454545444 0.03826923076923077
0 0.5632173295454546 0.08921153846153847 0.10558238636363643 0.0824230769230769
0 0.6237144886363637 0.10486538461538462 0.015411931818181769 0.032346153846153844
0 0.6460582386363636 0.06156730769230769 0.047769886363636355 0.10851923076923077
0 0.6190838068181819 0.06156730769230769 0.047769886363636396 0.05424999999999999
0 0.8119673295454546 0.6172211538461538 0.032940340909090905 0.0824807692307692
0 0.010120738636363646 0.5678076923076922 0.020127840909091012 0.036807692307692284
0 0.04818892045454537 0.48756730769230766 0.021207386363636293 0.029442307692307698
0 0.7825071022727272 0.18612499999999998 0.0445880681818182 0.0596346153846154
0 0.9864133522727273 0.09448076923076923 0.027173295454545453 0.03680769230769231
0 0.777890625 0.1761826923076923 0.04731534090909091 0.05005769230769231
0 0.9567826704545455 0.12171153846153845 0.05927556818181818 0.03092307692307692
0 0.7004119318181818 0.086375 0.054375 0.10748076923076923
0 0.020184659090909163 0.5126057692307693 0.023920454545454592 0.0824423076923077
0 0.7308593750000001 0.038163461538461535 0.01632102272727274 0.07582692307692307
0 0.6009801136363636 0.13147115384615388 0.03622159090909091 0.06467307692307694
0 0.22163352272727266 0.6059134615384615 0.04647727272727276 0.048865384615384554
0 0.8110582386363636 0.14636538461538462 0.03424715909090909 0.02576923076923078
0 0.027521306818181768 0.5512499999999999 0.024474431818181843 0.021346153846153782
0 0.7980042613636363 0.20857692307692308 0.048394886363636376 0.12073076923076924
0 0.006015624999999969 0.5365288461538462 0.012031250000000038 0.04048076923076915
0 0.5670667613636364 0.0553076923076923 0.0716619318181818 0.10642307692307691
0 0.7509730113636364 0.08674038461538462 0.06308238636363636 0.09201923076923077
0 0.10093039772727286 0.5622884615384615 0.03643465909090906 0.0684615384615385
0 0.60390625 0.7033653846153847 0.04107954545454548 0.10203846153846144
0 0.5409446022727273 0.9132596153846153 0.09387784090909096 0.07455769230769227
0 0.6753551136363636 0.23197115384615385 0.03082386363636366 0.07259615384615385
0 0.7604190340909092 0.5115288461538462 0.03205965909090908 0.04755769230769234
0 0.7524076704545455 0.637125 0.013565340909090924 0.06175000000000003
0 0.848565340909091 0.32000961538461536 0.08752840909090907 0.09178846153846157
0 0.7363778409090909 0.5169519230769231 0.03204545454545455 0.06509615384615389
0 0.7222017045454545 0.5386538461538461 0.02835227272727274 0.033384615384615304
0 0.7419318181818182 0.5611826923076924 0.022187500000000006 0.035057692307692345
0 0.7212713068181817 0.5753750000000001 0.04992897727272728 0.07509615384615387
0 0.7853835227272727 0.5945673076923076 0.040056818181818166 0.04340384615384614
0 0.6883025568181818 0.47439423076923076 0.06163352272727271 0.10848076923076923
0 0.7570241477272728 0.5878942307692309 0.025269886363636352 0.036711538461538414
0 0.7027840909090909 0.2582596153846154 0.04252840909090909 0.0333653846153846
0 0.7730539772727273 0.4076346153846154 0.14116477272727274 0.1852692307692307
0 0.5039985795454545 0.9892884615384616 0.03328124999999993 0.02003846153846146
0 0.60015625 0.37926923076923075 0.06534090909090909 0.08011538461538466
0 0.7684303977272727 0.6367115384615385 0.01973011363636362 0.03253846153846157
0 0.7665838068181818 0.44685576923076925 0.044389204545454544 0.09178846153846157
0 0.6636434659090908 0.5741249999999999 0.08137784090909089 0.0842884615384615
0 0.915546875 0.6544903846153846 0.09026988636363636 0.09594230769230766
0 0.5064630681818182 0.9742692307692308 0.05917613636363632 0.050076923076923005
0 0.75671875 0.6079230769230769 0.025880681818181817 0.025038461538461503
0 0.891171875 0.6495961538461538 0.038821022727272725 0.08615384615384618
0 0.8432315340909091 0.6893942307692308 0.05262784090909089 0.057711538461538446
0 0.8462642045454546 0.6609038461538462 0.055511363636363636 0.05742307692307695
0 0.8143039772727272 0.7332692307692307 0.11482954545454546 0.06065384615384619
0 0.7327556818181818 0.6349326923076922 0.03340909090909092 0.08371153846153852
0 0.6013920454545454 0.943326923076923 0.07519886363636359 0.11334615384615385
0 0.8482599431818182 0.48775 0.07211647727272728 0.11684615384615382
0 0.7323721590909091 0.3099903846153846 0.08321022727272726 0.09513461538461539
0 0.5289559659090909 0.5077788461538462 0.04992897727272724 0.08844230769230771
0 0.769971590909091 0.5290673076923077 0.04747159090909093 0.059250000000000004
0 0.4771803977272727 0.5457403846153845 0.06595170454545447 0.0842884615384615
0 0.6026207386363636 0.4798173076923077 0.05916193181818179 0.020865384615384605
0 0.8905752840909091 0.7351442307692307 0.04813920454545455 0.09224999999999994
0 0.6682670454545454 0.5207115384615384 0.13991477272727276 0.15103846153846157
0 0.6211150568181818 0.5090288461538461 0.0579403409090909 0.04090384615384612
0 0.6029261363636365 0.6413076923076924 0.04622159090909094 0.08846153846153847
0 0.8447514204545454 0.7179519230769231 0.04174715909090909 0.031211538461538388
0 0.5563849431818182 0.977125 0.02958806818181824 0.04575000000000004
0 0.7086434659090909 0.18273076923076925 0.06410511363636363 0.11600000000000002
0 0.6084730113636363 0.22571153846153844 0.02526988636363631 0.09346153846153846
0 0.602002840909091 0.22738461538461538 0.07397727272727274 0.06676923076923076
0 0.6722727272727272 0.18523076923076923 0.03946022727272727 0.035884615384615404
0 0.7009375 0.21110576923076924 0.030198863636363624 0.0709423076923077
0 0.8212571022727273 0.6914615384615385 0.026093750000000006 0.028846153846153848
0 0.658096590909091 0.12891346153846153 0.03451704545454543 0.028365384615384615
0 0.6479261363636364 0.2749423076923077 0.07213068181818182 0.1602307692307692
0 0.7687428977272728 0.6471442307692308 0.025269886363636352 0.06844230769230765
0 0.4420454545454545 0.9730192307692308 0.07335227272727271 0.05257692307692303
0 0.48068892045454537 0.9380096153846154 0.02933238636363641 0.02382692307692305
0 0.7206605113636364 0.18315384615384617 0.05487215909090908 0.10515384615384614
0 0.6729545454545454 0.6526634615384616 0.09071022727272729 0.06294230769230773
0 0.7814275568181819 0.15447115384615384 0.06089488636363637 0.07140384615384616
0 0.70703125 0.6829038461538461 0.02889204545454542 0.07453846153846153
0 0.6783735795454545 0.9172307692307693 0.041065340909090906 0.1155
0 0.6164914772727272 0.6717596153846154 0.028977272727272695 0.04925000000000002
0 0.6923650568181818 0.7339230769230769 0.06183238636363637 0.13015384615384618
0 0.4269815340909091 0.9184519230769231 0.07808238636363632 0.06417307692307682
0 0.4484232954545454 0.681375 0.04875000000000007 0.13748076923076924
0 0.49828835227272716 0.8992019230769231 0.045582386363636325 0.06844230769230765
0 0.5921732954545454 0.9642788461538461 0.027528409090909086 0.02628846153846157
0 0.8735724431818181 0.7550096153846154 0.048735795454545455 0.08798076923076924
0 0.9324644886363637 0.7171057692307692 0.06995738636363637 0.05374999999999998
0 0.6288139204545455 0.18189423076923078 0.01910511363636366 0.02586538461538462
0 0.7930823863636364 0.5687019230769231 0.06534090909090907 0.04505769230769232
0 0.39467329545454544 0.3750865384615385 0.046420454545454556 0.17525000000000004
0 0.8652130681818182 0.4397596153846154 0.05917613636363636 0.09263461538461536
0 0.41276988636363643 0.2820384615384615 0.04684659090909085 0.09430769230769231
0 0.6510085227272727 0.164375 0.03514204545454547 0.07259615384615385
0 0.44300426136363635 0.9074615384615384 0.07401988636363638 0.06415384615384619
0 0.8011363636363636 0.6648846153846154 0.03656250000000001 0.04215384615384619
0 0.6121732954545456 0.16937499999999997 0.05855113636363636 0.07594230769230768
0 0.8011292613636364 0.6193557692307692 0.014900568181818195 0.030557692307692282
0 0.7896235795454545 0.620576923076923 0.011747159090909105 0.025653846153846215
0 0.5542329545454545 0.4209903846153846 0.03514204545454547 0.0901346153846154
0 0.7846590909090909 0.6294423076923077 0.03428977272727271 0.03726923076923076
0 0.4170525568181819 0.6914615384615385 0.045582386363636325 0.068423076923077
0 0.8078764204545454 0.6997211538461539 0.02958806818181816 0.02336538461538468
0 0.43420454545454545 0.6945192307692307 0.018494318181818157 0.037884615384615364
0 0.4790269886363636 0.977951923076923 0.01910511363636362 0.04409615384615386
0 0.028877840909090957 0.5759134615384616 0.018494318181818157 0.04121153846153847
0 0.9899431818181819 0.14195192307692306 0.020113636363636365 0.04786538461538463
0 0.6791903409090909 0.09808653846153845 0.09863636363636363 0.043826923076923076
0 0.8097017045454545 0.1195 0.10440340909090909 0.07803846153846154
0 0.8746732954545455 0.1423173076923077 0.030994318181818192 0.08244230769230769
0 0.8912642045454545 0.1334903846153846 0.02392045454545455 0.06625
0 0.9013210227272728 0.12797115384615385 0.02991477272727273 0.022826923076923085
0 0.9883167613636363 0.09042307692307693 0.02336647727272727 0.04492307692307692
