0 0.7297869318181818 0.30967307692307694 0.029261363636363627 0.05723076923076921
0 0.7225426136363637 0.29992307692307696 0.013522727272727287 0.035461538461538454
0 0.9203053977272727 0.19185576923076922 0.04311079545454546 0.07194230769230768
0 0.8542755681818182 0.06935576923076922 0.022869318181818175 0.04159615384615385
0 0.9800923295454546 0.028480769230769233 0.02771306818181818 0.056961538461538466
0 0.6878409090909091 0.48861538461538456 0.0403409090909091 0.04484615384615389
0 0.4896164772727273 0.6606346153846153 0.021107954545454565 0.03142307692307687
0 0.6799857954545454 0.2910865384615385 0.014914772727272728 0.04351923076923076
0 0.7370099431818182 0.8828557692307692 0.036093749999999994 0.044403846153846106
0 0.6240056818181818 0.84375 0.01343749999999997 0.033192307692307674
0 0.14169034090909094 0.30456730769230766 0.024204545454545402 0.04682692307692312
0 0.9746519886363636 0.9650192307692308 0.027400568181818182 0.026499999999999947
0 0.8547585227272727 0.11953846153846155 0.0943181818181818 0.05615384615384616
0 0.2212855113636365 0.439125 0.013622159090909136 0.022211538461538484
0 0.9509943181818182 0.3795192307692308 0.03264204545454546 0.0416923076923077
0 0.18892755681818185 0.8261442307692308 0.029786931818181858 0.028865384615384706
0 0.5960014204545454 0.8776634615384615 0.036235795454545444 0.02578846153846148
0 0.55234375 0.5898846153846155 0.028068181818181805 0.02242307692307686
0 0.26840198863636366 0.47173076923076923 0.01990056818181809 0.04111538461538461
0 0.29218750000000004 0.3949038461538462 0.019829545454545426 0.026038461538461524
0 0.6357102272727273 0.9080480769230769 0.02039772727272725 0.023365384615384573
0 0.0052911931818182545 0.5557211538461538 0.010582386363636427 0.024211538461538413
0 0.9907883522727273 0.9866826923076923 0.018423295454545456 0.026596153846153815
0 0.9686505681818182 0.11230769230769232 0.02690340909090909 0.05757692307692309
0 0.9758948863636364 0.8694134615384616 0.04821022727272727 0.09294230769230766
0 0.013778409090909105 0.5467115384615385 0.01332386363636363 0.01803846153846153
0 0.6026136363636363 0.7990961538461538 0.014431818181818136 0.019538461538461588
0 0.005234374999999902 0.5152211538461537 0.010468750000000006 0.03601923076923069
0 0.6858380681818181 0.8885576923076923 0.03835227272727273 0.07423076923076928
0 0.006526988636363695 0.5336057692307693 0.01305397727272735 0.019249999999999982
0 0.5379758522727274 0.6262019230769231 0.02984374999999999 0.03282692307692317
0 0.3845028409090909 0.21041346153846152 0.055767045454545444 0.05190384615384614
0 0.9076633522727273 0.8935288461538461 0.04822443181818182 0.07501923076923075
0 0.5758664772727272 0.5544615384615386 0.03460227272727267 0.018615384615384627
0 0.772294034090909 0.33581730769230766 0.01663352272727274 0.051326923076923076
0 0.6297301136363638 0.5176634615384615 0.030312499999999964 0.02867307692307686
0 0.5930184659090909 0.9010576923076923 0.01990056818181817 0.03753846153846151
0 0.9509801136363636 0.952173076923077 0.03821022727272728 0.04403846153846149
0 0.9524005681818182 0.9801346153846154 0.03190340909090909 0.02419230769230777
0 0.36078125000000005 0.5905096153846154 0.14355113636363637 0.07078846153846154
0 0.9933167613636363 0.21682692307692308 0.013366477272727273 0.03738461538461538
0 0.012130681818181777 0.4860769230769231 0.023267045454545447 0.05576923076923077
0 0.6871946022727273 0.9198173076923077 0.021065340909090888 0.038019230769230736
0 0.452265625 0.5452115384615385 0.039474431818181846 0.024923076923076992
0 0.08564630681818197 0.45471153846153844 0.018394886363636266 0.03561538461538463
0 0.7305113636363636 0.017961538461538463 0.04582386363636362 0.035923076923076926
0 0.6091974431818181 0.8171538461538461 0.015696022727272663 0.017423076923076927
0 0.18691051136363646 0.8137019230769231 0.02867897727272719 0.020903846153846162
0 0.48236505681818176 0.5100576923076924 0.03941761363636364 0.049076923076923094
0 0.9750568181818182 0.9893846153846154 0.014488636363636363 0.021230769230769272
0 0.8811363636363636 0.8603557692307692 0.04420454545454544 0.05332692307692311
0 0.6945738636363636 0.3182980769230769 0.019715909090909086 0.0529807692307692
0 0.5543963068181819 0.6164038461538461 0.023991477272727255 0.03357692307692304
0 0.3822301136363637 0.562423076923077 0.04613636363636358 0.04907692307692315
0 0.16834517045454556 0.8276346153846154 0.015071022727272747 0.048769230769230794
0 0.9888565340909091 0.24967307692307694 0.022286931818181817 0.024307692307692308
0 0.7597017045454545 0.19185576923076922 0.023295454545454553 0.0303653846153846
0 0.5665909090909091 0.601 0.027244318181818192 0.01707692307692307
0 0.13117187500000005 0.9864807692307693 0.027457386363636423 0.02465384615384614
0 0.4760298295454546 0.43994230769230763 0.016235795454545385 0.059576923076923055
0 0.4672017045454546 0.6656442307692307 0.018465909090909092 0.03571153846153845
0 0.24728693181818173 0.46629807692307695 0.026534090909090837 0.030249999999999982
0 0.6159872159090909 0.28344230769230766 0.10541193181818179 0.05707692307692303
0 0.2049715909090909 0.9334230769230769 0.017130681818181902 0.049961538461538495
0 0.8368607954545455 0.31900961538461536 0.049573863636363645 0.058673076923076904
0 0.31181818181818177 0.5433557692307691 0.01673295454545459 0.032519230769230814
0 0.6614772727272727 0.34376923076923077 0.015681818181818172 0.015615384615384625
0 0.9569673295454545 0.08379807692307693 0.05109375 0.02678846153846154
0 0.042919034090909136 0.533875 0.017798295454545417 0.019865384615384583
0 0.1892400568181819 0.9389615384615384 0.016661931818181843 0.03830769230769234
0 0.6531463068181818 0.8692211538461538 0.054758522727272704 0.03932692307692316
0 0.9014772727272727 0.3220480769230769 0.03755681818181818 0.034365384615384624
0 0.9829403409090909 0.3490192307692308 0.0321875 0.04419230769230767
0 0.31817471590909097 0.5798653846153846 0.11174715909090911 0.029923076923076927
0 0.986796875 0.9440192307692308 0.02640625 0.036192307692307676
0 0.67015625 0.07160576923076922 0.018863636363636364 0.07059615384615386
0 0.22079545454545457 0.9207115384615384 0.0210795454545455 0.05130769230769232
0 0.9671448863636364 0.3905 0.04005681818181817 0.04411538461538461
0 0.9104190340909091 0.14525961538461538 0.05697443181818183 0.047249999999999986
0 0.5657386363636363 0.8066346153846153 0.02065340909090912 0.025730769230769224
0 0.6711647727272727 0.6642307692307692 0.04974431818181815 0.06507692307692303
0 0.859375 0.831673076923077 0.033210227272727266 0.02511538461538462
0 0.38245738636363635 0.08164423076923076 0.048295454545454544 0.0464423076923077
0 0.40110795454545456 0.12017307692307691 0.040909090909090846 0.04607692307692308
0 0.40810369318181816 0.10833653846153847 0.09484374999999998 0.12867307692307695
0 0.979169034090909 0.17801923076923076 0.02433238636363637 0.028961538461538438
0 0.2854758522727273 0.4388365384615385 0.01830965909090915 0.028480769230769237
0 0.1153835227272727 0.4553942307692308 0.028323863636363713 0.027711538461538454
0 0.2751349431818183 0.45363461538461536 0.012798295454545361 0.020499999999999994
0 0.9272514204545454 0.06595192307692307 0.020525568181818176 0.03613461538461538
0 0.27420454545454553 0.40712499999999996 0.019346590909090914 0.034788461538461546
0 0.33272727272727276 0.33788461538461534 0.013721590909090864 0.014192307692307683
0 0.335362215909091 0.3635096153846154 0.010497159090909152 0.039057692307692314
0 0.28634232954545447 0.36897115384615387 0.03134943181818189 0.04413461538461542
0 0.31884232954545455 0.3558173076923077 0.026803977272727278 0.06655769230769233
0 0.4697798295454546 0.49092307692307685 0.03245738636363631 0.04326923076923071
0 0.2912784090909091 0.41305769230769235 0.016619318181818245 0.01965384615384615
0 0.15960937500000005 0.27621153846153845 0.028650568181818284 0.017115384615384626
0 0.24638494318181803 0.2372019230769231 0.018167613636363746 0.029634615384615405
0 0.15794034090909104 0.4825384615384615 0.010795454545454579 0.022961538461538457
0 0.9455965909090909 0.05398076923076923 0.02159090909090909 0.04919230769230769
0 0.23481534090909084 0.43658653846153844 0.013948863636363707 0.03167307692307692
0 0.027223011363636362 0.44635576923076925 0.04245738636363634 0.0309807692307692
0 0.8389630681818182 0.8482596153846155 0.025653409090909095 0.02605769230769233
0 0.25502840909090907 0.44796153846153847 0.022500000000000044 0.02523076923076924
0 0.06725852272727262 0.9519807692307691 0.029630681818181837 0.03634615384615391
0 0.64546875 0.32321153846153844 0.02872159090909091 0.09076923076923074
0 0.22075994318181813 0.46535576923076927 0.023678977272727216 0.034173076923076945
0 0.20610795454545439 0.46778846153846154 0.03539772727272721 0.03357692307692304
0 0.6257315340909091 0.264625 0.023849431818181808 0.05528846153846151
0 0.13750710227272722 0.5391346153846154 0.01455965909090909 0.041230769230769224
0 0.9467471590909091 0.14539423076923075 0.049744318181818174 0.027865384615384604
0 0.783203125 0.37625 0.018110795454545456 0.11965384615384615
0 0.8863210227272728 0.29400961538461534 0.02713068181818181 0.02413461538461535
0 0.07478693181818197 0.9806346153846154 0.034261363636363645 0.03873076923076921
0 0.7707386363636364 0.6833365384615385 0.012613636363636356 0.03890384615384608
0 0.14254261363636367 0.5195673076923076 0.011619318181818272 0.01674999999999996
0 0.1494034090909092 0.5383942307692309 0.016193181818181787 0.026557692307692313
0 0.8060511363636363 0.6905673076923078 0.04931818181818182 0.03582692307692318
0 0.11311789772727276 0.5339519230769231 0.015610795454545467 0.01878846153846161
0 0.9666690340909091 0.2785480769230769 0.025752840909090913 0.03717307692307689
0 0.10617897727272729 0.5266346153846154 0.012528409090909 0.022961538461538457
0 0.988828125 0.26647115384615383 0.014019886363636365 0.016942307692307697
0 0.8680752840909091 0.1882980769230769 0.03944602272727274 0.05644230769230771
0 0.8432954545454545 0.8337211538461538 0.025340909090909077 0.03428846153846151
0 0.36073863636363634 0.8640576923076924 0.023267045454545447 0.024692307692307753
0 0.3118323863636363 0.8687403846153846 0.03428977272727279 0.05790384615384618
0 0.9950284090909091 0.187875 0.009943181818181818 0.02128846153846155
0 0.14171164772727274 0.27437500000000004 0.02600852272727265 0.023480769230769246
0 0.15922585227272734 0.5311442307692308 0.01535511363636356 0.04586538461538466
0 0.8591690340909091 0.8619326923076923 0.021803977272727263 0.026480769230769197
0 0.981171875 0.19975 0.020326704545454547 0.026807692307692303
0 0.02504261363636362 0.4652307692307693 0.01903409090909104 0.019730769230769267
0 0.07458096590909091 0.5497019230769231 0.02589488636363639 0.04351923076923087
0 0.8892897727272727 0.051576923076923076 0.028124999999999997 0.04511538461538461
0 0.9538920454545454 0.22265384615384615 0.043181818181818175 0.10538461538461541
0 0.15051136363636364 0.5145961538461539 0.011789772727272824 0.029730769230769193
0 0.15350852272727267 0.9698365384615385 0.02139204545454554 0.05901923076923066
0 0.010667613636363593 0.45426923076923076 0.021051136363636272 0.02192307692307688
0 0.16564630681818182 0.6970096153846154 0.02984374999999999 0.049673076923077
0 0.35357244318181824 0.7235673076923077 0.01933238636363638 0.06005769230769234
0 0.16531249999999997 0.30692307692307697 0.03318181818181804 0.022884615384615396
0 0.12940340909090897 0.3673846153846154 0.03784090909090907 0.039384615384615365
0 0.13393465909090907 0.3520384615384615 0.032954545454545354 0.03542307692307695
0 0.20921164772727285 0.4108557692307693 0.021491477272727266 0.06117307692307693
0 0.7459090909090909 0.19662500000000002 0.02690340909090909 0.0480576923076923
0 0.25900568181818184 0.7063173076923076 0.05539772727272719 0.06505769230769227
0 0.0607386363636363 0.7706442307692308 0.03735795454545448 0.028826923076923094
0 0.04014204545454547 0.610153846153846 0.03917613636363626 0.04057692307692301
0 0.02535511363636367 0.8518653846153846 0.016022727272727234 0.03996153846153852
0 0.013359374999999951 0.8696730769230769 0.02098011363636361 0.060923076923076934
0 0.9382954545454546 0.016875 0.033096590909090916 0.03375
0 0.009410511363636354 0.8869711538461539 0.018735795454545533 0.04059615384615376
0 0.07715198863636374 0.8377211538461539 0.026917613636363538 0.03705769230769227
0 0.2130610795454545 0.9734615384615385 0.02299715909090917 0.03838461538461524
0 0.24223721590909097 0.3057884615384615 0.03436079545454537 0.03073076923076921
0 0.44644176136363634 0.06247115384615384 0.021605113636363606 0.05559615384615384
0 0.10810369318181823 0.20107692307692307 0.10850852272727271 0.08580769230769232
0 0.19419744318181809 0.7025192307692307 0.04134943181818184 0.023576923076923058
0 0.2509019886363636 0.7884423076923077 0.03464488636363634 0.03769230769230773
0 0.40563920454545455 0.04692307692307692 0.034659090909090876 0.09384615384615384
0 0.5934019886363636 0.3182307692307692 0.05737215909090907 0.06080769230769232
0 0.14026988636363635 0.08978846153846154 0.03812499999999988 0.10703846153846153
0 0.24086647727272714 0.11892307692307692 0.02744318181818189 0.030961538461538464
0 0.2562215909090909 0.10624038461538461 0.015056818181818053 0.023134615384615385
0 0.2621448863636363 0.09296153846153847 0.015397727272727318 0.025423076923076934
0 0.2424005681818181 0.09969230769230769 0.0783806818181819 0.14961538461538462
0 0.7871803977272728 0.021124999999999998 0.06839488636363637 0.042249999999999996
0 0.24572443181818182 0.8208942307692307 0.0168181818181817 0.04471153846153846
0 0.24379971590909089 0.8562692307692308 0.02061079545454544 0.02984615384615381
0 0.026654829545454506 0.4167019230769231 0.031633522727272705 0.05225000000000003
0 0.1912784090909091 0.36175961538461543 0.031221590909090935 0.03621153846153848
0 0.41605113636363633 0.4725769230769231 0.03326704545454548 0.029846153846153866
0 0.6557315340909091 0.5978942307692308 0.04609374999999998 0.047326923076922996
0 0.5974857954545454 0.516798076923077 0.055823863636363574 0.019865384615384583
0 0.6089701704545455 0.49118269230769235 0.02262784090909092 0.03578846153846157
0 0.1940269886363637 0.28829807692307696 0.07112215909090916 0.025288461538461548
0 0.581328125 0.7649134615384615 0.03044034090909092 0.039557692307692294
0 0.6907954545454545 0.17341346153846154 0.04889204545454544 0.05701923076923078
0 0.21338068181818182 0.876125 0.04139204545454544 0.03640384615384617
0 0.4801491477272727 0.5378942307692307 0.04603693181818185 0.032249999999999966
0 0.6519602272727273 0.5345 0.02258522727272728 0.027576923076923138
0 0.008884943181818206 0.9463461538461538 0.017769886363636352 0.07657692307692307
0 0.6487571022727272 0.5624807692307693 0.0204971590909091 0.06196153846153851
0 0.6462144886363637 0.5626634615384616 0.07401988636363638 0.06217307692307689
0 0.3108025568181817 0.5699326923076923 0.09166193181818186 0.13671153846153852
0 0.3335582386363637 0.5593461538461538 0.062428977272727254 0.09961538461538463
0 0.2153124999999999 0.5055673076923076 0.02252840909090911 0.03917307692307688
0 0.2878338068181818 0.4824903846153846 0.013849431818181818 0.01875
0 0.8296235795454545 0.5291538461538461 0.06123579545454545 0.08542307692307695
0 0.29555397727272725 0.4911057692307692 0.01508522727272728 0.02086538461538466
0 0.34553977272727276 0.3651826923076923 0.014630681818181834 0.026057692307692275
0 0.6622301136363636 0.6787115384615384 0.03664772727272729 0.08034615384615379
0 0.03241477272727267 0.3693461538461538 0.06386363636363625 0.08576923076923082
0 0.023139204545454484 0.24810576923076927 0.0453693181818181 0.07705769230769233
0 0.3360298295454546 0.7587019230769231 0.019985795454545527 0.02690384615384617
0 0.35676846590909095 0.8029326923076923 0.014360795454545473 0.021211538461538518
0 0.5973224431818182 0.6747307692307692 0.04356534090909093 0.02980769230769231
0 0.8998721590909091 0.459625 0.03764204545454544 0.02713461538461541
0 0.6566477272727274 0.6300384615384615 0.024204545454545482 0.07603846153846147
0 0.8504474431818182 0.026971153846153843 0.025752840909090902 0.04394230769230769
0 0.8697443181818182 0.37926923076923075 0.026136363636363645 0.04580769230769229
0 0.8591051136363637 0.43062500000000004 0.06261363636363636 0.06778846153846153
0 0.9073579545454545 0.4263557692307692 0.03965909090909092 0.05082692307692303
0 0.14588068181818192 0.9779326923076923 0.02488636363636361 0.043096153846153895
0 0.16804687500000004 0.9790288461538462 0.015582386363636241 0.04040384615384625
0 0.1792613636363637 0.9664999999999999 0.017414772727272713 0.02888461538461535
0 0.12080965909090902 0.943923076923077 0.02124999999999989 0.04500000000000007
0 0.539375 0.7977980769230769 0.023835227272727313 0.05944230769230774
0 0.437784090909091 0.6678557692307692 0.04125000000000003 0.023865384615384663
0 0.46127130681818185 0.7005576923076923 0.03808238636363637 0.04726923076923074
0 0.857421875 0.5498173076923076 0.06873579545454543 0.08094230769230765
0 0.7168394886363636 0.6703653846153846 0.06015625000000003 0.09957692307692313
0 0.9192116477272727 0.4925961538461538 0.014673295454545453 0.04176923076923077
0 0.10982954545454537 0.09968269230769229 0.039374999999999875 0.07109615384615384
0 0.8547514204545454 0.4314615384615385 0.07018465909090908 0.040076923076923086
0 0.8908877840909091 0.43404807692307695 0.04279829545454545 0.06309615384615386
0 0.8420951704545454 0.37400000000000005 0.044389204545454544 0.056153846153846186
0 0.6027485795454546 0.28849038461538457 0.10646306818181817 0.09563461538461536
0 0.5962073863636363 0.269125 0.059005681818181846 0.035596153846153826
0 0.6003693181818182 0.2567115384615385 0.03161931818181825 0.03976923076923078
0 0.45229403409090907 0.4573173076923077 0.04569602272727275 0.026980769230769232
0 0.9145241477272728 0.04106730769230769 0.019928977272727275 0.03321153846153845
0 0.9190909090909091 0.6014519230769231 0.062130681818181814 0.06421153846153843
0 0.5300142045454546 0.4958076923076923 0.06548295454545458 0.017038461538461565
0 0.5276420454545454 0.4637307692307692 0.07406249999999998 0.03011538461538461
0 0.5071519886363636 0.4781153846153846 0.03643465909090914 0.032999999999999995
0 0.6558735795454546 0.48397115384615386 0.05177556818181821 0.08809615384615385
0 0.6389133522727273 0.47480769230769226 0.038508522727272704 0.047615384615384546
0 0.622606534090909 0.4343173076923077 0.06973011363636368 0.10482692307692305
0 0.5830113636363636 0.4731538461538462 0.037755681818181876 0.03073076923076921
0 0.5581463068181818 0.4759807692307692 0.051917613636363574 0.020153846153846133
0 0.5783522727272727 0.4935096153846154 0.02821022727272721 0.021480769230769206
0 0.5943607954545455 0.4982980769230769 0.023039772727272766 0.019173076923076977
0 0.657393465909091 0.19761538461538464 0.040894886363636355 0.09626923076923077
0 0.4598650568181818 0.4719326923076923 0.012940340909090929 0.016826923076923076
0 0.09590198863636357 0.3985096153846154 0.059559659090909184 0.07990384615384617
0 0.17068181818181827 0.3388173076923077 0.04198863636363645 0.03678846153846153
0 0.13383522727272734 0.33295192307692306 0.05184659090909091 0.04213461538461538
0 0.09382102272727266 0.4063365384615385 0.018238636363636408 0.09332692307692309
0 0.24879261363636374 0.9861153846153846 0.03678977272727269 0.027615384615384642
0 0.9902414772727273 0.7790096153846154 0.01650568181818182 0.1806730769230769
0 0.2497656250000001 0.9066346153846153 0.04245738636363634 0.058192307692307675
0 0.23447443181818173 0.8634519230769231 0.03928977272727268 0.060326923076923084
0 0.44014914772727276 0.8842596153846155 0.046377840909090876 0.06574999999999999
0 0.4276917613636364 0.040374999999999994 0.023394886363636323 0.03890384615384615
0 0.5820454545454545 0.787625 0.021647727272727287 0.03190384615384621
0 0.6103053977272728 0.7559230769230769 0.02916193181818186 0.02088461538461541
0 0.6192613636363637 0.7686153846153846 0.02082386363636367 0.019192307692307727
0 0.6597940340909091 0.7243173076923076 0.01717329545454546 0.025788461538461586
0 0.5940482954545455 0.7345096153846153 0.06465909090909096 0.036750000000000026
0 0.38552556818181816 0.7500576923076923 0.03769886363636366 0.051923076923076926
0 0.4088707386363637 0.7307692307692307 0.040809659090909035 0.09157692307692308
0 0.08082386363636362 0.8950384615384614 0.025852272727272793 0.028269230769230748
0 0.09077414772727266 0.8912019230769231 0.02285511363636368 0.03171153846153848
0 0.0984303977272728 0.887875 0.021548295454545396 0.036826923076923035
0 0.8021519886363636 0.04451923076923077 0.032769886363636355 0.05434615384615385
0 0.11322443181818187 0.5846442307692308 0.023920454545454592 0.06478846153846153
0 0.20028409090909094 0.5270673076923078 0.025085227272727387 0.08805769230769235
0 0.8000142045454546 0.8538365384615385 0.0805965909090909 0.05732692307692308
0 0.938671875 0.9237980769230769 0.025866477272727274 0.04167307692307685
0 0.90375 0.9426730769230769 0.04701704545454546 0.04634615384615389
0 0.88515625 0.981173076923077 0.047471590909090915 0.037423076923076996
0 0.8697372159090909 0.9572019230769231 0.042372159090909085 0.037250000000000005
0 0.8548650568181818 0.8980192307692308 0.033735795454545456 0.054153846153846205
0 0.7454261363636363 0.9076442307692308 0.08474431818181821 0.04413461538461536
0 0.6995241477272727 0.8870865384615384 0.04052556818181818 0.02063461538461531
0 0.9747017045454546 0.6355961538461539 0.050596590909090904 0.10080769230769233
0 0.6546661931818182 0.743923076923077 0.02771306818181817 0.026115384615384585
0 0.7033877840909091 0.859923076923077 0.03169034090909091 0.034384615384615375
0 0.7113636363636364 0.8486153846153845 0.021903409090909074 0.026961538461538537
0 0.7820170454545454 0.6973846153846154 0.025823863636363645 0.07673076923076919
0 0.8432102272727273 0.9500576923076922 0.08176136363636365 0.04857692307692317
0 0.8221093749999999 0.9230096153846155 0.04848011363636365 0.05521153846153842
0 0.8701988636363637 0.9142211538461538 0.12303977272727273 0.10851923076923078
0 0.9516690340909091 0.8157115384615385 0.09589488636363637 0.027192307692307665
0 0.9401420454545455 0.8171153846153846 0.08713068181818183 0.06176923076923078
0 0.8379474431818181 0.8143461538461538 0.0873153409090909 0.021153846153846155
0 0.8338068181818181 0.2068653846153846 0.03525568181818181 0.06930769230769232
0 0.9041761363636364 0.8110673076923077 0.04576704545454544 0.0360192307692308
0 0.7068252840909091 0.7952692307692307 0.07276988636363635 0.03276923076923081
0 0.6702343749999999 0.8120384615384615 0.033025568181818184 0.12750000000000003
0 0.6568110795454545 0.8050865384615384 0.05623579545454542 0.06509615384615378
0 0.5161647727272727 0.8261634615384615 0.02306818181818183 0.025519230769230735
0 0.6364346590909091 0.7141538461538461 0.035255681818181846 0.05261538461538464
0 0.644140625 0.7048942307692307 0.026576704545454556 0.03763461538461537
0 0.6875568181818181 0.7278269230769231 0.06278409090909089 0.0743076923076924
0 0.8817116477272727 0.5922019230769231 0.019446022727272725 0.0717115384615384
0 0.8959303977272728 0.6397403846153846 0.017088068181818183 0.05674999999999998
0 0.8046590909090909 0.15283653846153844 0.04170454545454543 0.08086538461538462
0 0.9059232954545454 0.6971346153846154 0.01696022727272728 0.21834615384615377
0 0.7151917613636364 0.8379519230769231 0.03515625 0.033865384615384644
0 0.8926420454545454 0.0060384615384615386 0.02508522727272727 0.012076923076923077
0 0.3291122159090909 0.17803846153846156 0.06302556818181819 0.08692307692307692
0 0.22749999999999992 0.3673557692307692 0.04582386363636362 0.03744230769230769
0 0.2351917613636364 0.33142307692307693 0.03754261363636357 0.04323076923076927
0 0.21434659090909092 0.3616346153846154 0.028380681818181843 0.0628461538461538
0 0.16631392045454552 0.3648942307692308 0.043224431818181745 0.11267307692307693
0 0.19700994318181808 0.41949038461538457 0.01728693181818176 0.09636538461538459
0 0.3516477272727273 0.33899038461538455 0.014318181818181876 0.022673076923076907
0 0.8464630681818182 0.2487403846153846 0.020113636363636358 0.08686538461538462
0 0.3477840909090909 0.3519711538461538 0.01696022727272727 0.0184423076923077
0 0.3556178977272727 0.3090096153846154 0.020355113636363612 0.025865384615384592
0 0.3625142045454546 0.33212499999999995 0.017102272727272758 0.028519230769230793
0 0.37069602272727276 0.29955769230769225 0.037073863636363585 0.03892307692307689
0 0.5994105113636363 0.7688461538461538 0.019019886363636343 0.028846153846153848
0 0.3647230113636364 0.3817788461538461 0.02782670454545451 0.07278846153846152
0 0.37554687499999995 0.35938461538461536 0.022400568181818157 0.04611538461538465
0 0.3505468749999999 0.46575961538461536 0.04288352272727272 0.038596153846153836
0 0.3357457386363637 0.4862403846153846 0.056377840909090905 0.0330192307692308
0 0.33030539772727263 0.4122692307692308 0.042457386363636426 0.07249999999999998
0 0.8333380681818182 0.2527019230769231 0.02508522727272727 0.03582692307692307
0 0.7659161931818181 0.8910961538461538 0.05228693181818182 0.09099999999999998
0 0.6574360795454546 0.9683653846153847 0.016036931818181808 0.06326923076923073
0 0.8446875 0.986826923076923 0.060539772727272734 0.02549999999999998
0 0.7009872159090909 0.9676153846153847 0.03467329545454545 0.06319230769230771
0 0.6824289772727272 0.9644615384615385 0.02755681818181819 0.06765384615384616
0 0.5212286931818182 0.8838269230769231 0.042826704545454515 0.03226923076923083
0 0.6413210227272728 0.7667884615384616 0.02943181818181818 0.040846153846153865
0 0.50078125 0.4266153846153846 0.04309659090909095 0.06157692307692304
0 0.5311647727272728 0.43858653846153844 0.02363636363636362 0.04248076923076924
0 0.5256676136363636 0.41137500000000005 0.06318181818181821 0.026403846153846135
0 0.6326207386363636 0.06956730769230769 0.04583806818181815 0.06175
0 0.7951633522727273 0.9371634615384616 0.04208806818181821 0.050557692307692345
0 0.7649857954545455 0.9657692307692307 0.05284090909090911 0.06715384615384608
0 0.9878835227272728 0.31337499999999996 0.0128125 0.02613461538461539
0 0.9730113636363636 0.34213461538461537 0.0455965909090909 0.039076923076923065
0 0.9078977272727273 0.30938461538461537 0.029829545454545456 0.03857692307692308
0 0.6186150568181819 0.9680961538461538 0.04563920454545454 0.06292307692307686
0 0.5461221590909091 0.8735096153846155 0.04420454545454538 0.04455769230769234
0 0.5100284090909091 0.7520576923076924 0.08113636363636365 0.03403846153846152
0 0.5105539772727272 0.7431442307692308 0.056590909090909136 0.045480769230769186
0 0.5146235795454546 0.6743846153846154 0.027997159090909062 0.042576923076923054
0 0.8488210227272728 0.01467307692307692 0.03678977272727271 0.027538461538461536
0 0.9905965909090909 0.12626923076923077 0.01880681818181818 0.08180769230769232
0 0.5963494318181818 0.9745576923076923 0.016164772727272722 0.029576923076923178
0 0.46448863636363635 0.706173076923077 0.07420454545454547 0.06869230769230764
0 0.4906676136363637 0.7144519230769231 0.02809659090909087 0.03874999999999996
0 0.5156392045454545 0.7015961538461539 0.03434659090909092 0.0405
0 0.5354616477272728 0.6829711538461538 0.025696022727272692 0.07455769230769227
0 0.6052911931818181 0.6044711538461539 0.0574289772727272 0.03713461538461539
0 0.8509588068181818 0.5811538461538462 0.053480113636363645 0.0743846153846154
0 0.9501136363636363 0.44816346153846154 0.019119318181818182 0.036173076923076926
0 0.9746377840909091 0.4575288461538462 0.05072443181818182 0.05775
0 0.9334730113636364 0.4910384615384615 0.04572443181818182 0.06438461538461536
0 0.728046875 0.13327884615384616 0.05180397727272727 0.07255769230769231
0 0.9042258522727272 0.5353076923076924 0.0408096590909091 0.035076923076923096
0 0.8958877840909091 0.48615384615384616 0.04757102272727274 0.035153846153846154
0 0.9160582386363636 0.5497788461538461 0.06524147727272728 0.06144230769230767
0 0.98703125 0.5377980769230769 0.025937500000000002 0.04517307692307683
0 0.9598792613636363 0.5271826923076923 0.04103693181818181 0.06459615384615391
0 0.9694673295454546 0.580076923076923 0.04961647727272727 0.05503846153846155
0 0.4022798295454546 0.92925 0.09592329545454549 0.05980769230769224
0 0.8119460227272728 0.634451923076923 0.05965909090909089 0.07686538461538456
0 0.5105113636363636 0.896451923076923 0.03161931818181817 0.033673076923077014
0 0.5354829545454546 0.9106249999999999 0.027471590909090873 0.024211538461538413
0 0.8142684659090909 0.3071634615384615 0.039531249999999976 0.07355769230769231
0 0.5591477272727272 0.9112211538461538 0.03599431818181815 0.0324807692307692
0 0.5664559659090909 0.9338076923076923 0.04362215909090906 0.02746153846153852
0 0.5633877840909092 0.9547788461538462 0.038565340909090876 0.022749999999999968
0 0.5322585227272727 0.9420576923076923 0.04971590909090909 0.03703846153846152
0 0.4901917613636364 0.9352884615384616 0.03279829545454542 0.03484615384615385
0 0.5257883522727272 0.9521153846153847 0.03552556818181825 0.02192307692307699
0 0.5074076704545455 0.9448076923076922 0.040696022727272775 0.06242307692307689
0 0.5368536931818182 0.9697115384615385 0.02953124999999995 0.025
0 0.581590909090909 0.9751346153846153 0.02071022727272733 0.02996153846153854
0 0.6035795454545454 0.9675865384615384 0.04767045454545455 0.06482692307692303
0 0.8847301136363637 0.11915384615384615 0.03323863636363635 0.11
0 0.2924502840909091 0.940875 0.033963068181818136 0.09082692307692311
0 0.26546875000000003 0.9532403846153845 0.029687499999999888 0.07305769230769221
0 0.2910866477272728 0.9834519230769231 0.021491477272727266 0.0282884615384615
0 0.4270099431818182 0.9395384615384614 0.08975852272727272 0.022961538461538457
0 0.5719744318181817 0.9823076923076922 0.04818181818181821 0.034576923076923005
0 0.5348650568181819 0.9899615384615384 0.055582386363636355 0.020076923076923072
0 0.2359374999999999 0.9533076923076924 0.028607954545454527 0.040730769230769244
0 0.32019886363636363 0.96025 0.019460227272727258 0.07946153846153844
0 0.3011647727272727 0.9823846153846154 0.027329545454545467 0.03523076923076922
0 0.3800213068181818 0.7890384615384615 0.02461647727272725 0.032807692307692315
0 0.7308664772727274 0.11644230769230769 0.025653409090909095 0.029846153846153852
0 0.3978196022727273 0.79425 0.019815340909090973 0.054692307692307686
0 0.3228693181818182 0.7893942307692308 0.042414772727272745 0.07178846153846151
0 0.35615056818181823 0.7289038461538461 0.06184659090909094 0.03311538461538456
0 0.35526278409090917 0.7764807692307691 0.026718750000000003 0.04842307692307694
0 0.34801136363636365 0.8327788461538461 0.02482954545454548 0.04390384615384613
0 0.2600284090909092 0.3080096153846154 0.03721590909090908 0.09513461538461539
0 0.49024147727272727 0.7928461538461538 0.04613636363636366 0.07330769230769221
0 0.7335014204545454 0.7422596153846154 0.036946022727272716 0.05378846153846148
0 0.2906463068181818 0.8819230769230769 0.0359232954545454 0.047807692307692225
0 0.3532102272727272 0.8395576923076924 0.02590909090909084 0.03423076923076925
0 0.7733664772727272 0.15073076923076922 0.04568181818181818 0.05350000000000001
0 0.47367897727272734 0.9750769230769231 0.05113636363636364 0.04930769230769228
0 0.467890625 0.9872596153846154 0.018764204545454518 0.025403846153846225
0 0.3773863636363637 0.955798076923077 0.031136363636363577 0.08786538461538461
0 0.35771306818181814 0.9651634615384616 0.01812499999999999 0.06963461538461546
0 0.41295454545454546 0.9731346153846153 0.05249999999999997 0.05373076923076923
0 0.034375000000000044 0.9616538461538462 0.030198863636363624 0.02426923076923078
0 0.033117897727272805 0.9380192307692308 0.028934659090909098 0.03065384615384615
0 0.052144886363636456 0.9207403846153845 0.026846590909090876 0.053480769230769235
0 0.00866477272727273 0.9886250000000001 0.017329545454545518 0.022749999999999968
0 0.08799005681818184 0.874875 0.06143465909090909 0.04186538461538458
0 0.7537002840909091 0.13810576923076923 0.014389204545454538 0.02505769230769231
0 0.00789062500000004 0.8418557692307692 0.015497159090909046 0.03113461538461538
0 0.0482031249999999 0.8984711538461538 0.03166193181818193 0.049980769230769245
0 0.053963068181818175 0.8620769230769231 0.03874999999999996 0.03703846153846163
0 0.2295028409090908 0.7746538461538461 0.02119318181818176 0.03915384615384618
0 0.25792613636363637 0.8236826923076924 0.09019886363636355 0.03713461538461539
0 0.2601917613636363 0.8220576923076923 0.013338068181818163 0.08507692307692298
0 0.27327414772727276 0.7232692307692308 0.06683238636363638 0.12249999999999998
0 0.39237215909090917 0.6673076923076923 0.08406250000000001 0.038538461538461466
0 0.37024857954545454 0.69675 0.029360795454545476 0.0452692307692307
0 0.1744105113636365 0.4136057692307692 0.033508522727272776 0.06998076923076926
0 0.7621732954545455 0.23234615384615384 0.02786931818181819 0.01957692307692306
0 0.24630681818181832 0.5245961538461538 0.016562499999999956 0.04765384615384621
0 0.38065340909090917 0.48682692307692305 0.05454545454545459 0.05834615384615385
0 0.3756036931818182 0.5333365384615385 0.04984375000000005 0.041942307692307695
0 0.4059090909090909 0.5278557692307693 0.029630681818181837 0.03648076923076928
0 0.4323721590909091 0.5082403846153847 0.054715909090909065 0.04236538461538462
0 0.429921875 0.4953557692307692 0.06214488636363636 0.06459615384615386
0 0.6269957386363636 0.6509711538461538 0.027116477272727237 0.07505769230769226
0 0.33867897727272733 0.9587211538461538 0.022954545454545408 0.08255769230769232
0 0.28100142045454557 0.7585673076923076 0.03092329545454535 0.07375000000000004
0 0.2993394886363636 0.7500192307692307 0.06200284090909096 0.14926923076923077
0 0.7705681818181819 0.21447115384615387 0.06022727272727273 0.029173076923076927
0 0.30735795454545456 0.8199807692307692 0.0527556818181818 0.06423076923076919
0 0.05294034090909083 0.39949038461538466 0.03088068181818183 0.0989038461538461
0 0.10856534090909098 0.35764423076923074 0.02258522727272724 0.057096153846153845
0 0.11853693181818192 0.30736538461538465 0.02852272727272733 0.07488461538461538
0 0.08512784090909098 0.34098076923076925 0.051448863636363515 0.07326923076923081
0 0.07522727272727281 0.3520192307692308 0.04017045454545451 0.10353846153846155
0 0.057904829545454506 0.331375 0.03333806818181822 0.058480769230769225
0 0.08955965909090902 0.2877403846153846 0.03252840909090906 0.10182692307692305
0 0.2657244318181817 0.3625865384615385 0.05261363636363639 0.07121153846153847
0 0.25573863636363636 0.33478846153846153 0.013465909090909117 0.08184615384615385
0 0.7095809659090909 0.11939423076923077 0.02666193181818183 0.029519230769230787
0 0.08644886363636362 0.2639903846153846 0.04582386363636362 0.08521153846153846
0 0.012855113636363602 0.23600961538461537 0.025710227272727305 0.01717307692307691
0 0.06891335227272744 0.6175096153846155 0.01933238636363638 0.038288461538461584
0 0.04381392045454546 0.11753846153846155 0.08751420454545457 0.12165384615384617
0 0.1956960227272727 0.321 0.02451704545454544 0.05196153846153848
0 0.20979403409090902 0.3089134615384615 0.028963068181818163 0.04078846153846155
0 0.23118607954545456 0.2675865384615384 0.025241477272727245 0.048634615384615366
0 0.3241761363636363 0.15617307692307694 0.12835227272727276 0.06511538461538462
0 0.13672585227272738 0.190125 0.021122159090909098 0.039480769230769236
0 0.06021306818181815 0.09747115384615385 0.03823863636363647 0.05482692307692307
0 0.9169815340909091 0.02569230769230769 0.02819602272727273 0.04223076923076923
0 0.4309517045454545 0.06672115384615385 0.017215909090909098 0.058134615384615396
0 0.012223011363636349 0.05643269230769231 0.024360795454545423 0.03282692307692309
0 0.0938139204545454 0.09298076923076923 0.11259943181818179 0.18465384615384614
0 0.27231534090909093 0.09530769230769232 0.06045454545454554 0.10976923076923077
0 0.04925426136363631 0.1473365384615385 0.09850852272727276 0.0248653846153846
0 0.07235795454545457 0.03400961538461538 0.04897727272727259 0.06478846153846153
0 0.6012428977272727 0.23084615384615384 0.05072443181818179 0.040615384615384595
0 0.08760653409090902 0.57775 0.057457386363636266 0.07426923076923078
0 0.073359375 0.5655288461538461 0.06973011363636368 0.05932692307692312
0 0.016598011363636256 0.588 0.033196022727272734 0.044769230769230714
0 0.028238636363636327 0.8082692307692306 0.027386363636363598 0.06234615384615388
0 0.7748792613636364 0.2573173076923077 0.04163352272727269 0.03059615384615384
0 0.01297585227272724 0.7833076923076923 0.02595170454545452 0.019999999999999955
0 0.012208806818181817 0.7910769230769231 0.021747159090909015 0.048884615384615415
0 0.006889204545454608 0.8147980769230769 0.013778409090909155 0.02690384615384617
0 0.058877840909090984 0.6428846153846153 0.018607954545454577 0.02750000000000002
0 0.08027698863636379 0.6487692307692308 0.01401988636363637 0.036653846153846155
0 0.06963778409090904 0.6564615384615385 0.010639204545454558 0.04223076923076919
0 0.02867897727272739 0.6278269230769231 0.04312500000000002 0.03584615384615393
0 0.01158380681818183 0.6426249999999999 0.02316761363636356 0.03721153846153839
0 0.007727272727272805 0.659451923076923 0.015340909090909188 0.05225000000000003
0 0.5807457386363637 0.6983269230769231 0.03751420454545458 0.02980769230769231
0 0.6544460227272728 0.11677884615384615 0.02596590909090909 0.09563461538461539
0 0.025454545454545507 0.6831923076923077 0.03329545454545446 0.04200000000000006
0 0.04171164772727276 0.7163653846153846 0.04223011363636366 0.04288461538461541
0 0.007911931818181728 0.7112019230769231 0.01582386363636362 0.0514807692307692
0 0.01960937500000004 0.7324038461538462 0.019048295454545408 0.07630769230769233
0 0.017258522727272685 0.7485673076923077 0.03451704545454539 0.03394230769230765
0 0.05421875000000009 0.8067019230769231 0.011420454545454655 0.033211538461538424
0 0.04643465909090916 0.8160096153846154 0.014375000000000006 0.0574423076923077
0 0.03270596590909092 0.8775 0.018167613636363586 0.1155
0 0.0683167613636364 0.8087403846153847 0.02365056818181815 0.061519230769230784
0 0.16657670454545448 0.5977692307692308 0.04122159090909088 0.03242307692307684
0 0.8060653409090909 0.2614423076923077 0.03775568181818181 0.04853846153846153
0 0.13921874999999995 0.6403173076923078 0.04781250000000012 0.08348076923076928
0 0.0499644886363636 0.6604038461538461 0.03348011363636371 0.0357307692307692
0 0.05615767045454556 0.6877211538461538 0.03276988636363643 0.03548076923076921
0 0.0565980113636364 0.7451634615384616 0.0659801136363637 0.0229038461538462
0 0.08272727272727276 0.7234134615384614 0.04758522727272727 0.07171153846153851
0 0.09964488636363633 0.6064230769230768 0.04443181818181814 0.09688461538461537
0 0.10404119318181815 0.6551442307692308 0.03561079545454537 0.05186538461538467
0 0.10843750000000008 0.627548076923077 0.032386363636363574 0.05248076923076927
0 0.09416903409090915 0.6832019230769231 0.04606534090909084 0.03090384615384614
0 0.09788352272727263 0.7359903846153847 0.047897727272727314 0.08328846153846155
0 0.8634517045454546 0.25311538461538463 0.02948863636363637 0.04396153846153849
0 0.1560156250000001 0.8252788461538462 0.02279829545454555 0.03651923076923079
0 0.16868607954545456 0.778375 0.03098011363636356 0.052326923076923146
0 0.18782670454545458 0.7780096153846153 0.04593750000000005 0.03182692307692299
0 0.20011363636363633 0.7597211538461539 0.031335227272727195 0.018788461538461504
0 0.18627130681818183 0.748576923076923 0.05328124999999999 0.0297307692307693
0 0.10892755681818178 0.7645673076923076 0.04225852272727273 0.05721153846153846
0 0.0919034090909091 0.8113653846153845 0.03389204545454547 0.07242307692307696
0 0.14402698863636365 0.7911538461538461 0.025298295454545375 0.039000000000000055
0 0.1295951704545455 0.8327115384615384 0.04248579545454557 0.15923076923076926
0 0.2246519886363636 0.5134134615384616 0.03109374999999998 0.06767307692307692
0 0.7851633522727273 0.19995192307692305 0.05359375000000002 0.018173076923076927
0 0.13688210227272724 0.6795000000000001 0.030838068181818234 0.05569230769230765
0 0.1607741477272726 0.7457211538461538 0.07876420454545445 0.06482692307692303
0 0.12984375000000015 0.7284326923076923 0.028551136363636397 0.06571153846153849
0 0.15006392045454542 0.7381538461538462 0.022400568181818157 0.04569230769230778
0 0.15208096590909104 0.7025961538461539 0.02316761363636372 0.032038461538461585
0 0.19802556818181827 0.700125 0.026534090909090837 0.07124999999999991
0 0.23583096590909092 0.730826923076923 0.048650568181818184 0.06980769230769233
0 0.264637784090909 0.5654711538461538 0.04271306818181817 0.052980769230769255
0 0.2343323863636364 0.6132884615384615 0.06323863636363634 0.045230769230769304
0 0.23688920454545448 0.6167692307692308 0.044971590909090864 0.16880769230769235
0 0.7548153409090909 0.1402596153846154 0.040170454545454544 0.0318653846153846
0 0.23933948863636367 0.5865192307692307 0.03725852272727275 0.03257692307692307
0 0.17714488636363646 0.6280769230769231 0.044119318181818266 0.09003846153846153
0 0.19824573863636374 0.6470865384615385 0.03865056818181807 0.08874999999999995
0 0.2471235795454546 0.6572884615384614 0.07992897727272724 0.06915384615384612
0 0.14246448863636374 0.04126923076923077 0.0867187500000001 0.08253846153846155
0 0.11186079545454541 0.09781730769230768 0.05730113636363625 0.10124999999999999
0 0.1739985795454545 0.15802884615384616 0.04285511363636374 0.16167307692307692
0 0.17169034090909097 0.16790384615384615 0.055653409090909184 0.023538461538461557
0 0.21549715909090916 0.10663461538461538 0.05196022727272733 0.1003076923076923
0 0.20653409090909092 0.17538461538461536 0.030539772727272728 0.05592307692307692
0 0.9063423295454546 0.26738461538461544 0.03163352272727272 0.025307692307692302
0 0.22581676136363626 0.17063461538461538 0.016889204545454527 0.026923076923076925
0 0.24311789772727266 0.16058653846153845 0.020127840909090852 0.02682692307692308
0 0.21200284090909094 0.21709615384615386 0.045795454545454556 0.08488461538461542
0 0.25225852272727256 0.2586538461538462 0.05514204545454553 0.07026923076923078
0 0.2860511363636363 0.23950000000000002 0.04534090909090911 0.11084615384615387
0 0.9262073863636364 0.43764423076923076 0.029659090909090913 0.026865384615384614
0 0.9240269886363637 0.47498076923076926 0.01964488636363636 0.04834615384615387
0 0.40124289772727273 0.38298076923076924 0.04796875000000005 0.15792307692307694
0 0.7219957386363636 0.8089038461538461 0.07907670454545457 0.07957692307692307
0 0.793671875 0.7786923076923077 0.016463068181818186 0.023038461538461574
0 0.9761363636363636 0.6259134615384616 0.04772727272727273 0.03290384615384607
0 0.10387784090909091 0.934826923076923 0.01434659090909078 0.053499999999999985
0 0.36134232954545453 0.784875 0.017911931818181837 0.026519230769230698
0 0.7401775568181819 0.9832403846153845 0.039928977272727255 0.03351923076923078
0 0.9729048295454545 0.9273846153846154 0.04799715909090909 0.03996153846153841
0 0.12121448863636364 0.5553653846153846 0.023622159090909086 0.019230769230769232
0 0.13456676136363643 0.5671538461538461 0.017684659090909157 0.027000000000000038
0 0.16048295454545458 0.5589326923076923 0.03451704545454539 0.051788461538461554
0 0.19203835227272714 0.9789423076923077 0.02044034090909089 0.04211538461538457
0 0.22579545454545458 0.9867211538461539 0.013153409090909078 0.026403846153846187
0 0.3225710227272728 0.9099711538461539 0.06656249999999994 0.02674999999999994
0 0.8325994318181819 0.13992307692307693 0.03977272727272727 0.05769230769230771
0 0.30611505681818185 0.9168942307692307 0.03509943181818187 0.053480769230769235
0 0.9594886363636363 0.9921057692307692 0.020909090909090912 0.015749999999999997
0 0.2965767045454545 0.30044230769230773 0.01772727272727267 0.10038461538461542
0 0.3450568181818182 0.42964423076923075 0.06536931818181815 0.05082692307692309
0 0.33833096590909095 0.4231346153846154 0.016349431818181805 0.022153846153846118
0 0.3772727272727273 0.4552596153846154 0.026278409090909092 0.03974999999999997
0 0.32830255681818177 0.13140384615384615 0.06132102272727267 0.03723076923076924
0 0.3439417613636363 0.09859615384615383 0.014900568181818195 0.023230769230769242
0 0.31982954545454545 0.0830673076923077 0.04349431818181819 0.07721153846153847
0 0.3447656250000001 0.04333653846153846 0.04467329545454544 0.08667307692307692
0 0.7899147727272727 0.08216346153846153 0.046250000000000006 0.049596153846153845
0 0.8709232954545454 0.2676923076923077 0.07377840909090909 0.08769230769230768
0 0.36455965909090904 0.02635576923076923 0.08053977272727271 0.05271153846153846
0 0.3163352272727272 0.04249038461538461 0.10284090909090905 0.07467307692307693
0 0.4512997159090909 0.41971153846153847 0.08757102272727278 0.07965384615384619
0 0.32110085227272733 0.2891923076923077 0.028110795454545402 0.047730769230769216
0 0.38196732954545454 0.32898076923076924 0.02856534090909085 0.06542307692307694
0 0.45139914772727274 0.2740576923076923 0.1273153409090909 0.11834615384615386
0 0.6344247159090909 0.39792307692307693 0.11166193181818183 0.11092307692307689
0 0.46101562500000004 0.09554807692307693 0.0777414772727273 0.02882692307692308
0 0.4618607954545454 0.10832692307692307 0.11690340909090911 0.057192307692307695
0 0.5969744318181818 0.19530769230769232 0.19139204545454547 0.045269230769230756
0 0.9087002840909091 0.07214423076923077 0.024275568181818176 0.03263461538461538
0 0.5381747159090908 0.32780769230769224 0.09061079545454541 0.1336153846153846
0 0.6947940340909091 0.5065673076923077 0.017571022727272734 0.0473269230769231
0 0.464559659090909 0.30255769230769225 0.0615340909090909 0.0735384615384615
0 0.4984161931818182 0.34302884615384616 0.04447443181818182 0.11086538461538457
0 0.5039985795454545 0.3810192307692308 0.07973011363636363 0.029153846153846148
0 0.6306747159090909 0.4144326923076923 0.10490056818181817 0.07444230769230771
0 0.7594531250000001 0.5276442307692307 0.11336647727272728 0.11332692307692303
0 0.7078622159090909 0.445701923076923 0.05157670454545455 0.0565576923076923
0 0.7327982954545454 0.44525 0.0602556818181818 0.05046153846153848
0 0.7420596590909091 0.5078653846153846 0.08383522727272724 0.1074615384615384
0 0.5534588068181818 0.02015384615384615 0.07521306818181817 0.03188461538461538
0 0.9208096590909091 0.3819903846153846 0.028011363636363636 0.038134615384615406
0 0.8959232954545454 0.38202884615384614 0.02744318181818183 0.04005769230769228
0 0.4336150568181818 0.7813365384615385 0.048991477272727284 0.18201923076923074
0 0.633359375 0.6306442307692308 0.042286931818181835 0.06017307692307685
0 0.5882244318181818 0.7247211538461539 0.03093749999999996 0.052903846153846135
0 0.27122159090909104 0.19322115384615385 0.029573863636363707 0.021557692307692295
0 0.1544247159090909 0.9282115384615384 0.024502840909090908 0.03157692307692311
0 0.11291193181818182 0.21367307692307694 0.07176136363636361 0.07861538461538463
0 0.18132812499999995 0.5253173076923077 0.03654829545454548 0.061634615384615406
0 0.8847372159090909 0.7121538461538461 0.09302556818181819 0.19311538461538455
0 0.616768465909091 0.11841346153846155 0.05495738636363636 0.05878846153846154
0 0.5224786931818182 0.5063461538461538 0.04288352272727272 0.025153846153846124
0 0.5442045454545454 0.561326923076923 0.022727272727272728 0.018769230769230753
0 0.31255681818181813 0.3779326923076923 0.02653409090909092 0.06521153846153846
0 0.03140624999999997 0.9783076923076923 0.03406250000000002 0.04338461538461539
0 0.2996448863636364 0.4294423076923077 0.016761363636363654 0.03403846153846152
0 0.5933025568181818 0.6481057692307692 0.044048295454545444 0.05621153846153849
0 0.056221590909090846 0.963875 0.015568181818181709 0.027673076923077005
0 0.9840767045454546 0.28557692307692306 0.01565340909090909 0.02757692307692303
0 0.4976207386363636 0.5271346153846154 0.023565340909090956 0.018576923076923126
0 0.25810369318181825 0.5074134615384616 0.048167613636363675 0.05671153846153848
0 0.5272017045454545 0.05338461538461538 0.0654829545454545 0.034846153846153846
0 0.05183948863636367 0.9875865384615384 0.014588068181818155 0.024365384615384646
0 0.9717755681818182 0.30340384615384614 0.021875000000000002 0.02423076923076922
0 0.036825284090909016 0.5425480769230769 0.023792613636363636 0.028480769230769126
0 0.5156463068181818 0.5245576923076922 0.02515624999999997 0.01757692307692305
0 0.6399786931818182 0.22792307692307695 0.04933238636363635 0.055884615384615415
0 0.205078125 0.8867211538461539 0.03453124999999992 0.05905769230769227
0 0.9419176136363636 0.32079807692307694 0.04150568181818182 0.0360192307692308
0 0.1771164772727274 0.94675 0.027414772727272826 0.027692307692307648
0 0.6116690340909091 0.8386923076923077 0.012514204545454549 0.027807692307692377
0 0.77859375 0.7458750000000001 0.059147727272727255 0.023557692307692307
0 0.9375355113636363 0.22179807692307693 0.01788352272727273 0.04336538461538461
0 0.3001633522727273 0.4621442307692308 0.01348011363636365 0.03355769230769229
0 0.020404829545454528 0.5613653846153845 0.02171874999999995 0.023538461538461446
0 0.3032954545454545 0.47777884615384614 0.04619318181818179 0.04201923076923076
0 0.5865340909090908 0.6384423076923077 0.057301136363636325 0.06265384615384613
0 0.43555397727272727 0.7552788461538462 0.02005681818181819 0.02224999999999999
0 0.16285511363636374 0.8557307692307693 0.012301136363636318 0.03100000000000001
0 0.9534090909090909 0.3344134615384615 0.058522727272727275 0.04155769230769228
0 0.039382102272727315 0.5742019230769232 0.04501420454545462 0.03524999999999997
0 0.8261931818181818 0.3427980769230769 0.039403409090909086 0.0991346153846154
0 0.1292897727272727 0.8470576923076923 0.06926136363636362 0.06934615384615385
0 0.9691974431818182 0.23338461538461538 0.023764204545454547 0.033615384615384596
0 0.5527059659090909 0.762173076923077 0.013309659090909098 0.024461538461538406
0 0.1398721590909091 0.885798076923077 0.026619318181818195 0.04067307692307688
0 0.6887926136363637 0.17175 0.1237215909090909 0.08676923076923078
0 0.5429616477272727 0.5279807692307692 0.029815340909090923 0.051730769230769184
0 0.7576136363636363 0.7969134615384615 0.04778409090909093 0.028365384615384615
0 0.6704829545454545 0.9110288461538462 0.01678977272727272 0.06001923076923073
0 0.8508167613636364 0.31990384615384615 0.021008522727272737 0.028461538461538483
0 0.7419318181818182 0.8844903846153847 0.013948863636363627 0.07332692307692307
0 0.7386931818181819 0.2381346153846154 0.02210227272727273 0.0658076923076923
0 0.7237357954545454 0.2641346153846154 0.012073863636363636 0.03553846153846152
0 0.4979190340909091 0.027307692307692307 0.05822443181818175 0.054615384615384614
0 0.1280681818181818 0.8750384615384615 0.034772727272727295 0.035461538461538454
0 0.4662357954545455 0.7441538461538463 0.031164772727272725 0.043192307692307655
0 0.7027414772727273 0.27871153846153846 0.011704545454545428 0.025807692307692285
0 0.1928906250000001 0.8788173076923077 0.0261789772727272 0.022096153846153863
0 0.4727627840909091 0.6390673076923077 0.01711647727272729 0.014711538461538418
0 0.22337357954545456 0.41248076923076926 0.02708806818181809 0.03853846153846152
0 0.7471022727272727 0.6720673076923077 0.06244318181818183 0.047711538461538465
0 0.3180113636363636 0.5061634615384616 0.03664772727272721 0.04698076923076924
0 0.949921875 0.4215480769230769 0.015980113636363643 0.0291730769230769
0 0.04546164772727268 0.49752884615384624 0.044446022727272674 0.04932692307692314
0 0.8701349431818182 0.016721153846153847 0.022286931818181813 0.03221153846153846
0 0.433203125 0.6355192307692308 0.02842329545454544 0.04576923076923079
0 0.5134446022727273 0.8187692307692308 0.08955965909090911 0.1077307692307692
0 0.5502982954545454 0.7382019230769231 0.03008522727272728 0.038480769230769214
0 0.5698863636363636 0.8619807692307693 0.03247159090909093 0.04365384615384613
0 0.5524928977272727 0.8246346153846154 0.02396306818181819 0.02603846153846147
0 0.46979403409090914 0.8466923076923076 0.01813920454545452 0.02042307692307682
0 0.5645099431818181 0.6949519230769231 0.02862215909090914 0.0502884615384615
0 0.7866051136363637 0.7919423076923077 0.014147727272727284 0.033807692307692386
0 0.4535085227272727 0.8379615384615384 0.03889204545454545 0.03550000000000007
0 0.5520667613636363 0.6644807692307692 0.02697443181818175 0.06626923076923073
0 0.5816832386363636 0.14960576923076924 0.04217329545454545 0.07436538461538461
0 0.09124289772727279 0.97925 0.025667613636363548 0.04111538461538461
0 0.4844176136363636 0.8373173076923076 0.01835227272727275 0.022749999999999968
0 0.47916903409090916 0.8583653846153847 0.03475852272727269 0.02453846153846152
0 0.4698224431818182 0.8735288461538462 0.0488494318181818 0.02982692307692306
0 0.0848863636363636 0.9356538461538462 0.023977272727272722 0.05550000000000003
0 0.48558948863636364 0.8863942307692306 0.047173295454545426 0.0544807692307692
0 0.4522869318181818 0.9103461538461538 0.02150568181818188 0.0488461538461538
0 0.4672088068181818 0.9173942307692308 0.01941761363636366 0.02817307692307688
0 0.7591832386363636 0.8550673076923077 0.04080965909090912 0.056519230769230745
0 0.7309943181818181 0.8288846153846153 0.016505681818181826 0.07569230769230773
0 0.8787215909090909 0.036144230769230776 0.016022727272727275 0.04567307692307692
0 0.9343181818181818 0.26103846153846155 0.019119318181818182 0.03849999999999999
0 0.8102627840909091 0.7681250000000001 0.028366477272727272 0.04155769230769234
0 0.0564701704545455 0.9142884615384615 0.050639204545454675 0.04692307692307688
0 0.7197159090909091 0.034125 0.05832386363636364 0.06825
0 0.8300497159090909 0.7709134615384615 0.037059659090909094 0.08055769230769227
0 0.5097372159090909 0.8506346153846155 0.027002840909090896 0.0291538461538462
0 0.13953835227272715 0.9300865384615384 0.026832386363636343 0.06405769230769232
0 0.8313139204545454 0.7369519230769231 0.048167613636363654 0.022865384615384697
0 0.11880681818181815 0.9194711538461539 0.020994318181818142 0.035634615384615334
0 0.14246448863636363 0.9178557692307692 0.029502840909090885 0.06190384615384615
0 0.7591903409090909 0.7682596153846154 0.02386363636363638 0.0889423076923077
0 0.9692684659090909 0.25019230769230766 0.03308238636363636 0.0631153846153846
0 0.6760014204545455 0.6320384615384615 0.034048295454545456 0.054076923076923085
0 0.8805752840909091 0.35028846153846155 0.04603693181818181 0.04915384615384616
0 0.728622159090909 0.587326923076923 0.07139204545454549 0.10211538461538455
0 0.6870099431818182 0.5858076923076924 0.030525568181818195 0.06080769230769232
0 0.6977272727272728 0.5688173076923076 0.019034090909090917 0.04455769230769234
0 0.8663068181818182 0.325923076923077 0.01102272727272728 0.031153846153846188
0 0.6729332386363636 0.5483269230769231 0.023196022727272704 0.022346153846153856
0 0.07111505681818187 0.24920192307692304 0.0358948863636365 0.06809615384615383
0 0.03161931818181818 0.33176923076923076 0.05519886363636366 0.04492307692307689
0 0.6941264204545454 0.5338269230769231 0.02498579545454546 0.04530769230769231
0 0.8928835227272727 0.10050961538461539 0.0740625 0.03982692307692308
0 0.010724431818181723 0.31182692307692306 0.021278409090909115 0.039
0 0.9378551136363636 0.41527884615384614 0.025539772727272734 0.027826923076923075
0 0.5297017045454545 0.60725 0.025142045454545438 0.01711538461538468
0 0.5905113636363637 0.5755096153846153 0.06002840909090916 0.024173076923076908
0 0.023508522727272663 0.2877211538461539 0.04187500000000002 0.04717307692307693
0 0.6714772727272726 0.31843269230769233 0.021676136363636352 0.03521153846153847
0 0.05585227272727267 0.29516346153846157 0.017159090909090968 0.02774999999999996
0 0.05354403409090913 0.23797115384615386 0.01953125 0.08855769230769232
0 0.07287642045454557 0.43396153846153845 0.04393465909090902 0.08542307692307695
0 0.5617613636363636 0.5270961538461539 0.02332386363636366 0.01919230769230762
0 0.9231321022727272 0.24554807692307692 0.0323153409090909 0.03701923076923077
0 0.4324147727272727 0.7789903846153846 0.02102272727272729 0.02451923076923077
0 0.5421732954545455 0.5211923076923076 0.030511363636363663 0.024115384615384653
0 0.38948153409090913 0.8445865384615384 0.029786931818181858 0.08671153846153852
0 0.40375000000000005 0.8856442307692307 0.07471590909090912 0.04501923076923082
0 0.41799715909090907 0.8404134615384615 0.030397727272727323 0.058288461538461546
0 0.3442258522727273 0.24240384615384616 0.04183238636363635 0.04773076923076924
0 0.4429758522727273 0.18229807692307692 0.07237215909090908 0.10944230769230769
0 0.4537926136363637 0.7884807692307693 0.036732954545454485 0.03761538461538462
0 0.3214701704545454 0.1581442307692308 0.12296875000000007 0.04978846153846154
0 0.44742897727272724 0.18012499999999998 0.1753977272727273 0.040288461538461544
0 0.47830965909090917 0.06682692307692308 0.047869318181818166 0.031000000000000003
0 0.21432528409090912 0.2657115384615385 0.021974431818181858 0.046807692307692314
0 0.1809730113636363 0.2604807692307692 0.04066761363636363 0.04846153846153849
0 0.13140624999999995 0.3974326923076923 0.028011363636363674 0.03713461538461539
0 0.10893465909090916 0.4009903846153846 0.023920454545454592 0.01421153846153849
0 0.14602982954545463 0.6015673076923077 0.017002840909090787 0.04632692307692314
0 0.13274147727272734 0.6083461538461539 0.02048295454545449 0.05811538461538456
0 0.21061789772727268 0.8333653846153847 0.022428977272727222 0.04230769230769231
0 0.17055397727272714 0.4362211538461538 0.02048295454545449 0.0428653846153846
0 0.9243181818181818 0.9806153846153846 0.024687499999999994 0.03257692307692307
0 0.9901917613636364 0.35688461538461536 0.019616477272727275 0.059653846153846175
0 0.9300497159090909 0.29177884615384614 0.03609375000000001 0.05844230769230767
0 0.045802556818181794 0.49817307692307683 0.015525568181818272 0.021769230769230756
0 0.6865625 0.13439423076923074 0.03784090909090907 0.06224999999999998
0 0.9315482954545454 0.949076923076923 0.016420454545454547 0.03284615384615382
0 0.6619815340909091 0.007307692307692308 0.016036931818181846 0.014615384615384615
0 0.5587784090909091 0.3350961538461538 0.043749999999999935 0.09119230769230773
0 0.18856534090909094 0.8492884615384615 0.0363920454545453 0.019423076923076966
0 0.20928977272727278 0.8036538461538462 0.050113636363636326 0.027192307692307776
0 0.8559019886363637 0.34057692307692305 0.022656250000000003 0.02088461538461541
0 0.7032031249999999 0.3210096153846154 0.027798295454545444 0.08786538461538461
0 0.6875355113636363 0.3447884615384616 0.03660511363636365 0.05946153846153844
0 0.7865909090909091 0.29665384615384616 0.02204545454545456 0.04438461538461541
0 0.5612997159090909 0.559298076923077 0.015866477272727296 0.01759615384615391
0 0.7302698863636363 0.17186538461538461 0.03207386363636366 0.0705
0 0.9968465909090909 0.2566538461538462 0.0063068181818181825 0.023576923076923086
0 0.18107244318181803 0.5058173076923076 0.016463068181818228 0.02309615384615383
0 0.9958522727272727 0.4092211538461539 0.008295454545454545 0.0565192307692308
0 0.7834232954545455 0.8226057692307692 0.02542613636363633 0.041326923076923094
0 0.03962357954545448 0.3067884615384615 0.027173295454545447 0.036
0 0.052066761363636305 0.5157692307692308 0.011974431818181747 0.019499999999999972
0 0.935625 0.9907884615384616 0.025511363636363627 0.018423076923076893
0 0.5195454545454545 0.6311442307692308 0.02482954545454548 0.032249999999999966
0 0.5524573863636363 0.13002884615384616 0.044318181818181805 0.09167307692307693
0 0.4702556818181818 0.676826923076923 0.037215909090909154 0.021423076923076895
0 0.44111505681818186 0.8060288461538462 0.04350852272727272 0.04051923076923076
0 0.006377840909090882 0.41754807692307694 0.012556818181818065 0.04290384615384616
0 0.32612215909090914 0.3245576923076923 0.014886363636363581 0.01888461538461537
0 0.7522372159090909 0.6742019230769231 0.04080965909090908 0.10671153846153848
0 0.4231036931818182 0.7743557692307692 0.018707386363636388 0.026596153846153815
0 0.4240198863636363 0.8108749999999999 0.038863636363636385 0.06417307692307682
0 0.6950497159090909 0.293875 0.013707386363636331 0.024442307692307652
0 0.0357812500000001 0.5098365384615384 0.022784090909091018 0.024596153846153775
0 0.5844105113636364 0.5277403846153845 0.026832386363636343 0.014288461538461552
0 0.4592897727272728 0.027124999999999996 0.04056818181818182 0.053865384615384614
0 0.9516548295454546 0.8816057692307693 0.05177556818181817 0.06463461538461542
0 0.575049715909091 0.5438365384615385 0.024105113636363595 0.018250000000000016
0 0.13834517045454542 0.2668846153846154 0.049048295454545414 0.039192307692307686
0 0.5949076704545455 0.5491153846153846 0.01984375000000004 0.023999999999999924
0 0.2764488636363637 0.20128846153846155 0.0429261363636364 0.04380769230769231
0 0.25806107954545443 0.22527884615384614 0.02044034090909089 0.025365384615384613
0 0.24460227272727275 0.2061346153846154 0.02894886363636363 0.040576923076923066
0 0.022230113636363735 0.5237980769230769 0.017244318181818163 0.03751923076923075
0 0.5771164772727273 0.913298076923077 0.04218749999999998 0.07140384615384615
0 0.9932741477272727 0.2971730769230769 0.013451704545454546 0.060038461538461534
0 0.8966477272727273 0.02008653846153846 0.02076704545454544 0.026057692307692306
0 0.19776988636363635 0.21189423076923078 0.08582386363636374 0.06317307692307692
0 0.8686860795454545 0.7391346153846154 0.047286931818181825 0.07511538461538463
0 0.2906889204545454 0.45090384615384616 0.01171875 0.01792307692307691
0 0.7661789772727272 0.7644903846153845 0.056107954545454544 0.019596153846153843
0 0.8389985795454545 0.34524038461538464 0.020355113636363633 0.017788461538461538
0 0.3384090909090909 0.3179711538461539 0.023039772727272766 0.042249999999999996
0 0.5039488636363636 0.6298942307692307 0.014431818181818218 0.019288461538461595
0 0.9261931818181819 0.28847115384615385 0.05991477272727272 0.029057692307692333
0 0.4484232954545454 0.5958365384615385 0.030198863636363624 0.032173076923076846
0 0.6021803977272727 0.5419134615384614 0.018792613636363663 0.030711538461538405
0 0.5872798295454545 0.01014423076923077 0.05129261363636366 0.02028846153846154
0 0.7592826704545454 0.06508653846153846 0.05296875000000003 0.07786538461538461
0 0.5033664772727273 0.6463365384615385 0.02556818181818182 0.02371153846153843
0 0.1834019886363637 0.4623173076923077 0.025696022727272613 0.035557692307692325
0 0.29025568181818184 0.5297403846153846 0.03863636363636362 0.06290384615384612
0 0.5308664772727273 0.7844423076923076 0.07306818181818181 0.04792307692307696
0 0.8228977272727273 0.7156538461538461 0.08874999999999998 0.04065384615384613
0 0.7216477272727273 0.23122115384615385 0.013039772727272737 0.03494230769230767
0 0.4542826704545454 0.7701538461538462 0.019815340909090973 0.02780769230769227
0 0.8753409090909091 0.31294230769230774 0.016732954545454547 0.02930769230769227
0 0.4424360795454546 0.7412115384615384 0.024644886363636317 0.02876923076923084
0 0.49202414772727276 0.6196826923076924 0.023025568181818234 0.023365384615384573
0 0.7107386363636363 0.33874999999999994 0.024630681818181822 0.025307692307692302
0 0.18478693181818184 0.8627692307692307 0.035937499999999935 0.019384615384615354
0 0.6883451704545456 0.09864423076923078 0.029076704545454544 0.018519230769230774
0 0.48921164772727266 0.6379711538461539 0.01546875000000006 0.014403846153846172
0 0.7021448863636364 0.9370096153846154 0.019289772727272704 0.032826923076923066
0 0.7193963068181818 0.9488173076923077 0.022656250000000024 0.0336346153846154
0 0.7507315340909091 0.2486442307692308 0.02879261363636365 0.034634615384615396
0 0.6894602272727273 0.2774134615384615 0.01829545454545454 0.0321346153846154
0 0.10982954545454537 0.9680384615384615 0.016874999999999994 0.052884615384615384
0 0.5783025568181819 0.8256923076923077 0.02595170454545452 0.03473076923076923
0 0.5777201704545454 0.8462596153846152 0.036576704545454544 0.028749999999999977
0 0.88671875 0.21891346153846156 0.04605113636363636 0.04355769230769229
0 0.76515625 0.7784807692307691 0.030994318181818213 0.014538461538461544
0 0.34202414772727274 0.8745 0.026093750000000006 0.041307692307692344
0 0.11671164772727272 0.9895192307692307 0.027968749999999917 0.019538461538461477
0 0.7001420454545455 0.06876923076923076 0.04036931818181821 0.059730769230769226
0 0.7400710227272727 0.9725 0.041278409090909095 0.03246153846153845
0 0.5269886363636364 0.5938557692307691 0.02323863636363638 0.013365384615384593
0 0.5079900568181819 0.6064423076923078 0.02044034090909089 0.021038461538461534
0 0.7132741477272727 0.9636923076923077 0.015866477272727254 0.02984615384615381
0 0.21151988636363628 0.9929615384615383 0.018465909090909092 0.014076923076923173
0 0.67671875 0.25279807692307693 0.03437499999999998 0.035826923076923096
0 0.6071022727272727 0.18482692307692308 0.07315340909090913 0.12530769230769231
0 0.17115767045454544 0.8934807692307692 0.017713068181818222 0.04434615384615385
0 0.17245738636363628 0.9052307692307693 0.03440340909090913 0.05565384615384615
0 0.8653338068181818 0.49265384615384616 0.07825284090909089 0.06942307692307696
0 0.74609375 0.3241826923076923 0.07454545454545457 0.10886538461538459
0 0.8438849431818182 0.038182692307692306 0.05214488636363635 0.01271153846153846
0 0.561484375 0.06908653846153845 0.11734374999999994 0.02863461538461538
0 0.8671448863636364 0.06784615384615385 0.026249999999999985 0.052576923076923084
0 0.9907741477272727 0.04331730769230769 0.018451704545454545 0.08613461538461538
0 0.49805397727272727 0.13774999999999998 0.0693465909090909 0.08096153846153847
0 0.8084303977272727 0.4074807692307692 0.05740056818181818 0.11488461538461535
0 0.5834588068181819 0.04497115384615384 0.06865056818181824 0.022826923076923078
0 0.7368536931818181 0.364576923076923 0.028053977272727272 0.08988461538461534
0 0.9475639204545454 0.11775000000000001 0.024161931818181822 0.03003846153846155
0 0.6113636363636363 0.03516346153846154 0.03943181818181817 0.03859615384615385
0 0.9374502840909091 0.11145192307692307 0.02936079545454545 0.03101923076923076
0 0.7579687500000001 0.32241346153846157 0.01775568181818182 0.1258269230769231
0 0.9605610795454546 0.028413461538461537 0.02407670454545455 0.05678846153846153
0 0.6347159090909091 0.015182692307692307 0.049744318181818195 0.03028846153846154
0 0.770234375 0.11208653846153846 0.03521306818181817 0.0265576923076923
