0 0.8157599431818182 0.17290384615384616 0.05774147727272728 0.13846153846153847
0 0.21663352272727276 0.2072019230769231 0.07715909090909082 0.09082692307692311
0 0.35616477272727276 0.6525865384615385 0.04889204545454548 0.10851923076923078
0 0.3216193181818181 0.6539134615384615 0.04235795454545454 0.10413461538461545
0 0.34941051136363643 0.5012115384615384 0.04401988636363638 0.13096153846153846
0 0.19896306818181808 0.48662500000000003 0.07338068181818178 0.11109615384615387
0 0.10191761363636365 0.39284615384615384 0.06238636363636374 0.10480769230769231
0 0.1896022727272727 0.3661826923076923 0.08892045454545458 0.09544230769230769
0 0.3439630681818181 0.3416634615384615 0.052698863636363585 0.1258269230769231
0 0.6136221590909091 0.23086538461538464 0.07244318181818182 0.13896153846153847
0 0.6041335227272727 0.28778846153846155 0.06815340909090911 0.08815384615384614
0 0.5386505681818182 0.4958076923076923 0.061335227272727284 0.08996153846153841
0 0.6699360795454545 0.08874038461538461 0.055468749999999976 0.07913461538461539
0 0.8625213068181818 0.03355769230769231 0.04580965909090909 0.06711538461538462
0 0.38739346590909096 0.9538365384615385 0.09552556818181818 0.09190384615384609
0 0.8437997159090909 0.261125 0.051150568181818186 0.19878846153846155
0 0.8858664772727273 0.32143269230769234 0.06269886363636364 0.13401923076923075
0 0.9031889204545455 0.3800576923076923 0.05115056818181818 0.06811538461538465
0 0.8231747159090909 0.3432019230769231 0.10228693181818183 0.10832692307692304
0 0.7897727272727273 0.2644711538461539 0.07011363636363638 0.0781730769230769
0 0.4633877840909091 0.19889423076923077 0.06916193181818181 0.10009615384615381
0 0.4027911931818182 0.03769230769230769 0.049417613636363586 0.07538461538461538
0 0.6968323863636363 0.4892788461538462 0.06531249999999998 0.044596153846153785
0 0.5234232954545455 0.08784615384615384 0.08417613636363636 0.10888461538461537
0 0.9717755681818182 0.44299038461538465 0.04411931818181818 0.13590384615384613
0 0.8557741477272727 0.5254711538461538 0.04282670454545456 0.060519230769230825
0 0.8020667613636363 0.7750384615384615 0.1311221590909091 0.09196153846153844
0 0.8496875 0.833076923076923 0.07767045454545453 0.05434615384615383
0 0.39960937499999993 0.5329807692307692 0.08538352272727275 0.09573076923076929
0 0.8512997159090909 0.608375 0.03012784090909092 0.036750000000000026
0 0.015227272727272756 0.7025961538461539 0.030454545454545533 0.06957692307692309
0 0.7912357954545455 0.5355865384615385 0.05144886363636363 0.12551923076923074
0 0.7882315340909092 0.5744903846153846 0.04450284090909093 0.08909615384615381
0 0.6388991477272727 0.4350673076923077 0.08234375 0.07305769230769227
0 0.3308238636363636 0.008980769230769231 0.025767045454545515 0.017961538461538463
0 0.3401420454545455 0.02130769230769231 0.05099431818181823 0.04230769230769231
0 0.817890625 0.6426442307692308 0.08188920454545455 0.07505769230769226
0 0.6275852272727273 0.05163461538461539 0.06963068181818183 0.06896153846153846
0 0.628231534090909 0.015125 0.04254261363636362 0.03025
0 0.6517613636363637 0.027201923076923075 0.031590909090909065 0.05325
0 0.7275923295454545 0.2485961538461538 0.08720170454545452 0.09923076923076922
0 0.7427556818181817 0.20881730769230772 0.07835227272727273 0.08298076923076922
0 0.6770951704545455 0.026307692307692306 0.04288352272727272 0.05261538461538461
0 0.7153125 0.06870192307692308 0.08576704545454548 0.13440384615384615
0 0.6388991477272727 0.5046538461538462 0.06646306818181821 0.0753461538461538
0 0.21497869318181817 0.833 0.09106534090909092 0.058769230769230775
0 0.05463068181818187 0.8927019230769232 0.05875000000000002 0.05778846153846156
0 0.10385653409090911 0.8675 0.07549715909090922 0.08815384615384611
0 0.14750000000000008 0.8480192307692308 0.10332386363636364 0.07346153846153844
0 0.9038920454545455 0.8992884615384615 0.045625 0.07765384615384614
0 0.6833025568181819 0.936326923076923 0.04382102272727272 0.1273461538461539
0 0.6467116477272727 0.9202307692307692 0.07038352272727275 0.1595384615384615
0 0.7796235795454545 0.5002307692307693 0.11098011363636365 0.15338461538461537
0 0.006342329545454439 0.01039423076923077 0.012684659090909019 0.02078846153846154
0 0.01286221590909098 0.04348076923076923 0.025724431818181837 0.055461538461538465
0 0.6008522727272727 0.47774038461538465 0.07099431818181821 0.07690384615384617
0 0.009602272727272765 0.14148076923076922 0.01920454545454543 0.14434615384615385
0 0.8771732954545455 0.900173076923077 0.04170454545454545 0.04765384615384621
0 0.31832386363636367 0.20041346153846154 0.05539772727272727 0.15755769230769232
0 0.3590553977272727 0.2092403846153846 0.056803977272727284 0.0970576923076923
0 0.2855042613636364 0.14810576923076924 0.06052556818181812 0.14875
0 0.16399147727272734 0.08759615384615384 0.06517045454545455 0.07815384615384616
0 0.11231534090909079 0.0989423076923077 0.05866477272727282 0.08573076923076922
0 0.15216619318181823 0.6052403846153847 0.07853693181818176 0.13613461538461544
0 0.1776917613636364 0.5892884615384616 0.07461647727272723 0.10207692307692316
0 0.8825852272727273 0.609951923076923 0.0450284090909091 0.03809615384615385
0 0.4749502840909091 0.6991249999999999 0.0703551136363636 0.06882692307692312
0 0.06167613636363645 0.8713173076923078 0.12335227272727277 0.1020576923076923
0 0.01705965909090912 0.9765576923076923 0.03411931818181815 0.04688461538461538
0 0.8533806818181818 0.9438461538461538 0.06843750000000001 0.0732307692307692
0 0.5393607954545455 0.7100288461538462 0.08605113636363634 0.09694230769230774
0 0.2337144886363638 0.542125 0.07234374999999993 0.0944038461538461
0 0.29921875 0.9661153846153846 0.07821022727272728 0.06707692307692317
0 0.7909872159090909 0.9131730769230769 0.06322443181818183 0.07588461538461534
0 0.7825071022727272 0.9614423076923077 0.0853835227272727 0.07711538461538466
0 0.9465909090909091 0.8939903846153846 0.046278409090909085 0.09351923076923076
0 0.6426988636363635 0.734 0.05650568181818182 0.06080769230769232
0 0.45701704545454547 0.8275 0.09096590909090904 0.10580769230769227
0 0.5335440340909091 0.417 0.06589488636363634 0.1107307692307692
0 0.5373863636363636 0.6482211538461539 0.04139204545454544 0.0764807692307692
0 0.3777911931818182 0.313375 0.08731534090909086 0.10048076923076923
0 0.3197585227272728 0.741 0.04497159090909095 0.11296153846153847
