0 0.22487215909090896 0.7164903846153847 0.022784090909091018 0.04744230769230772
0 0.7476846590909091 0.01376923076923077 0.03360795454545454 0.02753846153846154
0 0.5826775568181819 0.9116634615384616 0.037201704545454545 0.060980769230769304
0 0.7559659090909091 0.6272115384615384 0.030965909090909068 0.04619230769230777
0 0.72203125 0.9586826923076923 0.06193181818181821 0.08263461538461543
0 0.04399147727272734 0.8485096153846154 0.030965909090909027 0.022749999999999968
0 0.05017755681818192 0.8311442307692308 0.022116477272727343 0.03113461538461538
0 0.9047017045454545 0.37604807692307696 0.016818181818181822 0.028750000000000032
0 0.02187500000000009 0.8808365384615384 0.0132670454545455 0.05390384615384621
0 0.010376420454545565 0.946701923076923 0.020355113636363695 0.10659615384615385
0 0.8360653409090909 0.5069807692307692 0.04298295454545453 0.11880769230769225
0 0.1075923295454545 0.9557307692307693 0.11958806818181826 0.08853846153846158
0 0.7728977272727273 0.04131730769230769 0.02920454545454546 0.04190384615384616
0 0.017009943181818254 0.9550865384615385 0.015923295454545506 0.08982692307692304
0 0.9669176136363636 0.53525 0.06616477272727272 0.11034615384615384
0 0.9275142045454545 0.6071057692307692 0.0884659090909091 0.06928846153846148
0 0.6108522727272727 0.511826923076923 0.0170170454545454 0.04365384615384613
0 0.930987215909091 0.4599615384615385 0.06254261363636363 0.053884615384615406
0 0.6977201704545455 0.45000961538461537 0.029559659090909095 0.031519230769230744
0 0.04580255681818168 0.2723942307692308 0.04208806818181818 0.059403846153846154
0 0.9735511363636363 0.6520096153846153 0.05289772727272728 0.03763461538461537
0 0.10087357954545473 0.535471153846154 0.021491477272727266 0.03759615384615387
0 0.9730823863636363 0.37666346153846153 0.03940340909090909 0.05940384615384618
0 0.477890625 0.6431153846153845 0.015923295454545506 0.040730769230769244
0 0.5280255681818182 0.12691346153846156 0.032244318181818166 0.042442307692307696
0 0.5114630681818182 0.11842307692307692 0.020596590909090908 0.04726923076923078
0 0.49892045454545453 0.11963461538461537 0.01701704545454548 0.020615384615384598
0 0.888018465909091 0.44414423076923076 0.04612215909090908 0.030788461538461577
0 0.5020525568181817 0.10024038461538462 0.016122159090909124 0.0254423076923077
0 0.9858735795454545 0.5852884615384616 0.02825284090909091 0.04276923076923079
0 0.7872443181818182 0.5142788461538462 0.04423295454545453 0.058173076923076925
0 0.1063494318181818 0.5694615384615385 0.038920454545454675 0.03473076923076923
0 0.6612855113636364 0.40602884615384616 0.02257102272727275 0.03563461538461539
0 0.5732457386363636 0.41666346153846157 0.056406250000000054 0.07878846153846153
0 0.7981107954545454 0.24970192307692307 0.019460227272727258 0.05628846153846153
0 0.5181747159090908 0.3669519230769231 0.07163352272727273 0.07151923076923077
0 0.7265838068181818 0.6579903846153846 0.02654829545454549 0.051326923076923076
0 0.9129758522727273 0.7764807692307691 0.10615056818181817 0.0881153846153846
0 0.7393607954545454 0.5348653846153846 0.04477272727272729 0.07757692307692314
0 0.7998792613636364 0.8154038461538461 0.025269886363636352 0.04619230769230766
0 0.9681818181818181 0.7328461538461538 0.06363636363636363 0.13773076923076924
0 0.7044318181818182 0.8852307692307693 0.08954545454545454 0.11153846153846154
0 0.021335227272727297 0.6009326923076923 0.04267045454545449 0.05940384615384613
0 0.9425923295454546 0.838923076923077 0.1148153409090909 0.1137692307692307
0 0.2087855113636362 0.47302884615384616 0.04029829545454546 0.029096153846153838
0 0.7658238636363637 0.8934134615384615 0.03803977272727273 0.0574807692307692
0 0.9654261363636364 0.7957211538461538 0.04170454545454546 0.03594230769230769
0 0.9038210227272727 0.7195961538461538 0.06761363636363638 0.08896153846153844
0 0.7787571022727273 0.030423076923076924 0.0358096590909091 0.06084615384615385
0 0.4847159090909091 0.17948076923076922 0.026392045454545432 0.03430769230769232
0 0.11741477272727285 0.4496923076923077 0.020340909090909163 0.03473076923076923
0 0.5048224431818182 0.6803173076923077 0.02365056818181823 0.04151923076923072
0 0.3753835227272727 0.19532692307692306 0.020596590909090908 0.07396153846153845
0 0.43139204545454546 0.12228846153846154 0.02323863636363638 0.025730769230769234
0 0.3052059659090909 0.1344423076923077 0.020071022727272722 0.04146153846153845
0 0.3909730113636364 0.2831730769230769 0.012514204545454549 0.018653846153846132
0 0.6297017045454545 0.5893365384615386 0.020596590909090908 0.018173076923076903
0 0.3975994318181818 0.11228846153846155 0.01900568181818181 0.022884615384615396
0 0.39443181818181816 0.08654807692307691 0.01690340909090906 0.02859615384615384
0 0.32794744318181823 0.10777884615384616 0.03274147727272721 0.03832692307692309
0 0.07764914772727272 0.10585576923076924 0.02322443181818185 0.05001923076923077
0 0.4119815340909091 0.020961538461538462 0.02387784090909091 0.03711538461538462
0 0.11091619318181822 0.04152884615384615 0.026406250000000044 0.04717307692307693
0 0.7967826704545454 0.14072115384615383 0.029190340909090926 0.03951923076923078
0 0.40357954545454544 0.6149711538461538 0.037159090909090864 0.03232692307692308
0 0.7198224431818181 0.18383653846153847 0.04333806818181817 0.08263461538461538
0 0.7963423295454546 0.3245480769230769 0.03007102272727275 0.04551923076923074
0 0.4935795454545455 0.2038076923076923 0.01343749999999997 0.025461538461538452
0 0.8190553977272728 0.27966346153846156 0.03223011363636361 0.04001923076923077
0 0.13132102272727275 0.6645865384615385 0.03940340909090911 0.04363461538461538
0 0.11252130681818184 0.6373076923076922 0.03580965909090914 0.09819230769230769
0 0.05521306818181815 0.260875 0.041193181818181816 0.060634615384615356
0 0.19923295454545453 0.6988076923076924 0.026534090909091 0.03473076923076923
0 0.6305539772727273 0.236625 0.056420454545454544 0.04605769230769234
0 0.26475142045454547 0.49182692307692305 0.04836647727272729 0.04484615384615389
0 0.7192116477272728 0.2378365384615385 0.03492897727272728 0.029096153846153865
0 0.19534801136363644 0.23724038461538463 0.033139204545454604 0.11275000000000002
0 0.25713778409090904 0.6876153846153846 0.03492897727272724 0.05092307692307696
0 0.03248579545454544 0.4299423076923077 0.025653409090909015 0.04311538461538459
0 0.5405610795454545 0.1487403846153846 0.04478693181818178 0.056980769230769224
0 0.7810014204545455 0.28936538461538464 0.05103693181818179 0.03757692307692312
0 0.8215482954545454 0.3413173076923077 0.025653409090909095 0.033519230769230725
0 0.8180113636363636 0.22874999999999998 0.023892045454545464 0.04311538461538462
0 0.3115767045454546 0.3449134615384616 0.02477272727272727 0.04071153846153844
0 0.22582386363636364 0.3557307692307692 0.02312499999999996 0.048307692307692315
0 0.24700284090909086 0.8137788461538461 0.06369318181818179 0.0490961538461539
0 0.31246448863636367 0.7407211538461538 0.03007102272727275 0.022749999999999968
0 0.22311789772727275 0.8191538461538462 0.05484375000000002 0.026346153846153825
0 0.23389204545454556 0.7414807692307692 0.031335227272727355 0.05334615384615386
0 0.31717329545454553 0.0753076923076923 0.018806818181818195 0.02788461538461538
0 0.011370738636363842 0.02135576923076923 0.019701704545454553 0.04121153846153846
0 0.22681818181818192 0.23675000000000002 0.04360795454545445 0.05903846153846155
0 0.015397727272727368 0.014317307692307693 0.025965909090909053 0.028634615384615387
0 0.5069318181818181 0.9110288461538462 0.09045454545454547 0.0912884615384616
0 0.8533948863636364 0.3065865384615385 0.03803977272727273 0.10059615384615385
0 0.5672230113636363 0.2526923076923077 0.03538352272727268 0.028730769230769226
0 0.4876136363636363 0.27784615384615385 0.03184659090909093 0.016769230769230765
0 0.4094034090909091 0.05166346153846153 0.0170170454545454 0.03394230769230769
0 0.4869247159090908 0.9101538461538461 0.052997159090909095 0.03711538461538464
0 0.9175994318181818 0.526576923076923 0.04295454545454545 0.08588461538461532
0 0.30060369318181823 0.058326923076923075 0.021491477272727266 0.03030769230769231
0 0.2049928977272728 0.3958076923076923 0.04157670454545468 0.03711538461538464
0 0.64109375 0.29759615384615384 0.02034090909090908 0.03473076923076923
0 0.5946519886363637 0.5065865384615384 0.021235795454545438 0.04551923076923074
0 0.5880113636363637 0.4754519230769231 0.03803977272727277 0.028750000000000032
0 0.43210227272727275 0.8588173076923077 0.0712784090909091 0.05071153846153847
0 0.3655397727272728 0.6 0.03184659090909093 0.05030769230769225
0 0.33944602272727276 0.5880192307692307 0.055738636363636296 0.04550000000000005
0 0.6445454545454545 0.9625 0.057556818181818195 0.075
0 0.29963778409090913 0.6035865384615384 0.03981534090909087 0.0550961538461538
0 0.8277414772727273 0.8814423076923077 0.08934659090909092 0.05269230769230776
0 0.5871235795454546 0.07175000000000001 0.05910511363636366 0.05334615384615384
0 0.4125355113636364 0.10622115384615384 0.02328124999999998 0.03636538461538461
0 0.812265625 0.7778365384615386 0.015923295454545464 0.029942307692307678
0 0.7934872159090909 0.8600576923076924 0.03745738636363637 0.0482307692307692
0 0.810703125 0.7631538461538462 0.035781250000000014 0.07423076923076917
0 0.8290696022727273 0.7940192307692308 0.03714488636363635 0.06946153846153846
0 0.3106960227272727 0.36885576923076924 0.03008522727272728 0.03113461538461538
0 0.27973721590909095 0.7269423076923077 0.06015625000000003 0.03353846153846153
0 0.7843963068181818 0.9323365384615384 0.01504261363636364 0.027557692307692387
0 0.0177911931818181 0.7838269230769231 0.0355823863636363 0.025153846153846124
0 0.2027414772727273 0.9485096153846154 0.02923295454545444 0.049480769230769155
0 0.3217542613636364 0.87425 0.03450284090909094 0.03592307692307694
0 0.39194602272727275 0.16259615384615383 0.017897727272727305 0.035153846153846154
0 0.0958309659090909 0.8693365384615385 0.03654829545454548 0.04451923076923073
0 0.1877414772727274 0.411375 0.038920454545454515 0.029942307692307678
0 0.8068678977272727 0.9456826923076923 0.11225852272727271 0.05478846153846156
0 0.1877414772727274 0.3167692307692308 0.026534090909090837 0.051500000000000004
0 0.8589417613636363 0.64025 0.03492897727272726 0.023038461538461574
0 0.3106960227272727 0.8455096153846153 0.06369318181818179 0.03113461538461538
0 0.19791193181818167 0.6670673076923077 0.032727272727272834 0.028750000000000088
0 0.8112286931818182 0.5538557692307692 0.01651988636363638 0.040250000000000015
0 0.21987926136363634 0.8749903846153846 0.03765624999999999 0.09751923076923084
0 0.44783380681818175 0.8168461538461538 0.02708806818181817 0.08319230769230768
0 0.9512571022727273 0.3576538461538462 0.03535511363636363 0.05296153846153845
0 0.6450568181818181 0.4737980769230769 0.08457386363636359 0.10198076923076918
0 0.20071732954545451 0.8986923076923077 0.03765624999999999 0.05546153846153852
0 0.24730113636363638 0.19784615384615384 0.04624999999999992 0.05992307692307692
0 0.4858167613636364 0.7117403846153847 0.022457386363636367 0.04294230769230766
0 0.4963920454545455 0.8508365384615385 0.05815340909090909 0.036673076923077016
0 0.4957315340909091 0.7350000000000001 0.022457386363636367 0.06619230769230772
0 0.13134232954545455 0.8508365384615385 0.00990056818181822 0.040249999999999904
0 0.8521875 0.19695192307692305 0.04161931818181818 0.06709615384615385
0 0.4947372159090909 0.9658942307692308 0.08524147727272725 0.06821153846153852
0 0.513572443181818 0.7976153846153846 0.022457386363636367 0.06976923076923072
0 0.5166477272727272 0.6393846153846154 0.0420454545454545 0.03796153846153848
0 0.8108877840909091 0.9165865384615385 0.03436079545454543 0.048288461538461565
0 0.4299857954545455 0.8146057692307693 0.017840909090909095 0.046519230769230764
0 0.3394744318181818 0.7587019230769231 0.03633522727272725 0.040250000000000015
0 0.12143465909090911 0.8566538461538462 0.015198863636363701 0.04292307692307691
0 0.04445312500000009 0.8884038461538462 0.037002840909091006 0.04561538461538456
0 0.03917613636363626 0.9662307692307692 0.03568181818181819 0.06707692307692306
0 0.2724076704545454 0.6468846153846154 0.023792613636363636 0.06530769230769237
0 0.5676704545454545 0.3425096153846154 0.05573863636363638 0.06467307692307692
0 0.26084517045454547 0.5645865384615385 0.06012784090909089 0.040250000000000015
0 0.13431107954545463 0.9009326923076924 0.04228693181818195 0.07067307692307692
0 0.2677911931818181 0.3724519230769231 0.053963068181818195 0.05028846153846155
0 0.3011505681818182 0.29266346153846157 0.04954545454545454 0.04563461538461542
0 0.3965056818181818 0.19101923076923077 0.02477272727272727 0.03234615384615383
0 0.38803267045454537 0.6383942307692309 0.03436079545454545 0.03398076923076926
0 0.36061079545454544 0.5560961538461539 0.03369318181818186 0.03576923076923081
0 0.36622869318181817 0.5225480769230769 0.033025568181818184 0.05813461538461531
0 0.5934232954545454 0.2102980769230769 0.03159090909090911 0.035442307692307676
0 0.8710227272727272 0.3275480769230769 0.04360795454545455 0.07424999999999997
0 0.023004261363636314 0.32019230769230766 0.021491477272727266 0.04000000000000002
0 0.5634517045454546 0.16877884615384617 0.04823863636363634 0.046519230769230764
0 0.43230113636363643 0.39149999999999996 0.06474431818181815 0.06976923076923078
0 0.6740696022727273 0.4039903846153846 0.021065340909090926 0.04990384615384619
0 0.6123508522727272 0.10749038461538463 0.03237215909090912 0.03667307692307694
0 0.696590909090909 0.5632596153846153 0.07136363636363638 0.05724999999999997
0 0.5812926136363636 0.1620673076923077 0.040312499999999994 0.058134615384615396
0 0.5654332386363636 0.21304807692307692 0.0469176136363636 0.047403846153846164
0 0.5333877840909091 0.3020576923076923 0.06740056818181825 0.03219230769230771
0 0.6196164772727273 0.18934615384615386 0.05880681818181819 0.05007692307692309
0 0.5674857954545454 0.8379519230769231 0.021761363636363627 0.0883653846153846
0 0.8369886363636363 0.3731634615384616 0.023125000000000003 0.03667307692307697
0 0.5169815340909092 0.7459038461538462 0.027968749999999997 0.04523076923076919
0 0.8032954545454545 0.20052884615384617 0.015198863636363661 0.04740384615384614
0 0.2691193181818182 0.3473076923076923 0.03715909090909095 0.03353846153846153
0 0.5977556818181817 0.24123076923076922 0.05340909090909094 0.03576923076923078
0 0.8257599431818181 0.239 0.02444602272727274 0.02773076923076926
0 0.019431818181818272 0.6837884615384616 0.038863636363636385 0.10038461538461536
0 0.06725852272727262 0.7698846153846155 0.0640909090909091 0.05723076923076932
0 0.9070241477272727 0.3503557692307692 0.03765624999999999 0.04294230769230766
0 0.5451278409090909 0.8573846153846153 0.05596590909090914 0.04399999999999999
0 0.263955965909091 0.31967307692307695 0.02617897727272728 0.026884615384615364
0 0.26756392045454547 0.46449038461538467 0.04061079545454542 0.025673076923076913
0 0.6348153409090909 0.9147980769230769 0.05616477272727276 0.06798076923076928
0 0.3736292613636363 0.8592115384615384 0.07762784090909096 0.03542307692307695
0 0.6516051136363636 0.3621153846153846 0.03761363636363635 0.030307692307692344
0 0.13828125000000002 0.5838269230769232 0.036988636363636314 0.026846153846153808
0 0.3054403409090909 0.4156634615384615 0.046250000000000006 0.08586538461538462
0 0.2607954545454546 0.8885384615384616 0.04874999999999991 0.05742307692307695
0 0.2770383522727272 0.2872884615384615 0.06319602272727275 0.04276923076923073
0 0.2783948863636364 0.5109326923076923 0.03880681818181809 0.04032692307692313
0 0.5514417613636364 0.2769134615384615 0.08666193181818188 0.024442307692307708
0 0.6507315340909091 0.4614326923076923 0.04151988636363635 0.04155769230769234
0 0.2985014204545454 0.19077884615384616 0.03384943181818179 0.03563461538461539
0 0.1488636363636363 0.8640961538461539 0.025284090909091006 0.06476923076923079
0 0.29553267045454545 0.7130769230769229 0.02643465909090911 0.024153846153846158
0 0.47700284090909095 0.11557692307692306 0.0300852272727272 0.034730769230769225
0 0.08884232954545468 0.8317115384615384 0.046036931818181775 0.03911538461538468
0 0.184971590909091 0.6325192307692307 0.0288920454545455 0.041538461538461476
0 0.6671875 0.4706730769230769 0.0601136363636364 0.09750000000000003
0 0.1678196022727273 0.8427115384615386 0.03791193181818189 0.090423076923077
0 0.42686789772727274 0.6851153846153846 0.025071022727272695 0.03030769230769229
0 0.43031960227272725 0.9000288461538462 0.04228693181818179 0.02951923076923081
0 0.3821946022727273 0.9105384615384615 0.06228693181818185 0.037884615384615364
0 0.41289062499999996 0.4528846153846154 0.038821022727272704 0.04153846153846158
0 0.5600213068181819 0.44493269230769233 0.08032670454545449 0.035442307692307704
0 0.2402130681818182 0.26867307692307696 0.03610795454545465 0.04276923076923079
0 0.48554687500000004 0.67675 0.018394886363636346 0.029653846153846183
0 0.2844886363636363 0.5181923076923076 0.03880681818181817 0.059884615384615356
0 0.7956107954545455 0.9836826923076922 0.07130681818181818 0.032634615384615435
0 0.0852698863636363 0.9141346153846154 0.08380681818181818 0.06857692307692312
0 0.3727201704545454 0.8769326923076923 0.05416193181818181 0.039096153846153926
0 0.05995028409090897 0.7979711538461538 0.049644886363636266 0.03817307692307697
0 0.4720099431818182 0.20907692307692308 0.03430397727272724 0.032999999999999995
0 0.3338565340909091 0.7748076923076923 0.03700284090909092 0.04561538461538456
0 0.16085227272727276 0.6317307692307692 0.03985795454545447 0.029538461538461565
0 0.3823792613636363 0.5543365384615384 0.03609374999999995 0.043788461538461505
0 0.2108735795454545 0.32367307692307695 0.02708806818181825 0.04684615384615387
0 0.6923508522727273 0.22935576923076925 0.08507102272727275 0.07032692307692309
0 0.5769602272727272 0.11616346153846153 0.04068181818181816 0.04071153846153845
0 0.3229545454545455 0.4484230769230769 0.04965909090909088 0.023423076923076935
0 0.31242897727272734 0.5579038461538461 0.06468750000000002 0.09573076923076917
0 0.13941051136363636 0.6179807692307693 0.049644886363636426 0.036653846153846155
0 0.9321377840909091 0.5815961538461538 0.01916193181818182 0.03130769230769226
0 0.20184659090909096 0.7788846153846154 0.030085227272727364 0.05092307692307696
0 0.2974715909090908 0.09288461538461538 0.03312499999999999 0.04365384615384615
0 0.6384446022727273 0.5212115384615384 0.01717329545454542 0.03757692307692312
0 0.7758735795454546 0.5659423076923077 0.03700284090909092 0.07334615384615382
0 0.18818181818181823 0.8053942307692308 0.023892045454545364 0.07544230769230773
0 0.43695312500000005 0.5797019230769231 0.0341903409090909 0.03259615384615382
0 0.49981534090909097 0.39241346153846157 0.10298295454545454 0.061826923076923085
0 0.529197443181818 0.7832307692307692 0.02299715909090909 0.05030769230769236
0 0.7384019886363636 0.6658653846153846 0.029190340909090926 0.05507692307692305
0 0.38853693181818183 0.5910096153846155 0.019460227272727258 0.03951923076923079
0 0.4174715909090909 0.7348269230769231 0.022386363636363624 0.02546153846153848
0 0.8228764204545455 0.7143750000000001 0.06191761363636364 0.10659615384615385
0 0.4286576704545454 0.7160288461538462 0.025071022727272775 0.03394230769230776
0 0.8057883522727273 0.025509615384615384 0.024531250000000015 0.020173076923076926
0 0.41286931818181816 0.5766442307692308 0.023892045454545444 0.058673076923076904
0 0.944453125 0.3814230769230769 0.017911931818181816 0.016961538461538448
0 0.807109375 0.05041346153846154 0.020156249999999997 0.039134615384615386
0 0.42459517045454553 0.4815288461538461 0.04029829545454546 0.031519230769230744
0 0.9493821022727272 0.41657692307692307 0.02776988636363636 0.03638461538461542
0 0.94625 0.40202884615384615 0.014318181818181825 0.021826923076923067
0 0.819375 0.07650961538461538 0.014886363636363642 0.05575
0 0.14306107954545455 0.7895576923076923 0.01958806818181813 0.08211538461538459
0 0.45663352272727276 0.6862403846153846 0.03943181818181825 0.05813461538461531
0 0.6831321022727272 0.01126923076923077 0.019275568181818213 0.02253846153846154
0 0.06114346590909103 0.023586538461538464 0.050923295454545485 0.04694230769230769
0 0.1756107954545455 0.6881923076923078 0.02906250000000005 0.040192307692307645
0 0.9341619318181819 0.3971826923076923 0.018806818181818185 0.02667307692307693
0 0.8529545454545454 0.6964134615384615 0.04423295454545455 0.046711538461538395
0 0.46757812500000007 0.6124519230769231 0.03671875000000003 0.03878846153846157
0 0.42789772727272724 0.34375 0.04255681818181823 0.05846153846153842
0 0.6545099431818182 0.5670288461538462 0.05004261363636358 0.03517307692307696
0 0.9681889204545454 0.406875 0.029559659090909084 0.04121153846153842
0 0.6826704545454545 0.6857980769230769 0.07139204545454544 0.05732692307692308
0 0.7686008522727272 0.45825000000000005 0.05623579545454542 0.0812692307692308
0 0.7970312500000001 0.48691346153846154 0.0890909090909091 0.07355769230769231
0 0.865909090909091 0.6571442307692308 0.03602272727272727 0.032519230769230814
0 0.905390625 0.5010192307692308 0.037911931818181824 0.0812692307692308
0 0.8573721590909091 0.7281442307692307 0.04423295454545455 0.02394230769230767
0 0.8207244318181818 0.43258653846153844 0.039176136363636364 0.08640384615384616
0 0.2872585227272727 0.14516346153846155 0.017954545454545435 0.05717307692307692
0 0.532294034090909 0.3359326923076923 0.06103693181818186 0.03713461538461539
0 0.7464843750000001 0.7097596153846154 0.06382102272727273 0.1223269230769231
0 0.09466619318181813 0.21114423076923078 0.033849431818181716 0.0315576923076923
0 0.7777627840909092 0.6481634615384616 0.018963068181818175 0.01967307692307696
0 0.1408593749999999 0.3502980769230769 0.015923295454545506 0.03951923076923079
0 0.36067471590909084 0.9706538461538462 0.01680397727272725 0.044307692307692235
0 0.2531960227272727 0.9820384615384615 0.021221590909090985 0.03592307692307694
0 0.44205965909090916 0.6934134615384616 0.023892045454545444 0.03351923076923078
0 0.7874928977272727 0.362875 0.06546875 0.04551923076923074
0 0.8253196022727273 0.5863942307692308 0.019701704545454533 0.05213461538461541
0 0.019289772727272614 0.17232692307692307 0.03857954545454541 0.04003846153846152
0 0.23904829545454542 0.5946153846153847 0.038920454545454515 0.025153846153846124
0 0.16651278409090897 0.11916346153846155 0.047769886363636355 0.03713461538461539
0 0.6698437500000001 0.7245576923076923 0.037159090909090906 0.026346153846153825
0 0.12891335227272727 0.2083846153846154 0.020355113636363532 0.028730769230769226
0 0.20056818181818192 0.5838365384615385 0.05042613636363636 0.020365384615384566
0 0.32352272727272724 0.985625 0.023892045454545444 0.028749999999999977
0 0.6928409090909091 0.39939423076923075 0.02301136363636366 0.03951923076923079
0 0.23948863636363638 0.6209615384615385 0.027414772727272663 0.05150000000000006
0 0.06743607954545439 0.8197596153846154 0.04245738636363634 0.027557692307692276
0 0.17446732954545463 0.3892211538461538 0.015923295454545346 0.01917307692307692
0 0.13361505681818187 0.4289326923076923 0.029559659090909175 0.06432692307692311
0 0.18375710227272724 0.5425096153846154 0.03626420454545451 0.0574807692307692
0 0.2372727272727272 0.9622692307692308 0.05130681818181819 0.061076923076923056
0 0.28282670454545455 0.8532884615384616 0.06457386363636361 0.041923076923076945
0 0.7804190340909091 0.38203846153846155 0.047769886363636355 0.03353846153846153
0 0.24435369318181832 0.08742307692307692 0.03007102272727267 0.05749999999999999
0 0.6777982954545454 0.2844230769230769 0.03892045454545456 0.051500000000000004
0 0.2235582386363636 0.11902884615384615 0.028650568181818284 0.04121153846153846
0 0.39561789772727274 0.013173076923076923 0.02299715909090909 0.026346153846153846
0 0.2293110795454545 0.6293365384615385 0.03538352272727268 0.0562884615384615
0 0.3668678977272727 0.7455096153846154 0.06279829545454542 0.03951923076923079
0 0.005035511363636447 0.2916923076923077 0.010071022727272772 0.06719230769230769
0 0.12625710227272724 0.8239519230769231 0.027428977272727195 0.043096153846153895
0 0.2072017045454545 0.036528846153846155 0.03360795454545466 0.06586538461538462
0 0.5459943181818181 0.5299423076923078 0.04599431818181818 0.027538461538461526
0 0.40003551136363635 0.21376923076923077 0.03538352272727268 0.03234615384615383
0 0.1850781250000001 0.36946153846153845 0.015923295454545346 0.025153846153846124
0 0.15323863636363633 0.3802403846153847 0.02477272727272735 0.05628846153846156
0 0.3093678977272727 0.6898269230769232 0.030951704545454574 0.03353846153846153
0 0.7008025568181818 0.7317307692307692 0.03538352272727272 0.03353846153846164
0 0.1620880681818182 0.06586538461538462 0.026534090909091 0.026346153846153852
0 0.021434659090909025 0.8335384615384616 0.038920454545454515 0.03592307692307683
0 0.4303338068181819 0.6219326923076922 0.014786931818181854 0.030019230769230687
0 0.4225994318181818 0.008384615384615384 0.032727272727272674 0.01676923076923077
0 0.19311079545454557 0.08690384615384615 0.03761363636363639 0.042423076923076924
0 0.7014346590909091 0.7781057692307692 0.03960227272727272 0.05463461538461532
0 0.15632102272727266 0.012538461538461538 0.02005681818181819 0.025076923076923077
0 0.1125497159090908 0.2874230769230769 0.049531250000000006 0.02396153846153848
0 0.8215482954545454 0.16467307692307692 0.02741477272727272 0.08503846153846152
0 0.09706676136363646 0.23773076923076925 0.06458806818181823 0.027538461538461553
0 0.18154829545454543 0.07185576923076924 0.019460227272727174 0.028750000000000005
0 0.9122159090909091 0.08024038461538462 0.044232954545454554 0.07425
0 0.618096590909091 0.8479038461538461 0.059261363636363674 0.09342307692307689
0 0.4329758522727273 0.644798076923077 0.03484374999999996 0.030019230769230795
0 0.12980113636363633 0.7425096153846155 0.020340909090909 0.0574807692307692
0 0.35404119318181815 0.3778461538461539 0.03007102272727267 0.11138461538461536
0 0.21560369318181816 0.5449134615384615 0.03981534090909087 0.06467307692307692
0 0.16075994318181808 0.16767307692307692 0.04333806818181817 0.052692307692307705
0 0.43276988636363634 0.09821153846153846 0.02477272727272727 0.026346153846153852
0 0.5807386363636364 0.7961346153846154 0.02664772727272734 0.0577307692307692
0 0.46859375000000003 0.7467019230769231 0.030965909090909106 0.06348076923076933
0 0.18198863636363638 0.36167307692307693 0.0168181818181817 0.03592307692307694
0 0.17933238636363635 0.6730576923076923 0.015028409090908988 0.03592307692307694
0 0.207890625 0.11539423076923076 0.01342329545454552 0.029096153846153838
0 0.00806107954545443 0.8820384615384614 0.016122159090909124 0.07065384615384607
0 0.4488139204545455 0.6269326923076923 0.02850852272727272 0.04574999999999993
0 0.2238778409090909 0.09185576923076923 0.02482954545454548 0.020365384615384622
0 0.3566974431818182 0.6562884615384615 0.03007102272727275 0.03353846153846153
0 0.12625710227272724 0.13114423076923076 0.03981534090909087 0.039519230769230765
0 0.02718750000000003 0.25029807692307693 0.04511363636363635 0.10298076923076925
0 0.6242897727272727 0.5221538461538461 0.020340909090909163 0.05030769230769236
0 0.1550071022727273 0.34970192307692305 0.017684659090909157 0.059865384615384605
0 0.3801349431818182 0.3934134615384615 0.04157670454545452 0.07067307692307692
0 0.7998011363636364 0.6276153846153847 0.029545454545454562 0.0351538461538461
0 0.1722585227272727 0.6496923076923078 0.023892045454545364 0.03473076923076923
0 0.1987926136363637 0.6239519230769232 0.043352272727272705 0.03832692307692309
0 0.009261363636363651 0.8256442307692308 0.018522727272727222 0.02286538461538459
0 0.10546875 0.7688557692307691 0.026534090909091 0.10778846153846156
0 0.19658380681818177 0.35389423076923077 0.01947443181818187 0.02513461538461537
0 0.3177769886363637 0.661076923076923 0.06015624999999995 0.040730769230769244
0 0.5610369318181818 0.462875 0.03715909090909095 0.02755769230769233
0 0.1722585227272727 0.961076923076923 0.038039772727272686 0.07303846153846158
0 0.19879971590909096 0.37604807692307696 0.03626420454545451 0.05028846153846155
0 0.023643465909090833 0.18922115384615387 0.030951704545454494 0.023942307692307697
0 0.2691193181818182 0.7479038461538461 0.04423295454545453 0.05388461538461546
0 0.611903409090909 0.7395192307692307 0.025653409090909095 0.027538461538461526
0 0.632684659090909 0.7401153846153846 0.04423295454545457 0.05030769230769236
0 0.6212500000000001 0.5764711538461538 0.01900568181818181 0.03344230769230767
0 0.445596590909091 0.29640384615384613 0.06633522727272725 0.027538461538461526
0 0.559268465909091 0.9071826923076923 0.040696022727272775 0.06348076923076922
0 0.17845170454545456 0.5119807692307693 0.023892045454545364 0.027538461538461526
0 0.6433025568181818 0.5526923076923076 0.017684659090909074 0.027538461538461526
0 0.6206676136363636 0.057230769230769224 0.02857954545454546 0.044807692307692305
0 0.6654190340909091 0.7562884615384615 0.03893465909090909 0.03711538461538464
0 0.6278267045454546 0.5550865384615384 0.018579545454545474 0.020365384615384566
0 0.32259943181818185 0.32244230769230775 0.02664772727272726 0.031961538461538416
0 0.6694034090909091 0.27725 0.025653409090909095 0.03473076923076923
0 0.2735014204545455 0.06702884615384615 0.027173295454545447 0.034403846153846146
0 0.8469744318181818 0.11683653846153845 0.054318181818181814 0.08659615384615384
0 0.3491761363636363 0.9910192307692308 0.043352272727272705 0.017961538461538414
0 0.34387073863636364 0.9730576923076923 0.020355113636363612 0.03234615384615383
0 0.21338778409090908 0.6922115384615386 0.02299715909090917 0.03592307692307694
0 0.2775994318181818 0.04657692307692307 0.018323863636363603 0.024192307692307697
0 0.1367826704545455 0.23809615384615385 0.016889204545454527 0.017153846153846186
0 0.8125852272727273 0.006826923076923077 0.023238636363636364 0.013653846153846154
0 0.13995028409090926 0.26811538461538464 0.02322443181818185 0.04003846153846158
0 0.10088068181818177 0.2638173076923077 0.02323863636363638 0.028596153846153854
0 0.8310582386363636 0.024375 0.02850852272727272 0.03859615384615385
0 0.12252840909090912 0.2631057692307692 0.026392045454545352 0.03286538461538462
0 0.8342684659090909 0.07414423076923077 0.020156249999999997 0.05813461538461539
0 0.446171875 0.11728846153846152 0.021122159090909098 0.02715384615384615
0 0.4662357954545455 0.1551730769230769 0.021107954545454565 0.03146153846153846
0 0.22221590909090916 0.6615576923076922 0.045681818181818136 0.04726923076923074
0 0.64578125 0.3505865384615385 0.0367045454545455 0.031519230769230744
0 0.6050355113636363 0.3045192307692308 0.03759943181818186 0.050923076923076904
0 0.2495312500000001 0.5385 0.03224431818181808 0.048499999999999946
0 0.44116477272727284 0.0699326923076923 0.0537215909090909 0.03759615384615385
0 0.6520525568181819 0.06690384615384615 0.05103693181818183 0.06303846153846154
0 0.5320525568181818 0.07539423076923077 0.03671875000000003 0.024249999999999997
0 0.4245951704545454 0.7639999999999999 0.054616477272727254 0.03638461538461542
0 0.12060369318181818 0.3143557692307692 0.03504261363636358 0.04032692307692307
0 0.2593821022727273 0.4172692307692308 0.06089488636363645 0.04365384615384619
0 0.7563778409090909 0.23360576923076923 0.0465625 0.11274999999999999
0 0.18953125000000004 0.4348461538461539 0.059090909090909124 0.04726923076923074
0 0.4398224431818182 0.030528846153846153 0.0456676136363636 0.03151923076923077
0 0.04849431818181815 0.18691346153846153 0.025965909090909053 0.029096153846153865
0 0.24057528409090911 0.39786538461538457 0.03580965909090914 0.06061538461538463
0 0.47921875 0.3093653846153846 0.06357954545454544 0.07030769230769231
0 0.13311079545454552 0.06872115384615385 0.03761363636363639 0.020596153846153854
0 0.6090625 0.3451346153846154 0.03133522727272728 0.04969230769230765
0 0.49623579545454544 0.22996153846153847 0.03312499999999999 0.035153846153846154
0 0.4215767045454545 0.14947115384615384 0.01664772727272723 0.04271153846153845
0 0.26385653409090903 0.4384903846153846 0.06984375000000002 0.052134615384615356
0 0.49533380681818184 0.06690384615384615 0.03850852272727267 0.048499999999999995
0 0.02028409090909089 0.8064326923076923 0.03940340909090911 0.031519230769230855
0 0.6417471590909091 0.39907692307692305 0.04656250000000004 0.050923076923076904
0 0.391015625 0.8167307692307693 0.06268465909090909 0.020615384615384667
0 0.17654829545454542 0.039624999999999994 0.029545454545454642 0.03759615384615384
0 0.2714630681818182 0.13902884615384617 0.025965909090909053 0.06667307692307692
0 0.7941264204545455 0.16347115384615385 0.030951704545454574 0.04671153846153847
0 0.43056107954545453 0.18323076923076922 0.020355113636363612 0.028730769230769226
0 0.536981534090909 0.7134230769230769 0.03379261363636366 0.044307692307692347
0 0.40449573863636357 0.6595480769230769 0.04029829545454546 0.028480769230769237
0 0.23892045454545463 0.14582692307692308 0.030852272727272603 0.0488846153846154
0 0.9746661931818181 0.9893076923076924 0.04751420454545455 0.021384615384615394
0 0.6900142045454545 0.6317115384615385 0.07005681818181818 0.06700000000000006
0 0.6455184659090909 0.26766346153846154 0.027428977272727237 0.03951923076923079
0 0.3067897727272727 0.16160576923076922 0.025340909090909056 0.027173076923076914
0 0.6332457386363637 0.08811538461538461 0.038508522727272745 0.047269230769230765
0 0.6609090909090909 0.12343269230769231 0.032357954545454544 0.06109615384615384
0 0.5095454545454545 0.16574038461538462 0.030454545454545453 0.06701923076923076
0 0.016413352272727333 0.49424999999999997 0.03282670454545456 0.04484615384615389
0 0.817265625 0.58275 0.012542613636363635 0.042423076923076924
0 0.40492897727272725 0.704625 0.03767045454545452 0.030826923076923134
0 0.6599289772727273 0.6239807692307693 0.04187500000000002 0.09484615384615383
0 0.6910014204545454 0.12648076923076923 0.03686079545454544 0.042769230769230775
0 0.3398863636363636 0.3119807692307693 0.02653409090909092 0.04192307692307689
0 0.6494957386363636 0.297 0.021235795454545438 0.03353846153846153
0 0.09131392045454556 0.5802307692307693 0.022997159090909006 0.03473076923076923
0 0.9317045454545454 0.3327019230769231 0.04286931818181818 0.06009615384615385
0 0.1756534090909092 0.260875 0.05105113636363628 0.09698076923076925
0 0.6760298295454545 0.3221538461538461 0.047769886363636355 0.04311538461538459
0 0.33546875 0.3796442307692308 0.02477272727272727 0.047903846153846144
0 0.13451704545454557 0.02126923076923077 0.031221590909090935 0.04253846153846154
0 0.19508522727272737 0.7324999999999999 0.026278409090909092 0.04626923076923077
0 0.04894176136363626 0.5815384615384614 0.021491477272727266 0.03515384615384621
0 0.49202414772727276 0.1616153846153846 0.033508522727272776 0.06288461538461539
0 0.4844176136363636 0.7904615384615384 0.04264204545454551 0.05257692307692303
0 0.45727982954545443 0.7148942307692308 0.03223011363636363 0.04971153846153851
0 0.6499431818181818 0.32934615384615384 0.030965909090909068 0.03592307692307694
0 0.6853551136363636 0.18503846153846154 0.04213068181818181 0.03973076923076922
0 0.3366903409090909 0.2708942307692308 0.025880681818181775 0.06494230769230769
0 0.46220880681818177 0.5772980769230769 0.03492897727272724 0.03394230769230765
0 0.5849431818181818 0.03664423076923077 0.055880681818181864 0.07328846153846154
0 0.020887784090908967 0.5473076923076924 0.041775568181818136 0.04550000000000005
0 0.3239630681818182 0.7006057692307692 0.0336079545454545 0.02155769230769238
0 0.21041903409090912 0.7247980769230769 0.0254119318181818 0.04032692307692302
0 0.9190482954545455 0.029336538461538463 0.07556818181818183 0.058673076923076925
0 0.2696803977272727 0.16085576923076922 0.033139204545454444 0.07151923076923077
0 0.6857315340909091 0.15957692307692306 0.03384943181818179 0.023423076923076908
0 0.1784446022727273 0.7335384615384617 0.022116477272727184 0.03473076923076923
0 0.7787144886363636 0.40026923076923077 0.03274147727272729 0.03503846153846154
0 0.3323721590909091 0.34371153846153846 0.027414772727272742 0.028730769230769226
0 0.1634161931818181 0.7407211538461538 0.03626420454545451 0.10898076923076926
0 0.12505681818181813 0.5330480769230769 0.03224431818181808 0.04971153846153851
0 0.4684730113636363 0.018903846153846153 0.052826704545454545 0.037807692307692306
0 0.0683167613636364 0.5676730769230769 0.024758522727272657 0.043115384615384535
0 0.07804687500000007 0.7149711538461538 0.09552556818181818 0.08621153846153844
0 0.4566193181818182 0.3425480769230769 0.054062500000000006 0.0288653846153846
0 0.7127414772727272 0.6197596153846153 0.0628125 0.0514807692307693
0 0.8082812500000001 0.6568942307692308 0.02210227272727273 0.029942307692307678
0 0.6464204545454546 0.03598076923076923 0.051562499999999976 0.07153846153846155
0 0.16793323863636356 0.30742307692307697 0.024275568181818228 0.05003846153846156
0 0.8144744318181818 0.6329326923076923 0.0203409090909091 0.03951923076923068
0 0.5148366477272728 0.022817307692307696 0.032769886363636355 0.03455769230769231
0 0.7151420454545454 0.2976923076923077 0.027414772727272742 0.03815384615384616
0 0.4752769886363637 0.06110576923076923 0.01978693181818183 0.02886538461538462
0 0.7372230113636364 0.2940865384615385 0.021321022727272713 0.03917307692307693
0 0.12095170454545456 0.7928173076923076 0.023892045454545364 0.07425000000000002
0 0.12157670454545455 0.01496153846153846 0.018806818181818195 0.021384615384615384
0 0.47946732954545457 0.044605769230769234 0.044928977272727266 0.028865384615384616
0 0.22425426136363635 0.07454807692307693 0.019559659090909065 0.028519230769230765
0 0.587578125 0.6754519230769231 0.061917613636363604 0.10059615384615385
0 0.037294034090909034 0.11903846153846154 0.02686079545454557 0.05092307692307693
0 0.7796519886363636 0.6257884615384615 0.03044034090909092 0.048499999999999946
0 0.7372230113636364 0.09770192307692308 0.11725852272727275 0.05051923076923076
0 0.6907670454545455 0.4255288461538462 0.01980113636363636 0.021634615384615384
0 0.4877272727272728 0.01223076923076923 0.02329545454545451 0.02446153846153846
0 0.06416903409090902 0.14631730769230772 0.025071022727272695 0.059403846153846154
0 0.13333806818181815 0.7053942307692307 0.030965909090909027 0.03113461538461538
0 0.06012784090909096 0.5409230769230768 0.06357954545454544 0.05576923076923077
0 0.9159375000000001 0.10576923076923077 0.031818181818181815 0.0636923076923077
0 0.9856463068181818 0.6197307692307692 0.028707386363636365 0.04365384615384613
0 0.5848863636363637 0.393625 0.06536931818181815 0.04728846153846154
0 0.5629474431818182 0.09660576923076923 0.041178977272727284 0.05213461538461538
0 0.15102982954545463 0.20898076923076925 0.02742897727272736 0.027538461538461526
0 0.803828125 0.5979038461538461 0.019701704545454553 0.046076923076923036
0 0.16181818181818197 0.08524038461538462 0.02707386363636372 0.029519230769230773
0 0.13952414772727273 0.47005769230769234 0.048650568181818184 0.027538461538461526
0 0.5132244318181818 0.7048461538461538 0.02852272727272733 0.050038461538461504
0 0.1412926136363637 0.11711538461538461 0.025909090909090923 0.021384615384615367
0 0.8427840909090909 0.5900288461538461 0.02596590909090907 0.05213461538461541
0 0.015596590909090935 0.2223653846153846 0.03119318181818187 0.048615384615384644
0 0.5394815340909092 0.03408653846153847 0.08967329545454544 0.06775
0 0.03517755681818191 0.14827884615384612 0.02365056818181815 0.011865384615384618
0 0.19802556818181816 0.46253846153846156 0.03590909090909087 0.025730769230769224
0 0.04809659090909091 0.03533653846153846 0.042642045454545426 0.05978846153846155
0 0.6292116477272727 0.313 0.01970170454545459 0.05334615384615386
0 0.5122088068181818 0.21058653846153846 0.02970170454545458 0.04536538461538462
0 0.16960937499999995 0.5904230769230769 0.053963068181818195 0.043115384615384646
0 0.5262357954545456 0.0978076923076923 0.044772727272727325 0.027884615384615386
0 0.2885227272727273 0.03156730769230769 0.03980113636363634 0.040211538461538465
0 0.3587784090909091 0.45726923076923076 0.03761363636363639 0.05092307692307696
0 0.9343110795454546 0.22709615384615386 0.05600852272727272 0.21415384615384617
0 0.3139985795454545 0.46515384615384614 0.05731534090909094 0.03757692307692306
0 0.1536789772727274 0.29813461538461533 0.02323863636363638 0.048615384615384616
0 0.4081605113636364 0.6805384615384615 0.021122159090909018 0.015730769230769243
0 0.6744460227272727 0.11527884615384616 0.02332386363636366 0.04075000000000001
0 0.7583025568181818 0.9107788461538462 0.02299715909090909 0.0467115384615385
0 0.18325284090909089 0.15439423076923076 0.022073863636363586 0.02990384615384615
0 0.12383522727272722 0.048067307692307694 0.04437500000000001 0.04682692307692308
0 0.9268181818181818 0.37598076923076923 0.030085227272727274 0.03461538461538462
0 0.07362215909090897 0.6083846153846154 0.04423295454545453 0.05030769230769236
0 0.7577840909090909 0.4100673076923077 0.01980113636363636 0.06701923076923076
0 0.4957883522727272 0.253 0.10566761363636369 0.035153846153846126
0 0.07132812499999985 0.2063173076923077 0.030440340909090837 0.03878846153846154
0 0.011484375000000102 0.13964423076923077 0.02296874999999994 0.07517307692307691
0 0.013274147727272756 0.056596153846153845 0.026548295454545533 0.042423076923076924
0 0.14565340909090907 0.04569230769230769 0.03403409090909096 0.02546153846153846
0 0.13490767045454544 0.09175 0.05015624999999992 0.030307692307692317
0 0.09953835227272734 0.1141826923076923 0.033139204545454604 0.050903846153846154
0 0.07580255681818182 0.16751923076923078 0.032230113636363716 0.05576923076923077
0 0.921953125 0.41437500000000005 0.02830965909090909 0.047903846153846144
0 0.051065340909090984 0.3089807692307693 0.023892045454545527 0.01915384615384617
0 0.13200994318181813 0.17425 0.03007102272727267 0.0491153846153846
0 0.2363920454545455 0.1041826923076923 0.021221590909090825 0.02155769230769231
0 0.7034588068181818 0.8233461538461538 0.10083806818181816 0.07784615384615388
0 0.4708096590909091 0.6502980769230768 0.02653409090909092 0.0455192307692308
0 0.16916193181818173 0.3532884615384615 0.02477272727272719 0.052692307692307705
0 0.09839488636363636 0.4616730769230769 0.021221590909090985 0.02515384615384618
0 0.37400568181818183 0.7730865384615384 0.041193181818181816 0.05213461538461541
0 0.5280255681818182 0.6185192307692308 0.028664772727272737 0.03880769230769232
0 0.5360795454545455 0.8167403846153847 0.03761363636363631 0.04001923076923077
0 0.23610085227272715 0.4736442307692308 0.028650568181818124 0.023019230769230768
0 0.3654900568181818 0.8137115384615384 0.12089488636363638 0.0678846153846153
0 0.28041903409090907 0.8785673076923077 0.0456676136363636 0.020596153846153806
0 0.7538778409090909 0.8125673076923077 0.07784090909090907 0.056288461538461614
0 0.30325994318181815 0.9009903846153846 0.03223011363636363 0.04121153846153847
0 0.2607244318181817 0.6494326923076923 0.03312499999999999 0.05213461538461541
0 0.15102272727272714 0.5391153846153847 0.03761363636363623 0.08123076923076913
0 0.15102272727272714 0.44454807692307696 0.03224431818181808 0.052134615384615356
0 0.8848721590909091 0.1257019230769231 0.034914772727272725 0.12486538461538463
0 0.7877130681818182 0.07841346153846153 0.05730113636363637 0.047288461538461536
0 0.9363636363636364 0.103875 0.03403409090909091 0.03517307692307692
0 0.9802698863636363 0.1705576923076923 0.03946022727272727 0.047269230769230765
0 0.9838565340909091 0.34755769230769235 0.03228693181818182 0.08850000000000002
0 0.8629474431818182 0.41707692307692307 0.09794034090909093 0.09653846153846152
0 0.40136363636363637 0.5772499999999999 0.0132670454545455 0.04550000000000005
0 0.34386363636363637 0.5293365384615385 0.05750000000000002 0.1005961538461539
0 0.14306107954545455 0.6700576923076923 0.029190340909090843 0.05149999999999995
0 0.3920809659090909 0.4784423076923077 0.021235795454545438 0.11857692307692307
0 0.47567471590909094 0.43053846153846154 0.05041193181818183 0.05626923076923075
0 0.5437855113636363 0.2 0.04333806818181817 0.05507692307692305
0 0.19481534090909092 0.1688653846153846 0.02477272727272735 0.028730769230769226
0 0.328828125 0.1987980769230769 0.03450284090909086 0.09340384615384614
0 0.28504261363636363 0.23473076923076924 0.04954545454545454 0.07426923076923078
0 0.04177556818181816 0.09161538461538461 0.019460227272727337 0.03473076923076923
0 0.0930823863636363 0.17304807692307692 0.03184659090909085 0.04671153846153844
0 0.17623579545454537 0.8101730769230768 0.03184659090909085 0.03473076923076923
0 0.641534090909091 0.12575 0.028295454545454526 0.043115384615384604
0 0.35359374999999993 0.19820192307692308 0.025653409090909095 0.039519230769230765
0 0.23373579545454537 0.31256730769230767 0.05306818181818184 0.09101923076923074
0 0.37218039772727274 0.6251538461538463 0.03626420454545451 0.03592307692307694
0 0.3332528409090909 0.5005961538461539 0.05573863636363638 0.0503076923076923
0 0.4469247159090909 0.4718557692307693 0.03714488636363633 0.03832692307692309
0 0.32453125000000005 0.9134326923076923 0.05613636363636369 0.04505769230769232
0 0.38588778409090907 0.9772596153846154 0.03785511363636369 0.045480769230769186
0 0.3728338068181819 0.9425961538461538 0.07441761363636369 0.03976923076923078
0 0.4429971590909091 0.8838269230769231 0.034602272727272745 0.03888461538461533
