0 0.9578835227272727 0.1301153846153846 0.0465625 0.07400000000000001
0 0.30644176136363643 0.046125 0.03546875000000004 0.04155769230769231
0 0.008423295454545565 0.0764326923076923 0.016221590909090852 0.05448076923076923
0 0.6683735795454546 0.1835673076923077 0.039474431818181846 0.05482692307692306
0 0.3026065340909091 0.08715384615384615 0.039957386363636355 0.052653846153846155
0 0.3827911931818182 0.0636923076923077 0.0775426136363636 0.09673076923076925
0 0.8107883522727273 0.03238461538461539 0.05856534090909089 0.06476923076923077
0 0.8447727272727272 0.022115384615384617 0.07321022727272729 0.04423076923076923
0 0.62453125 0.008490384615384615 0.03110795454545451 0.01698076923076923
0 0.6700142045454545 0.02566346153846154 0.032670454545454544 0.05132692307692308
0 0.7535440340909091 0.05326923076923077 0.038167613636363645 0.04211538461538461
0 0.5862926136363636 0.9755096153846153 0.045681818181818136 0.04848076923076919
0 0.6815198863636364 0.08559615384615384 0.045710227272727284 0.06223076923076923
0 0.6408522727272727 0.10430769230769231 0.04596590909090907 0.04930769230769231
0 0.4257386363636364 0.14923076923076922 0.04130681818181816 0.053153846153846156
0 0.43865056818181813 0.12197115384615385 0.030482954545454598 0.04125000000000001
0 0.8971448863636364 0.1335480769230769 0.07693181818181817 0.09594230769230769
0 0.8384375 0.12224038461538461 0.052642045454545476 0.060980769230769234
0 0.8391974431818182 0.1674615384615385 0.051122159090909086 0.06373076923076923
0 0.8030042613636363 0.18733653846153844 0.05566761363636363 0.06509615384615386
0 0.9838494318181819 0.6201634615384616 0.03230113636363636 0.05009615384615387
0 0.9832244318181819 0.381 0.03272727272727272 0.059846153846153854
0 0.5303196022727272 0.9862211538461539 0.04487215909090905 0.027557692307692276
0 0.9823650568181819 0.33984615384615385 0.035269886363636364 0.054692307692307686
0 0.9198721590909091 0.3159519230769231 0.0471875 0.07598076923076927
0 0.9058451704545455 0.2736442307692308 0.027627840909090914 0.03740384615384618
0 0.7778835227272727 0.553 0.03392045454545454 0.045923076923076914
0 0.9017826704545454 0.9384615384615385 0.051860795454545465 0.07911538461538459
0 0.955497159090909 0.9736923076923076 0.04403409090909091 0.05261538461538464
0 0.7828338068181818 0.9225769230769231 0.04526988636363637 0.07300000000000006
0 0.6943323863636364 0.9490480769230769 0.031278409090909065 0.053480769230769235
0 0.7254119318181818 0.8409423076923076 0.039090909090909065 0.05684615384615385
0 0.9725710227272727 0.716125 0.037869318181818185 0.055711538461538514
0 0.11853693181818192 0.7211538461538461 0.032897727272727224 0.04926923076923078
0 0.6525568181818182 0.7048269230769231 0.05227272727272729 0.06273076923076924
0 0.5848508522727274 0.7779711538461539 0.05268465909090905 0.07913461538461534
0 0.6161363636363637 0.8420576923076923 0.039517045454545444 0.0613076923076923
0 0.52640625 0.9713365384615384 0.045284090909090906 0.03678846153846153
0 0.5418394886363638 0.7938557692307692 0.03580965909090906 0.05851923076923078
0 0.5152911931818182 0.7556923076923078 0.04279829545454545 0.05573076923076915
0 0.5865056818181817 0.6812980769230769 0.03292613636363637 0.05517307692307692
0 0.1048863636363635 0.6395192307692308 0.046619318181818255 0.0696538461538462
0 0.2515696022727273 0.613778846153846 0.0661505681818181 0.08528846153846148
0 0.15791193181818197 0.7294423076923077 0.03184659090909085 0.045961538461538415
0 0.13620738636363638 0.7424807692307693 0.025539772727272755 0.043576923076923124
0 0.17190340909090907 0.6889326923076923 0.045852272727272686 0.048326923076923066
0 0.07583096590909089 0.8301442307692307 0.042002840909090816 0.05590384615384614
0 0.3379758522727273 0.700076923076923 0.032201704545454485 0.041230769230769224
0 0.883955965909091 0.534625 0.04248579545454547 0.053673076923076865
0 0.33850142045454545 0.7306346153846154 0.040951704545454604 0.035076923076923096
0 0.9055610795454545 0.41883653846153845 0.03072443181818181 0.06478846153846153
0 0.3323792613636364 0.7638076923076923 0.046207386363636326 0.05307692307692312
0 0.6004758522727274 0.24524038461538464 0.03376420454545452 0.04163461538461537
0 0.1697727272727273 0.4113846153846154 0.029630681818181837 0.05253846153846158
0 0.13731534090909103 0.41163461538461543 0.038806818181818255 0.07880769230769229
0 0.8811008522727273 0.4135096153846154 0.03393465909090909 0.04448076923076922
0 0.2106605113636365 0.27524038461538464 0.07725852272727271 0.0931346153846154
0 0.3159730113636363 0.19978846153846153 0.027514204545454553 0.03773076923076924
0 0.309971590909091 0.23607692307692307 0.05221590909090916 0.05015384615384618
0 0.4461292613636364 0.5496346153846154 0.036406249999999994 0.04738461538461536
0 0.5159517045454546 0.5285480769230769 0.036051136363636355 0.04690384615384624
0 0.3353764204545455 0.25350961538461536 0.040923295454545455 0.05540384615384613
0 0.46556107954545456 0.3855769230769231 0.02964488636363637 0.03580769230769232
0 0.5038210227272728 0.4966346153846154 0.058920454545454574 0.05765384615384619
0 0.561875 0.4178173076923077 0.03528409090909095 0.049673076923076945
0 0.5128338068181819 0.3793653846153846 0.052201704545454544 0.0663846153846154
0 0.13987926136363626 0.7050480769230769 0.032201704545454485 0.040750000000000106
0 0.5119886363636365 0.46701923076923074 0.029744318181818177 0.0410769230769231
0 0.23776988636363638 0.9221346153846154 0.03295454545454552 0.0434615384615385
0 0.08965909090909097 0.5439423076923078 0.041647727272727184 0.05211538461538455
0 0.04825284090909099 0.9293365384615384 0.03869318181818183 0.04863461538461532
0 0.2841903409090908 0.9036634615384614 0.04551136363636366 0.0544423076923077
0 0.3039559659090909 0.9373365384615385 0.025752840909090902 0.04155769230769234
0 0.04223721590909091 0.12675 0.03276988636363627 0.03923076923076923
0 0.10889204545454556 0.19517307692307695 0.030426136363636305 0.035115384615384625
0 0.6071519886363637 0.1427692307692308 0.027116477272727316 0.03811538461538463
0 0.4988636363636364 0.4670192307692307 0.04082386363636365 0.06319230769230766
0 0.27825284090909086 0.17959615384615385 0.05954545454545465 0.07273076923076922
