0 0.5138139204545455 0.30411538461538457 0.1058096590909091 0.06061538461538463
0 0.5918252840909091 0.8516346153846154 0.055980113636363675 0.06407692307692306
0 0.5602485795454546 0.12350961538461537 0.04134943181818184 0.10428846153846155
0 0.7060653409090909 0.006923076923076922 0.0208806818181818 0.01296153846153846
0 0.7081463068181818 0.02141346153846154 0.01390625000000003 0.018826923076923078
0 0.7585724431818182 0.11020192307692307 0.029928977272727263 0.041673076923076924
0 0.7772443181818182 0.12024038461538462 0.02451704545454544 0.018519230769230774
0 0.7991903409090909 0.12254807692307693 0.03420454545454543 0.020826923076923073
0 0.7818039772727272 0.10286538461538461 0.023948863636363615 0.02161538461538462
0 0.7930610795454546 0.09939423076923078 0.031065340909090914 0.02855769230769231
0 0.8078693181818182 0.2708365384615385 0.050227272727272725 0.06890384615384615
0 0.7002769886363636 0.21015384615384616 0.02964488636363637 0.04476923076923077
0 0.7757883522727272 0.042596153846153846 0.03441761363636366 0.0838076923076923
0 0.7072159090909091 0.17852884615384618 0.06875 0.033634615384615374
0 0.7423792613636364 0.18928846153846154 0.03813920454545454 0.03361538461538462
0 0.7966193181818182 0.1843173076923077 0.03099431818181817 0.022596153846153846
0 0.868671875 0.40424999999999994 0.04796875000000001 0.05580769230769233
0 0.8300994318181818 0.12957692307692306 0.04232954545454545 0.04061538461538461
0 0.6059801136363636 0.1525673076923077 0.05940340909090908 0.1355576923076923
0 0.787890625 0.39634615384615385 0.0852414772727273 0.062230769230769256
0 0.7987428977272727 0.45339423076923074 0.015014204545454535 0.030249999999999982
0 0.7826207386363636 0.47002884615384616 0.016605113636363633 0.03932692307692306
0 0.7971519886363636 0.47413461538461543 0.014360795454545473 0.01988461538461539
0 0.7670525568181819 0.60325 0.01541193181818181 0.0363076923076923
0 0.014637784090909212 0.8301538461538461 0.0292755681818182 0.05965384615384612
0 0.8808380681818182 0.3742115384615385 0.023835227272727275 0.04303846153846153
0 0.9199076704545455 0.39961538461538465 0.05518465909090909 0.018538461538461566
0 0.98015625 0.3341730769230769 0.03178977272727273 0.0729230769230769
0 0.8686931818181818 0.5143653846153846 0.05076704545454547 0.03884615384615382
0 0.6773224431818181 0.49075 0.050326704545454556 0.09442307692307697
0 0.03121448863636367 0.01756730769230769 0.021974431818181858 0.03513461538461538
0 0.01608664772727275 0.011971153846153845 0.031008522727272784 0.02394230769230769
0 0.007400568181818223 0.023596153846153847 0.014801136363636306 0.026576923076923078
0 0.01088778409090907 0.057192307692307695 0.02177556818181824 0.04338461538461539
0 0.6209872159090908 0.8393846153846154 0.039133522727272746 0.026576923076923064
0 0.06860085227272739 0.024076923076923076 0.02401988636363632 0.04703846153846154
0 0.015468750000000031 0.07549038461538461 0.03093749999999996 0.042442307692307696
0 0.026796875000000053 0.07148076923076924 0.052911931818181816 0.07234615384615384
0 0.005447443181818223 0.11265384615384615 0.010894886363636306 0.015230769230769233
0 0.04460937499999995 0.10882692307692308 0.06705965909090915 0.038538461538461535
0 0.009389204545454444 0.1277596153846154 0.016874999999999994 0.02548076923076923
0 0.03423295454545461 0.1725 0.06752840909090904 0.041807692307692296
0 0.2632173295454546 0.7637211538461538 0.04274147727272732 0.05401923076923083
0 0.6034588068181819 0.5890192307692308 0.11336647727272728 0.05550000000000003
0 0.543096590909091 0.647125 0.02846590909090912 0.09882692307692305
0 0.7888423295454545 0.5828269230769231 0.028167613636363612 0.06080769230769232
0 0.38973721590909094 0.18719230769230769 0.05444602272727279 0.06796153846153846
0 0.3874431818181818 0.1383653846153846 0.09156250000000005 0.07946153846153846
0 0.3020880681818181 0.11864423076923078 0.015369318181818171 0.04255769230769231
0 0.3106392045454546 0.15007692307692308 0.04784090909090902 0.07423076923076924
0 0.22790482954545443 0.7527788461538462 0.035468749999999875 0.06301923076923073
0 0.26872869318181813 0.1680480769230769 0.055525568181818225 0.06005769230769231
0 0.26174715909090907 0.13945192307692308 0.049943181818181775 0.08132692307692307
0 0.24236505681818177 0.24535576923076924 0.033536931818181674 0.041596153846153866
0 0.2903906250000001 0.39193269230769234 0.043650568181818124 0.10401923076923078
0 0.02036221590909093 0.806173076923077 0.04029829545454546 0.04215384615384619
0 0.9813423295454545 0.5827788461538461 0.03660511363636364 0.0705192307692308
0 0.0690269886363637 0.9290288461538462 0.009588068181818182 0.01878846153846161
0 0.2578338068181818 0.8014423076923077 0.03134943181818181 0.030000000000000044
0 0.22680397727272716 0.7926538461538462 0.03514204545454547 0.01757692307692305
0 0.20511363636363633 0.7517115384615385 0.05573863636363638 0.08146153846153849
0 0.049687499999999996 0.6276153846153847 0.02761363636363644 0.016230769230769226
0 0.028636363636363793 0.5921634615384616 0.056278409090909094 0.04471153846153846
0 0.14398437500000005 0.5940673076923076 0.07220170454545444 0.08863461538461534
0 0.046882102272727266 0.652201923076923 0.026775568181818053 0.047673076923076964
0 0.026384943181818277 0.706076923076923 0.026775568181818213 0.027423076923077015
0 0.006619318181818268 0.7455865384615386 0.013238636363636435 0.026788461538461553
0 0.7991832386363636 0.6253269230769231 0.02879261363636361 0.05765384615384619
0 0.02105823863636369 0.7537211538461538 0.0218892045454545 0.03786538461538461
0 0.02242897727272719 0.7895288461538462 0.043465909090909124 0.05186538461538467
0 0.06232244318181823 0.9186538461538462 0.009588068181818182 0.017500000000000043
0 0.05252130681818168 0.8372596153846154 0.030696022727272745 0.04444230769230772
0 0.41452414772727275 0.7161442307692307 0.022940340909090876 0.1443653846153846
0 0.48762073863636357 0.6592596153846154 0.06884943181818177 0.07840384615384612
0 0.5202840909090909 0.6912788461538462 0.02542613636363641 0.14055769230769227
0 0.5629616477272728 0.7534326923076923 0.033025568181818184 0.06305769230769234
0 0.5598934659090908 0.689875 0.016661931818181763 0.07224999999999998
0 0.05393465909090911 0.8998557692307692 0.01676136363636357 0.026596153846153815
0 0.7727556818181818 0.5710192307692308 0.02681818181818181 0.02996153846153854
0 0.47022017045454545 0.7939615384615385 0.04473011363636357 0.1624615384615385
0 0.533075284090909 0.8200288461538462 0.035497159090909024 0.04325000000000002
0 0.5824573863636363 0.7924038461538461 0.07392045454545458 0.10007692307692312
0 0.10015624999999995 0.8376153846153847 0.07948863636363641 0.022692307692307605
0 0.055859375000000044 0.8227019230769231 0.011008522727272728 0.023980769230769285
0 0.10374289772727263 0.9215769230769232 0.06464488636363636 0.04149999999999997
0 0.07333096590909094 0.9646923076923076 0.024900568181818142 0.040846153846153865
0 0.06710937500000003 0.9860769230769231 0.02203124999999999 0.02784615384615388
0 0.21652698863636355 0.8154038461538461 0.0835369318181819 0.041461538461538466
0 0.18350142045454543 0.8202499999999999 0.05330965909090921 0.029615384615384682
0 0.8745738636363636 0.48039423076923077 0.01946022727272728 0.03174999999999998
0 0.2680468749999999 0.8730384615384615 0.12055397727272728 0.10826923076923078
0 0.44077414772727275 0.9190673076923077 0.07149147727272732 0.08055769230769227
0 0.4270028409090909 0.7535576923076923 0.03369318181818186 0.13611538461538467
0 0.36363636363636365 0.6820384615384615 0.09329545454545447 0.11976923076923082
0 0.4223224431818182 0.8214134615384615 0.06109374999999999 0.058173076923076925
0 0.36982244318181823 0.8487692307692308 0.06365056818181819 0.07753846153846153
0 0.37322443181818177 0.9180480769230769 0.06735795454545448 0.1210961538461539
0 0.4185085227272727 0.9395865384615385 0.05613636363636361 0.11651923076923072
0 0.44345880681818184 0.8704903846153845 0.09640625000000001 0.07721153846153853
0 0.5013210227272726 0.9039038461538461 0.04090909090909092 0.032807692307692315
0 0.9400426136363637 0.5630769230769231 0.047869318181818186 0.07815384615384613
0 0.504559659090909 0.9569903846153845 0.020795454545454527 0.08155769230769236
0 0.5481676136363636 0.8646923076923076 0.05210227272727274 0.0667307692307692
0 0.5740411931818181 0.8899615384615384 0.018650568181818174 0.03526923076923072
0 0.6340553977272727 0.8148557692307693 0.11288352272727277 0.03755769230769236
0 0.673174715909091 0.8835961538461539 0.1065482954545454 0.06019230769230771
0 0.5534588068181818 0.9597884615384616 0.04080965909090912 0.07750000000000003
0 0.5450781250000001 0.9284519230769231 0.061207386363636325 0.06513461538461539
0 0.5563778409090909 0.9722403846153848 0.04656249999999996 0.045250000000000054
0 0.5898082386363637 0.9734519230769231 0.02984374999999999 0.04121153846153836
0 0.6641122159090909 0.967798076923077 0.11757102272727274 0.062211538461538395
0 0.8974928977272727 0.9728173076923077 0.02424715909090909 0.05436538461538458
0 0.4515980113636363 0.9002403846153846 0.08938920454545456 0.05836538461538466
0 0.7869318181818181 0.8157980769230769 0.0339488636363636 0.04932692307692314
0 0.800106534090909 0.8454807692307692 0.024701704545454527 0.032038461538461585
0 0.8162357954545454 0.8603076923076923 0.015539772727272723 0.020423076923076933
0 0.8210440340909091 0.8791346153846153 0.014786931818181814 0.0232307692307692
0 0.8044744318181818 0.8733173076923076 0.02071022727272725 0.03125
0 0.7539630681818181 0.8422788461538462 0.04164772727272726 0.08936538461538467
0 0.7819744318181818 0.8551538461538462 0.028011363636363636 0.10915384615384614
0 0.8045099431818181 0.9128557692307693 0.051633522727272736 0.0491346153846153
0 0.7885653409090909 0.7965865384615385 0.0253693181818182 0.033250000000000036
0 0.8190269886363637 0.7913269230769231 0.044218749999999994 0.02407692307692304
0 0.9296235795454546 0.7533557692307692 0.019019886363636364 0.026211538461538453
0 0.8211008522727272 0.8173557692307691 0.045014204545454545 0.02936538461538469
0 0.8399289772727273 0.7405769230769231 0.06818181818181818 0.09988461538461538
0 0.7512997159090908 0.76175 0.12029829545454546 0.06623076923076923
0 0.8557670454545454 0.7180480769230769 0.042897727272727275 0.06678846153846157
0 0.8629900568181819 0.6892692307692307 0.060553977272727266 0.14603846153846153
0 0.9052911931818182 0.7533173076923078 0.03759943181818182 0.033788461538461524
0 0.8104900568181819 0.5537019230769231 0.011008522727272728 0.023865384615384556
0 0.9247514204545455 0.6958653846153846 0.08651988636363638 0.08649999999999992
0 0.9520454545454545 0.74025 0.03394886363636364 0.03650000000000003
0 0.8911434659090909 0.8105288461538462 0.0379403409090909 0.08425
0 0.3830468749999999 0.22602884615384614 0.046633522727272704 0.061365384615384634
0 0.9692329545454546 0.8076923076923077 0.060340909090909084 0.09726923076923084
0 0.7979545454545455 0.5538365384615385 0.01707386363636365 0.02074999999999993
0 0.9293963068181819 0.9375 0.0583096590909091 0.1243846153846154
0 0.8457528409090909 0.5109903846153846 0.020028409090909083 0.020903846153846162
0 0.8459588068181818 0.48809615384615385 0.042144886363636364 0.03953846153846149
0 0.8228409090909091 0.5297403846153846 0.03630681818181818 0.04032692307692302
0 0.7797727272727273 0.5012692307692307 0.04181818181818182 0.03288461538461532
0 0.7771164772727273 0.5353942307692308 0.01508522727272728 0.051250000000000066
0 0.7701420454545455 0.6510769230769231 0.04661931818181817 0.05334615384615386
0 0.75234375 0.6394423076923077 0.03002840909090907 0.058192307692307675
0 0.25919744318181825 0.35627884615384614 0.035184659090909065 0.11571153846153844
0 0.7351207386363636 0.6579807692307692 0.026207386363636346 0.06338461538461534
0 0.7102130681818182 0.6993173076923077 0.05318181818181818 0.10044230769230773
0 0.8232954545454545 0.597701923076923 0.04792613636363638 0.04178846153846157
0 0.7844886363636363 0.6314519230769231 0.01573863636363634 0.03375000000000002
0 0.7902698863636364 0.6499423076923078 0.012471590909090911 0.013653846153846088
0 0.8749502840909091 0.8238173076923077 0.0323721590909091 0.06809615384615378
0 0.8315696022727272 0.8561634615384616 0.021065340909090905 0.021288461538461527
0 0.8200994318181818 0.838076923076923 0.019488636363636343 0.025961538461538463
0 0.8915767045454546 0.599875 0.07798295454545455 0.06251923076923076
0 0.25445312499999995 0.28669230769230764 0.018991477272727278 0.04311538461538459
0 0.31394886363636365 0.053000000000000005 0.021789772727272692 0.0536923076923077
0 0.3307173295454545 0.012990384615384615 0.02933238636363633 0.02598076923076923
0 0.30220880681818185 0.09460576923076923 0.03072443181818181 0.04159615384615384
0 0.8254190340909091 0.47391346153846153 0.04745738636363638 0.08144230769230773
0 0.8049999999999999 0.5120192307692307 0.02318181818181817 0.04857692307692306
0 0.8271235795454546 0.9723846153846154 0.0454403409090909 0.055230769230769285
0 0.7911363636363636 0.5351634615384615 0.025596590909090923 0.05363461538461547
0 0.7467826704545455 0.6061442307692307 0.025923295454545456 0.039596153846153906
0 0.7371235795454545 0.5837403846153847 0.03751420454545454 0.06948076923076922
0 0.6040198863636363 0.9363846153846154 0.038494318181818137 0.04034615384615388
0 0.6501704545454545 0.03759615384615385 0.043039772727272746 0.0751923076923077
0 0.5785653409090908 0.9136923076923077 0.025653409090909095 0.062192307692307755
0 0.5289701704545454 0.5921057692307692 0.041377840909090906 0.06128846153846155
0 0.5221519886363637 0.5634326923076923 0.023849431818181846 0.031634615384615365
0 0.5024928977272727 0.5072211538461538 0.03748579545454544 0.14486538461538465
0 0.22476562499999997 0.19602884615384616 0.0636505681818181 0.0559423076923077
0 0.9702911931818182 0.276875 0.04490056818181818 0.11644230769230769
0 0.20771306818181823 0.21384615384615385 0.04588068181818175 0.07203846153846155
0 0.18676136363636364 0.25841346153846156 0.03724431818181822 0.04951923076923077
0 0.80125 0.1565 0.04230113636363637 0.045923076923076914
0 0.8265838068181818 0.1883653846153846 0.03151988636363638 0.06534615384615386
0 0.7733238636363636 0.1567596153846154 0.04309659090909091 0.04428846153846154
0 0.7230113636363636 0.05988461538461538 0.015454545454545448 0.054538461538461536
0 0.723799715909091 0.01973076923076923 0.02504261363636363 0.03946153846153846
0 0.7573224431818182 0.13975 0.04450284090909089 0.033884615384615395
0 0.7334446022727272 0.1601442307692308 0.038480113636363604 0.03074999999999999
0 0.061079545454545414 0.6026730769230769 0.035710227272727414 0.0470384615384615
0 0.862265625 0.14708653846153846 0.05930397727272727 0.1100576923076923
0 0.053302556818181746 0.6719423076923077 0.04788352272727278 0.10430769230769221
0 0.06446732954545453 0.6655384615384615 0.03350852272727261 0.07353846153846155
0 0.2505610795454545 0.464375 0.07481534090909102 0.1766346153846153
0 0.8503125 0.9039999999999999 0.04806818181818182 0.08580769230769232
0 0.8603764204545454 0.8946442307692308 0.04416193181818182 0.08744230769230764
0 0.5474715909090908 0.7543846153846153 0.04306818181818181 0.08126923076923086
0 0.5363068181818182 0.781875 0.018437500000000027 0.05198076923076918
0 0.6612144886363636 0.2592884615384615 0.06811079545454547 0.06257692307692306
0 0.6820951704545455 0.2955192307692308 0.04095170454545456 0.0669615384615385
0 0.7195951704545456 0.28810576923076925 0.034048295454545456 0.05213461538461541
0 0.8104190340909091 0.04240384615384615 0.025127840909090905 0.04084615384615385
0 0.9081889204545455 0.4459230769230769 0.08495738636363638 0.0976153846153846
0 0.9028977272727272 0.4453365384615384 0.0371875 0.07009615384615388
0 0.9377698863636363 0.48803846153846153 0.045795454545454535 0.09919230769230766
0 0.006306818181818219 0.712576923076923 0.012613636363636356 0.033307692307692295
0 0.02956676136363645 0.727201923076923 0.04984375000000005 0.027442307692307658
0 0.08343750000000005 0.6983653846153846 0.0566193181818182 0.14411538461538462
0 0.7907954545454545 0.7753269230769231 0.05494318181818183 0.03365384615384615
0 0.05486505681818177 0.871451923076923 0.01856534090909082 0.028942307692307715
0 0.0696874999999999 0.8563461538461539 0.017073863636363772 0.01853846153846151
0 0.7924005681818181 0.309375 0.04911931818181816 0.07294230769230771
0 0.8991477272727273 0.014990384615384615 0.030000000000000006 0.02998076923076923
0 0.8034161931818182 0.35350961538461534 0.08186079545454547 0.08301923076923075
0 0.7839133522727273 0.36136538461538464 0.04762784090909087 0.06569230769230769
0 0.49380681818181815 0.11900000000000001 0.024318181818181826 0.06546153846153847
0 0.047151988636363495 0.7768076923076923 0.04694602272727282 0.07188461538461538
0 0.7815909090909091 0.7104615384615385 0.01889204545454543 0.08223076923076922
0 0.8020028409090909 0.6862403846153846 0.030028409090909113 0.025596153846153852
0 0.8275 0.6775961538461539 0.06576704545454545 0.057538461538461566
0 0.19321732954545467 0.30708653846153844 0.06805397727272723 0.11071153846153844
0 0.9307670454545455 0.3564807692307692 0.07664772727272727 0.05461538461538463
0 0.5205255681818182 0.7753076923076923 0.06301136363636366 0.13946153846153853
0 0.8807670454545454 0.05099999999999999 0.024744318181818183 0.0486153846153846
0 0.6021448863636363 0.5554807692307693 0.12394886363636366 0.0636923076923077
0 0.09504261363636379 0.6037307692307692 0.03181818181818179 0.04492307692307695
0 0.09504261363636357 0.5831153846153847 0.03414772727272722 0.026961538461538537
0 0.09562499999999996 0.5389903846153846 0.09656249999999987 0.0836346153846154
0 0.10772727272727278 0.6051730769230769 0.02088068181818188 0.04676923076923087
0 0.7382173295454546 0.2565384615384615 0.02205965909090909 0.09803846153846152
0 0.7438210227272728 0.31440384615384614 0.037102272727272734 0.05780769230769231
0 0.7217400568181818 0.6338653846153847 0.025071022727272737 0.031538461538461494
0 0.6949076704545454 0.6529807692307692 0.050497159090909106 0.08796153846153848
0 0.01916193181818182 0.6699903846153846 0.03832386363636366 0.03821153846153847
0 0.3291761363636364 0.19267307692307692 0.08605113636363634 0.03734615384615385
0 0.6865767045454545 0.6116730769230769 0.055795454545454544 0.11273076923076925
0 0.7181676136363637 0.5486346153846153 0.04184659090909088 0.11884615384615387
0 0.48494318181818175 0.019769230769230768 0.025823863636363645 0.039538461538461536
0 0.49020596590909093 0.03830769230769231 0.026718750000000003 0.047961538461538465
0 0.49575994318181815 0.06533653846153846 0.01862215909090911 0.058134615384615396
0 0.5074644886363636 0.08383653846153846 0.02401988636363632 0.02682692307692308
0 0.522059659090909 0.048769230769230766 0.03500000000000006 0.03815384615384616
0 0.5450426136363637 0.06263461538461539 0.0376704545454546 0.03934615384615384
0 0.5420738636363636 0.024490384615384615 0.053096590909090906 0.04898076923076923
0 0.5924005681818182 0.03829807692307692 0.05431818181818183 0.06736538461538462
