0 0.13746448863636374 0.8919038461538461 0.05160511363636369 0.07338461538461544
0 0.9521519886363636 0.8218269230769231 0.05549715909090909 0.04365384615384613
0 0.17311079545454544 0.6324711538461538 0.03076704545454557 0.06667307692307696
0 0.7038352272727273 0.9295961538461538 0.025397727272727266 0.02299999999999996
0 0.16671164772727276 0.6838942307692307 0.026718749999999923 0.034865384615384604
0 0.713934659090909 0.9553365384615384 0.03414772727272726 0.02663461538461532
0 0.7314275568181818 0.9849423076923078 0.02473011363636363 0.02711538461538466
0 0.17480823863636374 0.6556153846153845 0.061065340909090764 0.055923076923076895
0 0.06955255681818184 0.8401634615384616 0.033678977272727326 0.057596153846153825
0 0.051704545454545614 0.7299903846153847 0.014744318181818176 0.029519230769230704
0 0.9054048295454545 0.852625 0.04978693181818183 0.05667307692307698
0 0.7418607954545454 0.9712788461538462 0.02269886363636362 0.020711538461538427
0 0.9381747159090909 0.8483461538461539 0.03248579545454545 0.026192307692307702
0 0.7508664772727273 0.957951923076923 0.03028409090909094 0.024134615384615407
0 0.05383522727272738 0.7842884615384615 0.032784090909090964 0.03700000000000002
0 0.18914772727272744 0.6926730769230769 0.043409090909090994 0.044961538461538456
0 0.18017045454545455 0.7402596153846154 0.06460227272727276 0.06482692307692314
0 0.15500000000000003 0.7410384615384616 0.015255681818181831 0.02865384615384622
0 0.4706605113636364 0.6890576923076923 0.036150568181818166 0.027307692307692394
0 0.7418607954545454 0.9331250000000001 0.04122159090909092 0.03278846153846156
0 0.7127556818181818 0.9053461538461538 0.05602272727272727 0.037807692307692355
0 0.7378196022727272 0.9179903846153846 0.046264204545454574 0.05078846153846159
0 0.7586860795454545 0.891798076923077 0.025071022727272737 0.024826923076923125
0 0.6136931818181819 0.7852692307692308 0.060028409090909035 0.040192307692307756
0 0.7750852272727273 0.9119423076923077 0.02659090909090909 0.03461538461538462
0 0.6567897727272727 0.8002692307692307 0.02659090909090909 0.025192307692307736
0 0.6112997159090909 0.08709615384615386 0.026491477272727323 0.02684615384615385
0 0.6851491477272726 0.8073173076923077 0.08330965909090905 0.05728846153846147
0 0.6997514204545454 0.07557692307692307 0.04848011363636363 0.09788461538461538
0 0.6445951704545454 0.6659519230769231 0.05518465909090908 0.05501923076923079
0 0.6865696022727272 0.17074999999999999 0.03600852272727276 0.0778076923076923
0 0.6900852272727273 0.5403461538461539 0.027045454545454536 0.042538461538461546
0 0.780809659090909 0.8842788461538462 0.03230113636363638 0.024365384615384646
0 0.7000142045454545 0.5352596153846154 0.03940340909090911 0.050173076923076876
0 0.6923579545454546 0.5771634615384615 0.06284090909090906 0.10221153846153842
0 0.7417684659090908 0.507826923076923 0.08109375 0.047115384615384615
0 0.7228622159090909 0.5311153846153847 0.03362215909090907 0.024115384615384546
0 0.7733451704545454 0.5772980769230769 0.06365056818181819 0.03490384615384611
0 0.8745525568181818 0.5188653846153847 0.03467329545454545 0.03650000000000003
0 0.8768323863636364 0.5423365384615384 0.031164772727272746 0.030326923076923043
0 0.8963494318181818 0.5682884615384616 0.07196022727272727 0.11115384615384617
0 0.11654829545454537 0.06989423076923076 0.0628977272727274 0.07432692307692308
0 0.25969460227272734 0.151625 0.026832386363636343 0.043134615384615396
0 0.8099147727272727 0.8993076923076923 0.04508522727272726 0.06538461538461539
0 0.32693181818181827 0.24642307692307694 0.028409090909090908 0.033423076923076944
0 0.40212357954545463 0.17493269230769232 0.01262784090909097 0.015557692307692314
0 0.5198224431818183 0.25625 0.10538352272727272 0.08892307692307694
0 0.4818181818181818 0.19391346153846156 0.05517045454545459 0.04109615384615383
0 0.6477769886363636 0.12862500000000002 0.048338068181818225 0.07128846153846154
0 0.5495241477272728 0.01428846153846154 0.04072443181818184 0.026500000000000003
0 0.5636931818181818 0.03240384615384615 0.06321022727272728 0.06396153846153846
0 0.7987713068181819 0.21245192307692307 0.026803977272727278 0.0355576923076923
0 0.3377201704545455 0.8241153846153846 0.020951704545454544 0.029499999999999953
0 0.11895596590909074 0.6659038461538461 0.07296875000000001 0.078
0 0.8990909090909092 0.9431538461538462 0.0428125 0.046038461538461535
0 0.10590909090909084 0.6457596153846153 0.028636363636363592 0.12217307692307698
0 0.1578124999999999 0.6040480769230769 0.061306818181818136 0.045557692307692306
0 0.8952840909090909 0.808875 0.022670454545454556 0.02725000000000003
0 0.19566051136363638 0.9948461538461537 0.017713068181818222 0.010307692307692334
0 0.35524147727272737 0.9363365384615384 0.04664772727272724 0.0312884615384615
0 0.1519105113636363 0.011346153846153846 0.038394886363636485 0.02253846153846154
0 0.17480113636363626 0.5727500000000001 0.0915624999999999 0.07369230769230768
0 0.2677059659090909 0.7647596153846155 0.07384943181818175 0.0961730769230769
0 0.12599431818181828 0.005355769230769231 0.016193181818181787 0.010711538461538462
0 0.2829474431818183 0.6019134615384616 0.06240056818181819 0.05598076923076926
0 0.1983806818181818 0.6534230769230769 0.02980113636363639 0.05196153846153854
0 0.40943892045454544 0.9017788461538462 0.044048295454545444 0.026942307692307675
0 0.3789488636363636 0.8917115384615385 0.028068181818181884 0.038499999999999965
0 0.25213068181818177 0.9550576923076923 0.026562500000000065 0.08857692307692297
0 0.506768465909091 0.08286538461538462 0.05044034090909089 0.0641153846153846
0 0.0957244318181818 0.7889903846153846 0.039034090909090935 0.07924999999999996
0 0.44254971590909087 0.7171249999999999 0.0247869318181818 0.048903846153846166
0 0.12127130681818177 0.881375 0.015326704545454494 0.02309615384615383
0 0.3030397727272728 0.5483076923076923 0.02139204545454546 0.03007692307692305
0 0.01995738636363631 0.7166153846153845 0.02053977272727262 0.03419230769230764
0 0.5124786931818182 0.09915384615384616 0.028536931818181784 0.03403846153846153
0 0.7241832386363636 0.013317307692307693 0.027088068181818213 0.026634615384615385
0 0.15418323863636374 0.7142884615384615 0.03492897727272732 0.027538461538461526
0 0.3095099431818181 0.626125 0.05112215909090911 0.08359615384615379
0 0.11662642045454552 0.7586826923076923 0.04575284090909096 0.04928846153846153
0 0.42877840909090914 0.6597115384615384 0.04730113636363638 0.04338461538461539
0 0.4472230113636364 0.6271346153846155 0.0537642045454545 0.028384615384615366
0 0.4448224431818182 0.6429903846153846 0.023423295454545388 0.0318653846153846
0 0.1055113636363636 0.863548076923077 0.020085227272727255 0.057019230769230725
0 0.009779829545454533 0.7742596153846154 0.019559659090909065 0.05774999999999995
0 0.4361505681818181 0.6756826923076923 0.017159090909090888 0.024326923076923142
0 0.1299147727272728 0.7437019230769231 0.041818181818181734 0.07259615384615385
0 0.9314346590909091 0.9386538461538462 0.04065340909090909 0.06246153846153839
0 0.3716903409090908 0.5663173076923077 0.05281250000000001 0.05221153846153842
0 0.45882812500000003 0.6540769230769231 0.019446022727272725 0.042538461538461546
0 0.4708096590909091 0.6586826923076923 0.01749999999999999 0.03113461538461538
0 0.03829545454545458 0.744951923076923 0.03778409090909094 0.0288653846153846
0 0.4525923295454546 0.6203076923076923 0.016036931818181766 0.018423076923077
0 0.3439630681818181 0.8779807692307693 0.05840909090909092 0.06273076923076924
0 0.42918323863636365 0.6142884615384615 0.03563920454545451 0.033115384615384665
0 0.4555042613636364 0.5920192307692308 0.02754261363636362 0.03961538461538455
0 0.5335227272727273 0.8633269230769229 0.021107954545454485 0.029923076923076927
0 0.30652698863636363 0.5556249999999999 0.02626420454545456 0.028019230769230755
0 0.9056392045454545 0.8935384615384615 0.034005681818181824 0.05796153846153843
0 0.44583806818181815 0.6868942307692307 0.019573863636363598 0.013057692307692237
0 0.3928977272727273 0.555375 0.07056818181818182 0.06890384615384612
0 0.03178977272727268 0.7589615384615384 0.03480113636363636 0.03142307692307687
0 0.3391335227272727 0.9362980769230769 0.03497159090909092 0.02309615384615383
0 0.010156249999999978 0.7322211538461538 0.01599431818181817 0.04925000000000002
0 0.37900568181818184 0.5068653846153846 0.033636363636363645 0.05838461538461541
0 0.4046590909090909 0.5232211538461539 0.028806818181818142 0.033211538461538424
0 0.08553267045454538 0.8550673076923077 0.016832386363636397 0.052326923076923146
0 0.3963778409090909 0.4794326923076923 0.07806818181818179 0.04528846153846151
0 0.45493607954545456 0.970125 0.023906249999999976 0.030480769230769166
0 0.6573863636363637 0.09559615384615384 0.06846590909090912 0.041307692307692316
0 0.3821875 0.918673076923077 0.01781249999999995 0.016230769230769226
0 0.46504971590909083 0.6927500000000001 0.021008522727272758 0.049500000000000016
0 0.5098295454545454 0.8639038461538462 0.028863636363636355 0.028384615384615366
0 0.05660511363636367 0.7199615384615384 0.02022727272727274 0.027538461538461526
0 0.5258380681818182 0.8580769230769231 0.012926136363636397 0.021384615384615394
0 0.5446590909090909 0.8819711538461539 0.03900568181818187 0.0728653846153846
0 0.5430539772727272 0.8299038461538462 0.03352272727272731 0.040192307692307645
0 0.6841548295454545 0.9647403846153846 0.04257102272727273 0.0705192307692308
0 0.38874999999999993 0.9321634615384616 0.021221590909090905 0.04055769230769226
0 0.10021306818181808 0.8653076923076922 0.021590909090908994 0.04473076923076921
