0 0.6141051136363636 0.004923076923076923 0.017187500000000033 0.009846153846153846
0 0.06992897727272729 0.1944903846153846 0.026335227272727222 0.03101923076923079
0 0.1380539772727274 0.24218269230769232 0.02744318181818189 0.05917307692307692
0 0.26297585227272724 0.06671153846153846 0.017258522727272855 0.025538461538461534
0 0.271200284090909 0.07979807692307693 0.02285511363636368 0.03225000000000001
0 0.4872301136363636 0.13278846153846152 0.021534090909090864 0.03130769230769231
0 0.43640625 0.15763461538461537 0.04602272727272732 0.03830769230769231
0 0.41598721590909093 0.2642019230769231 0.02268465909090905 0.028788461538461537
0 0.40784801136363635 0.2825 0.045042613636363686 0.05042307692307692
0 0.36723721590909086 0.2667307692307692 0.02157670454545454 0.02834615384615381
0 0.4190198863636364 0.3705769230769231 0.01900568181818181 0.028538461538461544
0 0.4488494318181818 0.5087788461538462 0.01985795454545457 0.04951923076923077
0 0.19410511363636374 0.006105769230769231 0.017897727272727305 0.012173076923076924
0 0.43178267045454544 0.5150576923076924 0.029247159090909056 0.04219230769230769
0 0.4675071022727273 0.5278846153846154 0.036576704545454544 0.0422692307692308
0 0.43705965909090905 0.539625 0.03522727272727266 0.02748076923076927
0 0.4404474431818183 0.5572403846153846 0.01964488636363634 0.02725000000000003
0 0.5254190340909091 0.5636057692307693 0.020298295454545482 0.044365384615384605
0 0.5470809659090909 0.47973076923076924 0.027485795454545405 0.06642307692307696
0 0.5311789772727273 0.5011442307692309 0.028920454545454565 0.04263461538461542
0 0.5426065340909091 0.509798076923077 0.018536931818181755 0.02748076923076927
0 0.5825355113636363 0.3650769230769231 0.021065340909090888 0.026038461538461576
0 0.6297798295454546 0.4376538461538461 0.027656249999999997 0.06749999999999999
0 0.9839275568181818 0.15628846153846157 0.03214488636363636 0.03657692307692307
0 0.6280894886363637 0.4290769230769231 0.017855113636363665 0.02480769230769232
0 0.6809090909090909 0.4746730769230769 0.019005681818181852 0.026500000000000003
0 0.6503196022727273 0.5042211538461538 0.026519886363636346 0.05063461538461541
0 0.6352982954545454 0.5252115384615385 0.02204545454545452 0.03503846153846159
0 0.6814346590909091 0.6418557692307693 0.017869318181818198 0.028365384615384615
0 0.6659801136363637 0.6396057692307693 0.017642045454545476 0.02759615384615378
0 0.6470951704545455 0.796798076923077 0.02038352272727272 0.027750000000000014
0 0.964169034090909 0.13182692307692306 0.04987215909090909 0.04673076923076924
0 0.9272514204545454 0.08839423076923078 0.04569602272727272 0.03375000000000001
0 0.9276278409090909 0.06515384615384616 0.020113636363636368 0.022923076923076928
0 0.9208096590909091 0.09876923076923076 0.022443181818181814 0.030076923076923077
0 0.9128053977272728 0.11782692307692307 0.020184659090909083 0.03065384615384615
0 0.9023295454545455 0.1939423076923077 0.01670454545454545 0.04092307692307692
0 0.8896235795454546 0.18851923076923077 0.016491477272727272 0.04930769230769231
0 0.7878196022727273 0.5286538461538461 0.01734374999999997 0.02723076923076928
0 0.6646022727272727 0.26713461538461536 0.017414772727272713 0.02299999999999996
0 0.6711363636363636 0.28578846153846155 0.01744318181818182 0.03607692307692312
0 0.6565838068181818 0.2869230769230769 0.01583806818181819 0.031038461538461567
0 0.8217045454545454 0.017615384615384616 0.021761363636363648 0.03496153846153846
0 0.8097727272727273 0.03339423076923077 0.021761363636363648 0.03536538461538462
0 0.7255326704545455 0.05509615384615384 0.018338068181818178 0.027692307692307697
0 0.7228053977272727 0.042019230769230774 0.025752840909090902 0.02953846153846154
0 0.614112215909091 0.07858653846153846 0.013877840909090965 0.024826923076923083
0 0.629481534090909 0.16240384615384612 0.019190340909090938 0.023769230769230768
0 0.6290696022727273 0.14829807692307695 0.023622159090909086 0.02621153846153848
0 0.7994886363636364 0.5127788461538462 0.028409090909090908 0.021403846153846145
0 0.6994318181818182 0.16310576923076922 0.01599431818181817 0.022596153846153846
0 0.6866548295454545 0.16509615384615384 0.011661931818181788 0.022653846153846156
0 0.6974147727272727 0.18165384615384617 0.016249999999999997 0.024884615384615408
0 0.6854119318181818 0.19048076923076923 0.021164772727272695 0.03130769230769231
0 0.9545028409090909 0.32145192307692305 0.022471590909090903 0.03132692307692311
0 0.8734019886363636 0.4503365384615385 0.03160511363636364 0.03378846153846158
0 0.8658380681818182 0.47691346153846154 0.019232954545454536 0.02263461538461535
0 0.8788920454545455 0.49127884615384615 0.016079545454545464 0.028211538461538493
0 0.8681392045454546 0.49871153846153854 0.015255681818181831 0.02488461538461538
0 0.844375 0.47354807692307693 0.02610795454545454 0.03194230769230772
0 0.8025 0.5333653846153846 0.019232954545454536 0.026038461538461576
0 0.854190340909091 0.4950769230769231 0.019034090909090896 0.02800000000000006
0 0.865234375 0.6555576923076922 0.03481534090909089 0.023269230769230813
0 0.8782173295454545 0.641125 0.018536931818181834 0.04286538461538455
0 0.8622940340909091 0.6370576923076923 0.015752840909090893 0.02196153846153849
0 0.957421875 0.5840576923076923 0.012116477272727274 0.02038461538461532
0 0.9527130681818182 0.5891057692307693 0.010000000000000004 0.021326923076923028
0 0.9388849431818181 0.59025 0.021008522727272726 0.029538461538461565
0 0.9406178977272728 0.4598557692307692 0.020809659090909097 0.028019230769230755
0 0.9334517045454546 0.47618269230769233 0.018693181818181814 0.02594230769230771
0 0.9685440340909091 0.9604615384615385 0.019247159090909096 0.027076923076923155
0 0.9086647727272728 0.7283461538461539 0.013295454545454555 0.019269230769230733
0 0.9317329545454546 0.9860961538461538 0.017642045454545455 0.02780769230769227
0 0.6510795454545455 0.9283557692307692 0.016789772727272757 0.035519230769230824
0 0.6359659090909091 0.9329038461538461 0.017215909090909056 0.024153846153846158
0 0.639346590909091 0.9121346153846154 0.018636363636363604 0.02407692307692304
0 0.8197514204545455 0.7459807692307692 0.01498579545454543 0.02903846153846147
0 0.8101349431818182 0.7483846153846153 0.023934659090909104 0.05030769230769236
0 0.8415980113636363 0.7877403846153846 0.022713068181818195 0.03401923076923087
0 0.7392542613636364 0.991971153846154 0.022599431818181814 0.016057692307692353
0 0.7378196022727272 0.946451923076923 0.02140625000000003 0.03894230769230769
0 0.7425071022727272 0.9255 0.020156249999999997 0.022807692307692334
0 0.9170241477272727 0.7181442307692307 0.016576704545454547 0.030442307692307772
0 0.5761931818181818 0.9575865384615385 0.023267045454545447 0.032096153846153844
0 0.46581676136363637 0.9934711538461539 0.023508522727272663 0.013057692307692237
0 0.1703480113636363 0.9916730769230768 0.020071022727272722 0.016653846153846203
0 0.15756392045454537 0.9948942307692308 0.014360795454545473 0.010211538461538357
0 0.2431960227272728 0.9867115384615385 0.019176136363636364 0.026576923076923064
0 0.25112926136363645 0.9942115384615384 0.01830965909090907 0.011576923076923042
0 0.23068181818181832 0.9875673076923076 0.018267045454545473 0.02486538461538463
0 0.20537642045454552 0.9373846153846154 0.060667613636363686 0.0446153846153847
0 0.19955255681818185 0.9273557692307692 0.03654829545454548 0.04859615384615392
0 0.006022727272727235 0.9704807692307692 0.012045454545454571 0.02465384615384614
0 0.8302556818181819 0.6107692307692308 0.013892045454545456 0.015538461538461508
0 0.004481534090909012 0.9485192307692308 0.008963068181818105 0.03234615384615383
0 0.04364346590909096 0.935 0.021406249999999908 0.026346153846153825
0 0.3560085227272727 0.965625 0.030795454545454556 0.03317307692307692
0 0.33688920454545457 0.9484134615384615 0.020028409090909124 0.0300576923076923
0 0.28529829545454544 0.8722692307692307 0.02460227272727272 0.02984615384615381
0 0.38452414772727284 0.5777115384615386 0.012315340909090932 0.018999999999999993
0 0.4205042613636363 0.6564615384615385 0.018082386363636307 0.024961538461538497
0 0.4252698863636364 0.6698076923076922 0.02252840909090911 0.027038461538461542
0 0.43813920454545463 0.687673076923077 0.028323863636363633 0.036846153846153896
0 0.44615767045454546 0.7001153846153846 0.01637784090909095 0.02465384615384625
0 0.8336789772727273 0.628048076923077 0.016079545454545444 0.02509615384615387
0 0.4863494318181818 0.11129807692307692 0.02204545454545452 0.024442307692307694
0 0.3331676136363636 0.34852884615384616 0.016448863636363612 0.025326923076923052
0 0.31639204545454547 0.3453846153846154 0.02119318181818184 0.03592307692307694
0 0.3360085227272728 0.37091346153846155 0.018068181818181858 0.026173076923076948
0 0.3200284090909091 0.37523076923076926 0.020738636363636397 0.030807692307692272
0 0.306875 0.3671153846153846 0.014375000000000006 0.025961538461538463
0 0.3229758522727273 0.4028269230769231 0.020781249999999994 0.03007692307692305
0 0.2557670454545454 0.7248942307692309 0.026363636363636447 0.029211538461538455
0 0.2593110795454546 0.5849326923076923 0.02461647727272733 0.02805769230769226
0 0.15419744318181827 0.5872115384615385 0.01305397727272719 0.018615384615384627
0 0.8190625 0.6272788461538461 0.01755681818181818 0.03444230769230763
0 0.14447443181818187 0.5993557692307692 0.017727272727272755 0.017749999999999926
0 0.16098721590909093 0.6133750000000001 0.017258522727272695 0.02098076923076928
0 0.1654616477272728 0.5975288461538462 0.025866477272727326 0.02686538461538456
0 0.14731534090909093 0.6166826923076922 0.020965909090909077 0.02748076923076927
0 0.1434801136363636 0.5795961538461538 0.017414772727272713 0.028346153846153865
0 0.12812500000000004 0.5782211538461539 0.01659090909090902 0.027903846153846137
0 0.017720170454545325 0.6446442307692308 0.021178977272727228 0.027288461538461536
0 0.07147727272727267 0.47161538461538466 0.014886363636363502 0.019538461538461532
0 0.10384232954545458 0.4252596153846154 0.021093750000000033 0.028980769230769216
0 0.14263494318181813 0.21922115384615384 0.019502840909090935 0.029211538461538455
