0 0.7128196022727273 0.15126923076923077 0.11714488636363636 0.07965384615384616
0 0.49780539772727284 0.5512403846153846 0.07021306818181819 0.04678846153846151
0 0.7012713068181817 0.9943846153846152 0.01836647727272728 0.011153846153846285
0 0.6265696022727273 0.9795192307692309 0.04276988636363634 0.04096153846153849
0 0.5808238636363636 0.981 0.01772727272727267 0.037999999999999985
0 0.5831249999999999 0.9858076923076923 0.018437500000000027 0.028384615384615366
0 0.8828196022727273 0.1605 0.03612215909090908 0.029153846153846176
0 0.9365696022727272 0.2104423076923077 0.04580965909090909 0.03399999999999999
0 0.8906463068181818 0.182875 0.07441761363636365 0.029365384615384633
0 0.9767329545454545 0.1925769230769231 0.028607954545454548 0.03607692307692306
0 0.911200284090909 0.20077884615384617 0.05126420454545455 0.05448076923076923
0 0.9499431818181818 0.19389423076923076 0.02707386363636364 0.034673076923076925
0 0.5577272727272726 0.5589230769230769 0.07482954545454547 0.07465384615384614
0 0.9459588068181818 0.16090384615384612 0.041917613636363635 0.042692307692307696
0 0.9789488636363637 0.19700961538461537 0.04210227272727273 0.05221153846153845
0 0.9572088068181818 0.2336923076923077 0.01455965909090909 0.01723076923076922
0 0.9622301136363637 0.22829807692307694 0.014886363636363632 0.021903846153846156
0 0.7617045454545455 0.28816346153846156 0.03863636363636366 0.08013461538461542
0 0.8690127840909091 0.0730096153846154 0.06657670454545456 0.09090384615384615
0 0.9181178977272727 0.06963461538461539 0.11041193181818182 0.07361538461538462
0 0.8281534090909091 0.033221153846153845 0.05377840909090909 0.06644230769230769
0 0.7804971590909091 0.013057692307692308 0.022727272727272728 0.026115384615384617
0 0.8242116477272727 0.2960576923076923 0.04802556818181818 0.09753846153846153
0 0.30259232954545456 0.41484615384615386 0.049957386363636384 0.08519230769230772
0 0.7939985795454546 0.2989230769230769 0.03129261363636364 0.02403846153846154
0 0.8449289772727273 0.39578846153846153 0.08383522727272728 0.06480769230769229
0 0.8524857954545455 0.3968846153846154 0.08295454545454546 0.10480769230769231
0 0.7054048295454545 0.4210865384615385 0.06302556818181819 0.056326923076923115
0 0.7840340909090908 0.4865288461538462 0.13585227272727274 0.04805769230769232
0 0.7920099431818182 0.4496057692307693 0.04995738636363634 0.047903846153846144
0 0.7611505681818181 0.45341346153846157 0.048039772727272716 0.041942307692307695
0 0.7428480113636364 0.44808653846153845 0.05285511363636361 0.06851923076923076
0 0.7354545454545454 0.4259807692307692 0.03161931818181817 0.07065384615384618
0 0.6855894886363636 0.39208653846153846 0.03950284090909091 0.04386538461538462
0 0.28553267045454545 0.3666057692307692 0.017713068181818222 0.037250000000000005
0 0.5907457386363637 0.4383269230769231 0.04947443181818179 0.05480769230769231
0 0.6296235795454546 0.43006730769230767 0.03856534090909092 0.05917307692307694
0 0.6643181818181818 0.3774326923076923 0.03213068181818182 0.07048076923076924
0 0.6697798295454546 0.3691634615384615 0.08546875000000002 0.04871153846153843
0 0.716690340909091 0.29783653846153846 0.11502840909090907 0.04001923076923077
0 0.711875 0.30199038461538463 0.04315340909090908 0.09755769230769235
0 0.8257741477272728 0.3481730769230769 0.07805397727272725 0.05653846153846155
0 0.7795241477272727 0.3386057692307692 0.04867897727272725 0.05690384615384616
0 0.7794105113636364 0.31025961538461533 0.028053977272727272 0.025673076923076913
0 0.7566974431818182 0.3487788461538462 0.01214488636363638 0.018096153846153838
0 0.29776278409090906 0.33828846153846154 0.052201704545454544 0.07549999999999998
0 0.7477414772727273 0.3394134615384615 0.022244318181818178 0.03171153846153848
0 0.7095809659090909 0.38277884615384616 0.027571022727272722 0.03490384615384617
0 0.673153409090909 0.4675480769230769 0.05752840909090909 0.056634615384615415
0 0.7052840909090909 0.5635096153846153 0.015198863636363661 0.043134615384615396
0 0.6644531250000001 0.5161826923076923 0.03603693181818182 0.0487884615384616
0 0.7016903409090909 0.4627115384615385 0.035710227272727296 0.05507692307692311
0 0.7436647727272727 0.5148846153846154 0.04502840909090908 0.047423076923076915
0 0.7293110795454545 0.5385384615384615 0.04688920454545453 0.036192307692307676
0 0.7375213068181818 0.5283846153846153 0.05112215909090911 0.048884615384615415
0 0.37568181818181823 0.38634615384615384 0.025653409090909095 0.0238076923076923
0 0.3391548295454545 0.3270865384615384 0.03151988636363636 0.0309423076923077
0 0.38563210227272726 0.39531730769230766 0.020184659090909062 0.027711538461538454
0 0.34878551136363634 0.39002884615384614 0.0527130681818182 0.042596153846153804
0 0.4191477272727272 0.43053846153846154 0.04633522727272728 0.07223076923076924
0 0.39517045454545463 0.42991346153846155 0.02065340909090912 0.0318269230769231
0 0.36444602272727267 0.43595192307692304 0.04153409090909092 0.03959615384615385
0 0.38627840909090905 0.39176923076923076 0.036875000000000054 0.06715384615384619
0 0.3900710227272728 0.3008653846153846 0.03210227272727276 0.056807692307692295
0 0.38625 0.33765384615384614 0.014147727272727244 0.015923076923076925
0 0.4116974431818182 0.3278461538461539 0.06700284090909094 0.03792307692307692
0 0.3788210227272727 0.3371442307692308 0.03392045454545454 0.06225000000000001
0 0.3562428977272727 0.2843173076923077 0.017315340909090905 0.06801923076923078
0 0.3550994318181818 0.3094230769230769 0.043863636363636355 0.10442307692307695
0 0.32294034090909096 0.2359519230769231 0.02460227272727272 0.060250000000000026
0 0.2925213068181818 0.16690384615384612 0.02703124999999996 0.062423076923076914
0 0.28087357954545455 0.22899999999999998 0.018678977272727323 0.05707692307692306
0 0.3231889204545454 0.2149903846153846 0.012400568181818127 0.021980769230769245
0 0.13861505681818187 0.7215865384615385 0.013934659090909175 0.017096153846153928
0 0.13428267045454556 0.7132115384615385 0.009843749999999929 0.01284615384615386
0 0.037251420454545325 0.6922788461538462 0.07362215909090915 0.09905769230769229
0 0.06139914772727273 0.6808846153846154 0.05828124999999996 0.055923076923077
0 0.012741477272727342 0.2620673076923077 0.025482954545454625 0.03174999999999998
0 0.3858025568181819 0.25096153846153846 0.1158380681818182 0.0613076923076923
0 0.04555397727272714 0.22041346153846156 0.09110795454545452 0.06225000000000001
0 0.030007102272727293 0.20134615384615384 0.060014204545454544 0.0756153846153846
0 0.010987215909090908 0.15572115384615384 0.021974431818181858 0.11921153846153847
0 0.0124928977272728 0.08360576923076923 0.024957386363636435 0.053711538461538456
0 0.026519886363636447 0.08281730769230769 0.02562500000000011 0.15336538461538463
0 0.05730113636363643 0.1304326923076923 0.044687500000000054 0.08109615384615383
0 0.05620028409090916 0.096875 0.021178977272727228 0.029865384615384617
0 0.08734375000000005 0.10767307692307691 0.056051136363636414 0.07542307692307691
0 0.7133451704545455 0.021096153846153848 0.03529829545454544 0.042192307692307696
0 0.7265980113636363 0.02414423076923077 0.03424715909090911 0.04828846153846154
0 0.3944673295454545 0.1560673076923077 0.06197443181818181 0.08132692307692307
0 0.6470738636363637 0.11413461538461539 0.04346590909090908 0.07123076923076924
0 0.6767897727272727 0.09463461538461537 0.033295454545454545 0.05269230769230769
0 0.7100923295454545 0.07654807692307693 0.06049715909090905 0.06601923076923076
0 0.7408877840909092 0.061471153846153856 0.05691761363636363 0.03990384615384616
0 0.7164275568181818 0.03617307692307692 0.06538352272727273 0.02876923076923077
0 0.7493394886363636 0.010971153846153846 0.02166193181818182 0.02194230769230769
0 0.7592329545454546 0.019798076923076918 0.03088068181818183 0.03921153846153846
0 0.29705255681818177 0.004750000000000001 0.009673295454545377 0.009500000000000001
0 0.012187499999999907 0.8906442307692307 0.024374999999999956 0.01805769230769228
0 0.4209303977272728 0.1735 0.05100852272727276 0.10584615384615383
0 0.7888991477272727 0.21731730769230767 0.04447443181818182 0.11740384615384615
0 0.4350568181818182 0.12390384615384617 0.024517045454545524 0.038730769230769235
0 0.333409090909091 0.19259615384615386 0.032357954545454586 0.06453846153846154
0 0.3244744318181817 0.131375 0.05636363636363637 0.16555769230769232
0 0.3967826704545455 0.07842307692307694 0.05572443181818176 0.15634615384615386
0 0.26928267045454557 0.12225961538461538 0.05339488636363641 0.10298076923076922
0 0.2155326704545455 0.10633653846153847 0.063309659090909 0.05690384615384616
0 0.23111505681818167 0.1746346153846154 0.026207386363636266 0.11984615384615385
0 0.21059659090909089 0.05778846153846153 0.06528409090909096 0.10311538461538461
0 0.1854403409090909 0.01239423076923077 0.07207386363636364 0.02478846153846154
0 0.20943181818181822 0.24848076923076926 0.11562499999999996 0.08634615384615384
0 0.6384659090909091 0.31158653846153844 0.1123863636363636 0.05475
0 0.2751988636363637 0.2807211538461538 0.035284090909090876 0.07163461538461538
0 0.23416903409090917 0.3249711538461539 0.10558238636363626 0.08167307692307692
0 0.23146306818181828 0.36254807692307695 0.057926136363636485 0.10782692307692307
0 0.26544744318181823 0.4230576923076923 0.0738778409090909 0.08892307692307694
0 0.2474928977272728 0.4564038461538461 0.04001420454545465 0.10280769230769232
0 0.22213068181818185 0.38750961538461537 0.01775568181818182 0.04809615384615383
0 0.1841761363636365 0.3336923076923077 0.08718749999999999 0.07869230769230767
0 0.18762073863636364 0.3037884615384616 0.04990056818181818 0.0813076923076923
0 0.22654829545454547 0.5654903846153846 0.11088068181818174 0.029326923076923077
0 0.49492187500000007 0.12594230769230771 0.04612215909090913 0.047076923076923086
0 0.6130965909090909 0.3329615384615384 0.07071022727272723 0.05253846153846158
0 0.5248508522727273 0.11875 0.054303977272727295 0.0538076923076923
0 0.4554190340909091 0.09193269230769231 0.06325284090909088 0.03309615384615383
0 0.4479758522727273 0.08328846153846155 0.03455965909090915 0.06476923076923077
0 0.40969460227272725 0.09840384615384616 0.04731534090909091 0.03742307692307693
0 0.4990127840909091 0.04514423076923076 0.036690340909090964 0.08636538461538461
0 0.5154687499999999 0.06794230769230769 0.061477272727272686 0.07896153846153847
0 0.5016761363636364 0.05998076923076923 0.035710227272727255 0.06915384615384615
0 0.572137784090909 0.02571153846153846 0.08649147727272734 0.05142307692307692
0 0.31388494318181825 0.17468269230769232 0.025923295454545456 0.06155769230769232
0 0.06414062499999995 0.5930769230769231 0.03958806818181819 0.08480769230769224
0 0.49906960227272734 0.44524038461538457 0.05103693181818183 0.08563461538461539
0 0.046036931818181914 0.6428846153846154 0.01937499999999998 0.047153846153846116
0 0.03387784090909096 0.6442307692307693 0.02482954545454548 0.04150000000000008
0 0.019616477272727195 0.5896634615384615 0.03923295454545455 0.07925000000000007
0 0.31630681818181816 0.5986730769230769 0.10181818181818175 0.07765384615384614
0 0.3990198863636364 0.6407307692307691 0.06801136363636363 0.059230769230769253
0 0.3607670454545455 0.6872596153846153 0.07721590909090911 0.054557692307692314
0 0.28808948863636363 0.7847596153846155 0.015696022727272663 0.07198076923076924
0 0.272627840909091 0.7539326923076922 0.023721590909090814 0.0306346153846154
0 0.28956676136363635 0.732625 0.07629261363636361 0.08798076923076924
0 0.3199502840909091 0.7992596153846154 0.04285511363636358 0.06440384615384617
0 0.5336150568181819 0.3613942307692308 0.07867897727272725 0.12090384615384617
0 0.3446732954545454 0.7645096153846153 0.024488636363636376 0.03444230769230774
0 0.38257102272727284 0.7700673076923077 0.09011363636363635 0.08459615384615386
0 0.34796164772727267 0.7421634615384615 0.0758096590909091 0.035673076923076946
0 0.3912286931818182 0.7337403846153846 0.03137784090909095 0.04059615384615387
0 0.3361931818181818 0.8335865384615385 0.15536931818181818 0.1355576923076922
0 0.45820312499999993 0.7351346153846153 0.11305397727272731 0.04734615384615386
0 0.4586363636363636 0.7091153846153846 0.07480113636363632 0.023192307692307696
0 0.37818892045454544 0.7026346153846154 0.056860795454545414 0.047923076923076846
0 0.33377840909090917 0.7328269230769231 0.06568181818181819 0.03169230769230773
0 0.45441761363636357 0.6868557692307693 0.06119318181818179 0.039673076923076915
0 0.5376207386363636 0.41924999999999996 0.044758522727272716 0.11200000000000002
0 0.40879261363636354 0.7084519230769231 0.030795454545454556 0.019173076923076866
0 0.42779119318181824 0.6432596153846154 0.07512784090909089 0.12155769230769238
0 0.7119460227272727 0.8038365384615385 0.06928977272727273 0.0860192307692308
0 0.7432244318181818 0.7483076923076923 0.08292613636363635 0.08242307692307695
0 0.7674573863636364 0.8207115384615384 0.0478409090909091 0.0678461538461539
0 0.7942826704545455 0.7791923076923077 0.06825284090909091 0.04161538461538459
0 0.7687428977272728 0.7574615384615384 0.04700284090909091 0.06303846153846149
0 0.7150213068181819 0.7159711538461538 0.06188920454545454 0.05774999999999995
0 0.7098153409090908 0.6936923076923077 0.08474431818181817 0.05896153846153851
0 0.66078125 0.6930384615384615 0.043863636363636355 0.11530769230769237
0 0.5717542613636364 0.387125 0.03345170454545456 0.05140384615384613
0 0.6721946022727273 0.6282980769230769 0.06217329545454547 0.06613461538461547
0 0.7090980113636363 0.5896538461538462 0.020752840909090887 0.06519230769230765
0 0.7193607954545455 0.6129711538461539 0.028494318181818187 0.041403846153846104
0 0.7255681818181818 0.6289807692307693 0.06943181818181818 0.09480769230769233
0 0.7490340909090909 0.5598653846153846 0.05184659090909091 0.06884615384615377
0 0.8086079545454545 0.5794326923076923 0.0912215909090909 0.025634615384615464
0 0.8365269886363637 0.6168846153846154 0.11916193181818181 0.04657692307692302
0 0.8679403409090909 0.5817884615384615 0.07826704545454545 0.0803076923076924
0 0.6791690340909091 0.577125 0.04541193181818182 0.05671153846153848
0 0.666122159090909 0.6160673076923078 0.04252840909090909 0.03171153846153848
0 0.5729119318181819 0.42317307692307693 0.08687500000000004 0.05596153846153845
0 0.6489346590909091 0.5596153846153846 0.026562499999999985 0.06984615384615395
0 0.6420028409090909 0.5109615384615385 0.049744318181818195 0.05157692307692312
0 0.6197940340909092 0.5359807692307692 0.054048295454545474 0.11265384615384617
0 0.5853835227272728 0.5569999999999999 0.0441761363636364 0.028692307692307722
0 0.6124644886363637 0.6245288461538462 0.0638778409090909 0.10705769230769223
0 0.6117045454545454 0.6605576923076923 0.08667613636363637 0.18734615384615388
0 0.6305184659090909 0.6100000000000001 0.03169034090909087 0.06915384615384612
0 0.6350426136363636 0.6419519230769232 0.023920454545454592 0.052519230769230776
0 0.633955965909091 0.44934615384615384 0.032059659090909125 0.07188461538461538
0 0.8240127840909091 0.9366057692307692 0.049673295454545456 0.07078846153846154
