0 0.6424644886363636 0.3400384615384615 0.10660511363636366 0.08196153846153847
0 0.24610085227272738 0.41133653846153845 0.05308238636363637 0.08551923076923076
0 0.6022940340909091 0.18682692307692308 0.08884943181818179 0.13884615384615384
0 0.2167116477272728 0.09028846153846154 0.04606534090909084 0.032653846153846144
0 0.38843039772727284 0.3899326923076923 0.10501420454545456 0.09086538461538461
0 0.3837997159090909 0.26409615384615387 0.07384943181818183 0.11442307692307695
0 0.014893465909090908 0.85325 0.029389204545454625 0.022576923076923095
0 0.32156960227272724 0.21977884615384616 0.10748579545454556 0.0671346153846154
0 0.28411221590909086 0.029990384615384617 0.044758522727272716 0.05998076923076923
0 0.15769886363636365 0.6919903846153846 0.04650568181818183 0.1490961538461539
0 0.8561647727272728 0.8788557692307692 0.07721590909090909 0.07175000000000001
0 0.4155610795454545 0.02046153846153846 0.059786931818181864 0.04092307692307692
0 0.2159375 0.47601923076923075 0.06744318181818185 0.21234615384615388
0 0.014573863636363593 0.4160865384615385 0.029147727272727245 0.14848076923076925
0 0.8105397727272727 0.12663461538461537 0.10528409090909091 0.04988461538461537
0 0.48693892045454545 0.1742019230769231 0.11115056818181818 0.10321153846153847
0 0.03628551136363645 0.16958653846153846 0.07160511363636358 0.07982692307692306
0 0.06950994318181813 0.39855769230769234 0.10441761363636379 0.12057692307692305
0 0.578799715909091 0.9706153846153847 0.04169034090909086 0.058769230769230775
0 0.47856534090909086 0.27094230769230765 0.02696022727272722 0.0710769230769231
0 0.7629829545454545 0.1772403846153846 0.11897727272727274 0.08363461538461538
0 0.5527414772727273 0.9069230769230769 0.062471590909090935 0.15396153846153846
0 0.02073153409090911 0.7784807692307693 0.04080965909090912 0.09623076923076916
0 0.9064417613636364 0.8104807692307693 0.11319602272727272 0.08257692307692308
0 0.08647727272727268 0.15603846153846154 0.0554545454545454 0.11261538461538462
0 0.8150994318181818 0.0993076923076923 0.08704545454545455 0.06176923076923078
0 0.47862926136363637 0.6772211538461538 0.1519176136363636 0.1425576923076924
0 0.3541335227272727 0.7080384615384615 0.11352272727272722 0.11953846153846148
0 0.27626420454545453 0.7147211538461538 0.0751420454545455 0.09578846153846154
0 0.5545809659090908 0.36944230769230774 0.0767755681818182 0.08099999999999996
0 0.797549715909091 0.9735192307692309 0.058963068181818186 0.052961538461538504
0 0.6258735795454546 0.9215 0.03509943181818183 0.05049999999999998
0 0.36264204545454537 0.05429807692307692 0.12613636363636366 0.08167307692307692
0 0.49709517045454543 0.33613461538461537 0.010667613636363623 0.013692307692307702
0 0.541690340909091 0.8171153846153846 0.024204545454545482 0.037999999999999985
0 0.10220170454545463 0.36351923076923076 0.10221590909090898 0.13365384615384615
0 0.44517045454545456 0.2049519230769231 0.05210227272727274 0.09490384615384614
0 0.8738920454545455 0.9425192307692308 0.08670454545454545 0.06415384615384619
0 0.44642045454545454 0.6016634615384615 0.028920454545454485 0.04067307692307688
0 0.18731534090909097 0.8755288461538461 0.05221590909090908 0.0956346153846153
0 0.05085227272727266 0.033711538461538466 0.06843749999999993 0.06742307692307693
0 0.13730113636363628 0.8594807692307692 0.05923295454545461 0.037423076923076996
0 0.9334303977272728 0.34391346153846153 0.13029829545454547 0.22690384615384618
0 0.7654332386363636 0.8420192307692308 0.12811079545454543 0.10265384615384615
0 0.4926136363636364 0.7392211538461538 0.04826704545454548 0.14925000000000002
0 0.21363636363636362 0.059403846153846154 0.050454545454545426 0.06353846153846154
0 0.11594460227272729 0.7481923076923077 0.04694602272727266 0.09503846153846146
0 0.8461647727272728 0.9698461538461538 0.07897727272727272 0.0589230769230769
0 0.2866832386363637 0.4184615384615385 0.04299715909090898 0.1401923076923077
0 0.018302556818181825 0.9486057692307692 0.03660511363636361 0.10278846153846152
0 0.9517755681818182 0.9668653846153846 0.09644886363636364 0.06626923076923073
0 0.5784375 0.07540384615384615 0.06855113636363643 0.1508076923076923
0 0.762109375 0.1378076923076923 0.051946022727272716 0.08269230769230769
0 0.41510653409090914 0.5832307692307692 0.022457386363636367 0.03953846153846154
0 0.9554190340909091 0.602 0.08916193181818183 0.09919230769230766
0 0.535284090909091 0.5319134615384616 0.06963068181818187 0.13759615384615387
0 0.3239772727272727 0.2959615384615385 0.056477272727272716 0.1536923076923077
0 0.4029474431818182 0.931423076923077 0.07404829545454544 0.13715384615384615
0 0.3923650568181819 0.5448365384615385 0.03987215909090908 0.047134615384615365
0 0.5408735795454545 0.2228269230769231 0.0603267045454545 0.0683076923076923
0 0.1173366477272727 0.5871538461538461 0.03686079545454552 0.06653846153846159
0 0.46875710227272727 0.49940384615384614 0.057571022727272686 0.14776923076923076
0 0.17239346590909088 0.051826923076923076 0.053963068181818195 0.10365384615384615
0 0.3689488636363637 0.16157692307692306 0.07622159090909086 0.058653846153846154
0 0.5905042613636363 0.4607884615384616 0.13765625 0.11211538461538459
0 0.683487215909091 0.031173076923076925 0.11143465909090912 0.06176923076923078
0 0.7268252840909091 0.9677115384615385 0.09651988636363634 0.06415384615384619
0 0.717705965909091 0.2585 0.07686079545454544 0.05892307692307695
0 0.7554403409090908 0.8985673076923076 0.055454545454545444 0.08078846153846152
0 0.3316477272727273 0.09958653846153845 0.08829545454545458 0.10394230769230768
0 0.2463281249999999 0.20908653846153846 0.09740056818181818 0.16928846153846155
0 0.5244460227272727 0.9681634615384617 0.08818181818181815 0.06355769230769233
0 0.872137784090909 0.019961538461538465 0.06211647727272726 0.03992307692307693
0 0.38941051136363636 0.32720192307692303 0.08734375000000001 0.061211538461538484
0 0.33115767045454547 0.16009615384615383 0.21453124999999995 0.0943076923076923
0 0.7168323863636363 0.3899326923076923 0.08423295454545456 0.14136538461538464
0 0.12734374999999998 0.8126346153846153 0.08906250000000006 0.09207692307692307
0 0.46272727272727276 0.9410769230769231 0.05428977272727276 0.1178461538461538
0 0.43776988636363634 0.7845096153846155 0.09872159090909091 0.24725
0 0.08245738636363631 0.8755288461538461 0.06624999999999998 0.1253269230769231
0 0.6501420454545455 0.9358846153846153 0.048778409090909136 0.12823076923076923
0 0.23595170454545455 0.7615000000000001 0.0394886363636363 0.11507692307692304
0 0.6138991477272727 0.9676442307692308 0.03992897727272729 0.06471153846153842
0 0.6786647727272728 0.5176346153846154 0.07107954545454548 0.12592307692307697
0 0.6615056818181819 0.788125 0.11801136363636361 0.07840384615384612
0 0.939140625 0.030653846153846153 0.12171875 0.061307692307692306
0 0.13466619318181827 0.8957211538461538 0.06098011363636357 0.06594230769230773
0 0.33193181818181816 0.8609903846153847 0.1787784090909091 0.14774999999999996
0 0.4319602272727273 0.5847596153846155 0.01909090909090909 0.031173076923076883
0 0.40870738636363635 0.12705769230769232 0.09761363636363632 0.07573076923076924
0 0.3028622159090909 0.120375 0.07677556818181812 0.12771153846153846
0 0.6957244318181819 0.6862596153846154 0.1592613636363636 0.1348269230769231
0 0.4578693181818182 0.3128173076923077 0.06116477272727273 0.09325000000000001
0 0.5332670454545454 0.7570096153846153 0.06633522727272725 0.1430192307692308
0 0.6268039772727272 0.8361249999999999 0.049147727272727225 0.07601923076923083
0 0.19828835227272734 0.6922788461538462 0.0855539772727273 0.1306730769230769
0 0.714190340909091 0.3164711538461538 0.05650568181818182 0.09409615384615386
0 0.3439417613636363 0.017375 0.08467329545454548 0.03475
0 0.5146448863636364 0.30667307692307694 0.07048295454545456 0.07488461538461538
0 0.521200284090909 0.8051153846153847 0.027997159090909062 0.039192307692307686
0 0.2533451704545455 0.6260576923076924 0.17637784090909092 0.13719230769230775
0 0.8342329545454545 0.8194423076923077 0.08107954545454547 0.07365384615384618
0 0.20267045454545463 0.12859615384615386 0.09258522727272721 0.06415384615384616
0 0.7645596590909091 0.2879615384615385 0.12355113636363636 0.14161538461538462
0 0.31547585227272734 0.967798076923077 0.11188920454545452 0.06440384615384617
0 0.5932528409090909 0.6233942307692307 0.05428977272727269 0.08982692307692304
0 0.2516477272727272 0.08522115384615384 0.04826704545454548 0.08375
0 0.588544034090909 0.8330384615384615 0.061775568181818195 0.12876923076923083
0 0.6009232954545455 0.7065576923076923 0.0773295454545455 0.0928076923076924
0 0.9791051136363637 0.4998365384615385 0.04178977272727273 0.14551923076923073
0 0.81421875 0.9227980769230769 0.07826704545454546 0.06748076923076918
0 0.08209517045454551 0.05910576923076923 0.0480823863636364 0.052750000000000005
0 0.3245241477272728 0.43910576923076927 0.05978693181818178 0.1495576923076924
0 0.02962357954545458 0.05651923076923077 0.05896306818181817 0.11303846153846155
0 0.9212713068181818 0.9503557692307693 0.026321022727272728 0.038019230769230736
0 0.17854403409090902 0.7894038461538462 0.07853693181818193 0.09088461538461537
0 0.7612286931818182 0.7560192307692307 0.0845880681818182 0.0845769230769231
0 0.8913139204545455 0.5479423076923077 0.10924715909090908 0.15503846153846154
0 0.24857244318181815 0.030884615384615382 0.043877840909091054 0.061769230769230764
0 0.3364772727272727 0.5856634615384615 0.14258522727272718 0.16928846153846158
0 0.2744034090909091 0.33886538461538457 0.08335227272727265 0.09742307692307692
0 0.514296875 0.9147211538461538 0.05089488636363642 0.1092884615384615
0 0.45422585227272727 0.07243269230769231 0.09214488636363637 0.14486538461538462
0 0.10455255681818187 0.11208653846153847 0.14285511363636355 0.07982692307692309
0 0.9793252840909091 0.8565096153846153 0.04134943181818182 0.1306730769230769
0 0.38338068181818175 0.5045480769230769 0.07693181818181821 0.11632692307692309
0 0.26737926136363643 0.5229999999999999 0.07984374999999998 0.1473076923076923
0 0.4688778409090909 0.5800000000000001 0.11258522727272734 0.07488461538461538
0 0.47440340909090917 0.3686826923076923 0.11758522727272731 0.059942307692307725
0 0.8863565340909091 0.10025961538461538 0.10038352272727273 0.13209615384615384
0 0.09384943181818173 0.056971153846153845 0.13056818181818175 0.09028846153846154
0 0.1074644886363636 0.534875 0.05484375000000002 0.07959615384615382
0 0.499375 0.8452211538461538 0.05088068181818189 0.06532692307692313
0 0.2783522727272728 0.26492307692307693 0.09301136363636359 0.10988461538461541
0 0.21517045454545458 0.30947115384615387 0.045625000000000006 0.12890384615384615
0 0.9334303977272728 0.8936442307692307 0.09958806818181819 0.09563461538461542
0 0.05429687500000002 0.7906538461538462 0.07458806818181817 0.058807692307692276
