0 0.7396946022727273 0.7621153846153846 0.024502840909090908 0.07061538461538466
0 0.9680539772727272 0.3287307692307692 0.06389204545454545 0.13376923076923078
0 0.5204048295454546 0.3965096153846154 0.06916193181818181 0.04586538461538466
0 0.48517755681818187 0.8461153846153846 0.0703551136363636 0.10165384615384618
0 0.9646946022727273 0.08020192307692307 0.07061079545454546 0.1353653846153846
0 0.5395241477272728 0.7674711538461539 0.10552556818181821 0.11021153846153847
0 0.09867187499999985 0.6502884615384615 0.03714488636363633 0.04280769230769229
0 0.3056321022727273 0.05366346153846154 0.07339488636363631 0.10732692307692308
0 0.1759303977272727 0.7987692307692308 0.036747159090909094 0.0476153846153846
0 0.7801988636363636 0.2326923076923077 0.08022727272727272 0.06796153846153843
0 0.5069957386363637 0.4481153846153846 0.08186079545454544 0.07261538461538465
0 0.414637784090909 0.8624423076923078 0.07785511363636365 0.06580769230769225
0 0.9691051136363636 0.8726057692307693 0.061250000000000006 0.061519230769230784
0 0.2778764204545454 0.22071153846153846 0.12044034090909085 0.13757692307692307
0 0.37531250000000005 0.04542307692307693 0.07428977272727275 0.09042307692307693
0 0.47476562499999997 0.40575 0.02492897727272729 0.056692307692307674
0 0.4460582386363636 0.8314134615384616 0.0869460227272727 0.13644230769230767
0 0.27363636363636357 0.1264423076923077 0.07997159090909092 0.11084615384615383
0 0.22564630681818187 0.033923076923076924 0.05833806818181809 0.06784615384615385
0 0.3425639204545454 0.16721153846153847 0.07481534090909094 0.16434615384615386
0 0.41522727272727267 0.9472403846153847 0.07508522727272729 0.10486538461538467
0 0.27810369318181827 0.2455576923076923 0.19055397727272724 0.10699999999999997
0 0.8137926136363636 0.2816538461538461 0.0628409090909091 0.05992307692307692
0 0.8454048295454546 0.2249326923076923 0.11816761363636365 0.08990384615384615
0 0.37243607954545455 0.1382307692307692 0.09410511363636363 0.12165384615384617
0 0.07278409090909088 0.8284615384615385 0.0936647727272728 0.09738461538461536
0 0.14778409090909084 0.20128846153846158 0.057869318181818195 0.15350000000000003
0 0.16283380681818183 0.1299423076923077 0.10115056818181824 0.09746153846153846
0 0.1924786931818182 0.08631730769230771 0.08234375000000003 0.0764423076923077
0 0.17718750000000005 0.033125 0.07903409090909089 0.06178846153846154
0 0.2336434659090908 0.14236538461538462 0.03387784090909094 0.07261538461538461
0 0.20776988636363636 0.152875 0.0367045454545455 0.04394230769230771
0 0.11764204545454537 0.7005865384615384 0.07193181818181817 0.11236538461538463
0 0.06169034090909087 0.3503365384615385 0.057869318181818195 0.06944230769230766
0 0.5976136363636364 0.16982692307692307 0.11420454545454546 0.1508846153846154
0 0.36642045454545447 0.954625 0.06994318181818183 0.09075
0 0.2907386363636365 0.9484711538461539 0.10116477272727269 0.10305769230769225
0 0.21446732954545455 0.9819134615384616 0.12092329545454553 0.036173076923076926
0 0.6213139204545455 0.32321153846153844 0.06217329545454547 0.10019230769230768
0 0.3587926136363637 0.7165865384615384 0.09786931818181822 0.10763461538461544
0 0.4192542613636363 0.5127596153846153 0.03245738636363631 0.06178846153846153
0 0.3693749999999999 0.8414326923076924 0.033409090909090965 0.07071153846153842
0 0.3999573863636363 0.7866538461538461 0.04940340909090905 0.13949999999999993
0 0.3632599431818182 0.8879230769230769 0.02964488636363637 0.047769230769230724
0 0.054389204545454484 0.9492211538461539 0.10727272727272724 0.10155769230769231
0 0.8258522727272728 0.5034230769230769 0.07113636363636361 0.16319230769230766
0 0.687606534090909 0.28528846153846155 0.044701704545454544 0.12315384615384617
0 0.34326704545454545 0.7694615384615384 0.08374999999999998 0.07834615384615386
0 0.37384943181818187 0.9392019230769231 0.019772727272727216 0.0585961538461539
0 0.44394886363636354 0.45161538461538464 0.039517045454545444 0.05796153846153843
0 0.36938210227272716 0.6162692307692308 0.1387926136363636 0.11719230769230769
0 0.46276988636363636 0.45479807692307694 0.04139204545454544 0.05159615384615381
0 0.9467116477272727 0.5127884615384615 0.10657670454545455 0.08669230769230767
0 0.44936079545454544 0.40798076923076926 0.0286931818181818 0.06115384615384618
0 0.3277414772727273 0.8312403846153846 0.07997159090909092 0.09236538461538456
0 0.960546875 0.5749519230769231 0.07890625 0.07071153846153853
0 0.8631889204545454 0.08983653846153847 0.043082386363636364 0.032634615384615394
0 0.431015625 0.772 0.04657670454545449 0.04903846153846154
0 0.33245028409090915 0.48123076923076924 0.08751420454545457 0.16942307692307695
0 0.40325284090909086 0.45447115384615383 0.06352272727272731 0.09809615384615383
0 0.10590909090909084 0.9697788461538461 0.057869318181818036 0.05859615384615379
0 0.388671875 0.5538365384615385 0.04845170454545456 0.09809615384615383
0 0.4533593749999999 0.5200865384615384 0.0790482954545455 0.0764423076923077
0 0.44206676136363643 0.38440384615384615 0.03669034090909089 0.04203846153846151
0 0.45476562499999995 0.7156346153846154 0.1119744318181818 0.11211538461538453
0 0.7416690340909091 0.20032692307692307 0.060071022727272716 0.061
0 0.7203267045454546 0.25837499999999997 0.038721590909090935 0.11609615384615382
0 0.9264275568181818 0.19603846153846152 0.05572443181818181 0.13484615384615387
0 0.8145809659090909 0.06601923076923076 0.058877840909090894 0.06742307692307693
0 0.8746590909090909 0.11925961538461538 0.058096590909090896 0.07544230769230768
0 0.8886789772727273 0.502625 0.06639204545454545 0.09309615384615384
0 0.7865198863636363 0.4715865384615385 0.047812499999999994 0.16051923076923072
0 0.6173792613636364 0.48684615384615376 0.024900568181818142 0.03049999999999997
0 0.7244744318181818 0.13477884615384617 0.04306818181818181 0.13428846153846152
0 0.7529261363636364 0.7433942307692307 0.013039772727272737 0.06848076923076926
0 0.6029474431818183 0.4665096153846154 0.02845170454545459 0.039057692307692314
0 0.8458025568181818 0.04221153846153846 0.07470170454545454 0.0658076923076923
0 0.9088352272727273 0.41487500000000005 0.11144886363636362 0.1059423076923077
0 0.7782244318181818 0.6032115384615384 0.04701704545454544 0.11234615384615387
0 0.9714133522727273 0.40577884615384613 0.057173295454545456 0.10486538461538462
0 0.8290127840909091 0.10106730769230769 0.042684659090909106 0.0315576923076923
0 0.7444389204545454 0.6775769230769232 0.024502840909090908 0.10700000000000008
0 0.5956392045454546 0.507173076923077 0.031221590909090935 0.04334615384615383
0 0.8483735795454546 0.15777884615384616 0.0766619318181818 0.10432692307692308
0 0.6651988636363637 0.7013942307692308 0.07468750000000002 0.15248076923076928
0 0.9803053977272728 0.2682788461538461 0.03938920454545455 0.08667307692307691
0 0.7574786931818182 0.6941634615384616 0.015809659090909124 0.08024999999999993
0 0.7701207386363637 0.7136923076923077 0.02134943181818182 0.11503846153846152
0 0.7462144886363635 0.7958269230769232 0.023309659090909086 0.032115384615384594
0 0.7977840909090909 0.8651153846153846 0.0703409090909091 0.1845769230769231
0 0.7430539772727274 0.8637692307692307 0.08892045454545454 0.05992307692307697
0 0.7752627840909091 0.13209615384615384 0.0829971590909091 0.1556923076923077
0 0.9797088068181818 0.9517980769230769 0.04058238636363636 0.06901923076923075
0 0.7525355113636364 0.8132211538461539 0.09129261363636361 0.0925576923076923
0 0.8914488636363637 0.9891346153846154 0.015795454545454553 0.02173076923076925
0 0.190830965909091 0.26849038461538466 0.07339488636363631 0.09936538461538459
0 0.10163352272727266 0.6936346153846155 0.030426136363636305 0.05565384615384615
0 0.19742187499999997 0.18759615384615386 0.05833806818181809 0.07261538461538462
0 0.2557599431818183 0.20638461538461536 0.06492897727272724 0.1089230769230769
0 0.023664772727272854 0.3678461538461538 0.04732954545454553 0.09173076923076921
0 0.8321732954545454 0.25998076923076924 0.040312500000000015 0.058307692307692296
0 0.08333096590909084 0.28886538461538463 0.06069602272727275 0.07642307692307694
0 0.5033522727272728 0.2685384615384615 0.08457386363636367 0.18780769230769231
0 0.006455965909091033 0.890798076923077 0.012911931818181864 0.033711538461538515
0 0.1281107954545455 0.7987692307692308 0.03201704545454556 0.07649999999999994
0 0.9106178977272728 0.07351923076923078 0.054928977272727275 0.11557692307692308
0 0.9690411931818181 0.036759615384615384 0.06191761363636364 0.07351923076923077
0 0.11566761363636369 0.628625 0.02133522727272741 0.031557692307692245
0 0.5173863636363636 0.026163461538461538 0.048607954545454586 0.050826923076923075
0 0.0725852272727271 0.758375 0.09326704545454541 0.09951923076923076
0 0.022961647727272716 0.4582980769230769 0.045923295454545515 0.08917307692307694
0 0.5744957386363636 0.10427884615384615 0.07191761363636363 0.08613461538461539
0 0.024282670454545463 0.5462019230769231 0.04799715909090904 0.096826923076923
0 0.6695454545454544 0.19256730769230768 0.0794318181818182 0.07436538461538462
0 0.08591619318181809 0.5108557692307691 0.06305397727272725 0.1369423076923077
0 0.07603693181818183 0.42803846153846153 0.08656250000000008 0.08980769230769234
0 0.26140624999999995 0.051923076923076926 0.06210227272727276 0.10319230769230768
0 0.1092045454545455 0.39778846153846154 0.10491477272727258 0.08788461538461537
0 0.1748366477272728 0.4264519230769231 0.06305397727272725 0.08409615384615388
0 0.14190340909090904 0.5019230769230769 0.06210227272727276 0.12038461538461542
0 0.15439630681818173 0.803048076923077 0.04822443181818172 0.11074999999999995
0 0.19671875000000005 0.5108461538461538 0.09644886363636376 0.1
0 0.627059659090909 0.07164423076923078 0.040312499999999994 0.052980769230769234
0 0.015348011363636505 0.8723365384615385 0.030696022727272745 0.038519230769230715
0 0.6772514204545454 0.5962596153846152 0.09484375000000002 0.11236538461538463
0 0.23035511363636374 0.4512884615384616 0.06775568181818171 0.06496153846153846
0 0.2722301136363636 0.4723076923076923 0.06869318181818175 0.053499999999999985
0 0.4598863636363636 0.14040384615384613 0.11619318181818183 0.08988461538461537
0 0.11272727272727279 0.2837692307692308 0.05457386363636374 0.07642307692307694
0 0.13155539772727276 0.3203942307692308 0.09032670454545443 0.08598076923076925
0 0.2708167613636363 0.4098942307692308 0.06399147727272729 0.0764423076923077
0 0.13700284090909098 0.7348365384615385 0.03556818181818193 0.07063461538461542
0 0.2929261363636364 0.3633942307692308 0.06210227272727269 0.0955576923076923
0 0.32397727272727284 0.31753846153846155 0.07056818181818182 0.09553846153846156
0 0.34232244318181815 0.3844134615384615 0.042343750000000006 0.049673076923076945
0 0.8730681818181818 0.31214423076923076 0.05335227272727273 0.09844230769230769
0 0.4097017045454545 0.06469230769230769 0.07982954545454544 0.10969230769230769
0 0.621328125 0.03204807692307692 0.06836647727272722 0.06367307692307692
0 0.3642045454545454 0.42995192307692304 0.0380965909090909 0.05540384615384616
0 0.3778480113636363 0.444923076923077 0.05785511363636366 0.062423076923076935
0 0.39760653409090907 0.3758173076923077 0.02964488636363637 0.0821730769230769
0 0.6823863636363636 0.053875 0.08693181818181817 0.10775
0 0.7369247159090909 0.032846153846153844 0.0695596590909091 0.06526923076923076
0 0.3731392045454546 0.3716730769230769 0.03434659090909084 0.0688076923076923
0 0.4521875000000001 0.26689423076923074 0.05599431818181821 0.1242115384615385
0 0.1988352272727273 0.3675288461538462 0.11667613636363634 0.11782692307692309
0 0.8712997159090909 0.2639903846153846 0.042684659090909086 0.04921153846153844
0 0.40960937500000005 0.2968365384615385 0.050809659090909065 0.11528846153846158
0 0.41171875 0.38854807692307697 0.02681818181818181 0.09617307692307696
0 0.4060795454545455 0.2293173076923077 0.11997159090909096 0.13567307692307695
0 0.25599431818181817 0.3309134615384615 0.07292613636363642 0.0764423076923077
0 0.43642045454545453 0.3372788461538461 0.04798295454545451 0.05351923076923079
0 0.49075994318181815 0.345875 0.05223011363636361 0.059250000000000004
0 0.7748650568181819 0.029644230769230766 0.14069602272727275 0.05886538461538461
0 0.4712357954545454 0.35671153846153847 0.03011363636363643 0.04776923076923078
0 0.5401136363636363 0.9420576923076923 0.08772727272727271 0.11588461538461536
0 0.4303125000000001 0.369125 0.023522727272727275 0.03821153846153847
