0 0.26554687499999996 0.10319230769230768 0.0254119318181818 0.0351923076923077
0 0.39840198863636367 0.9882692307692307 0.037542613636363645 0.023076923076923078
0 0.5415127840909091 0.09556730769230767 0.12737215909090913 0.07859615384615383
0 0.7914914772727273 0.15292307692307694 0.10318181818181821 0.09761538461538463
0 0.7491832386363637 0.869596153846154 0.045923295454545474 0.06646153846153846
0 0.25269176136363636 0.49069230769230776 0.0580539772727272 0.10792307692307698
0 0.5841122159090908 0.5771153846153847 0.011548295454545448 0.018769230769230753
0 0.2991903409090909 0.5757403846153846 0.09559659090909084 0.036365384615384556
0 0.9852769886363636 0.9558173076923077 0.029446022727272727 0.06686538461538458
0 0.4831747159090909 0.04671153846153846 0.06671874999999995 0.09342307692307691
0 0.5377556818181818 0.028913461538461537 0.040142045454545444 0.057826923076923074
0 0.8449502840909091 0.1927596153846154 0.08080965909090909 0.06394230769230769
0 0.3129119318181819 0.8295192307692308 0.09934659090909083 0.07000000000000006
0 0.2753622159090908 0.5520769230769231 0.09069602272727276 0.06099999999999994
0 0.8254261363636364 0.2686634615384615 0.0880965909090909 0.08132692307692306
0 0.08655539772727261 0.03634615384615384 0.06467329545454557 0.07269230769230768
0 0.8782883522727273 0.9657884615384615 0.09444602272727275 0.06334615384615373
0 0.9343394886363636 0.24451923076923077 0.12245738636363636 0.1391923076923077
0 0.5377627840909092 0.5706634615384616 0.08634943181818185 0.0973653846153846
0 0.6231036931818181 0.11335576923076923 0.09416193181818185 0.03909615384615384
0 0.8656676136363637 0.2426826923076923 0.09821022727272725 0.09759615384615385
0 0.87265625 0.78025 0.13517045454545454 0.05434615384615383
0 0.6085156249999999 0.5303846153846155 0.05978693181818178 0.09657692307692313
0 0.2721875 0.821701923076923 0.05142045454545461 0.06217307692307689
0 0.40432528409090907 0.5380096153846153 0.09444602272727275 0.07898076923076922
0 0.7489914772727273 0.24750961538461536 0.04332386363636364 0.07155769230769232
0 0.9586789772727273 0.6148269230769231 0.07798295454545455 0.09657692307692302
0 0.3282173295454546 0.4777884615384615 0.09589488636363636 0.11730769230769231
0 0.34568892045454547 0.6431923076923076 0.07365056818181821 0.08053846153846153
0 0.579637784090909 0.2117019230769231 0.12737215909090907 0.10675000000000001
0 0.8185014204545454 0.8926634615384615 0.06498579545454546 0.10401923076923084
0 0.9620454545454545 0.9785865384615384 0.07480113636363636 0.04282692307692304
0 0.886278409090909 0.9675384615384616 0.04707386363636363 0.053576923076922994
0 0.9727201704545455 0.8318557692307692 0.05455965909090909 0.036365384615384556
0 0.23189630681818185 0.8776057692307693 0.06788352272727267 0.11924999999999998
0 0.7282386363636364 0.9712500000000002 0.02252840909090911 0.056307692307692364
0 0.17896306818181817 0.12364423076923074 0.06585227272727275 0.12317307692307689
0 0.1810156249999999 0.12208653846153845 0.08126420454545444 0.14394230769230767
0 0.3981107954545454 0.9874423076923078 0.03914772727272728 0.024846153846153768
0 0.25264914772727276 0.19558653846153845 0.09541193181818185 0.12221153846153843
0 0.31333096590909093 0.8305576923076923 0.10296874999999993 0.07657692307692307
0 0.2713920454545454 0.8212307692307692 0.05196022727272733 0.06184615384615389
0 0.8171377840909091 0.1814519230769231 0.028565340909090887 0.04778846153846153
0 0.17217329545454552 0.8680288461538461 0.09571022727272727 0.12205769230769237
0 0.98296875 0.8785961538461539 0.028068181818181822 0.06215384615384614
0 0.2513920454545455 0.9676442307692308 0.06875000000000005 0.06471153846153842
0 0.9879332386363636 0.9514711538461538 0.024133522727272726 0.06305769230769234
0 0.09767755681818191 0.4352596153846154 0.08359375000000004 0.11548076923076925
0 0.8559730113636363 0.6438557692307693 0.09907670454545457 0.0925576923076923
0 0.25514204545454544 0.659 0.06619318181818178 0.09549999999999993
0 0.9656036931818182 0.3717884615384615 0.06845170454545456 0.15496153846153848
0 0.7084375 0.17833653846153846 0.04673295454545456 0.06871153846153844
0 0.08702414772727285 0.03784615384615385 0.07083806818181819 0.0756923076923077
0 0.8536647727272727 0.7252307692307692 0.07397727272727272 0.07646153846153844
0 0.2313920454545454 0.8951923076923077 0.06815340909090911 0.09326923076923077
0 0.9351420454545455 0.24153846153846154 0.12971590909090908 0.1406923076923077
0 0.185546875 0.9635384615384615 0.06526988636363643 0.07292307692307695
0 0.8205965909090909 0.8916538461538461 0.07096590909090911 0.0993846153846154
0 0.04218039772727267 0.41507692307692307 0.08359375000000004 0.12246153846153847
0 0.6467897727272728 0.43993269230769233 0.11414772727272725 0.14528846153846156
0 0.7152769886363637 0.25556730769230773 0.02984374999999999 0.0727115384615385
0 0.9111363636363636 0.7077884615384615 0.052840909090909084 0.13011538461538455
0 0.036867897727272614 0.2705961538461539 0.07296875000000001 0.06261538461538461
0 0.7619673295454545 0.3199711538461538 0.07268465909090907 0.07224999999999998
0 0.5391477272727272 0.41702884615384617 0.08096590909090909 0.08013461538461536
0 0.7410795454545455 0.20114423076923077 0.09829545454545453 0.048480769230769244
0 0.4261434659090909 0.278125 0.12552556818181818 0.09378846153846153
0 0.1631605113636364 0.8533653846153846 0.11177556818181826 0.13253846153846147
0 0.6413707386363636 0.759701923076923 0.050156250000000006 0.06624999999999998
0 0.15386363636363642 0.45334615384615384 0.0390625 0.051500000000000004
0 0.19095170454545463 0.5519519230769231 0.08624999999999988 0.08963461538461541
0 0.18594460227272724 0.9633846153846155 0.07106534090909088 0.0732307692307692
0 0.15779119318181822 0.6325865384615385 0.0993323863636363 0.07067307692307692
0 0.5280255681818182 0.1703653846153846 0.11505681818181818 0.10307692307692308
0 0.10678977272727286 0.6779038461538461 0.08289772727272729 0.14626923076923076
0 0.5385014204545455 0.5724423076923076 0.08683238636363635 0.10038461538461536
0 0.049026988636363567 0.08915384615384615 0.07521306818181825 0.14007692307692307
0 0.6206889204545455 0.13379807692307694 0.0853835227272727 0.05571153846153846
0 0.17326704545454552 0.8021442307692308 0.13082386363636367 0.08563461538461534
0 0.1678196022727273 0.7350192307692308 0.0739630681818181 0.11911538461538461
0 0.7704403409090909 0.9882692307692307 0.01957386363636364 0.02319230769230759
0 0.4829616477272727 0.047288461538461536 0.06745738636363638 0.09457692307692307
0 0.2448295454545455 0.31953846153846155 0.08531249999999992 0.05380769230769234
0 0.7693465909090909 0.2914519230769231 0.0537215909090909 0.03898076923076925
0 0.5382528409090908 0.030144230769230767 0.04198863636363637 0.05986538461538461
0 0.830078125 0.26697115384615383 0.10146306818181819 0.08698076923076924
0 0.6723934659090909 0.16278846153846155 0.030213068181818195 0.034346153846153846
0 0.6014062499999999 0.7693653846153846 0.04852272727272731 0.07230769230769235
0 0.8095454545454546 0.11177884615384616 0.23312499999999997 0.13690384615384615
0 0.14583096590909084 0.9151442307692308 0.09444602272727275 0.06921153846153848
0 0.3459161931818181 0.6447499999999999 0.07723011363636365 0.08599999999999994
0 0.9370525568181818 0.8101826923076922 0.08421875 0.12921153846153846
0 0.5754758522727272 0.21413461538461537 0.14109375 0.13
0 0.09065340909090902 0.5403173076923078 0.04625000000000008 0.1502884615384616
0 0.48700994318181823 0.9642596153846154 0.11092329545454542 0.07121153846153841
0 0.23272017045454552 0.8385865384615384 0.03552556818181817 0.04155769230769234
0 0.7863707386363636 0.24177884615384615 0.04353693181818183 0.08413461538461539
0 0.4218039772727272 0.4736538461538462 0.07389204545454543 0.07965384615384613
0 0.9859517045454546 0.7840288461538463 0.02809659090909091 0.06528846153846152
0 0.5685795454545455 0.8414134615384615 0.058721590909090876 0.11151923076923068
0 0.06106534090909088 0.8709615384615385 0.12130681818181831 0.25769230769230766
0 0.9826349431818182 0.12770192307692307 0.03370738636363636 0.1145576923076923
0 0.13651988636363643 0.9197403846153845 0.07661931818181826 0.08278846153846156
0 0.2621235795454545 0.09882692307692308 0.05589488636363631 0.10438461538461538
0 0.1428977272727271 0.2923942307692308 0.0527556818181818 0.08117307692307694
0 0.4522230113636364 0.41978846153846155 0.07120738636363635 0.07876923076923079
0 0.40224431818181816 0.5290961538461538 0.09562499999999999 0.09096153846153843
0 0.4150923295454546 0.3479038461538462 0.09561079545454546 0.08453846153846149
0 0.540909090909091 0.0879326923076923 0.1256818181818182 0.07390384615384614
0 0.9611647727272727 0.613 0.07761363636363636 0.1006153846153846
0 0.8399573863636364 0.9619711538461538 0.04855113636363635 0.05186538461538467
0 0.9877059659090909 0.4628557692307692 0.02458806818181818 0.05155769230769231
0 0.1614204545454545 0.7378173076923076 0.08693181818181825 0.12278846153846147
0 0.9482883522727272 0.5327403846153845 0.09149147727272727 0.10194230769230762
0 0.600284090909091 0.4694230769230769 0.06991477272727269 0.16115384615384618
0 0.2597230113636364 0.14361538461538462 0.03180397727272733 0.050461538461538454
0 0.860625 0.22324038461538462 0.1049715909090909 0.08982692307692307
0 0.13651988636363643 0.7880288461538462 0.03795454545454549 0.051711538461538545
0 0.622606534090909 0.9549423076923077 0.05259943181818182 0.09011538461538464
0 0.1562713068181818 0.03123076923076923 0.08038352272727262 0.06196153846153846
0 0.9874360795454545 0.4638846153846154 0.025127840909090912 0.056346153846153865
0 0.7458167613636364 0.2508173076923077 0.04038352272727274 0.07367307692307695
0 0.994375 0.8437115384615385 0.01125 0.029961538461538432
0 0.10640624999999992 0.6779903846153846 0.07741477272727272 0.14390384615384624
0 0.27035511363636366 0.6135096153846153 0.05181818181818176 0.03982692307692304
0 0.8721590909090909 0.7795576923076923 0.1347443181818182 0.05723076923076921
0 0.19360795454545443 0.29796153846153844 0.06167613636363631 0.04684615384615387
0 0.4131392045454546 0.3675 0.02536931818181812 0.03653846153846154
0 0.4474573863636363 0.7909038461538461 0.08809659090909089 0.05907692307692302
0 0.964375 0.02194230769230769 0.07090909090909091 0.042769230769230775
0 0.9180326704545454 0.1075 0.05828125 0.16542307692307692
0 0.22615056818181822 0.07402884615384615 0.05204545454545453 0.12525
0 0.6408380681818182 0.11863461538461538 0.06073863636363639 0.04811538461538462
0 0.06397017045454556 0.7382884615384615 0.12794034090909098 0.15511538461538465
0 0.05513494318181822 0.7258942307692309 0.11004261363636351 0.12786538461538452
0 0.06133522727272733 0.8707788461538462 0.12267045454545457 0.2584423076923077
0 0.15728693181818187 0.5168942307692307 0.11374999999999989 0.19528846153846155
0 0.8178196022727273 0.1524326923076923 0.03666193181818182 0.09217307692307694
0 0.5817755681818182 0.07941346153846154 0.057954545454545474 0.04775
0 0.7290482954545454 0.9708846153846155 0.02568181818181816 0.05796153846153833
0 0.3627911931818182 0.5834134615384615 0.08424715909090909 0.06924999999999998
0 0.9086505681818182 0.9680096153846154 0.05383522727272728 0.06394230769230769
0 0.6909161931818182 0.12488461538461539 0.04794034090909091 0.04580769230769229
0 0.9601917613636364 0.9767307692307692 0.07961647727272726 0.046500000000000014
0 0.29008522727272734 0.5727788461538462 0.08525568181818179 0.04978846153846162
0 0.15781250000000002 0.6316538461538461 0.09704545454545445 0.06296153846153849
0 0.10436079545454546 0.30236538461538465 0.06338068181818182 0.15307692307692305
0 0.8374573863636363 0.3867596153846154 0.11761363636363638 0.05751923076923076
0 0.8812428977272727 0.9686923076923077 0.06242897727272727 0.06261538461538461
0 0.606796875 0.537 0.06146306818181815 0.10434615384615382
0 0.5944744318181818 0.8977307692307692 0.1504829545454545 0.06073076923076931
0 0.9895667613636364 0.689451923076923 0.02080965909090909 0.05321153846153849
0 0.852840909090909 0.17741346153846152 0.05235795454545455 0.05371153846153845
0 0.7488210227272727 0.8692980769230768 0.04730113636363634 0.0645961538461538
0 0.42707386363636357 0.7439711538461539 0.04485795454545452 0.04471153846153846
0 0.2994460227272727 0.6295865384615384 0.04178977272727267 0.09098076923076924
0 0.018167613636363544 0.9161153846153846 0.036107954545454485 0.061000000000000054
0 0.6605326704545454 0.6581153846153847 0.1211221590909091 0.17888461538461545
0 0.16383522727272737 0.7939134615384617 0.15301136363636367 0.09948076923076915
0 0.8139275568181819 0.052557692307692305 0.06004261363636363 0.10511538461538461
0 0.17048295454545448 0.3431923076923077 0.06474431818181808 0.0630769230769231
0 0.9190838068181818 0.3183076923076923 0.07654829545454546 0.08034615384615384
0 0.2955681818181819 0.7929326923076924 0.015227272727272685 0.02224999999999999
0 0.9859375 0.7426634615384615 0.028068181818181822 0.06036538461538459
0 0.7763210227272728 0.14616346153846152 0.09789772727272728 0.10144230769230768
0 0.11548295454545443 0.08142307692307692 0.08835227272727263 0.10176923076923076
0 0.5593110795454546 0.34637500000000004 0.0874857954545455 0.13251923076923075
0 0.0955752840909091 0.4255865384615385 0.08634943181818176 0.09971153846153845
0 0.018267045454545494 0.9170961538461538 0.03653409090909095 0.06119230769230768
0 0.23354403409090907 0.02375 0.07259943181818183 0.0475
0 0.5229048295454546 0.822375 0.06850852272727276 0.0568653846153846
0 0.9773508522727272 0.8269423076923077 0.040610795454545455 0.028615384615384605
0 0.2507954545454545 0.4987692307692308 0.06752840909090913 0.12446153846153851
0 0.26484374999999993 0.5537692307692307 0.0735511363636364 0.0660769230769231
0 0.8553622159090909 0.08373076923076923 0.06916193181818181 0.12834615384615383
0 0.8759019886363636 0.33660576923076924 0.06882102272727274 0.07128846153846152
0 0.16517045454545454 0.2745384615384615 0.0308238636363637 0.05007692307692306
0 0.32551846590909084 0.4790865384615385 0.10197443181818185 0.12582692307692303
0 0.03766335227272721 0.416 0.07393465909090903 0.11965384615384615
0 0.25193892045454547 0.9673557692307693 0.06961647727272725 0.06413461538461543
0 0.50078125 0.3945769230769231 0.05301136363636363 0.0413846153846154
0 0.15078124999999998 0.3884134615384615 0.16446022727272724 0.09601923076923079
0 0.26566051136363633 0.10250961538461538 0.02697443181818183 0.03609615384615384
0 0.4215909090909091 0.3430673076923077 0.02926136363636367 0.03786538461538461
0 0.647890625 0.8008365384615385 0.11296874999999997 0.11540384615384613
0 0.4786647727272727 0.3624423076923077 0.07903409090909089 0.07396153846153843
0 0.8757954545454545 0.5801346153846154 0.0693465909090909 0.10284615384615388
0 0.1562286931818182 0.5123942307692307 0.11407670454545447 0.1865192307692308
0 0.09239346590909103 0.5227596153846154 0.04419034090909093 0.18144230769230768
0 0.14279829545454537 0.4777884615384615 0.060653409090909154 0.08053846153846153
0 0.8379545454545454 0.3852307692307692 0.11289772727272726 0.05453846153846156
0 0.1497301136363638 0.3851153846153846 0.16463068181818177 0.1008846153846154
0 0.2474928977272728 0.3190384615384615 0.07711647727272722 0.046923076923076935
0 0.16590198863636374 0.34249999999999997 0.07046875000000002 0.06334615384615384
0 0.16503551136363626 0.27484615384615385 0.028877840909090968 0.046923076923076935
0 0.19161221590909083 0.2965480769230769 0.06526988636363643 0.038711538461538506
0 0.13730823863636354 0.2863846153846154 0.04794034090909091 0.07938461538461539
0 0.10424005681818183 0.3039807692307692 0.061519886363636284 0.14976923076923077
0 0.036363636363636376 0.2727019230769231 0.07133522727272731 0.05278846153846151
0 0.25254971590909103 0.19469230769230772 0.09473011363636355 0.11261538461538464
0 0.25962357954545456 0.14033653846153846 0.03205965909090908 0.046134615384615385
0 0.561875 0.8476923076923076 0.06238636363636358 0.14311538461538464
0 0.9890340909090909 0.7829903846153846 0.02193181818181818 0.06451923076923079
0 0.9865767045454545 0.7298076923076923 0.026846590909090907 0.07546153846153848
0 0.9919318181818182 0.6770192307692308 0.015596590909090909 0.026192307692307702
0 0.8756889204545455 0.5765288461538461 0.07018465909090908 0.0997115384615385
0 0.9464417613636363 0.534298076923077 0.0927130681818182 0.1020576923076923
0 0.9660724431818182 0.36967307692307694 0.06785511363636364 0.15053846153846154
0 0.9838423295454546 0.29811538461538456 0.011548295454545453 0.016038461538461547
0 0.8712073863636364 0.3356538461538462 0.07508522727272728 0.06919230769230768
0 0.9168394886363637 0.3178653846153846 0.07623579545454545 0.08053846153846153
0 0.7628977272727273 0.29675 0.04505681818181818 0.04692307692307688
0 0.618487215909091 0.7980384615384616 0.07046874999999998 0.1345
0 0.719424715909091 0.2543173076923077 0.03552556818181817 0.06921153846153848
0 0.9201633522727273 0.11140384615384614 0.05978693181818182 0.15953846153846152
0 0.8134375 0.05276923076923077 0.055454545454545486 0.10553846153846154
0 0.9704048295454546 0.015596153846153845 0.059190340909090915 0.0305
0 0.9832670454545455 0.12078846153846154 0.032926136363636366 0.1008846153846154
0 0.84421875 0.953548076923077 0.03985795454545455 0.03871153846153856
0 0.41263494318181815 0.37011538461538457 0.023678977272727216 0.037538461538461555
0 0.8590198863636364 0.7227596153846154 0.07999999999999999 0.07625000000000007
0 0.9826846590909091 0.8783942307692307 0.027727272727272725 0.0574807692307692
0 0.42061789772727276 0.3432307692307693 0.028593749999999994 0.039499999999999987
0 0.511044034090909 0.8193461538461538 0.09416193181818185 0.08173076923076923
0 0.22568892045454547 0.08852884615384617 0.04563920454545454 0.10675000000000001
0 0.434296875 0.2951057692307692 0.09180397727272727 0.07774999999999996
0 0.1573011363636364 0.019951923076923075 0.06227272727272715 0.03832692307692308
0 0.622237215909091 0.9589326923076924 0.05083806818181813 0.08094230769230776
0 0.5303977272727272 0.43282692307692305 0.055454545454545486 0.0398846153846154
0 0.8545738636363637 0.0583076923076923 0.06758522727272727 0.08015384615384614
0 0.6060653409090909 0.4811153846153846 0.05718749999999999 0.14115384615384616
0 0.1131747159090909 0.08009615384615386 0.08734375000000001 0.09580769230769232
0 0.26424005681818175 0.09342307692307691 0.05458806818181827 0.08915384615384617
0 0.6183380681818182 0.1319326923076923 0.08346590909090908 0.05513461538461537
0 0.43566051136363637 0.7849326923076922 0.06700284090909094 0.05044230769230762
0 0.48649147727272724 0.9645096153846153 0.10917613636363638 0.07098076923076928
0 0.23492897727272744 0.024615384615384615 0.06585227272727275 0.04923076923076923
0 0.7826917613636364 0.2428846153846154 0.04100852272727269 0.08484615384615388
0 0.5838210227272727 0.08050961538461537 0.05718749999999999 0.04301923076923076
0 0.7093750000000001 0.18950961538461536 0.03784090909090907 0.05748076923076923
0 0.19897017045454557 0.5526730769230769 0.06498579545454546 0.08642307692307692
0 0.7059019886363636 0.14121153846153847 0.08404829545454544 0.06607692307692307
0 0.2987571022727272 0.6300865384615384 0.03697443181818178 0.08328846153846155
0 0.2809943181818182 0.6134711538461538 0.033210227272727266 0.03832692307692309
0 0.8178977272727272 0.08931730769230768 0.2504545454545455 0.17601923076923073
0 0.4282954545454545 0.7403557692307693 0.03840909090909094 0.03167307692307698
0 0.911065340909091 0.7073173076923077 0.05082386363636364 0.1259038461538462
0 0.45894886363636367 0.36190384615384613 0.06960227272727272 0.07546153846153848
0 0.8564772727272727 0.6428076923076923 0.0958806818181818 0.09149999999999997
0 0.5345596590909092 0.40647115384615384 0.08491477272727277 0.047711538461538465
0 0.6722017045454546 0.15911538461538463 0.031193181818181828 0.03519230769230769
0 0.5240482954545453 0.3656346153846154 0.08355113636363636 0.06888461538461538
0 0.7519815340909091 0.20139423076923077 0.06671875 0.04613461538461538
0 0.6701846590909091 0.8015576923076922 0.06411931818181817 0.11261538461538462
0 0.9308451704545455 0.8107403846153847 0.06498579545454546 0.12317307692307694
0 0.6484801136363636 0.437125 0.09877840909090913 0.13217307692307695
0 0.5942258522727273 0.8981346153846154 0.1472869318181818 0.058653846153846154
0 0.45198153409090913 0.41951923076923076 0.07018465909090904 0.0774230769230769
0 0.3643181818181819 0.5763269230769231 0.06758522727272726 0.07350000000000005
0 0.5220170454545454 0.17102884615384617 0.10051136363636362 0.09736538461538462
0 0.255 0.6494423076923077 0.06093749999999997 0.11261538461538462
0 0.565 0.35813461538461544 0.10224431818181821 0.15719230769230766
0 0.4240696022727273 0.2751634615384615 0.12535511363636365 0.08132692307692306
0 0.6600710227272728 0.6588269230769231 0.11610795454545456 0.17361538461538467
0 0.41529829545454544 0.4721153846153846 0.08519886363636366 0.07703846153846149
0 0.04911931818181803 0.09305769230769231 0.07642045454545464 0.13192307692307692
0 0.38823153409090905 0.3542211538461538 0.038167613636363645 0.05167307692307693
