0 0.5129119318181818 0.5609519230769231 0.051249999999999976 0.06832692307692302
0 0.1890198863636363 0.23957692307692308 0.04676136363636358 0.06626923076923079
0 0.04138494318181818 0.2642596153846154 0.0679403409090908 0.09525
0 0.6854545454545455 0.8812211538461538 0.03769886363636366 0.1367115384615384
0 0.21941051136363643 0.17317307692307693 0.06143465909090909 0.08442307692307693
0 0.6192116477272727 0.2525096153846154 0.07501420454545459 0.11648076923076925
0 0.3347798295454545 0.6261346153846155 0.09063920454545454 0.06234615384615388
0 0.05735795454545456 0.6406730769230768 0.03943181818181817 0.07284615384615384
0 0.8047940340909091 0.6965192307692307 0.07066761363636366 0.061000000000000054
0 0.3952840909090909 0.4929711538461539 0.04872159090909092 0.07444230769230765
0 0.7386292613636364 0.4152884615384615 0.10853693181818182 0.07665384615384613
0 0.45950994318181815 0.7413942307692307 0.0643323863636363 0.07905769230769222
0 0.6365411931818181 0.16040384615384615 0.07461647727272723 0.08823076923076922
0 0.012642045454545392 0.05526923076923077 0.025113636363636452 0.04657692307692308
0 0.4443181818181817 0.6953461538461538 0.06474431818181815 0.058653846153846154
0 0.1282812499999999 0.3937884615384615 0.05383522727272724 0.13819230769230767
0 0.7634588068181818 0.5240384615384616 0.04677556818181819 0.09757692307692309
0 0.6324644886363636 0.7140961538461539 0.07606534090909088 0.13157692307692312
0 0.06454545454545457 0.39725 0.06403409090909097 0.07584615384615384
0 0.4899715909090909 0.6735288461538462 0.04525568181818184 0.08848076923076921
0 0.9893678977272727 0.5215480769230769 0.02080965909090909 0.08174999999999999
0 0.030965909090909016 0.026692307692307692 0.060539772727272734 0.03546153846153846
0 0.8126136363636364 0.5002884615384616 0.09048295454545457 0.07719230769230773
0 0.43454545454545446 0.7742019230769231 0.09096590909090913 0.07775000000000001
0 0.15888494318181823 0.5283942307692308 0.06174715909090913 0.10221153846153842
0 0.11670454545454545 0.9723461538461539 0.06363636363636357 0.05403846153846147
0 0.9819247159090909 0.3449519230769231 0.03603693181818182 0.08413461538461539
0 0.6988068181818181 0.8665288461538462 0.060767045454545456 0.17809615384615377
0 0.7754332386363636 0.03181730769230769 0.08390624999999999 0.06336538461538462
0 0.09197443181818177 0.07313461538461538 0.03923295454545439 0.036307692307692305
0 0.4967826704545455 0.5463173076923078 0.06620738636363638 0.06136538461538466
0 0.03842329545454537 0.29973076923076925 0.04732954545454553 0.061999999999999965
0 0.9104332386363636 0.22599999999999998 0.04487215909090909 0.08915384615384613
0 0.8541832386363637 0.23504807692307692 0.06052556818181818 0.09675
0 0.18006392045454545 0.8788173076923077 0.08416193181818182 0.05836538461538466
0 0.12370738636363643 0.9702211538461538 0.03653409090909095 0.03875000000000006
0 0.3560085227272727 0.8558365384615385 0.07298295454545455 0.08967307692307691
0 0.3634517045454545 0.906375 0.04326704545454551 0.06728846153846156
0 0.5251278409090909 0.6622307692307693 0.07752840909090915 0.15315384615384614
0 0.26808238636363635 0.22396153846153846 0.06329545454545447 0.064
0 0.6453125 0.3832596153846154 0.04105113636363633 0.13228846153846152
0 0.4914630681818182 0.4468076923076923 0.07906249999999995 0.07249999999999998
0 0.8571164772727273 0.7440673076923077 0.05767045454545454 0.04463461538461534
0 0.6314275568181817 0.10411538461538461 0.06501420454545456 0.07292307692307691
0 0.8380184659090909 0.6665192307692308 0.05120738636363636 0.07592307692307684
0 0.07203835227272715 0.15721153846153846 0.061946022727272745 0.07688461538461538
0 0.9203267045454545 0.5504711538461539 0.03954545454545455 0.02167307692307689
0 0.9226491477272727 0.7132884615384615 0.02262784090909091 0.07757692307692303
0 0.9487642045454545 0.7114134615384615 0.04181818181818182 0.08044230769230777
0 0.7988139204545455 0.6208557692307692 0.06572443181818183 0.09013461538461529
0 0.6993678977272728 0.10553846153846154 0.0627130681818182 0.08576923076923079
0 0.010376420454545565 0.21251923076923077 0.02049715909090902 0.053192307692307685
0 0.8870738636363636 0.43785576923076924 0.08809659090909092 0.1369423076923077
0 0.32529829545454547 0.31523076923076926 0.0680397727272727 0.05238461538461535
0 0.025809659090909154 0.905451923076923 0.015568181818181709 0.02040384615384618
0 0.460234375 0.08674038461538462 0.07098011363636368 0.12490384615384616
0 0.6806747159090909 0.968 0.024474431818181805 0.036346153846153695
0 0.7503977272727272 0.9006153846153846 0.050852272727272746 0.0600769230769231
0 0.2618110795454546 0.8614423076923077 0.05487215909090908 0.08311538461538467
0 0.19284090909090912 0.7731730769230768 0.03392045454545454 0.09557692307692306
0 0.4417329545454546 0.49923076923076926 0.07281249999999999 0.06246153846153839
0 0.2074147727272727 0.6981442307692307 0.031221590909090935 0.039557692307692294
0 0.8056463068181818 0.7964903846153846 0.05958806818181821 0.05040384615384611
0 0.9592329545454545 0.4130384615384615 0.062272727272727264 0.08857692307692308
0 0.15012784090909104 0.7452403846153846 0.07548295454545452 0.0770961538461538
0 0.28900568181818187 0.28852884615384616 0.038607954545454556 0.04174999999999996
0 0.17938210227272722 0.03335576923076924 0.08978693181818187 0.06582692307692309
0 0.8987642045454546 0.3045384615384616 0.03542613636363636 0.09200000000000001
0 0.3606605113636363 0.5564615384615385 0.03992897727272721 0.06996153846153845
0 0.34884943181818173 0.4702211538461538 0.07741477272727272 0.1062884615384615
0 0.7569460227272727 0.7463269230769232 0.03088068181818179 0.05376923076923073
0 0.3943607954545455 0.45063461538461536 0.09107954545454545 0.04442307692307691
0 0.7280184659090909 0.5685384615384615 0.07697443181818181 0.07119230769230765
0 0.31888494318181815 0.9042307692307692 0.04745738636363632 0.08269230769230769
0 0.8850355113636363 0.3824807692307692 0.02879261363636363 0.0681538461538462
0 0.16364346590909085 0.6837692307692308 0.03592329545454556 0.04119230769230761
0 0.9189346590909091 0.5765576923076923 0.14838068181818181 0.14211538461538456
0 0.5625710227272727 0.3681826923076923 0.08622159090909089 0.10978846153846154
0 0.03175426136363635 0.5307596153846154 0.06302556818181819 0.11367307692307695
0 0.8665767045454545 0.5860673076923076 0.08417613636363637 0.13625000000000004
0 0.405674715909091 0.3967596153846154 0.11865056818181823 0.1276730769230769
0 0.8460795454545454 0.05120192307692307 0.05863636363636364 0.10148076923076922
0 0.2962357954545455 0.9452692307692309 0.04443181818181814 0.045923076923076914
0 0.024261363636363553 0.48123076923076924 0.0480397727272728 0.12003846153846151
0 0.6352414772727273 0.9746346153846153 0.0302840909090909 0.05038461538461536
0 0.11451704545454533 0.09983653846153846 0.051676136363636355 0.060596153846153855
0 0.795859375 0.05989423076923077 0.06234375 0.0985576923076923
0 0.015291193181818152 0.3077788461538462 0.03049715909090913 0.022634615384615406
0 0.6074644886363636 0.4975769230769231 0.07705965909090913 0.07392307692307687
0 0.4253267045454545 0.7897403846153845 0.06769886363636358 0.07025000000000006
0 0.8076491477272727 0.8298942307692307 0.0467471590909091 0.05221153846153842
0 0.8855113636363636 0.1934326923076923 0.05789772727272728 0.1113653846153846
0 0.5853409090909091 0.0929519230769231 0.03678977272727269 0.08251923076923079
0 0.487890625 0.22806730769230768 0.09458806818181814 0.08751923076923075
0 0.4189062499999999 0.19459615384615384 0.021676136363636432 0.036769230769230776
0 0.14664772727272724 0.09417307692307691 0.05684659090909088 0.048538461538461544
0 0.14368607954545454 0.7140865384615386 0.028821022727272674 0.02582692307692309
0 0.6116974431818182 0.9653269230769231 0.03629261363636365 0.0671923076923078
0 0.6875426136363636 0.36692307692307696 0.06548295454545458 0.08207692307692303
0 0.09551846590909074 0.2223269230769231 0.06339488636363635 0.10573076923076921
0 0.6167684659090908 0.04286538461538461 0.05595170454545457 0.05673076923076923
0 0.15204545454545448 0.40770192307692305 0.04488636363636367 0.11286538461538462
0 0.6970667613636363 0.7565576923076922 0.06430397727272728 0.09342307692307689
0 0.20943181818181822 0.5076250000000001 0.06338068181818182 0.1865961538461539
0 0.018579545454545543 0.3730673076923077 0.03619318181818185 0.07371153846153843
0 0.13144886363636354 0.18539423076923078 0.041249999999999946 0.059673076923076926
0 0.8569389204545454 0.44372115384615385 0.04441761363636363 0.048788461538461496
0 0.04259943181818182 0.015644230769230768 0.04752840909090914 0.031288461538461536
0 0.019865056818181848 0.6789807692307692 0.039730113636363674 0.03934615384615392
0 0.9396519886363637 0.3127788461538461 0.05901988636363636 0.050903846153846154
0 0.5983664772727273 0.56 0.0956534090909091 0.1481538461538462
0 0.3100923295454545 0.7453269230769232 0.06495738636363639 0.09292307692307691
0 0.10919034090909097 0.29428846153846155 0.06582386363636351 0.058153846153846174
0 0.817684659090909 0.9249807692307692 0.04767045454545455 0.08465384615384612
0 0.9011576704545454 0.7122884615384615 0.032769886363636376 0.07299999999999995
0 0.1929687499999999 0.6786923076923076 0.024005681818181787 0.09315384615384614
0 0.4154119318181819 0.9877692307692307 0.06954545454545452 0.024384615384615397
0 0.9613707386363637 0.7040192307692307 0.03322443181818182 0.04638461538461539
0 0.8640838068181818 0.9710769230769231 0.04975852272727273 0.05757692307692296
0 0.11909090909090903 0.4636826923076923 0.06238636363636358 0.05959615384615386
0 0.6652698863636364 0.01854807692307692 0.06073863636363631 0.03601923076923077
0 0.28610795454545446 0.5133942307692309 0.055795454545454586 0.1015192307692308
0 0.8292045454545455 0.9779134615384615 0.05309659090909092 0.043134615384615396
0 0.7941974431818182 0.2336153846153846 0.03254261363636363 0.14653846153846156
0 0.21861505681818183 0.7766057692307692 0.03913352272727266 0.11851923076923077
0 0.22455965909090903 0.11120192307692309 0.08187499999999998 0.06378846153846153
0 0.8368963068181818 0.7551826923076924 0.03313920454545454 0.08759615384615387
0 0.3290198863636363 0.2411730769230769 0.10173295454545456 0.06584615384615383
0 0.13964488636363626 0.8015769230769231 0.1026420454545456 0.1178076923076923
0 0.6458167613636363 0.8266923076923077 0.046718750000000024 0.0749615384615385
0 0.3304403409090909 0.5725288461538462 0.06667613636363635 0.07263461538461546
0 0.8046946022727273 0.7459326923076923 0.044872159090909074 0.05717307692307696
0 0.2659659090909091 0.4301153846153846 0.07110795454545447 0.1047307692307692
0 0.11333096590909097 0.03877884615384616 0.0406107954545455 0.06951923076923078
0 0.782528409090909 0.11669230769230769 0.09894886363636365 0.06523076923076923
0 0.6522301136363637 0.5763557692307693 0.08090909090909092 0.07713461538461541
0 0.36892045454545463 0.7256346153846154 0.04136363636363629 0.05211538461538466
0 0.07131392045454532 0.44137499999999996 0.05299715909090918 0.08005769230769236
0 0.018771306818181843 0.7392788461538461 0.036889204545454586 0.09963461538461539
0 0.8625213068181818 0.8074903846153846 0.05134943181818183 0.06794230769230766
0 0.3434090909090909 0.1111346153846154 0.031534090909090894 0.10169230769230769
0 0.22382812500000004 0.6827307692307691 0.049133522727272776 0.0881153846153846
0 0.4365625000000001 0.8608461538461538 0.09829545454545453 0.10076923076923072
0 0.836377840909091 0.8899230769230769 0.047386363636363636 0.04800000000000007
0 0.7096803977272728 0.3230769230769231 0.07731534090909092 0.09623076923076927
0 0.08105113636363626 0.7259711538461538 0.04267045454545466 0.0740961538461538
0 0.5619957386363637 0.03942307692307692 0.042769886363636385 0.03634615384615384
0 0.8677556818181819 0.9097596153846154 0.05920454545454545 0.0675576923076923
0 0.057791193181818135 0.3402980769230769 0.0899005681818183 0.06275000000000004
0 0.287159090909091 0.6066346153846155 0.14409090909090902 0.07969230769230769
0 0.9783806818181818 0.24972115384615387 0.041789772727272724 0.14413461538461542
0 0.16593749999999996 0.9855384615384616 0.04588068181818192 0.028115384615384514
0 0.36404119318181816 0.7935865384615384 0.045298295454545515 0.15905769230769226
0 0.02122869318181808 0.9576057692307693 0.041832386363636266 0.08367307692307702
0 0.0909801136363636 0.5349615384615385 0.04781249999999995 0.11180769230769227
0 0.8579474431818181 0.3575673076923077 0.05788352272727273 0.0824423076923077
0 0.22787642045454537 0.2765480769230769 0.04595170454545458 0.07413461538461541
0 0.9734517045454545 0.8553942307692308 0.051562500000000004 0.10798076923076919
0 0.9725497159090909 0.9469134615384615 0.05379261363636363 0.10617307692307688
0 0.1856747159090908 0.05228846153846154 0.11271306818181821 0.06411538461538462
0 0.029502840909090833 0.08980769230769231 0.058863636363636444 0.0658076923076923
0 0.8154332386363636 0.4398557692307693 0.04572443181818182 0.07986538461538462
0 0.9774076704545455 0.6831346153846154 0.04461647727272727 0.06992307692307695
0 0.031626420454545445 0.057644230769230774 0.04782670454545465 0.06775
0 0.7616477272727272 0.6780288461538463 0.055624999999999994 0.03401923076923077
0 0.8659517045454546 0.6967115384615384 0.04590909090909092 0.03765384615384612
0 0.06637073863636367 0.034019230769230774 0.03098011363636356 0.06680769230769232
0 0.8663139204545455 0.11745192307692308 0.06134943181818182 0.03132692307692308
0 0.9872443181818182 0.07952884615384614 0.024204545454545454 0.1575576923076923
0 0.8898224431818182 0.7761153846153845 0.07768465909090909 0.06973076923076921
0 0.7781747159090908 0.7458942307692308 0.0413494318181818 0.06913461538461536
0 0.31904119318181823 0.6462596153846153 0.0979971590909091 0.07271153846153847
0 0.9027272727272727 0.8174038461538461 0.07019886363636363 0.08207692307692309
0 0.762578125 0.8587692307692306 0.07166193181818184 0.058769230769230775
0 0.8159090909090909 0.3520865384615384 0.05221590909090908 0.07809615384615382
0 0.11274857954545459 0.4083846153846154 0.039502840909090835 0.0675769230769231
0 0.33335227272727275 0.28628846153846155 0.05463068181818187 0.03576923076923076
0 0.1590198863636364 0.310875 0.05843749999999998 0.07340384615384618
0 0.7310369318181817 0.0696826923076923 0.07761363636363634 0.13478846153846155
0 0.07330255681818187 0.68275 0.052514204545454586 0.03553846153846146
0 0.6197017045454545 0.9107211538461539 0.051136363636363674 0.0532884615384615
0 0.5762499999999999 0.9675961538461538 0.06428977272727271 0.0643846153846153
0 0.08918323863636379 0.11647115384615384 0.060184659090909094 0.0836730769230769
0 0.019481534090909025 0.42271153846153847 0.03887784090909092 0.029269230769230766
0 0.9863352272727273 0.7981442307692307 0.02653409090909091 0.07382692307692316
0 0.9366690340909091 0.35202884615384616 0.07416193181818181 0.04517307692307694
0 0.5585795454545455 0.8274615384615384 0.07409090909090904 0.08580769230769221
0 0.8442755681818181 0.8495865384615384 0.0515625 0.03601923076923069
0 0.6777201704545455 0.3177403846153846 0.03620738636363638 0.05732692307692308
0 0.8923011363636364 0.5015096153846155 0.07258522727272727 0.08028846153846159
0 0.13830255681818182 0.2480673076923077 0.04180397727272736 0.08067307692307693
0 0.6989133522727273 0.21727884615384616 0.09276988636363637 0.05824999999999998
0 0.08929687500000005 0.891201923076923 0.06975852272727275 0.09367307692307689
0 0.39046164772727276 0.9710384615384615 0.06313920454545453 0.056538461538461496
0 0.561356534090909 0.9623173076923076 0.07686079545454548 0.07536538461538461
0 0.9131676136363637 0.934375 0.07011363636363636 0.1288269230769231
0 0.46433948863636365 0.330125 0.10211647727272725 0.12955769230769232
0 0.1576491477272728 0.6635673076923077 0.04521306818181808 0.047903846153846096
0 0.7745667613636363 0.37679807692307693 0.08620738636363635 0.08548076923076921
0 0.4809872159090909 0.8891826923076923 0.07870738636363632 0.07475000000000001
0 0.8806392045454545 0.6598461538461539 0.04428977272727274 0.061153846153846066
0 0.05596590909090926 0.7400288461538461 0.06017045454545456 0.10398076923076932
0 0.15022727272727276 0.5903557692307693 0.043693181818181805 0.06494230769230766
0 0.3303622159090909 0.3769230769230769 0.08024147727272729 0.11180769230769227
0 0.6503764204545455 0.28636538461538463 0.028053977272727272 0.07011538461538458
0 0.2445312500000001 0.922 0.044971590909090864 0.0940384615384615
0 0.043423295454545374 0.5706538461538462 0.05051136363636372 0.03249999999999996
0 0.6118536931818181 0.7541538461538461 0.08805397727272729 0.08842307692307685
0 0.9322017045454545 0.1256923076923077 0.04588068181818183 0.08434615384615386
0 0.6173082386363635 0.8568173076923076 0.08901988636363635 0.14167307692307696
0 0.03523437500000004 0.6215576923076924 0.06884943181818169 0.07157692307692302
0 0.4605326704545455 0.1758653846153846 0.09183238636363641 0.06073076923076923
0 0.9767897727272727 0.44476923076923075 0.04571022727272727 0.09507692307692307
0 0.8699786931818182 0.6261826923076923 0.06916193181818181 0.07271153846153847
0 0.7064488636363637 0.43917307692307694 0.08960227272727271 0.05326923076923075
0 0.7277485795454546 0.2714134615384615 0.07498579545454544 0.06848076923076923
0 0.6853764204545454 0.24890384615384617 0.05788352272727273 0.05465384615384613
0 0.4919957386363637 0.9548942307692307 0.07538352272727272 0.08963461538461541
0 0.6610866477272728 0.48701923076923076 0.06992897727272726 0.08223076923076922
0 0.14348721590909086 0.907625 0.03294034090909099 0.029826923076923167
0 0.5628267045454546 0.2309903846153846 0.07531249999999998 0.05801923076923075
0 0.5135156249999999 0.8088653846153846 0.08910511363636366 0.0886923076923077
0 0.4418536931818182 0.526298076923077 0.07129261363636363 0.10924999999999994
0 0.07868607954545448 0.038259615384615385 0.03958806818181819 0.07651923076923077
0 0.2900071022727272 0.3862884615384615 0.051235795454545444 0.11203846153846152
0 0.45169744318181815 0.966528846153846 0.06802556818181817 0.0652115384615384
0 0.20342329545454552 0.9505576923076923 0.05866477272727282 0.09761538461538449
0 0.025845170454545374 0.1363076923076923 0.05169034090909089 0.06061538461538462
0 0.1794957386363637 0.6190961538461539 0.06115056818181812 0.056423076923076985
0 0.5098011363636363 0.37072115384615384 0.08792613636363641 0.10325
0 0.30557528409090906 0.6931538461538461 0.0847869318181819 0.04980769230769226
0 0.1221875 0.01425 0.027443181818181728 0.0285
0 0.7262428977272727 0.8291730769230768 0.03884943181818181 0.0631538461538461
0 0.3677272727272727 0.9508076923076922 0.14644886363636367 0.09838461538461543
0 0.8613494318181818 0.2922211538461538 0.04468750000000001 0.07682692307692311
0 0.3812855113636364 0.7876442307692307 0.027315340909090935 0.08032692307692305
0 0.6547230113636364 0.5344423076923076 0.07450284090909093 0.041461538461538466
0 0.37069602272727276 0.028096153846153844 0.06857954545454549 0.05546153846153846
0 0.6192329545454545 0.358 0.04639204545454545 0.09834615384615382
0 0.753096590909091 0.2911730769230769 0.0728693181818182 0.10707692307692308
0 0.2084303977272728 0.3144230769230769 0.05813920454545463 0.09061538461538463
0 0.19789772727272714 0.41500000000000004 0.06886363636363622 0.11234615384615382
0 0.015177556818181781 0.8922692307692308 0.029786931818181695 0.055230769230769174
0 0.22670454545454544 0.8477019230769229 0.06928977272727269 0.09028846153846151
0 0.4067400568181818 0.11001923076923077 0.050610795454545526 0.14326923076923076
0 0.7360653409090909 0.7523076923076922 0.08161931818181815 0.08026923076923079
0 0.5751420454545455 0.6762788461538461 0.03954545454545451 0.09182692307692308
0 0.9781463068181818 0.5963365384615386 0.04191761363636364 0.08263461538461533
0 0.1290980113636363 0.5338846153846154 0.05325284090909092 0.09230769230769231
0 0.24348721590909084 0.032625 0.07495738636363641 0.06490384615384616
0 0.5162357954545455 0.7346826923076922 0.07403409090909091 0.06551923076923076
0 0.73171875 0.6096730769230768 0.0790909090909091 0.05626923076923086
0 0.34929687499999995 0.18557692307692308 0.09970170454545454 0.04334615384615383
0 0.26122159090909103 0.7643269230769231 0.05630681818181816 0.10165384615384618
0 0.7961221590909091 0.8926826923076923 0.04193181818181815 0.07621153846153846
0 0.8240269886363636 0.24193269230769232 0.05095170454545453 0.10855769230769231
0 0.580909090909091 0.5151057692307692 0.06474431818181815 0.07282692307692314
0 0.9553551136363636 0.021432692307692305 0.030085227272727277 0.04286538461538461
0 0.5258948863636363 0.2879807692307692 0.06954545454545452 0.09823076923076923
0 0.7421235795454546 0.6462403846153847 0.047997159090909076 0.028826923076923094
0 0.1680113636363636 0.3209807692307693 0.05596590909090906 0.09442307692307692
0 0.01696022727272739 0.011298076923076925 0.03264204545454532 0.021480769230769234
0 0.7046661931818181 0.5253365384615385 0.021775568181818198 0.033211538461538424
0 0.0408664772727273 0.8258653846153847 0.07872159090909102 0.11453846153846155
0 0.5850497159090908 0.2899423076923077 0.04549715909090905 0.0685
0 0.12320312499999997 0.9471923076923077 0.04836647727272721 0.047307692307692245
0 0.9121164772727273 0.8629903846153846 0.06934659090909091 0.09886538461538455
0 0.4299502840909091 0.21270192307692307 0.04992897727272724 0.08578846153846154
0 0.654950284090909 0.05795192307692308 0.03254261363636363 0.04298076923076923
0 0.007144886363636305 0.26943269230769235 0.013948863636363707 0.06732692307692312
0 0.897578125 0.05065384615384615 0.10186079545454545 0.1013076923076923
0 0.15781250000000002 0.9422211538461538 0.03329545454545462 0.0639807692307692
0 0.45431107954545447 0.594125 0.06248579545454547 0.034365384615384624
0 0.5516690340909092 0.1359423076923077 0.09038352272727272 0.15284615384615385
0 0.6112713068181819 0.02642307692307692 0.05893465909090914 0.05184615384615384
0 0.954637784090909 0.8486346153846154 0.02950284090909091 0.08511538461538459
0 0.9858167613636364 0.7415961538461538 0.028167613636363633 0.059384615384615376
0 0.7262286931818182 0.511875 0.07018465909090908 0.08863461538461545
0 0.6903338068181819 0.03143269230769231 0.057173295454545456 0.06032692307692308
0 0.16969460227272715 0.21545192307692307 0.0999289772727273 0.14232692307692307
0 0.10166193181818173 0.8461346153846154 0.0535227272727272 0.10934615384615387
0 0.6903764204545455 0.12188461538461538 0.07680397727272727 0.06792307692307693
0 0.3907954545454545 0.5621249999999999 0.08451704545454546 0.10855769230769229
0 0.7393323863636363 0.5452499999999999 0.04664772727272728 0.04215384615384619
0 0.9586647727272727 0.21413461538461537 0.08227272727272728 0.15407692307692306
0 0.5627272727272727 0.9170576923076923 0.059886363636363675 0.03784615384615386
0 0.23636363636363633 0.6542500000000001 0.06630681818181827 0.08046153846153842
0 0.9339559659090909 0.6516634615384616 0.06026988636363635 0.053019230769230756
0 0.9152201704545455 0.398625 0.041434659090909085 0.09386538461538461
0 0.8164701704545455 0.3125 0.056860795454545456 0.05326923076923075
0 0.854296875 0.9389615384615384 0.09896306818181819 0.0798076923076923
0 0.28953125 0.23904807692307695 0.030482954545454518 0.07251923076923075
0 0.8760298295454545 0.7113173076923077 0.04322443181818181 0.046019230769230784
0 0.1646803977272726 0.48015384615384615 0.026633522727272728 0.03765384615384623
0 0.43815340909090905 0.6254807692307692 0.11451704545454545 0.0833461538461539
0 0.43294034090909084 0.2687596153846154 0.013579545454545457 0.025365384615384613
0 0.9501065340909091 0.532673076923077 0.05603693181818182 0.07776923076923077
0 0.15372869318181825 0.14691346153846155 0.08205965909090907 0.08175
0 0.2967471590909091 0.0833076923076923 0.0958238636363637 0.1666153846153846
0 0.9626349431818182 0.4452211538461538 0.06311079545454547 0.11301923076923073
0 0.952421875 0.7835384615384615 0.04649147727272728 0.07565384615384621
0 0.9501136363636363 0.05245192307692308 0.06758522727272727 0.06475
0 0.5843181818181818 0.4361346153846154 0.0950568181818182 0.0693846153846154
0 0.840703125 0.15924038461538462 0.059588068181818186 0.06509615384615386
0 0.5022727272727273 0.5017596153846154 0.10528409090909091 0.10944230769230769
0 0.8989417613636363 0.085 0.03163352272727273 0.07653846153846153
0 0.5757102272727272 0.5863173076923077 0.07196022727272723 0.12978846153846155
0 0.7352982954545455 0.9776057692307693 0.055369318181818165 0.043596153846153986
0 0.26823863636363643 0.9821057692307691 0.0739204545454545 0.03551923076923071
0 0.22517045454545448 0.35569230769230764 0.07849431818181817 0.08584615384615388
0 0.25507812500000004 0.2729807692307692 0.0683380681818182 0.11434615384615386
0 0.031626420454545556 0.1960769230769231 0.06299715909090912 0.0703846153846154
0 0.56484375 0.010778846153846154 0.05630681818181824 0.021096153846153848
0 0.8203480113636363 0.57775 0.06140625 0.0696923076923077
0 0.5834232954545455 0.7607115384615385 0.058664772727272746 0.07388461538461531
0 0.3911221590909091 0.30256730769230766 0.06360795454545459 0.06713461538461538
0 0.7838139204545455 0.15847115384615384 0.05245738636363637 0.06386538461538463
0 0.3344105113636364 0.5160288461538461 0.10532670454545451 0.12478846153846151
0 0.9881178977272728 0.9400288461538463 0.022940340909090914 0.10194230769230779
0 0.6605326704545454 0.9597884615384616 0.02649147727272728 0.05676923076923084
0 0.47754261363636363 0.9630096153846154 0.07696022727272721 0.07105769230769228
0 0.06289772727272724 0.9080288461538462 0.06238636363636358 0.1050961538461538
0 0.1480539772727273 0.8645192307692308 0.04761363636363634 0.045499999999999936
0 0.8951633522727273 0.1471826923076923 0.05370738636363636 0.06151923076923077
0 0.4425639204545454 0.025490384615384613 0.08467329545454548 0.04928846153846154
0 0.061136363636363544 0.9758749999999999 0.062357954545454515 0.04686538461538462
0 0.7485227272727273 0.9638653846153847 0.10917613636363634 0.07011538461538469
0 0.7202130681818182 0.6566057692307692 0.11122159090909092 0.10124999999999995
0 0.7603480113636364 0.47170192307692305 0.1404403409090909 0.03425
0 0.7584801136363637 0.8147788461538461 0.055937499999999994 0.051249999999999955
0 0.9505539772727273 0.13642307692307692 0.05670454545454546 0.10542307692307691
0 0.6864914772727273 0.6729038461538461 0.13946022727272728 0.11580769230769225
0 0.23828835227272727 0.5390576923076923 0.0660653409090909 0.13638461538461535
0 0.1114346590909091 0.6537019230769231 0.08607954545454549 0.1490192307692308
0 0.5435866477272727 0.895798076923077 0.07958806818181814 0.20636538461538462
0 0.5147656249999999 0.06383653846153846 0.05816761363636362 0.12605769230769232
0 0.12239346590909084 0.7167307692307693 0.052031249999999994 0.05688461538461535
0 0.3679119318181818 0.10789423076923077 0.061250000000000006 0.11463461538461539
0 0.5900852272727273 0.16283653846153845 0.10696022727272729 0.10959615384615384
0 0.38691761363636357 0.6917980769230769 0.09380681818181821 0.12294230769230771
0 0.3900213068181818 0.2403846153846154 0.07933238636363639 0.1034230769230769
0 0.7285795454545454 0.22056730769230767 0.10920454545454548 0.14286538461538462
0 0.7043323863636364 0.1996923076923077 0.10085227272727272 0.09134615384615384
0 0.30009943181818177 0.6530480769230769 0.09088068181818185 0.07044230769230768
0 0.31421164772727284 0.8075673076923077 0.08370738636363638 0.052865384615384634
0 0.2897869318181818 0.8608557692307692 0.06159090909090903 0.11363461538461533
0 0.25980113636363644 0.17811538461538462 0.08687499999999995 0.07907692307692309
