0 0.6927627840909091 0.3125 0.05021306818181817 0.05919230769230764
0 0.020561079545454608 0.3889423076923077 0.03276988636363627 0.07423076923076928
0 0.9037571022727273 0.7363461538461538 0.030383522727272728 0.06857692307692312
0 0.8428977272727273 0.16313461538461538 0.054659090909090914 0.07457692307692308
0 0.8864204545454546 0.09775 0.04886363636363636 0.09842307692307693
0 0.9843678977272727 0.17571153846153847 0.031264204545454546 0.07284615384615384
0 0.09639914772727276 0.5930192307692308 0.06319602272727275 0.07688461538461543
0 0.2906747159090909 0.591 0.06404829545454542 0.05665384615384622
0 0.9344886363636363 0.3013173076923077 0.049460227272727274 0.08551923076923076
0 0.013927556818181919 0.06983653846153846 0.027855113636363657 0.0790576923076923
0 0.38806107954545455 0.8705576923076923 0.04098011363636367 0.0612692307692308
0 0.2456605113636363 0.8182403846153846 0.03884943181818185 0.08036538461538466
0 0.06639204545454547 0.13646153846153844 0.033267045454545556 0.041884615384615374
0 0.8312002840909091 0.07592307692307693 0.032769886363636376 0.07100000000000001
0 0.6809375 0.05994230769230769 0.03661931818181818 0.032653846153846144
0 0.37906249999999997 0.8199134615384616 0.07343749999999999 0.04394230769230763
0 0.045205965909090984 0.6116634615384615 0.044105113636363734 0.08551923076923082
0 0.05184659090909094 0.3425480769230769 0.03931818181818191 0.07986538461538456
0 0.007705965909090895 0.5898846153846155 0.01541193181818185 0.0613076923076923
0 0.6843323863636364 0.026096153846153845 0.027642045454545464 0.0385
0 0.6409161931818181 0.39165384615384613 0.03873579545454547 0.0750384615384615
0 0.6665838068181817 0.039759615384615386 0.02455965909090908 0.04986538461538462
0 0.08989346590909086 0.5713269230769231 0.06316761363636368 0.06615384615384622
0 0.8103906249999999 0.19424038461538462 0.03873579545454547 0.0653653846153846
0 0.0819247159090909 0.9747115384615384 0.03151988636363628 0.043076923076923034
0 0.30046874999999995 0.17306730769230771 0.04573863636363635 0.09682692307692309
0 0.3960511363636363 0.726423076923077 0.07090909090909085 0.062115384615384635
0 0.15022727272727276 0.03194230769230769 0.058920454545454574 0.05607692307692308
0 0.9195880681818182 0.7947692307692307 0.06494318181818182 0.040346153846153775
0 0.2980823863636364 0.5137115384615385 0.03278409090909089 0.05969230769230762
0 0.2634801136363637 0.35647115384615385 0.05602272727272727 0.05405769230769228
0 0.7965340909090909 0.5721153846153846 0.05125 0.07099999999999992
0 0.6887073863636364 0.41830769230769227 0.03400568181818182 0.05592307692307695
0 0.039843749999999956 0.7956057692307693 0.05244318181818176 0.0871346153846154
0 0.7927698863636363 0.04971153846153847 0.028607954545454565 0.03792307692307692
0 0.7387357954545455 0.681423076923077 0.05125000000000002 0.09276923076923067
0 0.3910511363636364 0.07067307692307692 0.026477272727272707 0.032961538461538466
0 0.90796875 0.6144711538461538 0.03812499999999999 0.045980769230769276
0 0.8491335227272727 0.5192115384615384 0.028607954545454548 0.06292307692307697
0 0.6250923295454545 0.7454038461538461 0.052428977272727266 0.04276923076923079
0 0.8116335227272727 0.014586538461538462 0.028011363636363636 0.029173076923076923
0 0.9192897727272727 0.7471730769230769 0.039318181818181815 0.058076923076923054
0 0.8120525568181818 0.03658653846153846 0.022144886363636387 0.030865384615384617
0 0.8633806818181818 0.23203846153846153 0.06971590909090909 0.09438461538461536
0 0.8324360795454545 0.020375 0.03353693181818184 0.04075
0 0.84703125 0.07121153846153847 0.02980113636363637 0.06453846153846154
0 0.25698153409090907 0.08570192307692308 0.035014204545454515 0.04567307692307692
0 0.803544034090909 0.5313076923076923 0.03157670454545453 0.040346153846153775
0 0.3891619318181818 0.7790673076923077 0.03394886363636369 0.04355769230769226
0 0.12528409090909098 0.18036538461538462 0.05184659090909091 0.06292307692307691
0 0.046924715909090975 0.17190384615384616 0.03813920454545458 0.06696153846153845
0 0.018174715909091033 0.3389134615384616 0.036349431818181864 0.046788461538461563
0 0.4252485795454546 0.7591057692307692 0.05660511363636367 0.08551923076923082
0 0.9370880681818182 0.6429230769230769 0.047073863636363636 0.0726153846153846
0 0.727265625 0.8939615384615385 0.03492897727272728 0.07430769230769228
0 0.8978338068181818 0.5587211538461538 0.04171875 0.05648076923076924
0 0.94640625 0.28074038461538464 0.029204545454545452 0.05405769230769228
0 0.6973153409090909 0.8703173076923076 0.03659090909090908 0.08105769230769226
0 0.5908735795454545 0.6485192307692308 0.05822443181818183 0.11484615384615379
0 0.6700781250000001 0.21272115384615387 0.06478693181818179 0.08990384615384618
0 0.8757954545454545 0.06963461538461539 0.03238636363636363 0.05153846153846154
0 0.6008522727272727 0.785875 0.06985795454545447 0.0675576923076924
0 0.0858948863636364 0.9896057692307693 0.04781249999999995 0.020788461538461544
0 0.6312073863636364 0.6468269230769231 0.07235795454545459 0.08896153846153844
0 0.5904616477272727 0.7143846153846154 0.07734375000000006 0.07769230769230775
0 0.7581747159090909 0.02098076923076923 0.060184659090909094 0.04115384615384615
0 0.02707386363636355 0.7209711538461538 0.05414772727272728 0.08632692307692316
0 0.7138139204545455 0.4571153846153846 0.03873579545454547 0.0669615384615385
0 0.8361576704545455 0.5655769230769231 0.03157670454545453 0.052423076923076906
0 0.443359375 0.020673076923076926 0.02177556818181824 0.03815384615384616
0 0.9656463068181819 0.9620096153846154 0.06615056818181818 0.0758269230769232
0 0.04550426136363628 0.8540961538461538 0.044701704545454586 0.0976153846153846
0 0.8750497159090909 0.5212211538461538 0.03396306818181818 0.0556730769230769
0 0.7430752840909092 0.8051057692307692 0.06436079545454546 0.05405769230769222
0 0.4866903409090909 0.005423076923076923 0.061477272727272686 0.010846153846153846
0 0.7243465909090909 0.3996730769230769 0.03076704545454545 0.06469230769230772
0 0.3238352272727273 0.56725 0.05184659090909091 0.07100000000000004
0 0.6948153409090909 0.8188173076923076 0.045284090909090906 0.05405769230769222
0 0.9645809659090909 0.29042307692307695 0.032173295454545454 0.07342307692307694
0 0.256669034090909 0.5064423076923077 0.041718750000000006 0.06776923076923085
0 0.8591832386363636 0.02521153846153846 0.051235795454545464 0.05042307692307692
0 0.8223508522727273 0.14171153846153844 0.037542613636363645 0.06696153846153845
0 0.6703835227272728 0.6683557692307691 0.04647727272727273 0.07098076923076928
0 0.20624289772727278 0.3611153846153846 0.06569602272727272 0.07769230769230764
0 0.14121448863636354 0.06688461538461539 0.03563920454545459 0.04165384615384615
0 0.7761789772727272 0.020634615384615387 0.05125000000000002 0.04126923076923077
0 0.7073366477272727 0.4095384615384616 0.04049715909090908 0.05373076923076923
0 0.6924289772727272 0.6736057692307692 0.045284090909090906 0.07986538461538467
0 0.33397017045454547 0.11183653846153846 0.0777414772727273 0.07455769230769231
0 0.7293678977272727 0.846798076923077 0.03762784090909092 0.04224999999999994
0 0.8214204545454545 0.5087211538461538 0.045880681818181834 0.07582692307692308
0 0.12943892045454541 0.11447115384615386 0.038678977272727295 0.06178846153846154
0 0.028281250000000147 0.11773076923076922 0.04460227272727269 0.07357692307692305
0 0.03585227272727276 0.014076923076923075 0.03159090909090911 0.027923076923076922
0 0.058970170454545445 0.05033653846153845 0.021889204545454663 0.026557692307692306
0 0.01048295454545456 0.023221153846153846 0.020965909090909077 0.04644230769230769
0 0.05007102272727271 0.09927884615384615 0.021903409090909196 0.04228846153846153
0 0.08302556818181828 0.045432692307692306 0.03463068181818181 0.03025
0 0.09283380681818187 0.1521153846153846 0.02504261363636363 0.03688461538461537
0 0.24465909090909088 0.00725 0.02980113636363639 0.0145
0 0.28179687499999995 0.8006346153846154 0.04171874999999992 0.062115384615384635
0 0.06626420454545467 0.07133653846153847 0.02781250000000006 0.032096153846153844
0 0.08759943181818197 0.1254423076923077 0.028210227272727293 0.03753846153846153
0 0.03761363636363635 0.052663461538461534 0.021647727272727287 0.02240384615384616
0 0.07346590909090911 0.16467307692307692 0.026505681818181772 0.03188461538461538
0 0.03907670454545453 0.07504807692307694 0.026505681818181935 0.025019230769230766
0 0.04814630681818177 0.029884615384615384 0.018792613636363663 0.02369230769230769
0 0.10313920454545455 0.10032692307692308 0.03403409090909096 0.04503846153846154
0 0.6346306818181817 0.2685673076923077 0.02622159090909088 0.054865384615384594
0 0.3788423295454545 0.6794423076923076 0.05592329545454546 0.05203846153846154
0 0.6347301136363637 0.6995192307692307 0.03244318181818182 0.02830769230769236
0 0.7065269886363637 0.3574519230769231 0.030781249999999982 0.057019230769230725
0 0.3267897727272726 0.8018461538461539 0.041107954545454545 0.05969230769230773
0 0.866377840909091 0.17672115384615386 0.0802840909090909 0.08440384615384615
0 0.6309730113636363 0.33172115384615386 0.026463068181818216 0.04451923076923078
0 0.9775213068181818 0.24040384615384616 0.04495738636363636 0.03792307692307692
0 0.9799076704545454 0.2133846153846154 0.04018465909090909 0.022576923076923067
0 0.7421093750000001 0.36147115384615386 0.05600852272727274 0.0806730769230769
0 0.86109375 0.11208653846153847 0.04647727272727273 0.04113461538461539
0 0.7884588068181818 0.27507692307692305 0.06737215909090909 0.09457692307692306
0 0.7660085227272727 0.42650961538461546 0.0690340909090909 0.059673076923076926
0 0.6084090909090909 0.3448846153846154 0.05656249999999995 0.04503846153846157
0 0.6074431818181818 0.31028846153846157 0.04886363636363633 0.034692307692307675
0 0.30980823863636364 0.8006346153846154 0.0381392045454545 0.06857692307692312
0 0.774296875 0.12634615384615386 0.0941619318181818 0.09599999999999999
0 0.5121022727272727 0.2340576923076923 0.02980113636363639 0.059692307692307676
0 0.548153409090909 0.22477884615384616 0.04946022727272726 0.07986538461538462
0 0.6604758522727272 0.41275 0.03098011363636364 0.041153846153846166
0 0.7863352272727273 0.20066346153846154 0.04099431818181816 0.05374999999999998
0 0.7677698863636364 0.23449038461538463 0.04056818181818182 0.0693653846153846
0 0.749190340909091 0.2006730769230769 0.03928977272727272 0.05838461538461538
0 0.7195241477272727 0.17031730769230768 0.07899147727272725 0.10636538461538463
0 0.527890625 0.9884615384615385 0.07728693181818178 0.023076923076923078
0 0.39488636363636365 0.9035 0.029034090909090985 0.04276923076923079
0 0.31015625 0.7219615384615384 0.031931818181818124 0.0357307692307692
0 0.32529829545454547 0.9263365384615384 0.015369318181818171 0.02371153846153854
0 0.048181818181818326 0.791653846153846 0.029034090909090825 0.04219230769230769
0 0.3464275568181818 0.8679519230769231 0.06703125 0.07686538461538456
0 0.7460298295454546 0.2603942307692308 0.029190340909090885 0.06374999999999999
0 0.21427556818181803 0.7910673076923077 0.0409943181818182 0.08151923076923075
0 0.2185085227272726 0.7294423076923076 0.0409943181818182 0.0606923076923077
0 0.3352130681818182 0.6258269230769231 0.045284090909090906 0.0661538461538461
0 0.025596590909090833 0.2927211538461538 0.05119318181818177 0.07986538461538462
0 0.19450284090909098 0.19188461538461538 0.07568181818181831 0.13634615384615384
0 0.2360511363636365 0.3239423076923077 0.053380681818181876 0.058961538461538454
0 0.695078125 0.765201923076923 0.023906250000000018 0.03524999999999997
0 0.2374644886363636 0.1731346153846154 0.06615056818181825 0.08792307692307692
0 0.01843039772727273 0.7891538461538462 0.03686079545454552 0.0726153846153846
0 0.014261363636363544 0.8452211538461538 0.02852272727272733 0.05082692307692309
0 0.01843039772727273 0.9162115384615385 0.03686079545454552 0.07988461538461532
0 0.022308238636363553 0.8787019230769231 0.044616477272727224 0.07744230769230766
0 0.015752840909090793 0.6588653846153847 0.031505681818181745 0.09923076923076928
0 0.02643465909090892 0.58625 0.02681818181818181 0.04276923076923079
0 0.4329971590909091 0.8865673076923076 0.0566193181818182 0.10648076923076924
0 0.2017897727272726 0.660673076923077 0.05184659090909091 0.0613076923076923
0 0.24421164772727266 0.5734615384615385 0.033963068181818136 0.07746153846153842
0 0.33749289772727276 0.7066538461538462 0.04742897727272733 0.041961538461538446
0 0.7142045454545455 0.2664423076923077 0.07329545454545454 0.09599999999999997
0 0.49997159090909093 0.19505769230769232 0.050056818181818195 0.06130769230769233
0 0.17675426136363626 0.08440384615384615 0.05600852272727266 0.06453846153846154
0 0.10256392045454554 0.24696153846153848 0.06853693181818182 0.08792307692307692
0 0.2166903409090909 0.5720576923076923 0.026051136363636408 0.04388461538461537
0 0.2203196022727273 0.6151538461538462 0.03586647727272727 0.05607692307692302
0 0.24380681818181815 0.6301826923076924 0.03329545454545462 0.04336538461538464
0 0.22607954545454556 0.6749807692307692 0.05065340909090905 0.0613076923076923
0 0.2639133522727274 0.6729711538461539 0.028593749999999994 0.044365384615384605
0 0.24544744318181833 0.7560673076923077 0.03813920454545458 0.044365384615384605
0 0.8711150568181818 0.8740096153846154 0.010582386363636348 0.026211538461538453
0 0.27404829545454545 0.6507884615384615 0.04886363636363633 0.06938461538461535
0 0.2630255681818181 0.7792596153846154 0.02562500000000003 0.04517307692307683
0 0.2534943181818182 0.7114903846153846 0.04349431818181819 0.05325
0 0.27732954545454547 0.7546538461538462 0.026818181818181894 0.0476153846153846
0 0.34734374999999995 0.6639038461538462 0.05005681818181811 0.06615384615384622
0 0.2821732954545454 0.6967211538461539 0.02605113636363633 0.04682692307692312
0 0.2981889204545455 0.6493173076923077 0.03927556818181815 0.06532692307692302
0 0.4803196022727273 0.15009615384615385 0.048224431818181805 0.07769230769230769
0 0.37784090909090906 0.752048076923077 0.05065340909090905 0.04598076923076917
0 0.518153409090909 0.16585576923076925 0.027443181818181808 0.04840384615384616
0 0.8415340909090909 0.9634615384615385 0.03755681818181818 0.07307692307692308
0 0.49737215909090904 0.10504807692307692 0.04241477272727267 0.05517307692307692
0 0.5185724431818182 0.1230673076923077 0.04157670454545452 0.055173076923076936
0 0.7769886363636364 0.6085480769230769 0.05346590909090907 0.05044230769230773
0 0.8361150568181819 0.7615192307692308 0.07126420454545455 0.05153846153846156
0 0.3380184659090909 0.5120576923076923 0.051832386363636296 0.08773076923076918
0 0.7321235795454546 0.9592307692307692 0.04498579545454544 0.08153846153846149
0 0.28003551136363636 0.42540384615384613 0.028593749999999914 0.041153846153846166
0 0.2177627840909092 0.48429807692307686 0.04231534090909102 0.04759615384615379
0 0.16557528409090916 0.4657019230769231 0.04612215909090897 0.06705769230769237
0 0.22910511363636354 0.9766057692307692 0.045681818181818136 0.04678846153846151
0 0.6739488636363635 0.7406153846153847 0.037329545454545456 0.05261538461538464
0 0.4730823863636364 0.7868173076923076 0.0725852272727273 0.14163461538461544
0 0.5320099431818182 0.817451923076923 0.0204971590909091 0.02832692307692311
0 0.4405042613636364 0.7955961538461539 0.024105113636363674 0.04246153846153843
0 0.45499999999999996 0.8518365384615385 0.09272727272727269 0.1257884615384616
0 0.3402982954545455 0.7387884615384614 0.04454545454545456 0.042615384615384666
0 0.3205042613636363 0.755576923076923 0.04086647727272725 0.037461538461538386
0 0.28808238636363637 0.7407307692307692 0.02681818181818181 0.058192307692307675
0 0.8972443181818182 0.6919519230769231 0.022755681818181814 0.029173076923076843
0 0.8750923295454546 0.6672307692307693 0.03830965909090909 0.027538461538461526
0 0.8855894886363637 0.7705288461538462 0.032372159090909076 0.03659615384615379
0 0.8936221590909091 0.8775384615384615 0.02150568181818182 0.023538461538461557
0 0.8996377840909091 0.6451442307692308 0.03171874999999999 0.03444230769230774
0 0.9858664772727272 0.2940576923076923 0.02826704545454545 0.06938461538461535
0 0.03063210227272739 0.041442307692307695 0.02328124999999998 0.029
0 0.889765625 0.612125 0.053281249999999995 0.08509615384615385
0 0.9729261363636363 0.25694230769230764 0.04886363636363636 0.03711538461538461
0 0.8133238636363637 0.2324423076923077 0.04349431818181817 0.05807692307692308
0 0.5561931818181818 0.2130769230769231 0.05125000000000006 0.054846153846153836
0 0.5463636363636364 0.15780769230769232 0.05184659090909091 0.06696153846153845
0 0.8732173295454546 0.6934711538461539 0.03654829545454546 0.03917307692307693
0 0.18397017045454545 0.7939615384615385 0.03586647727272727 0.04103846153846149
0 0.8807102272727273 0.8712211538461538 0.010028409090909095 0.02063461538461531
0 0.37290482954545456 0.9763173076923077 0.06447443181818188 0.04736538461538461
0 0.8762571022727272 0.7339423076923076 0.024360795454545444 0.03865384615384609
0 0.6688636363636364 0.3815769230769231 0.02187500000000001 0.04823076923076926
0 0.8645880681818182 0.563875 0.027045454545454536 0.04274999999999993
0 0.8485085227272727 0.5996634615384615 0.0390625 0.04275000000000004
0 0.7275994318181818 0.7662884615384616 0.06019886363636363 0.07169230769230775
0 0.8418536931818181 0.8868365384615384 0.03055397727272728 0.04136538461538471
0 0.9340269886363637 0.9665673076923077 0.02359375 0.06686538461538458
0 0.12469460227272744 0.14618269230769232 0.045980113636363645 0.04940384615384615
0 0.29126420454545443 0.09082692307692308 0.045880681818181834 0.05323076923076923
0 0.6688423295454546 0.7730961538461538 0.055411931818181805 0.05323076923076924
0 0.7815980113636364 0.988576923076923 0.03558238636363638 0.02284615384615384
0 0.8796946022727272 0.95775 0.03248579545454544 0.05026923076923085
0 0.6862784090909091 0.364576923076923 0.029147727272727287 0.04934615384615384
0 0.7525071022727272 0.6575 0.038281250000000024 0.06023076923076922
0 0.8212428977272728 0.9030480769230769 0.03984375000000002 0.041365384615384596
0 0.07568892045454556 0.09958653846153845 0.029673295454545435 0.036557692307692305
0 0.7786150568181818 0.7096057692307692 0.03791193181818182 0.06701923076923082
0 0.6558593749999999 0.7214807692307692 0.04910511363636363 0.04219230769230769
0 0.7559872159090909 0.97575 0.04447443181818182 0.04850000000000005
0 0.8018181818181819 0.8925961538461538 0.030937500000000003 0.0392692307692308
0 0.7656534090909091 0.8659038461538461 0.04292613636363636 0.0392692307692308
0 0.8321803977272727 0.8564807692307692 0.04833806818181818 0.052884615384615384
0 0.8161860795454545 0.6404038461538462 0.031321022727272746 0.03196153846153847
0 0.8589275568181818 0.6157596153846153 0.03473011363636364 0.041326923076923094
0 0.08520596590909091 0.1878653846153846 0.05578124999999998 0.03226923076923077
0 0.3553196022727273 0.054528846153846164 0.05242897727272731 0.04678846153846154
0 0.9009161931818181 0.9092211538461538 0.0679403409090909 0.058096153846153804
0 0.36715198863636367 0.016528846153846154 0.04924715909090911 0.03305769230769231
0 0.9309090909090909 0.695951923076923 0.04468750000000001 0.047596153846153844
0 0.3566051136363636 0.2128076923076923 0.022556818181818174 0.023461538461538468
0 0.85453125 0.8686538461538461 0.023835227272727275 0.037923076923076976
0 0.3796803977272727 0.034932692307692303 0.04589488636363637 0.041942307692307695
0 0.2031889204545455 0.015471153846153846 0.052088068181818124 0.030942307692307693
0 0.8113352272727272 0.8497019230769232 0.06852272727272726 0.04678846153846151
0 0.8829403409090909 0.5880480769230768 0.030965909090909086 0.025365384615384613
0 0.1599431818181819 0.25430769230769235 0.021732954545454482 0.028999999999999998
0 0.10079545454545458 0.059144230769230775 0.05184659090909091 0.04840384615384616
0 0.20710227272727266 0.5513269230769231 0.04170454545454547 0.04519230769230769
0 0.22908380681818197 0.2108173076923077 0.014389204545454538 0.016557692307692332
0 0.2815269886363636 0.3874903846153846 0.033963068181818136 0.052442307692307656
0 0.20101562500000003 0.04867307692307692 0.044701704545454586 0.06857692307692308
0 0.7721448863636364 0.8279038461538462 0.054232954545454556 0.058076923076923054
0 0.6434019886363636 0.2572019230769231 0.019730113636363657 0.02878846153846151
0 0.07070312499999998 0.019076923076923078 0.05720170454545452 0.038153846153846156
0 0.7712428977272727 0.9453076923076923 0.03859374999999998 0.03688461538461529
0 0.8838352272727272 0.2815576923076923 0.02681818181818181 0.03307692307692305
0 0.3145383522727273 0.679548076923077 0.03825284090909084 0.06332692307692309
0 0.7426846590909091 0.9131346153846155 0.02269886363636362 0.06523076923076926
0 0.23075994318181803 0.053903846153846156 0.023565340909090956 0.03273076923076923
0 0.24330255681818191 0.032990384615384616 0.016832386363636397 0.023211538461538464
0 0.23075994318181803 0.024298076923076926 0.016832386363636397 0.031480769230769236
0 0.32025568181818187 0.45242307692307693 0.05303977272727269 0.09034615384615383
0 0.35609375 0.7814903846153847 0.03099431818181825 0.06936538461538472
0 0.7686292613636364 0.8935288461538461 0.038906250000000024 0.027903846153846137
0 0.24865767045454557 0.015182692307692307 0.02080965909090906 0.016557692307692308
0 0.27164062499999997 0.055 0.017088068181818142 0.03988461538461538
0 0.041413352272727244 0.31996153846153846 0.03515625 0.0637307692307692
0 0.28539772727272716 0.47259615384615383 0.023835227272727313 0.08711538461538458
0 0.2539914772727272 0.04359615384615385 0.026051136363636408 0.041038461538461544
0 0.27021306818181823 0.016451923076923076 0.029460227272727287 0.03290384615384615
0 0.6643323863636363 0.3342019230769231 0.04227272727272726 0.04509615384615383
0 0.6434161931818181 0.30703846153846154 0.02007102272727276 0.04623076923076927
0 0.765390625 0.9198750000000001 0.023622159090909086 0.031673076923076866
0 0.788671875 0.9165865384615385 0.0247869318181818 0.03324999999999993
0 0.654872159090909 0.29209615384615384 0.020795454545454527 0.04888461538461536
0 0.6812073863636363 0.2513173076923077 0.044829545454545455 0.04567307692307692
0 0.663018465909091 0.282125 0.031349431818181846 0.044826923076923084
0 0.6021732954545455 0.2711442307692308 0.04409090909090904 0.0686730769230769
0 0.8320099431818182 0.9555576923076923 0.026093750000000006 0.03703846153846152
0 0.9184801136363636 0.9717019230769232 0.03286931818181817 0.04009615384615389
0 0.9094247159090909 0.6730096153846153 0.03694602272727272 0.03871153846153845
0 0.7659517045454546 0.6492211538461539 0.03536931818181819 0.05198076923076929
0 0.8980610795454546 0.9796634615384615 0.04757102272727273 0.04067307692307688
0 0.6470880681818182 0.8073750000000001 0.05363636363636362 0.0830961538461538
0 0.7219744318181818 0.709125 0.04951704545454543 0.05144230769230769
0 0.815262784090909 0.603625 0.03933238636363638 0.04355769230769226
0 0.7066051136363636 0.7305096153846155 0.03928977272727272 0.04798076923076921
0 0.8713778409090909 0.9888269230769232 0.061505681818181814 0.022346153846153856
