0 0.1951633522727273 0.39857692307692305 0.018821022727272728 0.07076923076923074
0 0.5873650568181819 0.1258846153846154 0.031576704545454574 0.05657692307692308
0 0.9693678977272727 0.8435096153846153 0.028224431818181815 0.052403846153846155
0 0.5540838068181819 0.11733653846153846 0.03984375000000002 0.03290384615384614
0 0.03932528409090896 0.7781346153846154 0.029247159090909136 0.043000000000000024
0 0.03633522727272731 0.5470865384615385 0.04403409090909091 0.049442307692307653
0 0.1913210227272728 0.5212692307692308 0.040426136363636254 0.03115384615384624
0 0.5283025568181818 0.3348173076923077 0.04296875 0.04140384615384616
0 0.44961647727272724 0.20876923076923076 0.02525568181818186 0.034192307692307695
0 0.6818678977272727 0.006701923076923077 0.04955965909090907 0.013403846153846153
0 0.9009303977272727 0.21722115384615384 0.01728693181818182 0.03136538461538462
0 0.17110795454545458 0.4084903846153846 0.030681818181818213 0.06417307692307693
0 0.26347301136363643 0.3853653846153846 0.03137784090909079 0.061346153846153856
0 0.28578125 0.5793076923076923 0.0257954545454545 0.04342307692307689
0 0.3287428977272727 0.06716346153846153 0.02066761363636357 0.027403846153846147
0 0.7218892045454546 0.9480000000000001 0.0377840909090909 0.044384615384615356
0 0.18644176136363633 0.4353846153846153 0.02231534090909096 0.029269230769230766
0 0.8487215909090909 0.1912403846153846 0.03664772727272729 0.027134615384615382
0 0.591015625 0.18180769230769228 0.03012784090909088 0.05130769230769229
0 0.17241477272727268 0.8620288461538461 0.0523579545454544 0.03709615384615378
0 0.17145596590909085 0.5590192307692309 0.04251420454545447 0.057576923076923074
0 0.8793252840909092 0.20411538461538462 0.016946022727272737 0.028538461538461544
0 0.2167542613636364 0.011865384615384616 0.015610795454545467 0.01876923076923077
0 0.16785511363636374 0.8063846153846154 0.042017045454545515 0.07419230769230777
0 0.16450284090909084 0.8912884615384616 0.03653409090909079 0.07419230769230767
0 0.3269034090909091 0.5920480769230769 0.02718749999999998 0.06701923076923082
0 0.25157670454545455 0.8043269230769231 0.04383522727272737 0.10799999999999994
0 0.41171875 0.20317307692307693 0.02525568181818186 0.03880769230769229
0 0.507528409090909 0.8129711538461538 0.029772727272727242 0.03609615384615381
0 0.6196661931818181 0.8489423076923078 0.1094176136363636 0.18380769230769228
0 0.5552982954545455 0.15516346153846156 0.04420454545454546 0.04671153846153844
0 0.2530113636363637 0.46511538461538465 0.025795454545454663 0.030192307692307727
0 0.19317471590909097 0.016028846153846154 0.04265624999999996 0.03205769230769231
0 0.2573579545454546 0.8129711538461538 0.026193181818181734 0.08078846153846152
0 0.5625852272727272 0.09102884615384615 0.021874999999999967 0.028942307692307687
0 0.02680397727272732 0.09034615384615385 0.053607954545454556 0.052500000000000005
0 0.4668678977272728 0.20778846153846153 0.04032670454545453 0.0625
0 0.10457386363636367 0.7804807692307693 0.023892045454545364 0.047692307692307714
0 0.22025568181818178 0.4698269230769231 0.02440340909090902 0.05473076923076925
0 0.2116903409090909 0.7775288461538461 0.018863636363636326 0.04451923076923073
0 0.427265625 0.22389423076923076 0.021377840909090926 0.027634615384615393
0 0.5414488636363637 0.043653846153846154 0.051505681818181805 0.051307692307692304
0 0.9185653409090909 0.22681730769230768 0.024204545454545444 0.034634615384615396
0 0.43892755681818185 0.14660576923076923 0.023309659090909044 0.04671153846153844
0 0.38936789772727276 0.25053846153846154 0.06705965909090915 0.0625
0 0.2279190340909092 0.5580673076923077 0.05785511363636366 0.0764423076923077
0 0.7369105113636364 0.9773942307692308 0.04052556818181818 0.04521153846153844
0 0.9633806818181818 0.5125961538461539 0.04815340909090909 0.06473076923076923
0 0.19829545454545439 0.8010288461538461 0.020085227272727255 0.035442307692307704
0 0.2784588068181818 0.527875 0.03345170454545456 0.07078846153846154
0 0.8784588068181818 0.17930769230769233 0.03458806818181817 0.027615384615384615
0 0.20805397727272734 0.44009615384615386 0.019517045454545467 0.04246153846153843
0 0.3651065340909091 0.1921826923076923 0.03387784090909086 0.05705769230769231
0 0.8646377840909091 0.9329038461538461 0.05373579545454545 0.042538461538461546
0 0.8577130681818181 0.22541346153846153 0.029744318181818177 0.039326923076923086
0 0.2826420454545455 0.4764326923076923 0.03485795454545449 0.035865384615384625
0 0.5424076704545455 0.8713269230769232 0.030213068181818157 0.055346153846153906
0 0.47852272727272727 0.4106057692307692 0.03181818181818179 0.050903846153846154
0 0.9598082386363637 0.9467692307692308 0.04552556818181818 0.04069230769230763
0 0.21084517045454543 0.40376923076923077 0.03205965909090916 0.08115384615384613
0 0.13490767045454544 0.017201923076923076 0.04612215909090913 0.03440384615384615
0 0.014048295454545445 0.466375 0.017727272727272755 0.026173076923076896
0 0.5171448863636363 0.40809615384615383 0.05536931818181821 0.05930769230769231
0 0.2432599431818182 0.5472211538461539 0.041122159090909154 0.07928846153846157
0 0.15797585227272715 0.046144230769230764 0.0339914772727272 0.04601923076923077
0 0.6242897727272727 0.14365384615384616 0.02380681818181817 0.04473076923076923
0 0.13392045454545454 0.08239423076923076 0.024374999999999956 0.029326923076923077
0 0.056455965909090966 0.042826923076923075 0.03643465909090922 0.026269230769230774
0 0.6133664772727272 0.16239423076923076 0.023323863636363577 0.032249999999999994
0 0.7747088068181818 0.8977692307692309 0.02140624999999999 0.06719230769230769
0 0.2753267045454545 0.44057692307692314 0.02718749999999998 0.05473076923076925
0 0.14392045454545443 0.6647211538461538 0.025085227272727228 0.0556730769230769
0 0.8849005681818182 0.9119423076923077 0.03142045454545455 0.043769230769230755
0 0.956377840909091 0.5750192307692308 0.06352272727272727 0.06473076923076918
0 0.6796875 0.05253846153846154 0.0189488636363636 0.032230769230769236
0 0.8941903409090909 0.24928846153846154 0.042528409090909075 0.035576923076923075
0 0.09523437499999998 0.09826923076923078 0.02842329545454544 0.043
0 0.2220383522727274 0.8723365384615385 0.018877840909091018 0.04451923076923073
0 0.7168821022727272 0.8817307692307692 0.04052556818181818 0.041307692307692344
0 0.028536931818181732 0.0030865384615384613 0.03744318181818184 0.006173076923076923
0 0.7214346590909091 0.6386346153846154 0.04363636363636363 0.05323076923076924
0 0.6454261363636364 0.12028846153846154 0.036931818181818184 0.025653846153846145
0 0.13341619318181808 0.06634615384615385 0.032144886363636355 0.052230769230769226
0 0.11306107954545463 0.008115384615384615 0.0308664772727273 0.01596153846153846
0 0.30948153409090906 0.5170192307692308 0.041122159090909154 0.09061538461538468
0 0.6148224431818182 0.1304903846153846 0.02623579545454541 0.03290384615384615
0 0.8748863636363636 0.9945480769230769 0.0377840909090909 0.009250000000000114
0 0.9249644886363636 0.1694807692307692 0.027315340909090904 0.035115384615384625
0 0.286825284090909 0.4080192307692308 0.03345170454545456 0.06323076923076927
0 0.2573366477272727 0.027124999999999996 0.028082386363636337 0.045557692307692306
0 0.8341264204545454 0.9903365384615385 0.041889204545454556 0.0193269230769231
0 0.3412002840909091 0.7067115384615384 0.0292755681818182 0.04342307692307689
0 0.8307315340909092 0.015384615384615384 0.012457386363636358 0.030538461538461535
0 0.6403267045454546 0.1906826923076923 0.026732954545454535 0.03748076923076925
0 0.8151846590909091 0.16947115384615385 0.029034090909090926 0.03886538461538463
0 0.6998011363636364 0.6412211538461539 0.030227272727272728 0.04236538461538456
0 0.25441051136363635 0.5283365384615385 0.03973011363636359 0.06605769230769235
0 0.46468039772727276 0.588 0.028849431818181823 0.039038461538461564
0 0.17598721590909083 0.4599134615384615 0.041832386363636426 0.05190384615384617
0 0.5271164772727273 0.09529807692307692 0.022840909090909068 0.02959615384615385
0 0.9280326704545454 0.5489038461538461 0.03620738636363636 0.09850000000000005
0 0.8053196022727273 0.016384615384615383 0.029559659090909095 0.032769230769230766
0 0.880703125 0.13085576923076925 0.019701704545454553 0.019673076923076918
0 0.4313991477272727 0.1959423076923077 0.025752840909090902 0.029615384615384627
0 0.5650213068181817 0.18048076923076922 0.03546874999999996 0.0578846153846154
0 0.5791122159090909 0.023596153846153847 0.025752840909090902 0.0375
0 0.864453125 0.13670192307692308 0.017627840909090906 0.026673076923076904
0 0.4697798295454546 0.2308076923076923 0.03353693181818176 0.04276923076923073
0 0.7414701704545454 0.8999230769230769 0.02504261363636363 0.04930769230769228
0 0.6405681818181819 0.2584423076923077 0.037897727272727284 0.04538461538461537
0 0.8535582386363636 0.13717307692307693 0.01728693181818182 0.041653846153846145
0 0.5579616477272727 0.8788461538461538 0.016889204545454527 0.05715384615384621
0 0.0971875000000001 0.8096538461538462 0.022954545454545408 0.043000000000000024
0 0.9413636363636364 0.9128653846153846 0.020482954545454547 0.02711538461538466
0 0.6427556818181819 0.060432692307692305 0.026732954545454577 0.026980769230769225
0 0.2781107954545454 0.5486346153846153 0.0341477272727273 0.04623076923076927
0 0.5331889204545455 0.06832692307692308 0.03012784090909096 0.029615384615384613
0 0.1547230113636363 0.5462692307692307 0.0355539772727274 0.0547307692307693
0 0.9094886363636363 0.8755673076923076 0.026875000000000013 0.04005769230769228
0 0.6585511363636364 0.03608653846153846 0.03400568181818182 0.053288461538461535
0 0.6021875 0.0215 0.020397727272727293 0.043
0 0.22995738636363638 0.9127211538461538 0.04446022727272721 0.04451923076923073
0 0.910859375 0.8413557692307693 0.03688920454545453 0.07151923076923077
0 0.2776278409090909 0.014153846153846154 0.052727272727272734 0.028307692307692308
0 0.8199715909090909 0.019365384615384618 0.01946022727272728 0.038730769230769235
0 0.9128622159090909 0.15027884615384618 0.043224431818181815 0.053826923076923064
0 0.597080965909091 0.14825 0.02964488636363629 0.025
0 0.23271306818181803 0.005528846153846153 0.037812500000000006 0.010788461538461537
0 0.7953977272727273 0.02093269230769231 0.05403409090909092 0.04186538461538462
0 0.48161931818181813 0.37621153846153843 0.04710227272727268 0.02684615384615386
0 0.21929687499999995 0.8133942307692308 0.023139204545454494 0.03709615384615388
0 0.584403409090909 0.880048076923077 0.03599431818181815 0.055942307692307756
0 0.5487357954545455 0.07161538461538461 0.023323863636363577 0.03619230769230769
0 0.4156036931818181 0.167 0.03498579545454545 0.05461538461538463
0 0.7558096590909091 0.8940673076923076 0.03278409090909089 0.07459615384615388
0 0.7212286931818181 0.031365384615384614 0.03791193181818182 0.06273076923076923
0 0.8905610795454546 0.2169903846153846 0.02075284090909091 0.03744230769230769
0 0.4984517045454545 0.09726923076923076 0.04323863636363636 0.0716923076923077
0 0.8649786931818182 0.16549038461538462 0.021434659090909077 0.03371153846153844
0 0.5575142045454546 0.9143365384615385 0.019545454545454533 0.037903846153846114
0 0.549737215909091 0.8304134615384615 0.04132102272727269 0.0336730769230769
0 0.49529119318181813 0.04628846153846154 0.05345170454545454 0.075
0 0.74875 0.9592115384615384 0.047812499999999994 0.0815769230769231
0 0.5280965909090909 0.37397115384615387 0.054119318181818137 0.03132692307692311
0 0.8614275568181818 0.4127211538461539 0.035525568181818186 0.0693653846153846
0 0.2512642045454545 0.8496634615384616 0.050539772727272704 0.04698076923076924
0 0.9110866477272728 0.918423076923077 0.029133522727272713 0.04315384615384615
0 0.033117897727272805 0.4318269230769231 0.03223011363636355 0.05600000000000001
0 0.6760440340909091 0.26303846153846155 0.04859374999999997 0.07169230769230767
0 0.8253835227272728 0.09973076923076923 0.02386363636363638 0.04353846153846154
0 0.5744957386363636 0.051875000000000004 0.02526988636363631 0.048019230769230765
0 0.14080255681818177 0.04215384615384616 0.04197443181818175 0.06338461538461539
0 0.39033380681818175 0.22423076923076923 0.02623579545454541 0.03092307692307692
0 0.8386931818181818 0.13202884615384616 0.020738636363636355 0.02855769230769231
0 0.27980113636363635 0.8069999999999999 0.01798295454545458 0.02819230769230774
0 0.5417471590909091 0.9023076923076924 0.027102272727272704 0.02346153846153844
0 0.35808238636363643 0.24951923076923077 0.04627840909090907 0.0464230769230769
0 0.980049715909091 0.05063461538461538 0.039815340909090904 0.059730769230769226
0 0.05110795454545458 0.5220096153846153 0.02846590909090904 0.035634615384615334
0 0.8548508522727273 0.9652692307692307 0.07694602272727274 0.06534615384615378
0 0.3338778409090909 0.5755288461538461 0.04113636363636361 0.05851923076923078
0 0.6138423295454545 0.03839423076923077 0.03498579545454545 0.039480769230769236
0 0.11463778409090897 0.09429807692307692 0.0175994318181818 0.023826923076923065
0 0.2183167613636363 0.04238461538461538 0.024275568181818228 0.04788461538461539
0 0.844375 0.9100961538461538 0.06147727272727271 0.04499999999999996
0 0.09223011363636369 0.04034615384615384 0.05383522727272724 0.054769230769230764
0 0.5252982954545455 0.9089134615384615 0.023551136363636423 0.03428846153846151
0 0.08885653409090921 0.7519615384615385 0.03333806818181806 0.02980769230769231
0 0.9680326704545454 0.09821153846153845 0.03444602272727273 0.05973076923076922
0 0.8667045454545454 0.10838461538461538 0.024204545454545465 0.03465384615384616
0 0.5642897727272727 0.12292307692307693 0.04761363636363634 0.03223076923076923
0 0.7970170454545454 0.9866442307692309 0.03596590909090908 0.026711538461538436
0 0.2422088068181818 0.4099038461538461 0.02231534090909096 0.040576923076923066
0 0.5815340909090909 0.08608653846153846 0.021875000000000047 0.04932692307692308
0 0.6043750000000001 0.19528846153846155 0.026732954545454535 0.04276923076923076
0 0.9488778409090909 0.8835865384615386 0.025511363636363634 0.03267307692307683
0 0.8210582386363636 0.11985576923076924 0.035269886363636344 0.035096153846153846
0 0.850625 0.21137499999999998 0.043210227272727275 0.04024999999999999
0 0.7513565340909091 0.02610576923076923 0.03401988636363639 0.05221153846153846
0 0.9390909090909091 0.853375 0.028693181818181812 0.027750000000000014
0 0.10633522727272726 0.07505769230769231 0.03485795454545449 0.02015384615384616
0 0.5501917613636365 0.014923076923076923 0.025269886363636394 0.029846153846153845
0 0.5241903409090909 0.8361346153846153 0.0373295454545455 0.04873076923076918
0 0.7804048295454545 0.9649615384615384 0.025497159090909074 0.0696538461538461
0 0.18901278409090916 0.03041346153846154 0.06208806818181807 0.060557692307692305
0 0.014943181818181772 0.4860096153846154 0.029886363636363586 0.06109615384615386
0 0.8933238636363636 0.19241346153846156 0.017982954545454562 0.03325000000000001
0 0.7281889204545455 0.6090961538461539 0.03257102272727274 0.037423076923076885
0 0.21920454545454549 0.5075865384615385 0.037642045454545456 0.039634615384615414
0 0.4795525568181819 0.3513173076923077 0.04958806818181822 0.0330192307692308
0 0.3206321022727273 0.4334903846153846 0.05228693181818182 0.04625000000000002
0 0.1693678977272728 0.4721826923076923 0.039730113636363674 0.04625000000000002
0 0.5127840909090908 0.025115384615384616 0.05053977272727279 0.05023076923076923
0 0.8613423295454545 0.09692307692307693 0.03285511363636365 0.04073076923076923
0 0.8528693181818182 0.159875 0.013835227272727285 0.034634615384615396
0 0.5859090909090909 0.04529807692307692 0.0199147727272727 0.02828846153846154
0 0.22373579545454547 0.3863076923076923 0.04392045454545465 0.057576923076923074
0 0.26486505681818184 0.792125 0.018821022727272648 0.04248076923076918
0 0.9899360795454546 0.0904423076923077 0.020127840909090908 0.0743076923076923
0 0.24152698863636357 0.8735673076923077 0.02740056818181813 0.025557692307692236
0 0.5650710227272727 0.8484615384615385 0.03110795454545451 0.04934615384615378
0 0.9023153409090909 0.1266442307692308 0.030426136363636367 0.03463461538461538
0 0.1634374999999999 0.6463076923076924 0.03207386363636369 0.054730769230769194
0 0.6172514204545454 0.2495576923076923 0.03498579545454545 0.04603846153846156
0 0.17789772727272724 0.8298749999999999 0.040198863636363574 0.03875000000000006
0 0.29484374999999996 0.5599615384615385 0.021619318181818222 0.02926923076923082
0 0.5732741477272727 0.20811538461538462 0.0247869318181818 0.05657692307692308
0 0.7945170454545455 0.9110096153846154 0.031874999999999994 0.05671153846153848
0 0.4847159090909091 0.3356538461538462 0.046676136363636385 0.04307692307692309
0 0.01011363636363638 0.5325480769230768 0.02022727272727274 0.06982692307692308
0 0.03928977272727263 0.47292307692307695 0.029545454545454482 0.04073076923076919
0 0.6980823863636363 0.6045192307692309 0.03625000000000001 0.036615384615384654
0 0.91078125 0.19428846153846155 0.018323863636363645 0.03884615384615382
0 0.8988565340909092 0.14700961538461538 0.05325284090909091 0.047288461538461515
0 0.27357954545454544 0.48823076923076925 0.022301136363636346 0.029269230769230766
0 0.8755681818181819 0.9684519230769232 0.06193181818181819 0.06309615384615386
0 0.6447017045454546 0.023471153846153846 0.03352272727272727 0.04694230769230769
0 0.21537642045454541 0.35846153846153844 0.018821022727272728 0.028307692307692305
0 0.4697869318181819 0.1545 0.03255681818181821 0.03353846153846153
0 0.9875852272727272 0.09675961538461537 0.02116477272727273 0.03448076923076923
0 0.839296875 0.021124999999999998 0.021264204545454544 0.042249999999999996
0 0.09693181818181817 0.033701923076923074 0.048551136363636456 0.06713461538461538
0 0.8937855113636364 0.8355 0.022769886363636364 0.05857692307692304
0 0.9292826704545455 0.20411538461538462 0.021434659090909084 0.056653846153846166
0 0.24012073863636374 0.36460576923076926 0.04879261363636367 0.04813461538461539
0 0.05712357954545444 0.017788461538461538 0.04313920454545455 0.035576923076923075
0 0.8974786931818182 0.11095192307692307 0.027656249999999997 0.03417307692307692
0 0.8737428977272728 0.8669326923076923 0.03916193181818183 0.032673076923076944
0 0.7146022727272727 0.9248846153846154 0.03051136363636362 0.04746153846153837
0 0.30982954545454544 0.6972788461538462 0.039034090909090935 0.03774999999999999
0 0.18468039772727274 0.038634615384615385 0.057571022727272686 0.04788461538461538
0 0.43965198863636357 0.24298076923076922 0.05490056818181815 0.03684615384615387
0 0.5594318181818183 0.07358653846153847 0.02332386363636366 0.040134615384615394
0 0.3188920454545454 0.5009711538461539 0.029289772727272734 0.041519230769230774
0 0.0740056818181819 0.09442307692307692 0.017386363636363648 0.023538461538461543
0 0.08571022727272737 0.1242980769230769 0.033437499999999946 0.04163461538461537
0 0.923153409090909 0.930125 0.028693181818181823 0.04932692307692314
0 0.026867897727272716 0.01793269230769231 0.05282670454545446 0.03440384615384615
0 0.021846590909090913 0.044403846153846155 0.043465909090908965 0.02942307692307692
0 0.16547585227272732 0.6920384615384616 0.032173295454545586 0.04238461538461542
0 0.5939275568181819 0.22027884615384616 0.0456676136363636 0.036173076923076926
0 0.6361931818181819 0.10187500000000001 0.018465909090909092 0.026980769230769232
0 0.6490767045454545 0.2123846153846154 0.04323863636363632 0.04934615384615384
0 0.05411221590909099 0.10574038461538461 0.02842329545454544 0.0434423076923077
0 0.5314062500000001 0.36054807692307694 0.05329545454545452 0.021249999999999967
0 0.19676846590909092 0.7626923076923078 0.04018465909090904 0.04288461538461541
0 0.9618536931818182 0.9094711538461538 0.02231534090909091 0.031442307692307735
0 0.1989843750000001 0.4783269230769231 0.027883522727272722 0.05284615384615388
0 0.6201633522727272 0.013278846153846155 0.025269886363636394 0.02655769230769231
0 0.9256605113636364 0.8838942307692308 0.022769886363636364 0.05055769230769224
0 0.4352840909090909 0.16667307692307692 0.014090909090909032 0.03288461538461537
0 0.6634090909090908 0.14035576923076923 0.058295454545454574 0.04736538461538461
0 0.31401278409090905 0.45803846153846156 0.06552556818181818 0.0386923076923077
0 0.2516264204545454 0.43397115384615387 0.020213068181818207 0.035865384615384625
0 0.6223508522727272 0.05188461538461538 0.0364346590909091 0.03223076923076923
0 0.2770667613636364 0.8501634615384616 0.02509943181818176 0.06982692307692308
0 0.01780539772727263 0.4347403846153846 0.024161931818181805 0.03998076923076927
0 0.9299857954545454 0.9838653846153846 0.030511363636363642 0.03226923076923072
0 0.6636576704545454 0.15153846153846154 0.05879261363636366 0.05130769230769232
0 0.667294034090909 0.1709423076923077 0.027201704545454553 0.04934615384615384
0 0.737372159090909 0.8774134615384616 0.03414772727272726 0.031442307692307735
0 0.9197372159090909 0.8213269230769231 0.03461647727272727 0.04623076923076927
0 0.9546661931818182 0.5190769230769231 0.06694602272727272 0.06380769230769226
0 0.4736647727272727 0.18147115384615387 0.027698863636363636 0.045403846153846156
0 0.3791619318181818 0.24199038461538463 0.029147727272727245 0.041442307692307716
0 0.030482954545454577 0.06319230769230769 0.060965909090909036 0.041653846153846145
0 0.530859375 0.9426057692307692 0.02311079545454551 0.039096153846153815
0 0.23756392045454544 0.014923076923076923 0.02600852272727265 0.020192307692307693
0 0.21230113636363646 0.8360576923076923 0.029829545454545456 0.03461538461538462
0 0.25196732954545453 0.4839807692307692 0.04600852272727263 0.054730769230769194
0 0.8141477272727273 0.13576923076923075 0.032499999999999994 0.03603846153846154
0 0.665106534090909 0.2873846153846154 0.04032670454545457 0.045384615384615426
0 0.6471306818181818 0.27849999999999997 0.032556818181818166 0.043423076923076946
0 0.26930397727272737 0.14968269230769232 0.029829545454545373 0.037096153846153855
0 0.08888494318181828 0.05752884615384615 0.03643465909090906 0.042096153846153846
0 0.9133806818181818 0.240625 0.03181818181818183 0.03790384615384614
0 0.9657244318181818 0.9255 0.03278409090909091 0.022807692307692334
0 0.5769247159090909 0.011634615384615384 0.03012784090909088 0.023269230769230768
0 0.08586647727272734 0.7768653846153847 0.017301136363636293 0.029384615384615443
0 0.8669176136363637 0.8410480769230769 0.03642045454545455 0.05363461538461547
0 0.9443252840909091 0.9755480769230769 0.05828125 0.048903846153846166
0 0.33178267045454546 0.5325865384615385 0.038338068181818195 0.05001923076923075
0 0.8376633522727273 0.15496153846153848 0.01728693181818182 0.022923076923076928
0 0.4484019886363636 0.17391346153846154 0.0247869318181818 0.03551923076923077
0 0.06534090909090906 0.49327884615384615 0.04403409090909091 0.04363461538461544
0 0.14078124999999997 0.6864230769230769 0.04948863636363625 0.05569230769230776
0 0.9595809659090909 0.8647788461538461 0.04325284090909091 0.04932692307692303
0 0.8388636363636364 0.17789423076923075 0.03008522727272728 0.03136538461538462
0 0.22661221590909086 0.7697019230769231 0.023139204545454494 0.07667307692307693
0 0.2129332386363636 0.5783557692307693 0.03765624999999999 0.062288461538461515
0 0.8131889204545455 0.9507788461538462 0.07103693181818183 0.07090384615384616
0 0.29832386363636365 0.6047884615384616 0.04670454545454545 0.0547307692307693
0 0.8569247159090909 0.016913461538461537 0.03683238636363635 0.033826923076923074
0 0.30948153409090906 0.5859134615384615 0.018821022727272728 0.04528846153846156
0 0.9040269886363637 0.9655769230769231 0.03049715909090909 0.0671923076923078
0 0.45298295454545456 0.6018653846153846 0.053920454545454514 0.0667692307692307
0 0.8706818181818181 0.23360576923076923 0.024545454545454547 0.035096153846153846
0 0.8662357954545454 0.8832788461538462 0.03323863636363637 0.03698076923076927
0 0.25827414772727275 0.9057211538461539 0.058451704545454515 0.04532692307692306
0 0.006889204545454608 0.4398365384615385 0.013778409090909155 0.03417307692307689
0 0.6366832386363637 0.08115384615384616 0.04762784090909095 0.031576923076923065
0 0.8328196022727272 0.4543173076923077 0.02558238636363637 0.0318269230769231
0 0.07150568181818184 0.07677884615384614 0.033096590909090846 0.026249999999999996
0 0.9502059659090909 0.2036442307692308 0.02731534090909091 0.03228846153846155
0 0.7027698863636364 0.04990384615384616 0.028181818181818145 0.05196153846153847
0 0.24120738636363626 0.0395673076923077 0.022897727272727278 0.03755769230769231
0 0.2331534090909091 0.4386826923076923 0.01812499999999999 0.04528846153846151
0 0.20347301136363638 0.8657403846153846 0.020696022727272636 0.03298076923076919
0 0.009254261363636385 0.014846153846153846 0.01850852272727269 0.02969230769230769
0 0.8751704545454546 0.11376923076923076 0.018323863636363624 0.046346153846153836
0 0.056768465909090904 0.8096538461538462 0.016349431818181805 0.031076923076923123
0 0.6619531249999999 0.09365384615384616 0.03401988636363639 0.039461538461538465
0 0.5414488636363637 0.10648076923076923 0.023323863636363577 0.03092307692307692
0 0.02854403409090911 0.5132788461538461 0.03276988636363643 0.041442307692307716
0 0.3122656250000001 0.7345576923076924 0.032769886363636355 0.04057692307692301
0 0.34837357954545456 0.21007692307692308 0.03677556818181816 0.052576923076923084
0 0.26496448863636357 0.8785096153846155 0.031661931818181846 0.023903846153846168
0 0.9384019886363636 0.8191634615384616 0.03643465909090909 0.044403846153846106
0 0.506640625 0.8355192307692308 0.025326704545454524 0.03188461538461535
0 0.5412997159090909 0.8051442307692308 0.0546448863636364 0.02405769230769229
0 0.3408522727272727 0.7383269230769229 0.02857954545454546 0.04434615384615385
0 0.8438778409090909 0.09785576923076923 0.01798295454545454 0.045403846153846156
0 0.6891619318181819 0.02293269230769231 0.035965909090909125 0.02828846153846154
0 0.8798366477272728 0.14700961538461538 0.021434659090909094 0.02013461538461541
0 0.4481605113636363 0.1304903846153846 0.03691761363636365 0.053942307692307685
0 0.5472940340909092 0.929673076923077 0.021321022727272713 0.03126923076923075
0 0.31227272727272726 0.40471153846153846 0.06622159090909091 0.08303846153846149
0 0.16518465909090907 0.5037980769230769 0.04948863636363641 0.03963461538461536
0 0.5953835227272727 0.23376923076923078 0.04664772727272724 0.027615384615384642
0 0.6225994318181818 0.21534615384615383 0.018465909090909092 0.03026923076923076
0 0.1964701704545455 0.9073653846153847 0.03470170454545447 0.05853846153846153
0 0.8969673295454546 0.8835865384615386 0.03461647727272727 0.03759615384615387
0 0.8754261363636364 0.40577884615384613 0.028693181818181823 0.06475000000000003
0 0.06431107954545456 0.06070192307692307 0.02274147727272726 0.022173076923076917
0 0.6 0.08081730769230769 0.02573863636363637 0.048019230769230765
0 0.06063920454545457 0.123625 0.028749999999999852 0.040288461538461544
0 0.1843465909090909 0.5717596153846154 0.037642045454545456 0.06794230769230777
0 0.6131178977272727 0.09399038461538461 0.02867897727272727 0.04144230769230769
0 0.3905184659090909 0.1969326923076923 0.02850852272727272 0.03748076923076925
0 0.6259943181818182 0.18016346153846155 0.020397727272727293 0.04144230769230769
