0 0.9249786931818182 0.8599615384615384 0.04606534090909091 0.0637307692307692
0 0.9881747159090909 0.9082307692307692 0.02365056818181818 0.02876923076923073
0 0.29492897727272727 0.6535576923076923 0.034772727272727295 0.026038461538461576
0 0.2992826704545455 0.6935961538461538 0.045156249999999946 0.02734615384615379
0 0.31854403409090903 0.6721057692307693 0.0214630681818182 0.029057692307692333
0 0.3236860795454546 0.7164807692307693 0.02649147727272724 0.026346153846153825
0 0.36520596590909093 0.7812019230769232 0.027940340909090932 0.027019230769230792
0 0.31796164772727276 0.7861057692307691 0.034644886363636426 0.03971153846153853
0 0.43177556818181817 0.7600769230769231 0.04434659090909087 0.03796153846153848
0 0.4191761363636364 0.7240865384615384 0.03519886363636368 0.03574999999999995
0 0.446640625 0.7268076923076923 0.0254119318181818 0.031923076923076964
0 0.38492187499999997 0.7080576923076923 0.018934659090909068 0.04976923076923076
0 0.9621448863636364 0.9378461538461539 0.026931818181818182 0.042500000000000045
0 0.37063210227272725 0.6919807692307692 0.023025568181818154 0.03769230769230773
0 0.41036221590909083 0.6962884615384617 0.019502840909090935 0.03307692307692305
0 0.4019105113636363 0.7101634615384614 0.019360795454545447 0.043096153846153895
0 0.4067258522727273 0.7479423076923077 0.036576704545454544 0.033884615384615395
0 0.4134659090909092 0.7682403846153847 0.04181818181818182 0.03574999999999995
0 0.3850284090909091 0.7673942307692307 0.02011363636363632 0.03294230769230768
0 0.3698934659090909 0.758951923076923 0.013366477272727308 0.02782692307692302
0 0.3804971590909091 0.7326057692307693 0.023892045454545444 0.03709615384615388
0 0.44141335227272727 0.7900288461538462 0.03424715909090911 0.024826923076923017
0 0.45270596590909085 0.8159230769230769 0.02291193181818181 0.02984615384615392
0 0.9870383522727273 0.9319134615384616 0.025923295454545456 0.02759615384615378
0 0.37951704545454545 0.8292403846153847 0.02997159090909094 0.0365961538461539
0 0.5161576704545454 0.7511538461538462 0.03876420454545449 0.050538461538461595
0 0.4949289772727272 0.7787499999999999 0.05281250000000001 0.048769230769230794
0 0.5335440340909091 0.7884615384615384 0.032968750000000054 0.06323076923076922
0 0.5824147727272727 0.7783076923076924 0.02465909090909093 0.07165384615384625
0 0.5881321022727273 0.7722692307692308 0.014417613636363603 0.05734615384615383
0 0.6008309659090909 0.778298076923077 0.013281250000000033 0.05951923076923075
0 0.54 0.7538076923076923 0.016363636363636417 0.03815384615384611
0 0.5463920454545454 0.7142884615384616 0.021590909090909074 0.053692307692307616
0 0.5591761363636363 0.716201923076923 0.029801136363636307 0.0568653846153846
0 0.9074715909090909 0.9799807692307693 0.04568181818181818 0.04003846153846152
0 0.5761860795454545 0.7217596153846154 0.02299715909090909 0.04574999999999993
0 0.5255113636363637 0.7047596153846154 0.02659090909090905 0.05559615384615389
0 0.5599786931818183 0.7563461538461539 0.025696022727272692 0.05030769230769225
0 0.55828125 0.6828173076923076 0.022556818181818258 0.032788461538461454
0 0.5478338068181818 0.6639999999999999 0.020667613636363654 0.04792307692307696
0 0.5327414772727272 0.6480865384615384 0.022329545454545494 0.03924999999999994
0 0.533103693181818 0.6127884615384614 0.01995738636363638 0.048192307692307694
0 0.5780752840909091 0.6822980769230769 0.01850852272727277 0.046557692307692265
0 0.5869744318181818 0.6801730769230769 0.01610795454545451 0.054038461538461584
0 0.5871377840909091 0.6311538461538462 0.03237215909090912 0.08173076923076923
0 0.939609375 0.9414038461538461 0.028536931818181822 0.056346153846153865
0 0.5621661931818182 0.6615961538461538 0.03333806818181822 0.03980769230769229
0 0.5500284090909091 0.6100865384615385 0.020198863636363595 0.04571153846153843
0 0.5674005681818182 0.6094134615384615 0.02144886363636367 0.033711538461538515
0 0.5531036931818182 0.633375 0.02600852272727273 0.01736538461538467
0 0.5698508522727272 0.6408557692307693 0.025667613636363627 0.03763461538461537
0 0.486903409090909 0.6145769230769231 0.03914772727272728 0.04580769230769229
0 0.4964346590909091 0.5869807692307693 0.021477272727272734 0.041346153846153845
0 0.4978551136363637 0.5606923076923077 0.02329545454545451 0.042038461538461566
0 0.5144176136363636 0.5468557692307693 0.026392045454545432 0.056403846153846124
0 0.5528053977272727 0.5415 0.0341903409090909 0.053384615384615364
0 0.9838778409090909 0.9536923076923077 0.0228125 0.019230769230769232
0 0.5218181818181818 0.5635865384615385 0.025397727272727266 0.0460961538461539
0 0.5470951704545455 0.5728076923076924 0.034048295454545414 0.04469230769230771
0 0.5440838068181817 0.5366346153846153 0.04637784090909096 0.061692307692307664
0 0.5319034090909092 0.508625 0.02568181818181816 0.031211538461538495
0 0.553778409090909 0.5137596153846153 0.028551136363636397 0.057096153846153845
0 0.5873082386363637 0.5570288461538461 0.03484375000000004 0.06986538461538458
0 0.5850781249999999 0.531673076923077 0.030383522727272707 0.05815384615384606
0 0.5981818181818181 0.5002788461538461 0.01676136363636357 0.0443269230769231
0 0.5853409090909091 0.48414423076923074 0.021477272727272734 0.0390192307692307
0 0.4945099431818182 0.4965673076923078 0.019872159090909104 0.03925000000000005
0 0.9374928977272727 0.9888076923076924 0.038764204545454546 0.022384615384615357
0 0.4769247159090909 0.49692307692307686 0.024957386363636355 0.07415384615384615
0 0.5122230113636363 0.5020192307692308 0.018025568181818177 0.03738461538461533
0 0.5024431818181818 0.4754038461538462 0.02301136363636362 0.030384615384615406
0 0.5204332386363637 0.4694230769230769 0.021008522727272674 0.037999999999999985
0 0.5343607954545455 0.4456057692307692 0.028380681818181843 0.032673076923076944
0 0.40512784090909093 0.44843269230769234 0.026676136363636405 0.058480769230769225
0 0.49818181818181817 0.430701923076923 0.03321022727272735 0.02421153846153847
0 0.4526491477272727 0.4472307692307692 0.025894886363636307 0.06711538461538458
0 0.4174147727272728 0.42235576923076923 0.026732954545454535 0.036942307692307656
0 0.4590482954545454 0.43272115384615384 0.019772727272727296 0.07501923076923081
0 0.9846448863636363 0.9716442307692308 0.02346590909090909 0.038288461538461584
0 0.47618607954545455 0.4189615384615385 0.01615056818181819 0.037692307692307685
0 0.4750639204545455 0.4434615384615385 0.014474431818181815 0.03696153846153846
0 0.5083309659090909 0.44774038461538457 0.026036931818181796 0.024057692307692346
0 0.49022017045454547 0.4395673076923077 0.01728693181818184 0.028211538461538437
0 0.48891335227272725 0.46168269230769227 0.036946022727272716 0.03140384615384618
0 0.43148437500000003 0.4517211538461538 0.027571022727272763 0.07371153846153848
0 0.4356107954545455 0.4009423076923077 0.0277272727272727 0.036653846153846155
0 0.3342471590909091 0.3635288461538462 0.020255681818181805 0.048326923076923066
0 0.31753551136363634 0.364875 0.020127840909090932 0.039942307692307714
0 0.31748579545454547 0.33622115384615386 0.02375000000000004 0.024980769230769247
0 0.993671875 0.9887211538461538 0.012514204545454544 0.02255769230769234
0 0.3214275568181818 0.3233076923076923 0.018821022727272728 0.03215384615384615
0 0.3361931818181818 0.32839423076923074 0.013664772727272734 0.027326923076923092
0 0.2943181818181818 0.3143365384615384 0.018323863636363603 0.03613461538461537
0 0.30617897727272725 0.31581730769230776 0.022784090909090938 0.03490384615384617
0 0.27999289772727276 0.29932692307692305 0.02848011363636357 0.05003846153846156
0 0.24318181818181828 0.27157692307692305 0.03306818181818194 0.03823076923076922
0 0.2614133522727272 0.2925192307692308 0.03663352272727276 0.0389615384615385
0 0.26838068181818175 0.25730769230769235 0.0341477272727273 0.03773076923076927
0 0.24305397727272715 0.222875 0.02857954545454546 0.026442307692307692
0 0.25421164772727256 0.2336826923076923 0.017968749999999967 0.030096153846153856
0 0.9969673295454545 0.9583365384615385 0.005980113636363637 0.04105769230769224
0 0.23082386363636365 0.20635576923076923 0.04542613636363639 0.035711538461538475
0 0.2663565340909091 0.21825961538461539 0.022343750000000027 0.03074999999999999
0 0.2786079545454545 0.2443269230769231 0.03230113636363638 0.032807692307692336
0 0.2874147727272728 0.22177884615384613 0.02465909090909085 0.028211538461538465
0 0.28056818181818177 0.19727884615384617 0.02545454545454556 0.04244230769230771
0 0.28561789772727275 0.13643269230769228 0.03018465909090901 0.0423653846153846
0 0.28637073863636364 0.1649230769230769 0.01589488636363636 0.027807692307692297
0 0.2730326704545454 0.17872115384615386 0.018963068181818213 0.026634615384615375
0 0.2694460227272727 0.16030769230769232 0.021704545454545497 0.03100000000000001
0 0.2562428977272727 0.1976153846153846 0.024531249999999973 0.028500000000000015
0 0.9148863636363637 0.8360480769230769 0.05548295454545455 0.04598076923076917
0 0.9536789772727273 0.9525865384615385 0.03113636363636364 0.03317307692307692
0 0.2465269886363637 0.1480673076923077 0.02759943181818175 0.03071153846153846
0 0.23497869318181808 0.17283653846153846 0.03762784090909092 0.052596153846153834
0 0.2531818181818182 0.17228846153846156 0.021676136363636352 0.0238076923076923
0 0.2588423295454546 0.13526923076923078 0.030951704545454494 0.03519230769230769
0 0.275859375 0.1242019230769231 0.03228693181818176 0.03163461538461539
0 0.3096022727272727 0.14277884615384617 0.03622159090909091 0.04736538461538462
0 0.34895596590909084 0.14954807692307692 0.028281250000000036 0.05551923076923078
0 0.3840553977272727 0.20047115384615385 0.038451704545454615 0.03201923076923075
0 0.37426136363636364 0.1678942307692308 0.04741477272727272 0.04632692307692306
0 0.3421377840909091 0.21314423076923075 0.024360795454545423 0.030826923076923078
0 0.9661505681818182 0.7697211538461538 0.03301136363636364 0.06301923076923073
0 0.35545454545454547 0.20354807692307691 0.022386363636363624 0.026826923076923054
0 0.35678977272727275 0.22728846153846152 0.025340909090909136 0.03553846153846155
0 0.3538139204545455 0.25553846153846155 0.02492897727272729 0.035307692307692304
0 0.3667542613636363 0.23712499999999997 0.01938920454545451 0.04321153846153846
0 0.38859374999999996 0.21865384615384614 0.03536931818181815 0.054230769230769235
0 0.35656960227272727 0.28052884615384616 0.02134943181818186 0.02371153846153843
0 0.3773650568181818 0.280875 0.024446022727272698 0.026288461538461514
0 0.3809517045454546 0.25083653846153847 0.0308238636363637 0.04428846153846151
0 0.3920170454545455 0.24865384615384617 0.016988636363636334 0.041076923076923046
0 0.36668323863636365 0.3058076923076923 0.01842329545454541 0.040576923076923066
0 0.9439417613636364 0.7821057692307694 0.019474431818181818 0.05948076923076925
0 0.3579332386363636 0.3016346153846154 0.01615056818181819 0.027076923076923047
0 0.3960795454545455 0.28279807692307696 0.01840909090909088 0.039057692307692314
0 0.4062713068181818 0.30080769230769233 0.028849431818181823 0.05015384615384618
0 0.40512784090909093 0.32041346153846156 0.027443181818181808 0.035096153846153846
0 0.37780539772727273 0.30354807692307695 0.013082386363636334 0.02863461538461536
0 0.3859872159090909 0.3081442307692308 0.011321022727272766 0.027596153846153836
0 0.3760369318181819 0.32735576923076926 0.0175568181818182 0.023480769230769246
0 0.408828125 0.34886538461538463 0.028394886363636376 0.033769230769230774
0 0.39083096590909083 0.3310961538461539 0.015923295454545426 0.02246153846153842
0 0.42868607954545446 0.29621153846153847 0.024588068181818187 0.03973076923076928
0 0.9924431818181818 0.8351442307692307 0.01471590909090909 0.03875000000000006
0 0.42572443181818187 0.3251057692307692 0.020909090909090867 0.033788461538461524
0 0.45957386363636366 0.32363461538461535 0.025028409090909098 0.053000000000000005
0 0.4546732954545455 0.2992884615384615 0.04164772727272726 0.06407692307692306
0 0.44978693181818175 0.2749519230769231 0.04823863636363634 0.030211538461538477
0 0.4174502840909091 0.27025 0.02921874999999999 0.028807692307692343
0 0.4520738636363636 0.24905769230769229 0.034829545454545426 0.026730769230769242
0 0.4332315340909091 0.2562788461538461 0.02606534090909094 0.022596153846153818
0 0.4280113636363636 0.23214423076923077 0.02610795454545454 0.030942307692307672
0 0.4117897727272727 0.24729807692307693 0.02446022727272723 0.030942307692307672
0 0.4057741477272727 0.2179326923076923 0.017826704545454562 0.06044230769230768
0 0.9723650568181819 0.8345096153846153 0.026661931818181817 0.02863461538461536
0 0.42678267045454554 0.205 0.02617897727272728 0.04215384615384616
0 0.2988920454545455 0.20158653846153846 0.014005681818181837 0.01940384615384616
0 0.293828125 0.2629519230769231 0.0247869318181818 0.03128846153846156
0 0.30684659090909083 0.25476923076923075 0.024147727272727272 0.03919230769230766
0 0.29705965909090903 0.2889711538461538 0.0210795454545455 0.02494230769230769
0 0.32837357954545454 0.30153846153846153 0.022940340909090876 0.032999999999999995
0 0.49193892045454557 0.24148076923076925 0.039360795454545426 0.03346153846153847
0 0.47215198863636365 0.24845192307692307 0.04484374999999999 0.026057692307692303
0 0.44667613636363646 0.2219423076923077 0.016619318181818166 0.03699999999999999
0 0.4642826704545455 0.2259423076923077 0.01990056818181817 0.02488461538461538
0 0.9836292613636364 0.7686538461538461 0.03211647727272727 0.05049999999999998
0 0.5201917613636364 0.21148076923076922 0.03228693181818176 0.0363076923076923
0 0.44721590909090914 0.39096153846153847 0.026676136363636405 0.03326923076923074
0 0.4653196022727273 0.3642403846153846 0.019872159090909104 0.028480769230769237
0 0.4667045454545454 0.3834807692307693 0.021874999999999967 0.03923076923076924
0 0.44933948863636364 0.35275961538461537 0.017201704545454565 0.018250000000000016
0 0.4391122159090909 0.3363846153846154 0.01813920454545452 0.029576923076923122
0 0.4454403409090909 0.3652980769230769 0.02241477272727277 0.01798076923076922
0 0.4272798295454545 0.3738846153846154 0.0160085227272727 0.023615384615384618
0 0.42970170454545453 0.35230769230769227 0.022301136363636346 0.04200000000000001
0 0.47202414772727264 0.3456826923076923 0.02546875000000001 0.031634615384615365
0 0.9700071022727272 0.8094038461538461 0.032031250000000004 0.03199999999999997
0 0.4878551136363636 0.3159903846153846 0.03653409090909095 0.04609615384615384
0 0.48558948863636364 0.28816346153846156 0.03941761363636364 0.06059615384615383
0 0.5596306818181818 0.2891153846153846 0.05232954545454542 0.03896153846153844
0 0.5622443181818182 0.3155673076923077 0.03642045454545453 0.03824999999999997
0 0.587080965909091 0.32498076923076924 0.02825284090909089 0.03796153846153848
0 0.5700852272727273 0.2658173076923077 0.05517045454545451 0.046326923076923085
0 0.611796875 0.30137499999999995 0.030894886363636364 0.03913461538461537
0 0.589424715909091 0.3044711538461538 0.0228551136363636 0.033288461538461545
0 0.6134659090909091 0.32834615384615384 0.024630681818181864 0.03276923076923075
0 0.6140198863636364 0.34525961538461536 0.03173295454545451 0.044249999999999984
0 0.9382244318181818 0.8179230769230769 0.030909090909090907 0.02111538461538465
0 0.6321164772727272 0.3471346153846154 0.02306818181818183 0.03457692307692306
0 0.6424289772727272 0.36378846153846156 0.025624999999999988 0.034153846153846194
0 0.5790482954545455 0.2522115384615385 0.045653409090909154 0.04411538461538461
0 0.6145667613636363 0.2739134615384615 0.03703124999999999 0.039057692307692314
0 0.5784232954545454 0.21391346153846152 0.03480113636363636 0.03624999999999999
0 0.5920028409090909 0.21008653846153846 0.060284090909090905 0.04551923076923077
0 0.6439417613636365 0.30161538461538456 0.036150568181818166 0.030461538461538467
0 0.6283380681818183 0.31753846153846155 0.01781250000000003 0.03019230769230767
0 0.62640625 0.37458653846153844 0.03585227272727274 0.02017307692307694
0 0.6473508522727274 0.3916442307692308 0.020184659090909104 0.022980769230769207
0 0.9598863636363636 0.8025384615384615 0.01758522727272727 0.03384615384615389
0 0.6086008522727273 0.3928846153846154 0.013025568181818204 0.0235384615384615
0 0.6256036931818182 0.39703846153846156 0.025553977272727246 0.03184615384615385
0 0.6362073863636364 0.41486538461538464 0.03349431818181816 0.03219230769230765
0 0.657421875 0.4182692307692308 0.02194602272727275 0.04353846153846151
0 0.6617613636363636 0.4489423076923077 0.03312499999999999 0.0497307692307692
0 0.6403338068181819 0.4828942307692308 0.026406250000000006 0.03725000000000006
0 0.6581960227272727 0.46714423076923073 0.04210227272727271 0.032673076923076944
0 0.632940340909091 0.4390288461538462 0.030681818181818133 0.03436538461538457
0 0.6197301136363635 0.4552980769230769 0.02232954545454541 0.04640384615384614
0 0.6322727272727273 0.4586442307692308 0.013465909090909117 0.02321153846153845
0 0.9893110795454545 0.7866057692307692 0.02137784090909091 0.04171153846153846
0 0.6054829545454545 0.46578846153846154 0.015710227272727275 0.03219230769230771
0 0.6080326704545455 0.4391153846153846 0.022343750000000027 0.028192307692307687
0 0.6113494318181818 0.41610576923076925 0.02119318181818184 0.025865384615384592
0 0.5962286931818181 0.41527884615384614 0.015213068181818234 0.04886538461538461
0 0.6649644886363637 0.3256442307692307 0.019928977272727275 0.028557692307692298
0 0.650859375 0.34473076923076923 0.017088068181818183 0.027730769230769208
0 0.6454616477272728 0.3214326923076923 0.020610795454545482 0.028211538461538437
0 0.659375 0.2911826923076923 0.033323863636363645 0.022980769230769207
0 0.641669034090909 0.27653846153846157 0.023480113636363598 0.02980769230769231
0 0.6575071022727272 0.26738461538461544 0.031122159090909086 0.025807692307692285
0 0.9116903409090908 0.7893942307692308 0.04775568181818182 0.050057692307692254
0 0.992606534090909 0.8070384615384616 0.014786931818181819 0.027653846153846143
0 0.6705042613636363 0.30650961538461535 0.024161931818181805 0.020634615384615366
0 0.8274928977272727 0.4260096153846154 0.05174715909090908 0.029788461538461555
0 0.8317400568181819 0.40630769230769226 0.03774147727272728 0.03696153846153846
0 0.8157386363636363 0.39365384615384613 0.022698863636363642 0.028153846153846182
0 0.801171875 0.4036153846153846 0.025383522727272734 0.024846153846153875
0 0.7887215909090909 0.41539423076923077 0.028693181818181843 0.02486538461538463
0 0.8306605113636364 0.4491346153846154 0.043735795454545486 0.024769230769230762
0 0.8145241477272728 0.4551538461538462 0.02461647727272729 0.03188461538461541
0 0.8378835227272727 0.467625 0.05068181818181817 0.043480769230769205
0 0.794453125 0.465125 0.035923295454545444 0.02455769230769233
0 0.9778693181818182 0.8689807692307693 0.030000000000000002 0.02961538461538457
0 0.7902556818181818 0.44477884615384616 0.02681818181818181 0.020634615384615418
0 0.7654332386363636 0.46601923076923074 0.021690340909090923 0.02638461538461538
0 0.7654119318181818 0.4560673076923077 0.028806818181818183 0.027788461538461515
0 0.8409943181818182 0.37563461538461534 0.04582386363636362 0.04023076923076921
0 0.8006605113636364 0.3826634615384616 0.02205965909090909 0.02363461538461537
0 0.5355752840909092 0.4188557692307692 0.017940340909090902 0.03601923076923075
0 0.5215624999999999 0.42890384615384614 0.01568181818181813 0.02807692307692312
0 0.5151207386363637 0.40880769230769226 0.024644886363636317 0.01819230769230771
0 0.49803267045454547 0.41202884615384616 0.03362215909090911 0.022365384615384606
0 0.4847230113636364 0.3875673076923077 0.015980113636363636 0.0318653846153846
0 0.9766264204545455 0.8880673076923076 0.027059659090909093 0.01771153846153842
0 0.34945312500000003 0.06683653846153845 0.04248579545454549 0.03932692307692307
0 0.3872798295454545 0.06255769230769231 0.037201704545454545 0.05469230769230769
0 0.36436789772727274 0.03711538461538462 0.024218750000000015 0.03076923076923077
0 0.3787571022727273 0.01858653846153846 0.02080965909090914 0.03717307692307692
0 0.3228480113636363 0.060278846153846155 0.03424715909090903 0.04032692307692307
0 0.3153906249999999 0.0439423076923077 0.026491477272727323 0.05365384615384615
0 0.33671874999999996 0.02789423076923077 0.02562500000000003 0.03325
0 0.3460511363636364 0.04470192307692307 0.018465909090909092 0.04644230769230769
0 0.30686789772727263 0.03265384615384615 0.02080965909090914 0.0653076923076923
0 0.28905539772727273 0.029846153846153845 0.025582386363636352 0.05969230769230769
0 0.9945525568181818 0.8668461538461538 0.010468749999999999 0.02465384615384614
0 0.27450284090909094 0.025076923076923077 0.052840909090909154 0.05015384615384615
0 0.35955255681818177 0.0135 0.02947443181818182 0.027
0 0.34701704545454537 0.00725 0.02585227272727271 0.013884615384615384
0 0.32617897727272727 0.011432692307692309 0.018465909090909092 0.022865384615384617
0 0.3997940340909091 0.055471153846153844 0.02862215909090906 0.04798076923076923
0 0.39280539772727263 0.025701923076923074 0.025696022727272692 0.031365384615384614
0 0.3983522727272727 0.01582692307692308 0.03446022727272726 0.031115384615384614
0 0.41714488636363634 0.038759615384615385 0.022187500000000006 0.04744230769230769
0 0.4245383522727273 0.010807692307692308 0.03620738636363638 0.021615384615384616
0 0.43982954545454545 0.02675961538461538 0.026676136363636326 0.05351923076923076
0 0.9926917613636363 0.8925384615384615 0.014616477272727272 0.027423076923076904
0 0.454453125 0.012038461538461538 0.024247159090909163 0.024076923076923076
0 0.4730894886363637 0.02185576923076923 0.02953124999999995 0.029173076923076923
0 0.47803267045454545 0.008 0.025639204545454562 0.016
0 0.4354403409090909 0.11391346153846153 0.058664772727272746 0.06636538461538462
0 0.48258522727272724 0.05894230769230769 0.03585227272727274 0.050923076923076925
0 0.45424715909090907 0.03843269230769231 0.040227272727272716 0.03394230769230769
0 0.49382812499999995 0.026778846153846157 0.016860795454545382 0.05355769230769231
0 0.5070951704545454 0.016134615384615386 0.011576704545454513 0.03226923076923077
0 0.5087571022727273 0.049317307692307695 0.024275568181818145 0.06301923076923077
0 0.5267613636363637 0.010865384615384615 0.038551136363636426 0.02173076923076923
0 0.7841122159090909 0.9835192307692308 0.04717329545454547 0.03296153846153844
0 0.5366619318181818 0.022500000000000003 0.03491477272727279 0.0445
0 0.5290198863636363 0.04956730769230769 0.02690340909090909 0.04598076923076922
0 0.5558451704545455 0.016884615384615383 0.018053977272727326 0.03376923076923077
0 0.5484659090909091 0.03942307692307692 0.016874999999999994 0.030230769230769228
0 0.20090198863636355 0.06520192307692307 0.04123579545454558 0.047211538461538465
0 0.19695312499999995 0.04397115384615385 0.041235795454545414 0.042173076923076924
0 0.1826917613636364 0.012480769230769231 0.032031249999999935 0.024961538461538462
0 0.2072017045454545 0.03561538461538461 0.03164772727272724 0.04073076923076923
0 0.21307528409090903 0.023432692307692307 0.031178977272727337 0.046865384615384614
0 0.2191832386363637 0.010798076923076922 0.026803977272727278 0.020788461538461537
0 0.7509090909090909 0.9827307692307692 0.047556818181818165 0.0345384615384615
0 0.16877130681818187 0.07780769230769231 0.031917613636363515 0.0345
0 0.1781178977272727 0.0610673076923077 0.028707386363636414 0.032211538461538465
0 0.17235795454545455 0.036144230769230776 0.032670454545454544 0.02275
0 0.15445312499999997 0.12966346153846153 0.018366477272727364 0.036096153846153854
0 0.1457528409090909 0.09786538461538462 0.022755681818181793 0.035423076923076925
0 0.17610795454545458 0.10903846153846153 0.03866477272727276 0.04276923076923076
0 0.16129971590909087 0.08964423076923077 0.019872159090909104 0.023288461538461536
0 0.14542613636363655 0.07302884615384615 0.02005681818181819 0.02505769230769231
0 0.1560795454545455 0.05572115384615385 0.023721590909090973 0.03398076923076923
0 0.13600142045454544 0.10704807692307691 0.02637784090909082 0.05828846153846153
0 0.6748508522727272 0.9903076923076923 0.04205965909090911 0.019384615384615354
0 0.11374289772727275 0.12957692307692306 0.033735795454545456 0.041499999999999995
0 0.10728693181818183 0.14271153846153847 0.05142045454545461 0.03811538461538463
0 0.14306107954545444 0.434625 0.06271306818181815 0.04698076923076924
0 0.11588068181818167 0.4012019230769231 0.04303977272727282 0.0532884615384615
0 0.16690340909090906 0.43192307692307697 0.040312500000000154 0.048000000000000015
0 0.15218039772727276 0.37617307692307694 0.016406249999999935 0.019230769230769232
0 0.13990056818181817 0.39186538461538456 0.018806818181818195 0.041653846153846145
0 0.15906960227272726 0.3966634615384615 0.02734375 0.030096153846153856
0 0.18246448863636366 0.42046153846153844 0.02419034090909087 0.04780769230769228
0 0.18276988636363645 0.34781730769230773 0.02477272727272719 0.03963461538461536
0 0.7153480113636363 0.981375 0.024758522727272737 0.037250000000000005
0 0.1980397727272728 0.3325673076923077 0.032784090909090964 0.035557692307692325
0 0.20691761363636374 0.34611538461538466 0.025028409090909098 0.03219230769230765
0 0.1923721590909092 0.30109615384615385 0.028607954545454527 0.05403846153846153
0 0.20090198863636355 0.42608653846153843 0.01723011363636363 0.053480769230769235
0 0.20496448863636363 0.3983653846153846 0.027741477272727234 0.02980769230769231
0 0.20237926136363638 0.37218269230769235 0.02413352272727274 0.02421153846153847
0 0.27911931818181823 0.3286730769230769 0.025340909090909056 0.03100000000000001
0 0.25312500000000004 0.31516346153846153 0.02701704545454543 0.04871153846153849
0 0.30036221590909085 0.3551153846153846 0.018991477272727278 0.029653846153846183
0 0.30017045454545455 0.33895192307692307 0.0191477272727273 0.01790384615384616
0 0.7437499999999999 0.902451923076923 0.03088068181818183 0.06586538461538462
0 0.2302343750000001 0.3337980769230769 0.04029829545454546 0.03378846153846158
0 0.22041193181818197 0.38809615384615387 0.018693181818181772 0.025307692307692302
0 0.2312428977272728 0.40578846153846154 0.017144886363636435 0.035153846153846154
0 0.22968750000000004 0.24435576923076924 0.030767045454545408 0.045288461538461534
0 0.24338068181818173 0.24238461538461537 0.018607954545454577 0.02788461538461536
0 0.32734374999999993 0.15596153846153846 0.018323863636363603 0.03788461538461539
0 0.30446022727272737 0.51575 0.03411931818181824 0.03696153846153851
0 0.31740056818181817 0.5004615384615385 0.042130681818181775 0.04523076923076925
0 0.34470170454545446 0.49759615384615385 0.025653409090909095 0.03569230769230764
0 0.30804687500000005 0.559826923076923 0.04646306818181823 0.029038461538461582
0 0.934140625 0.7711826923076923 0.03816761363636363 0.05190384615384617
0 0.7262073863636364 0.9495576923076923 0.02107954545454542 0.033346153846153796
0 0.3107386363636363 0.5333461538461539 0.040312499999999994 0.029615384615384682
0 0.33914772727272724 0.520625 0.03400568181818182 0.030942307692307644
0 0.342080965909091 0.535875 0.028167613636363612 0.043173076923076904
0 0.30766335227272734 0.5735769230769231 0.04140625000000005 0.01792307692307691
0 0.3040838068181819 0.5945 0.031178977272727258 0.04553846153846155
0 0.32223011363636367 0.6051346153846154 0.016022727272727313 0.033192307692307674
0 0.33098721590909086 0.5861634615384615 0.0240198863636364 0.02982692307692306
0 0.34156960227272737 0.610326923076923 0.024417613636363633 0.026615384615384676
0 0.3482741477272727 0.5861249999999999 0.021150568181818163 0.037903846153846114
0 0.36554687500000005 0.5750769230769232 0.022769886363636405 0.027653846153846143
0 0.7089346590909091 0.9524423076923076 0.018210227272727263 0.043615384615384625
0 0.35075994318181813 0.5474134615384615 0.018735795454545453 0.044365384615384605
0 0.3354403409090909 0.5658557692307692 0.021704545454545497 0.02074999999999993
0 0.3840411931818182 0.5660961538461539 0.02171874999999995 0.043692307692307746
0 0.394815340909091 0.5003653846153846 0.03948863636363638 0.04442307692307697
0 0.41686079545454546 0.5083461538461538 0.0317897727272728 0.06803846153846148
0 0.42031960227272724 0.5527884615384615 0.02487215909090916 0.02430769230769228
0 0.4364843749999999 0.5356057692307692 0.034105113636363704 0.038519230769230715
0 0.44955255681818185 0.5435865384615384 0.036150568181818166 0.04755769230769223
0 0.40342329545454547 0.5774038461538461 0.02681818181818181 0.043692307692307746
0 0.4211434659090909 0.5734423076923076 0.025525568181818222 0.029192307692307597
0 0.7011363636363637 0.9698846153846155 0.013892045454545456 0.06023076923076922
0 0.44530539772727273 0.6011153846153846 0.024502840909090908 0.022615384615384596
0 0.40190340909090905 0.5445288461538461 0.02241477272727269 0.031442307692307624
0 0.39110795454545455 0.5326923076923077 0.023352272727272725 0.03296153846153844
0 0.3715411931818182 0.5490096153846155 0.024417613636363633 0.025865384615384592
0 0.36912642045454547 0.5127211538461539 0.030042613636363603 0.05513461538461536
0 0.3654900568181818 0.5999807692307693 0.023849431818181766 0.03296153846153844
0 0.35283380681818177 0.6204999999999999 0.02376420454545457 0.03296153846153854
0 0.40435369318181813 0.6254134615384616 0.021008522727272758 0.032173076923076846
0 0.38943892045454553 0.5999326923076923 0.02413352272727274 0.033403846153846166
0 0.6892755681818181 0.5558076923076922 0.020028409090909124 0.03142307692307687
0 0.6832102272727273 0.9574519230769231 0.02877840909090912 0.05224999999999992
0 0.6601775568181818 0.49530769230769234 0.016292613636363636 0.02538461538461542
0 0.7630681818181818 0.8066153846153846 0.01931818181818181 0.03592307692307683
0 0.7677769886363637 0.7923365384615384 0.02339488636363636 0.03928846153846155
0 0.7854332386363636 0.8000961538461538 0.03345170454545456 0.059846153846153854
0 0.8049431818181818 0.7986057692307692 0.030312500000000006 0.058673076923076904
0 0.822705965909091 0.7716826923076923 0.03646306818181819 0.041365384615384596
0 0.8202911931818182 0.739596153846154 0.0364346590909091 0.030499999999999916
0 0.7961576704545454 0.7609423076923076 0.02339488636363636 0.03207692307692298
0 0.7413636363636364 0.7918173076923077 0.03071022727272724 0.029942307692307678
0 0.7490411931818182 0.8143846153846154 0.02214488636363637 0.04157692307692309
0 0.6907670454545455 0.9241730769230769 0.044346590909090905 0.0577692307692307
0 0.75109375 0.7721153846153846 0.025170454545454544 0.02603846153846147
0 0.7677982954545455 0.7579038461538462 0.03403409090909088 0.03246153846153845
0 0.7956747159090909 0.7365576923076923 0.014701704545454579 0.021999999999999995
0 0.7786505681818182 0.7452980769230769 0.021420454545454562 0.0324807692307692
0 0.7437642045454546 0.7437692307692307 0.020625000000000015 0.031115384615384628
0 0.7241477272727272 0.7437115384615385 0.02579545454545454 0.023576923076923058
0 0.7112499999999999 0.7293942307692307 0.021761363636363627 0.026942307692307783
0 0.7358948863636363 0.7188750000000002 0.01775568181818182 0.0330576923076923
0 0.7240767045454546 0.7129423076923077 0.018664772727272707 0.039115384615384566
0 0.756534090909091 0.7282115384615385 0.02508522727272727 0.03411538461538463
0 0.7262357954545455 0.906326923076923 0.05201704545454546 0.06880769230769236
0 0.7103409090909091 0.7040673076923077 0.02247159090909094 0.030826923076923026
0 0.6915056818181817 0.6960769230769231 0.01798295454545454 0.03234615384615383
0 0.7398224431818181 0.7023173076923077 0.034218750000000006 0.021403846153846145
0 0.7209303977272727 0.7562884615384615 0.020326704545454547 0.030538461538461528
0 0.7345454545454546 0.7585000000000001 0.023977272727272722 0.030538461538461528
0 0.75125 0.6809615384615385 0.01812499999999999 0.028846153846153848
0 0.7016903409090909 0.6784615384615384 0.02034090909090908 0.0238461538461538
0 0.6797301136363636 0.678125 0.029034090909090905 0.024250000000000025
0 0.7340980113636364 0.6826923076923077 0.020326704545454547 0.019269230769230733
0 0.7191122159090909 0.6805961538461538 0.015752840909090914 0.024115384615384653
0 0.6270028409090909 0.975326923076923 0.034744318181818154 0.048923076923076916
0 0.777109375 0.660875 0.016406250000000015 0.03348076923076928
0 0.8018394886363637 0.6659807692307692 0.03461647727272728 0.04442307692307697
0 0.6528409090909091 0.6790192307692309 0.017698863636363648 0.027000000000000038
0 0.6619176136363636 0.6714230769230769 0.015227272727272726 0.029423076923076944
0 0.6669602272727273 0.6500384615384615 0.023522727272727275 0.01942307692307686
0 0.6811931818181818 0.6579230769230769 0.02690340909090909 0.027923076923076887
0 0.6525710227272727 0.6306057692307692 0.01920454545454543 0.032519230769230814
0 0.6669744318181818 0.6311442307692308 0.021335227272727287 0.02709615384615391
0 0.6469673295454546 0.5995384615384616 0.029360795454545476 0.036846153846153785
0 0.6633806818181818 0.5997115384615385 0.01840909090909092 0.03865384615384609
0 0.59625 0.984625 0.027102272727272704 0.030750000000000017
0 0.6663139204545454 0.5719134615384615 0.027485795454545447 0.029980769230769182
0 0.6751136363636363 0.6069423076923077 0.019999999999999976 0.03576923076923081
0 0.5976988636363636 0.6119711538461539 0.0360795454545455 0.03809615384615385
0 0.631299715909091 0.6045288461538462 0.03484374999999996 0.04278846153846154
0 0.6108238636363637 0.5524615384615384 0.04661931818181817 0.0631153846153846
0 0.6738423295454545 0.5280865384615385 0.027968749999999997 0.0282884615384615
0 0.6679474431818182 0.5062307692307693 0.024218749999999976 0.021153846153846155
0 0.7099289772727273 0.541048076923077 0.02332386363636362 0.030249999999999926
0 0.6580326704545454 0.527298076923077 0.02268465909090909 0.02709615384615391
0 0.6466832386363637 0.4997115384615385 0.024303977272727293 0.028692307692307722
0 0.6199289772727272 0.9855673076923077 0.028068181818181805 0.028134615384615265
0 0.6057102272727273 0.5511634615384615 0.035738636363636396 0.06451923076923079
0 0.09132102272727272 0.7918846153846153 0.02701704545454543 0.04742307692307697
0 0.0833167613636363 0.7458076923076924 0.02401988636363632 0.04673076923076925
0 0.11421164772727266 0.7473365384615385 0.04629261363636368 0.04167307692307695
0 0.1327059659090909 0.7331538461538462 0.042883522727272645 0.037230769230769255
0 0.1006818181818182 0.7158269230769231 0.02332386363636374 0.02984615384615381
0 0.10016335227272721 0.6873653846153845 0.022826704545454456 0.028461538461538483
0 0.13920454545454541 0.7042403846153846 0.03349431818181808 0.02144230769230765
0 0.1172088068181818 0.7156057692307692 0.022116477272727184 0.025288461538461496
0 0.11879971590909089 0.6955288461538461 0.022656250000000065 0.02159615384615388
0 0.5886434659090909 0.9653653846153847 0.026548295454545453 0.02984615384615381
0 0.14393465909090897 0.6830096153846154 0.03039772727272724 0.022634615384615458
0 0.1250426136363636 0.6761634615384615 0.03173295454545459 0.020826923076923045
0 0.08362215909090909 0.7087115384615384 0.022755681818181793 0.03384615384615378
0 0.06663352272727263 0.7036730769230769 0.02235795454545456 0.042423076923076924
0 0.13502840909090896 0.6310865384615384 0.029090909090908956 0.025403846153846114
0 0.1281107954545455 0.6612692307692308 0.02369318181818175 0.023500000000000052
0 0.15040482954545453 0.6654615384615384 0.031008522727272624 0.02607692307692308
0 0.14277698863636357 0.6535480769230769 0.04257102272727276 0.03221153846153846
0 0.0468963068181818 0.693625 0.021406249999999908 0.027326923076923148
0 0.07313210227272726 0.6818557692307692 0.03234374999999998 0.022096153846153863
0 0.9542826704545454 0.8389134615384616 0.02194602272727272 0.03640384615384617
0 0.5919602272727273 0.955076923076923 0.029744318181818177 0.02607692307692308
0 0.05012784090909084 0.6685096153846154 0.027386363636363598 0.02686538461538467
0 0.04460937499999995 0.639576923076923 0.0171732954545455 0.03653846153846154
0 0.026967329545454555 0.6698076923076923 0.018735795454545533 0.038884615384615434
0 0.058252840909090886 0.6144807692307692 0.03187500000000008 0.060423076923076954
0 0.06897017045454557 0.592701923076923 0.03825284090909084 0.07571153846153847
0 0.09526278409090916 0.5880288461538461 0.058394886363636385 0.041365384615384596
0 0.03772727272727261 0.5747596153846154 0.042414772727272745 0.05024999999999999
0 0.020404829545454528 0.5575288461538462 0.04029829545454546 0.05024999999999999
0 0.05583096590909098 0.81825 0.022514204545454577 0.027192307692307665
0 0.018806818181818175 0.8298749999999999 0.03715909090909102 0.033250000000000036
0 0.5609232954545454 0.9439134615384615 0.03360795454545458 0.047826923076923086
0 0.06382102272727264 0.843326923076923 0.02306818181818183 0.03303846153846155
0 0.0837073863636365 0.852125 0.033153409090909136 0.030519230769230778
0 0.08476562499999996 0.8205384615384614 0.036860795454545354 0.050615384615384604
0 0.033096590909090895 0.7531634615384615 0.02011363636363632 0.03532692307692309
0 0.055781250000000004 0.7573846153846154 0.03125 0.026115384615384585
0 0.06735085227272719 0.7687115384615385 0.023877840909090994 0.048346153846153817
0 0.05764204545454532 0.8538076923076924 0.02465909090909093 0.025576923076923098
0 0.035958806818181865 0.8525961538461538 0.02348011363636376 0.030153846153846166
0 0.018870738636363793 0.8532692307692308 0.03774147727272734 0.028153846153846127
0 0.05424005681818178 0.8983269230769231 0.023451704545454696 0.030346153846153794
0 0.561875 0.9153846153846154 0.0179829545454545 0.03607692307692306
0 0.05780539772727267 0.8707307692307692 0.026093750000000006 0.024846153846153875
0 0.07964488636363631 0.8826442307692308 0.02329545454545451 0.03317307692307692
0 0.10799005681818197 0.866971153846154 0.0370880681818182 0.041903846153846194
0 0.12303267045454547 0.8657211538461539 0.03345170454545448 0.05017307692307699
0 0.07166193181818192 0.8990576923076923 0.018267045454545473 0.0339615384615384
0 0.06997869318181815 0.9285384615384616 0.0199573863636363 0.029692307692307688
0 0.07214488636363636 0.9496057692307692 0.01642045454545463 0.029288461538461572
0 0.007073863636363642 0.9347884615384616 0.014147727272727324 0.036230769230769184
0 0.015809659090909034 0.972625 0.019999999999999896 0.03432692307692323
0 0.0065056818181816745 0.9639615384615384 0.013011363636363592 0.03207692307692309
0 0.5807244318181819 0.9205192307692308 0.02102272727272729 0.05046153846153848
0 0.025390625 0.9594423076923076 0.025696022727272613 0.024730769230769147
0 0.1927130681818181 0.8584038461538461 0.05394886363636366 0.06026923076923083
0 0.1504545454545455 0.8471057692307692 0.023267045454545447 0.07294230769230771
0 0.1633096590909091 0.8561634615384615 0.02477272727272735 0.07498076923076925
0 0.14466619318181817 0.8875961538461539 0.024161931818181805 0.044269230769230734
0 0.2169886363636363 0.8972307692307693 0.015056818181818053 0.04280769230769229
0 0.2076988636363637 0.8754903846153846 0.0371306818181818 0.05436538461538458
0 0.23517755681818187 0.8749807692307693 0.03538352272727268 0.05265384615384615
0 0.20404119318181813 0.9023557692307693 0.01160511363636374 0.0294807692307692
0 0.19252130681818191 0.9122980769230769 0.012883522727272799 0.019903846153846088
0 0.5761079545454546 0.8607692307692308 0.03534090909090908 0.07719230769230778
0 0.2533451704545455 0.9162403846153846 0.032144886363636355 0.04228846153846155
0 0.562372159090909 0.11544230769230769 0.021931818181818177 0.05161538461538462
0 0.5515340909090909 0.12802884615384613 0.0326420454545454 0.04967307692307692
0 0.590965909090909 0.12738461538461537 0.03715909090909095 0.03419230769230768
0 0.5892045454545454 0.09197115384615386 0.04056818181818182 0.0445576923076923
0 0.5720170454545455 0.06992307692307692 0.039517045454545444 0.03950000000000001
0 0.5709161931818182 0.08765384615384615 0.03137784090909095 0.03776923076923077
0 0.6010724431818182 0.06918269230769229 0.03629261363636365 0.04136538461538461
0 0.5757457386363636 0.04641346153846154 0.0332244318181818 0.03582692307692308
0 0.5922514204545455 0.04030769230769231 0.028110795454545402 0.023615384615384618
0 0.5968678977272728 0.8462788461538462 0.023735795454545506 0.08101923076923076
0 0.5381676136363636 0.116625 0.017301136363636373 0.07328846153846154
0 0.5040127840909092 0.13803846153846155 0.02938920454545454 0.04388461538461538
0 0.526171875 0.17147115384615383 0.025582386363636352 0.08471153846153845
0 0.2081036931818182 0.8131057692307693 0.03686079545454552 0.04175000000000007
0 0.2323792613636364 0.8109423076923077 0.02941761363636369 0.041269230769230836
0 0.25364346590909104 0.8104615384615385 0.0301278409090908 0.04030769230769238
0 0.20668323863636362 0.7771153846153847 0.04961647727272736 0.0494230769230769
0 0.22369318181818187 0.7586442307692308 0.029772727272727326 0.03648076923076928
0 0.21713778409090911 0.7898365384615386 0.028707386363636414 0.02878846153846148
0 0.267294034090909 0.7814423076923077 0.03544034090909081 0.05038461538461536
0 0.6165909090909092 0.8372211538461539 0.027642045454545426 0.06659615384615383
0 0.23693892045454557 0.7812307692307693 0.012400568181818046 0.020230769230769195
0 0.24781960227272737 0.7853461538461538 0.01595170454545457 0.02980769230769231
0 0.2544034090909091 0.7562115384615385 0.03619318181818185 0.033230769230769286
0 0.10783380681818178 0.9608173076923077 0.02546874999999993 0.030596153846153783
0 0.1519176136363637 0.9685961538461538 0.026278409090909092 0.025730769230769224
0 0.13007102272727267 0.9562115384615385 0.03193181818181805 0.022346153846153856
0 0.17995028409090896 0.953048076923077 0.019019886363636343 0.034480769230769245
0 0.16506392045454532 0.9634999999999999 0.017940340909090902 0.023307692307692317
0 0.0877840909090909 0.9904423076923077 0.02221590909090907 0.01911538461538461
0 0.0935582386363637 0.9402596153846154 0.014900568181818195 0.034403846153846125
0 0.5307457386363637 0.8699615384615385 0.05589488636363631 0.05799999999999994
0 0.2816974431818182 0.9247692307692308 0.031605113636363556 0.041807692307692323
0 0.6807102272727272 0.4171923076923077 0.02622159090909088 0.0345384615384615
0 0.705518465909091 0.4155096153846154 0.026946022727272725 0.03309615384615381
0 0.7049857954545455 0.4433461538461539 0.024460227272727272 0.03119230769230769
0 0.6922230113636363 0.4450192307692308 0.014531249999999985 0.03357692307692304
0 0.6734446022727272 0.4409711538461539 0.024048295454545465 0.04386538461538462
0 0.7459730113636365 0.4487884615384615 0.021690340909090923 0.029384615384615387
0 0.749893465909091 0.5161057692307692 0.029531249999999988 0.03182692307692299
0 0.7586292613636363 0.5465096153846154 0.02291193181818181 0.03874999999999996
0 0.24142755681818184 0.5181250000000001 0.03580965909090914 0.03336538461538466
0 0.5413636363636364 0.9166346153846153 0.023323863636363577 0.07096153846153852
0 0.20962357954545463 0.4714423076923077 0.021690340909090885 0.05226923076923078
0 0.22065340909090914 0.5057884615384616 0.03125 0.04530769230769237
0 0.5078622159090909 0.39125 0.03322443181818188 0.03257692307692307
0 0.8923153409090909 0.3412980769230769 0.030142045454545453 0.07178846153846151
0 0.8679048295454546 0.3304519230769231 0.03242897727272727 0.05421153846153846
0 0.8633238636363636 0.35678846153846155 0.04920454545454545 0.08211538461538459
0 0.9585511363636363 0.2177692307692308 0.028409090909090908 0.029115384615384616
0 0.9825497159090909 0.2106730769230769 0.02234375 0.02988461538461537
0 0.9659588068181818 0.19514423076923076 0.01782670454545454 0.03967307692307694
0 0.9470596590909091 0.15876923076923077 0.025909090909090913 0.0378076923076923
0 0.5636860795454546 0.8707884615384615 0.042201704545454514 0.08088461538461539
0 0.9601775568181818 0.1665096153846154 0.02186079545454545 0.03417307692307692
0 0.9432315340909091 0.1928173076923077 0.02919034090909091 0.0306346153846154
0 0.9859375 0.16295192307692308 0.028125 0.0333269230769231
0 0.993828125 0.13052884615384616 0.012343749999999999 0.03798076923076923
0 0.09276278409090921 0.21675000000000003 0.059900568181818124 0.02584615384615387
0 0.12784090909090906 0.18330769230769228 0.050340909090909165 0.048769230769230766
0 0.05267045454545449 0.18573076923076923 0.02744318181818189 0.03746153846153844
0 0.0643678977272728 0.1648846153846154 0.028394886363636216 0.024230769230769247
0 0.07545454545454544 0.14809615384615385 0.026250000000000027 0.02488461538461538
0 0.0735511363636363 0.12241346153846154 0.025767045454545435 0.03748076923076925
0 0.9686931818181819 0.8623846153846154 0.04301136363636364 0.040153846153846144
0 0.5028053977272728 0.9272403846153845 0.024531250000000056 0.09101923076923074
0 0.08703125 0.11271153846153846 0.029346590909090864 0.02584615384615384
0 0.05363636363636359 0.14051923076923076 0.034659090909091035 0.02653846153846153
0 0.0494531250000001 0.1616826923076923 0.024786931818181722 0.029442307692307698
0 0.021768465909090984 0.12382692307692308 0.028963068181818163 0.026423076923076928
0 0.8393181818181819 0.2873846153846154 0.015397727272727278 0.034000000000000016
0 0.8476917613636363 0.30074999999999996 0.021605113636363627 0.0348461538461538
0 0.8512428977272728 0.28122115384615387 0.018224431818181817 0.02774999999999996
0 0.8271732954545454 0.27929807692307695 0.013380681818181821 0.03778846153846155
0 0.8207670454545455 0.2584711538461538 0.017670454545454562 0.0254423076923077
0 0.818203125 0.23861538461538465 0.017656249999999988 0.02584615384615387
0 0.4836434659090909 0.963701923076923 0.046207386363636326 0.07209615384615387
0 0.8325852272727272 0.2409326923076923 0.017954545454545456 0.03663461538461538
0 0.825752840909091 0.21123076923076925 0.02193181818181816 0.028153846153846154
0 0.792421875 0.2556538461538462 0.02203124999999999 0.028461538461538455
0 0.8066619318181818 0.25726923076923075 0.021363636363636352 0.03350000000000003
0 0.7602130681818182 0.25038461538461537 0.015937499999999997 0.02892307692307691
0 0.7763139204545454 0.2575 0.017627840909090906 0.02938461538461536
0 0.7620809659090909 0.2216923076923077 0.012883522727272717 0.029384615384615387
0 0.7810653409090909 0.22076923076923077 0.026448863636363642 0.020192307692307693
0 0.7808948863636364 0.23591346153846154 0.03017045454545456 0.0321346153846154
0 0.744950284090909 0.25841346153846156 0.017286931818181802 0.026634615384615402
0 0.4524644886363637 0.9499807692307692 0.04848011363636363 0.08165384615384623
0 0.7400355113636363 0.2641538461538462 0.02916193181818182 0.03442307692307693
0 0.7475 0.2377596153846154 0.02102272727272725 0.01928846153846154
0 0.7212144886363636 0.2547403846153846 0.02001420454545455 0.03028846153846154
0 0.7330823863636363 0.23385576923076923 0.012556818181818186 0.035365384615384646
0 0.8417613636363637 0.2613942307692308 0.022386363636363645 0.03259615384615385
0 0.9233380681818182 0.3169230769230769 0.011250000000000003 0.017576923076923105
0 0.9408238636363636 0.32277884615384617 0.049772727272727274 0.03578846153846157
0 0.9684588068181819 0.30627884615384615 0.03157670454545455 0.038096153846153794
0 0.9749715909090909 0.29675 0.02471590909090909 0.036730769230769275
0 0.9591903409090909 0.2695673076923077 0.019914772727272732 0.03717307692307695
0 0.48219460227272737 0.9118653846153847 0.03211647727272721 0.05942307692307688
0 0.7267542613636364 0.3276826923076923 0.019616477272727275 0.02451923076923077
0 0.7369318181818182 0.3207884615384615 0.024573863636363612 0.02553846153846154
0 0.7287571022727273 0.29962500000000003 0.02481534090909091 0.019596153846153843
0 0.7178267045454545 0.3098269230769231 0.014176136363636349 0.02319230769230764
0 0.6975852272727272 0.3224326923076923 0.018011363636363645 0.026788461538461553
0 0.7026136363636364 0.31382692307692306 0.01625000000000004 0.020807692307692294
0 0.6822230113636363 0.3252307692307692 0.01862215909090911 0.029192307692307705
0 0.6687713068181818 0.34582692307692303 0.020099431818181787 0.02399999999999998
0 0.6789701704545454 0.3500288461538461 0.01566761363636364 0.023596153846153867
0 0.6631605113636363 0.3632403846153846 0.018309659090909113 0.027596153846153836
0 0.4579261363636363 0.8400480769230769 0.0308238636363637 0.043211538461538516
0 0.7107315340909091 0.329625 0.0129971590909091 0.02440384615384615
0 0.7234375 0.3444326923076923 0.024232954545454547 0.026788461538461553
0 0.740909090909091 0.3464038461538461 0.02713068181818181 0.02653846153846156
0 0.5114701704545455 0.3307788461538461 0.030269886363636367 0.032711538461538445
0 0.5351278409090909 0.3175192307692308 0.03332386363636361 0.0371923076923077
0 0.550390625 0.31682692307692306 0.03180397727272733 0.037884615384615364
0 0.48414772727272737 0.21491346153846153 0.02778409090909091 0.02240384615384614
0 0.5028125000000001 0.21690384615384614 0.036789772727272775 0.03884615384615385
0 0.3410440340909091 0.3735769230769231 0.029190340909090926 0.05534615384615385
0 0.3552769886363637 0.3372596153846154 0.024815340909090947 0.021250000000000022
0 0.4752769886363637 0.8766923076923077 0.029985795454545393 0.06315384615384621
0 0.35509232954545455 0.3241730769230769 0.025184659090909115 0.02173076923076925
0 0.34305397727272724 0.30835576923076924 0.016420454545454547 0.0306346153846154
0 0.34049715909090905 0.28909615384615384 0.019346590909090914 0.025692307692307664
0 0.33703125 0.2685865384615385 0.022613636363636388 0.03309615384615386
0 0.48258522727272724 0.3624615384615385 0.017727272727272755 0.025038461538461558
0 0.5130823863636365 0.3806346153846154 0.020852272727272737 0.03669230769230772
0 0.9627201704545455 0.019298076923076925 0.02098011363636364 0.03859615384615385
0 0.9554048295454546 0.012192307692307692 0.015894886363636365 0.024384615384615383
0 0.945703125 0.03235576923076923 0.015582386363636362 0.030557692307692307
0 0.9426775568181818 0.054307692307692314 0.017173295454545448 0.01938461538461539
0 0.4264488636363637 0.943125 0.03318181818181812 0.099673076923077
0 0.9302840909090909 0.06377884615384616 0.02161931818181818 0.02971153846153846
0 0.927578125 0.03708653846153846 0.022571022727272728 0.027134615384615382
0 0.9267826704545454 0.012836538461538462 0.019076704545454546 0.025673076923076923
0 0.9417258522727273 0.014134615384615384 0.012088068181818179 0.02826923076923077
0 0.9614204545454546 0.047009615384615386 0.02232954545454546 0.027173076923076928
0 0.9679119318181818 0.05828846153846154 0.018664772727272728 0.031115384615384614
0 0.9090411931818182 0.0854326923076923 0.02188920454545454 0.030942307692307686
0 0.9127414772727273 0.059278846153846154 0.029289772727272723 0.025711538461538456
0 0.9278622159090909 0.15167307692307694 0.02092329545454545 0.020499999999999994
0 0.8481676136363636 0.14888461538461537 0.01877840909090909 0.034230769230769224
0 0.44995738636363636 0.9020576923076923 0.0331818181818182 0.08165384615384623
0 0.8656036931818182 0.14343269230769232 0.01916193181818181 0.03163461538461539
0 0.8493181818181819 0.11645192307692306 0.02107954545454546 0.03682692307692308
0 0.8895596590909091 0.11542307692307692 0.027215909090909086 0.03269230769230768
0 0.8820809659090909 0.1400673076923077 0.015326704545454534 0.02075000000000001
0 0.883231534090909 0.15122115384615384 0.018394886363636367 0.03994230769230769
0 0.8355255681818182 0.13098076923076923 0.024914772727272737 0.022307692307692296
0 0.9187286931818182 0.19075961538461536 0.020951704545454544 0.02151923076923079
0 0.9243607954545454 0.17159615384615381 0.022897727272727278 0.023115384615384607
0 0.9852627840909091 0.18835576923076922 0.028536931818181822 0.038634615384615364
0 0.08126420454545458 0.2865192307692308 0.043409090909090994 0.04350000000000001
0 0.4395596590909091 0.8756153846153846 0.035994318181818225 0.057692307692307696
0 0.07773437500000002 0.2587596153846154 0.05115056818181817 0.03332692307692307
0 0.06349431818181828 0.2849038461538462 0.04749999999999992 0.052307692307692284
0 0.05700284090909091 0.30295192307692315 0.05639204545454552 0.060634615384615384
0 0.03289772727272744 0.3337211538461539 0.04170454545454547 0.053673076923076914
0 0.01284090909090907 0.22805769230769232 0.02568181818181824 0.042423076923076924
0 0.0391051136363636 0.20408653846153846 0.04639204545454541 0.034173076923076945
0 0.00856534090909089 0.1944423076923077 0.01713068181818174 0.05673076923076923
0 0.046633522727272614 0.23575961538461537 0.046789772727272645 0.04901923076923079
0 0.10725852272727276 0.24484615384615382 0.08340909090909095 0.040769230769230745
0 0.11661931818181803 0.2084903846153846 0.06306818181818179 0.047365384615384636
0 0.4111505681818183 0.8775576923076923 0.022613636363636388 0.04276923076923079
0 0.07776278409090898 0.1889423076923077 0.029303977272727266 0.029192307692307705
0 0.08712357954545458 0.1746057692307692 0.03825284090909084 0.03140384615384615
0 0.09750000000000003 0.16083653846153845 0.03539772727272738 0.018173076923076927
0 0.3728551136363637 0.4084615384615385 0.06471590909090909 0.04684615384615387
0 0.36732244318181817 0.42251923076923076 0.02387784090909091 0.06465384615384616
0 0.3648934659090909 0.3843461538461539 0.033565340909090906 0.05292307692307694
0 0.3813352272727273 0.3494423076923077 0.02906249999999997 0.021538461538461517
0 0.36022727272727273 0.36467307692307693 0.02144886363636359 0.04449999999999998
0 0.38445312499999995 0.3810673076923077 0.014531249999999945 0.03982692307692304
0 0.3891193181818182 0.3618557692307693 0.02318181818181825 0.020134615384615383
0 0.9380397727272727 0.8814519230769231 0.05289772727272728 0.04751923076923073
0 0.3903480113636364 0.8769999999999999 0.020951704545454544 0.04634615384615378
0 0.40624289772727273 0.39348076923076925 0.03183238636363632 0.04123076923076928
0 0.41005681818181816 0.37122115384615384 0.03252840909090906 0.03794230769230773
0 0.16230823863636357 0.2920673076923077 0.03737215909090901 0.03794230769230773
0 0.17424715909090904 0.3112692307692308 0.014886363636363663 0.04357692307692307
0 0.11473011363636365 0.37309615384615386 0.03772727272727265 0.034192307692307695
0 0.12355113636363635 0.3620865384615385 0.05329545454545452 0.029980769230769238
0 0.17562500000000003 0.3890288461538462 0.03840909090909086 0.04451923076923078
0 0.16317471590909094 0.36022115384615383 0.034247159090908946 0.03748076923076925
0 0.27527698863636363 0.3892692307692308 0.030099431818181734 0.05246153846153846
0 0.2645525568181818 0.350375 0.022485795454545432 0.03748076923076925
0 0.40319602272727273 0.8506153846153846 0.01889204545454547 0.03915384615384618
0 0.2898153409090909 0.3651346153846154 0.03840909090909094 0.04449999999999998
0 0.3281036931818182 0.20109615384615384 0.02171875000000003 0.027038461538461515
0 0.4301349431818182 0.06794230769230769 0.0488494318181818 0.0375
0 0.4785369318181818 0.09415384615384616 0.036051136363636355 0.06492307692307693
0 0.4640909090909091 0.07318269230769231 0.029772727272727242 0.05121153846153846
0 0.5263423295454546 0.07701923076923077 0.025014204545454565 0.023384615384615393
0 0.5148295454545455 0.10437500000000001 0.03971590909090914 0.07825000000000001
0 0.5466122159090909 0.08026923076923076 0.013934659090909095 0.05257692307692307
0 0.5561079545454546 0.049115384615384616 0.021960227272727326 0.05657692307692308
0 0.5793465909090909 0.01508653846153846 0.030511363636363663 0.02771153846153846
0 0.38385653409090914 0.8556153846153847 0.02214488636363633 0.03796153846153848
0 0.6769105113636364 0.7957115384615384 0.02311079545454547 0.0362692307692308
0 0.6574857954545454 0.8088653846153846 0.01775568181818182 0.032653846153846186
0 0.6489417613636363 0.8399326923076923 0.023451704545454574 0.03763461538461537
0 0.6626704545454545 0.8496826923076923 0.02411931818181817 0.04717307692307698
0 0.6651278409090908 0.817375 0.021420454545454524 0.022711538461538467
0 0.4825284090909091 0.6936153846153846 0.027244318181818192 0.03753846153846151
0 0.45966619318181823 0.6988846153846154 0.02044034090909089 0.04280769230769229
0 0.4212357954545455 0.6863750000000001 0.026278409090909092 0.040173076923076895
0 0.48423295454545456 0.662326923076923 0.033579545454545515 0.05796153846153854
0 0.6533522727272727 0.984 0.02642045454545454 0.03199999999999997
0 0.36275568181818185 0.8530192307692308 0.027755681818181766 0.05196153846153843
0 0.659580965909091 0.9531346153846154 0.028906250000000033 0.055346153846153795
0 0.6421306818181818 0.9477403846153847 0.03789772727272724 0.047249999999999986
0 0.5279687500000001 0.9028653846153847 0.02991477272727273 0.06276923076923074
0 0.6456178977272726 0.9025288461538461 0.03589488636363638 0.06075000000000006
0 0.643622159090909 0.883625 0.02991477272727273 0.05263461538461539
0 0.6296519886363636 0.8741826923076924 0.02461647727272725 0.04821153846153845
0 0.7421093750000001 0.9538557692307692 0.031803977272727255 0.08882692307692307
0 0.2490127840909092 0.9924423076923076 0.06242897727272718 0.014000000000000167
0 0.25621448863636365 0.9764326923076924 0.04359375000000008 0.03101923076923065
0 0.25085227272727273 0.946173076923077 0.02917613636363631 0.03650000000000003
0 0.4277130681818182 0.844375 0.03656250000000001 0.03863461538461545
0 0.17759943181818183 0.9238173076923076 0.020198863636363674 0.029865384615384565
0 0.18002840909090911 0.89875 0.017585227272727266 0.025307692307692357
0 0.16300426136363633 0.9005192307692307 0.019446022727272805 0.02784615384615388
0 0.044524147727272756 0.8337115384615384 0.018764204545454598 0.017653846153846166
0 0.03752840909090904 0.8115384615384615 0.02130681818181818 0.026692307692307682
0 0.357421875 0.7535 0.018991477272727278 0.02746153846153841
0 0.36144176136363637 0.7321442307692309 0.01867897727272724 0.028326923076923003
0 0.3438991477272727 0.766798076923077 0.0228551136363636 0.028749999999999977
0 0.3299715909090909 0.6878269230769231 0.019545454545454533 0.03942307692307692
0 0.3466477272727272 0.7026153846153846 0.027585227272727296 0.032692307692307694
0 0.5322017045454546 0.9690769230769231 0.031363636363636344 0.03726923076923076
0 0.3648508522727273 0.7085384615384616 0.022713068181818195 0.03149999999999999
0 0.359325284090909 0.6613076923076923 0.020951704545454544 0.03307692307692316
0 0.3459446022727273 0.6804807692307693 0.026775568181818213 0.02626923076923082
0 0.3393536931818182 0.6589423076923077 0.01978693181818183 0.018923076923076876
0 0.3021093749999999 0.6308461538461537 0.034531250000000006 0.018384615384615388
0 0.32247159090909083 0.6466057692307693 0.022499999999999964 0.023634615384615424
0 0.37689630681818187 0.6685480769230769 0.021605113636363606 0.031519230769230744
0 0.3956036931818182 0.6753076923076924 0.029105113636363648 0.036769230769230776
0 0.40419744318181816 0.6616057692307693 0.028536931818181864 0.040134615384615394
0 0.4438707386363636 0.6240865384615384 0.027798295454545444 0.02936538461538469
0 0.5467684659090908 0.978125 0.03723011363636361 0.026403846153846187
0 0.45494318181818183 0.6331730769230769 0.028749999999999932 0.020730769230769178
0 0.4674360795454545 0.6121249999999999 0.024502840909090908 0.03159615384615386
0 0.6082244318181818 0.6538461538461539 0.020369318181818228 0.02711538461538466
0 0.6389488636363636 0.6409615384615384 0.01769886363636369 0.036615384615384654
0 0.5215624999999999 0.58625 0.01670454545454544 0.02215384615384623
0 0.7482386363636364 0.6267019230769231 0.020738636363636355 0.02959615384615382
0 0.8168252840909092 0.6359326923076923 0.02776988636363634 0.05774999999999995
0 0.8204545454545454 0.604326923076923 0.052727272727272734 0.061038461538461555
0 0.72125 0.5733942307692308 0.02017045454545457 0.04951923076923077
0 0.7316335227272728 0.5869615384615385 0.021107954545454565 0.036730769230769164
0 0.5700497159090909 0.9655769230769231 0.015099431818181812 0.027307692307692286
0 0.7482173295454546 0.6001057692307692 0.018764204545454556 0.024019230769230786
0 0.7356605113636363 0.6127980769230769 0.02311079545454543 0.03401923076923077
0 0.7457031249999999 0.5742596153846155 0.02177556818181816 0.02674999999999994
0 0.729296875 0.5393365384615384 0.026463068181818174 0.02855769230769235
0 0.7530752840909091 0.4933076923076923 0.016406250000000015 0.029923076923076927
0 0.7699857954545455 0.5012403846153846 0.025454545454545438 0.027673076923076897
0 0.7606178977272727 0.47494230769230766 0.028139204545454547 0.02584615384615384
0 0.7264417613636365 0.51575 0.021434659090909094 0.02403846153846154
0 0.6385156249999999 0.5656442307692308 0.029815340909090923 0.0294807692307692
0 0.6514133522727272 0.5515769230769232 0.039531249999999976 0.022230769230769235
0 0.5683735795454545 0.9822403846153845 0.0308664772727273 0.03548076923076921
0 0.6698366477272728 0.5484038461538461 0.034161931818181834 0.016769230769230713
0 0.6388494318181819 0.5257307692307692 0.029147727272727245 0.030384615384615298
0 0.6252840909090909 0.49988461538461537 0.022784090909090896 0.043076923076923034
0 0.614559659090909 0.49761538461538457 0.025454545454545476 0.0476153846153846
0 0.7869389204545454 0.7162499999999999 0.01933238636363638 0.03226923076923072
0 0.6762144886363637 0.7035769230769231 0.016690340909090908 0.03123076923076925
0 0.6810511363636365 0.7403846153846154 0.014829545454545451 0.02230769230769235
0 0.6763139204545454 0.7247596153846154 0.025127840909090905 0.02286538461538459
0 0.6672514204545454 0.7016153846153846 0.014417613636363645 0.039038461538461564
0 0.6190767045454546 0.72775 0.02525568181818186 0.026230769230769203
0 0.54609375 0.9932596153846154 0.03383522727272726 0.013480769230769213
0 0.5951775568181819 0.7345576923076924 0.02941761363636369 0.03053846153846164
0 0.5935795454545454 0.7240961538461538 0.02573863636363637 0.040153846153846255
0 0.600078125 0.7078269230769231 0.022059659090909133 0.023576923076923058
0 0.6210369318181819 0.7056730769230769 0.027215909090909127 0.02523076923076924
0 0.6021590909090909 0.6824326923076923 0.017897727272727305 0.03586538461538457
0 0.6188352272727272 0.6860865384615384 0.019375000000000062 0.03651923076923079
0 0.6217755681818182 0.6698173076923076 0.013977272727272692 0.029211538461538455
0 0.6062926136363638 0.6120192307692308 0.050198863636363604 0.06638461538461535
0 0.6112571022727273 0.5774326923076922 0.039701704545454526 0.03044230769230766
0 0.630078125 0.5760576923076922 0.019559659090909107 0.03161538461538461
0 0.9497798295454546 0.901375 0.03336647727272728 0.03513461538461546
0 0.518721590909091 0.9857019230769232 0.04443181818181814 0.028596153846153854
0 0.7427556818181817 0.6687211538461538 0.01605113636363638 0.0335961538461539
0 0.7259659090909091 0.6598269230769231 0.020426136363636396 0.028461538461538483
0 0.729765625 0.6331538461538462 0.015184659090909087 0.029653846153846183
0 0.7157457386363637 0.6248557692307691 0.023934659090909083 0.021750000000000005
0 0.7053906249999999 0.6017403846153846 0.02714488636363638 0.028442307692307732
0 0.7176491477272728 0.6078653846153845 0.02188920454545454 0.023307692307692317
0 0.7455397727272728 0.21527884615384615 0.024602272727272757 0.0364423076923077
0 0.588565340909091 0.17398076923076922 0.03585227272727274 0.05069230769230769
0 0.5826633522727273 0.23430769230769233 0.03936079545454551 0.039653846153846165
0 0.6151207386363637 0.17822115384615386 0.0254119318181818 0.026403846153846163
0 0.5238423295454546 0.951951923076923 0.01953125 0.04009615384615389
0 0.6653622159090908 0.7741538461538462 0.02274147727272726 0.03769230769230773
0 0.6688494318181819 0.754673076923077 0.026931818181818192 0.03769230769230773
0 0.6351988636363637 0.7703846153846154 0.020880681818181843 0.030153846153846166
0 0.6497940340909091 0.7339230769230769 0.012315340909090892 0.016999999999999953
0 0.6480113636363636 0.7660384615384614 0.013522727272727287 0.01946153846153847
0 0.6202485795454544 0.7629903846153846 0.019446022727272725 0.027865384615384632
0 0.6088636363636364 0.7521346153846155 0.02093750000000001 0.022615384615384596
0 0.6553906249999999 0.7841538461538461 0.02038352272727272 0.025038461538461503
0 0.6407528409090908 0.7542500000000001 0.014034090909090942 0.024576923076923135
0 0.6536789772727273 0.7477596153846153 0.012500000000000016 0.019019230769230743
0 0.5566051136363637 0.820173076923077 0.0546875 0.05330769230769236
0 0.6316761363636363 0.7471730769230769 0.015056818181818215 0.017384615384615425
0 0.6381747159090909 0.7332692307692308 0.016093749999999976 0.020615384615384667
0 0.6220880681818182 0.7401057692307693 0.021221590909090905 0.021788461538461507
0 0.6918821022727273 0.7460865384615385 0.015696022727272742 0.019596153846153843
0 0.6932599431818183 0.7260288461538461 0.015610795454545467 0.027326923076923037
0 0.6851562499999999 0.7100673076923077 0.010312499999999987 0.012980769230769231
0 0.6978053977272727 0.8479519230769231 0.027855113636363657 0.06532692307692313
0 0.6795312499999999 0.8418942307692308 0.022130681818181838 0.0693653846153846
0 0.6846306818181818 0.7668173076923077 0.014914772727272728 0.030980769230769256
0 0.7017826704545455 0.735 0.01740056818181818 0.02592307692307696
0 0.6108025568181819 0.7869903846153846 0.017372159090909115 0.049442307692307653
0 0.7095383522727272 0.5622692307692307 0.02214488636363637 0.025538461538461486
0 0.739921875 0.5588653846153846 0.018423295454545453 0.02169230769230764
0 0.7413423295454545 0.540451923076923 0.0160085227272727 0.024057692307692398
0 0.7629332386363636 0.575576923076923 0.024843749999999973 0.026846153846153808
0 0.7793252840909091 0.5632307692307692 0.02643465909090907 0.018615384615384627
0 0.8242613636363636 0.5591153846153847 0.03278409090909089 0.03257692307692307
0 0.8103764204545454 0.5920865384615385 0.050809659090909086 0.0360192307692308
0 0.7773366477272727 0.6004519230769231 0.02098011363636361 0.027403846153846154
0 0.7655965909090909 0.5918076923076924 0.023892045454545444 0.025615384615384602
0 0.7576704545454546 0.6138076923076923 0.01872159090909092 0.020961538461538417
0 0.5738707386363636 0.8006153846153846 0.03012784090909096 0.041423076923076854
0 0.7689417613636363 0.6169038461538462 0.022940340909090917 0.02665384615384618
0 0.769140625 0.6392884615384615 0.014531249999999985 0.02123076923076916
0 0.7575710227272727 0.6363173076923077 0.01471590909090907 0.023557692307692307
0 0.7755042613636364 0.5523076923076924 0.019502840909090893 0.017384615384615425
0 0.7950923295454546 0.641625 0.016463068181818186 0.029173076923076954
0 0.7832457386363636 0.6421634615384615 0.014303977272727263 0.0169807692307692
0 0.7790340909090909 0.6251923076923077 0.014886363636363663 0.02334615384615393
0 0.7890198863636364 0.6200192307692307 0.012528409090909081 0.02784615384615377
0 0.7413352272727273 0.6463076923076922 0.019431818181818192 0.03007692307692305
0 0.7567329545454545 0.6562115384615385 0.020085227272727293 0.024461538461538406
0 0.5242755681818183 0.8313365384615385 0.039630681818181863 0.04109615384615385
0 0.7674715909090909 0.6564903846153847 0.012642045454545463 0.01794230769230777
0 0.32994318181818183 0.8642692307692307 0.029801136363636307 0.03396153846153851
0 0.3708096590909091 0.888846153846154 0.01829545454545454 0.03357692307692304
0 0.35620738636363636 0.889451923076923 0.019176136363636364 0.029173076923076954
0 0.33968039772727276 0.89025 0.028025568181818207 0.04115384615384611
0 0.3869957386363636 0.9013365384615385 0.028167613636363695 0.03409615384615388
0 0.4055610795454545 0.9157788461538462 0.025610795454545417 0.06067307692307695
0 0.3559161931818182 0.9607403846153846 0.02203124999999999 0.02690384615384617
0 0.3658522727272727 0.977548076923077 0.01684659090909093 0.044750000000000074
0 0.2911647727272727 0.981125 0.026335227272727302 0.03774999999999999
0 0.5567329545454545 0.7828557692307693 0.021335227272727245 0.031096153846153878
0 0.2726420454545455 0.9655576923076924 0.013778409090909076 0.048076923076923184
0 0.28611505681818183 0.9670096153846154 0.014389204545454538 0.044365384615384605
0 0.3482599431818181 0.9711538461538461 0.017457386363636394 0.023615384615384562
0 0.33525568181818177 0.9498076923076922 0.02204545454545452 0.02653846153846156
0 0.3015767045454546 0.9245192307692308 0.012244318181818188 0.02569230769230772
0 0.29989346590909094 0.9508461538461539 0.021122159090909098 0.027769230769230765
0 0.3389275568181819 0.9305384615384615 0.02509943181818184 0.022807692307692334
0 0.35193892045454545 0.9392403846153846 0.02970170454545458 0.024442307692307652
0 0.36020596590909093 0.9427596153846154 0.01990056818181817 0.02321153846153845
0 0.1119957386363637 0.9877115384615385 0.025980113636363586 0.024576923076923024
0 0.5957954545454547 0.9040384615384616 0.026363636363636367 0.043576923076923124
0 0.15708096590909093 0.9498173076923077 0.02728693181818187 0.0318653846153846
0 0.1628196022727273 0.9295576923076924 0.0222017045454547 0.032115384615384705
0 0.14982244318181825 0.988951923076923 0.009872159090909155 0.020942307692307774
0 0.13289062500000004 0.9937596153846153 0.027741477272727397 0.012480769230769248
0 0.1322159090909092 0.9876923076923078 0.028011363636363674 0.022769230769230722
0 0.12968749999999996 0.9674615384615386 0.024005681818181787 0.020576923076923055
0 0.13916193181818182 0.9757788461538461 0.01840909090909096 0.01624999999999998
0 0.010660511363636327 0.9009038461538462 0.02086647727272735 0.04207692307692318
0 0.006803977272727191 0.8677307692307693 0.013607954545454604 0.03346153846153853
0 0.07599431818181823 0.9724615384615384 0.018153409090909053 0.02734615384615379
0 0.381953125 0.9744615384615385 0.031576704545454574 0.05107692307692308
0 0.0948224431818182 0.9761538461538461 0.021321022727272713 0.04269230769230778
0 0.06397727272727272 0.9766057692307692 0.01769886363636369 0.02455769230769238
0 0.05274857954545453 0.9904230769230769 0.02291193181818181 0.019038461538461605
0 0.007485795454545419 0.9895288461538463 0.014971590909090858 0.020942307692307666
0 0.027109375000000102 0.9915 0.03515625 0.016884615384615442
0 0.07113636363636366 0.9920961538461538 0.015227272727272766 0.01580769230769236
0 0.10367897727272724 0.6613846153846153 0.02477272727272735 0.0267692307692308
0 0.06544034090909079 0.6520192307692307 0.024062499999999917 0.03773076923076924
0 0.08522017045454544 0.6433076923076922 0.0269176136363637 0.03257692307692307
0 0.0827201704545455 0.666048076923077 0.021917613636363728 0.012903846153846115
0 0.3832883522727273 0.947903846153846 0.03186079545454546 0.040730769230769244
0 0.00882102272727281 0.5939134615384615 0.017414772727272713 0.040865384615384616
0 0.009659090909090895 0.606375 0.019289772727272784 0.03982692307692315
0 0.03655539772727279 0.61225 0.015184659090909169 0.03134615384615376
0 0.0331818181818182 0.639673076923077 0.011335227272727299 0.03199999999999997
0 0.02196732954545455 0.6290673076923077 0.014957386363636326 0.06563461538461537
0 0.01487215909090911 0.7347211538461539 0.017329545454545518 0.04328846153846152
0 0.007130681818181772 0.7038076923076924 0.014261363636363584 0.04230769230769231
0 0.00901278409090911 0.6795192307692308 0.017826704545454482 0.024807692307692374
0 0.0051065340909091095 0.65275 0.01001420454545448 0.03007692307692305
0 0.015596590909090935 0.658201923076923 0.012443181818181805 0.023788461538461547
0 0.9625142045454546 0.9102403846153847 0.028664772727272723 0.03278846153846156
0 0.3908877840909091 0.9426634615384615 0.04705965909090908 0.0544423076923077
0 0.00875710227272719 0.6315673076923077 0.01734375000000005 0.03413461538461538
0 0.012031250000000049 0.7579615384615385 0.018238636363636408 0.024192307692307662
0 0.021683238636363567 0.7676442307692308 0.01751420454545444 0.026134615384615447
0 0.006676136363636398 0.7428365384615384 0.012869318181818266 0.03701923076923077
0 0.37117187499999993 0.6436442307692307 0.023338068181818192 0.023250000000000062
0 0.3786079545454545 0.6221153846153846 0.031534090909090894 0.02465384615384625
0 0.3415553977272727 0.6370480769230769 0.03998579545454542 0.02394230769230767
0 0.329375 0.6269807692307692 0.02230113636363643 0.014230769230769297
0 0.30463778409090914 0.6111923076923077 0.03538352272727276 0.029153846153846093
0 0.29143465909090904 0.6708846153846154 0.038721590909090976 0.027769230769230765
0 0.3586647727272727 0.9153942307692308 0.02991477272727265 0.031403846153846234
0 0.3107883522727273 0.6590865384615385 0.026661931818181793 0.02428846153846153
0 0.30617897727272725 0.7547211538461538 0.03999999999999995 0.0336730769230769
0 0.331171875 0.7600961538461538 0.011548295454545448 0.030538461538461528
0 0.3452698863636363 0.7417019230769231 0.021789772727272772 0.02428846153846153
0 0.32360795454545455 0.7375288461538462 0.028210227272727293 0.01805769230769228
0 0.346171875 0.7231249999999999 0.01691761363636367 0.019788461538461578
0 0.33411931818181817 0.7257307692307692 0.018977272727272666 0.021538461538461624
0 0.38693892045454537 0.6372115384615386 0.018451704545454476 0.0416538461538462
0 0.6411292613636363 0.03896153846153846 0.020298295454545482 0.024269230769230772
0 0.8691335227272727 0.3051634615384615 0.021846590909090902 0.029326923076923077
0 0.3089133522727273 0.8699326923076923 0.04151988636363631 0.047096153846153864
0 0.7116477272727273 0.10790384615384616 0.0189488636363636 0.027653846153846143
0 0.7285227272727273 0.11732692307692308 0.01835227272727275 0.02484615384615385
0 0.6999573863636364 0.12133653846153845 0.017471590909090885 0.027250000000000017
0 0.6647301136363637 0.13877884615384614 0.031079545454545447 0.02525000000000002
0 0.6605823863636364 0.15920192307692307 0.03167613636363634 0.020442307692307683
0 0.7143181818181819 0.13656730769230768 0.023096590909090896 0.03286538461538462
0 0.7323721590909091 0.13335576923076922 0.01599431818181817 0.028057692307692315
0 0.6792329545454545 0.16982692307692307 0.016874999999999994 0.03926923076923077
0 0.007826704545454533 0.14210576923076923 0.015653409090909065 0.04428846153846153
0 0.045376420454545374 0.1103076923076923 0.022088068181818278 0.044846153846153834
0 0.3110440340909091 0.8306730769230769 0.05799715909090907 0.049576923076923025
0 0.05089488636363626 0.12109615384615384 0.029687499999999967 0.02846153846153847
0 0.008714488636363593 0.10551923076923078 0.017428977272727245 0.03176923076923077
0 0.028004261363636207 0.11093269230769232 0.01856534090909098 0.04471153846153846
0 0.0175568181818182 0.09242307692307693 0.01985795454545457 0.03211538461538461
0 0.1133877840909091 0.10202884615384615 0.027855113636363657 0.02548076923076923
0 0.11764914772727275 0.08195192307692306 0.020894886363636254 0.023750000000000004
0 0.8395170454545455 0.3622596153846154 0.039346590909090914 0.04148076923076922
0 0.8153338068181818 0.3432596153846154 0.020639204545454568 0.022711538461538467
0 0.8251704545454546 0.3340961538461538 0.02355113636363636 0.015730769230769243
0 0.7816335227272727 0.3081153846153846 0.02548295454545454 0.02750000000000002
0 0.3315340909090909 0.907201923076923 0.031704545454545444 0.0306346153846154
0 0.7426065340909092 0.29872115384615383 0.028707386363636376 0.034057692307692324
0 0.7656676136363636 0.3013461538461538 0.017414772727272713 0.026192307692307702
0 0.6937500000000001 0.3987115384615385 0.02451704545454544 0.020076923076923072
0 0.9891832386363636 0.09984615384615385 0.021633522727272727 0.03142307692307693
0 0.9823863636363637 0.08509615384615385 0.020369318181818183 0.027576923076923082
0 0.9877627840909091 0.06489423076923076 0.02447443181818182 0.03590384615384615
0 0.9807315340909091 0.03220192307692307 0.017059659090909094 0.0320576923076923
0 0.9915482954545455 0.01546153846153846 0.01690340909090909 0.03092307692307692
0 0.975284090909091 0.014182692307692308 0.020369318181818183 0.028365384615384615
0 0.9943892045454545 0.042778846153846146 0.01122159090909091 0.026288461538461535
0 0.3598650568181818 0.8133173076923076 0.03686079545454544 0.037826923076923105
0 0.9712571022727273 0.13254807692307694 0.01515625 0.04425000000000001
0 0.9788068181818181 0.15146153846153845 0.024687499999999998 0.035730769230769226
0 0.9803196022727273 0.12053846153846152 0.016235795454545454 0.03526923076923076
0 0.840752840909091 0.20096153846153847 0.017613636363636373 0.01853846153846151
0 0.8758522727272727 0.22777884615384614 0.016875000000000015 0.026480769230769224
0 0.8571448863636364 0.20277884615384614 0.016136363636363636 0.024173076923076936
0 0.8672940340909091 0.20907692307692308 0.019815340909090914 0.016230769230769226
0 0.8900497159090909 0.2171826923076923 0.02225852272727273 0.02517307692307693
0 0.9027982954545455 0.19985576923076923 0.02198863636363637 0.02494230769230769
0 0.907762784090909 0.21433653846153847 0.013906249999999998 0.016826923076923076
0 0.3345170454545454 0.8451634615384616 0.030767045454545408 0.05494230769230768
0 0.9066051136363636 0.22674038461538462 0.012414772727272731 0.013673076923076921
0 0.9055539772727272 0.2425576923076923 0.014119318181818169 0.017961538461538494
0 0.8938707386363636 0.24997115384615387 0.017258522727272737 0.022519230769230784
0 0.8925 0.2354423076923077 0.01622159090909091 0.017961538461538442
0 0.7481605113636363 0.19976923076923075 0.02038352272727272 0.02661538461538462
0 0.7621732954545455 0.19976923076923075 0.019289772727272746 0.02661538461538462
0 0.7365056818181819 0.14999038461538464 0.010198863636363647 0.02563461538461538
0 0.7448863636363636 0.1502403846153846 0.011647727272727256 0.02513461538461537
0 0.7268607954545454 0.278875 0.030937500000000003 0.025134615384615425
0 0.8309801136363636 0.3288942307692308 0.025113636363636352 0.025634615384615353
0 0.3336860795454545 0.7909903846153846 0.03473011363636362 0.040865384615384616
0 0.6898508522727274 0.9828076923076923 0.010838068181818176 0.028576923076923104
0 0.7235227272727274 0.7805384615384615 0.032982954545454544 0.021999999999999995
0 0.35459517045454547 0.8024615384615384 0.03475852272727276 0.0309999999999999
0 0.29299715909090907 0.7185192307692307 0.03965909090909093 0.07234615384615385
