0 0.3961221590909091 0.9411923076923077 0.04190340909090909 0.11761538461538466
0 0.42529829545454545 0.1304423076923077 0.040170454545454586 0.04757692307692308
0 0.15561079545454537 0.15076923076923077 0.03039772727272724 0.04203846153846154
0 0.14470880681818177 0.11946153846153845 0.021803977272727145 0.04203846153846154
0 0.18534801136363643 0.14003846153846153 0.022457386363636287 0.03488461538461539
0 0.204502840909091 0.15479807692307693 0.03832386363636366 0.03040384615384616
0 0.1638707386363637 0.098 0.024446022727272778 0.04203846153846154
0 0.13744318181818183 0.07563461538461538 0.03105113636363638 0.04561538461538461
0 0.14404829545454545 0.03449038461538461 0.03369318181818186 0.04025
0 0.11629971590909094 0.27958653846153847 0.03765624999999999 0.047403846153846164
0 0.478046875 0.5533076923076924 0.05549715909090908 0.04384615384615387
0 0.47474431818181817 0.5206538461538461 0.03832386363636358 0.04115384615384611
0 0.47013494318181825 0.09838461538461538 0.029417613636363606 0.057307692307692316
0 0.5071164772727272 0.5228942307692307 0.03039772727272724 0.03490384615384622
0 0.9873863636363637 0.9893461538461539 0.02522727272727273 0.021307692307692278
0 0.959424715909091 0.98425 0.03509943181818182 0.030423076923077018
0 0.9268039772727272 0.9830288461538462 0.0465909090909091 0.03394230769230765
0 0.9514772727272728 0.9493653846153846 0.032357954545454544 0.04676923076923076
0 0.9813565340909091 0.9163365384615385 0.037286931818181816 0.04451923076923073
0 0.9834375 0.8811153846153846 0.033125 0.03242307692307695
0 0.8794460227272727 0.4053653846153846 0.03718749999999999 0.056346153846153865
0 0.9885440340909091 0.5112115384615384 0.022372159090909092 0.04923076923076922
0 0.3140411931818182 0.9422884615384616 0.03362215909090911 0.06296153846153849
0 0.4471803977272727 0.09645192307692307 0.02080965909090906 0.06701923076923078
0 0.04734374999999991 0.5019615384615385 0.026534090909090837 0.039346153846153864
0 0.20308948863636367 0.5447403846153845 0.033480113636363544 0.09067307692307688
0 0.3929616477272727 0.2752788461538462 0.05180397727272723 0.053019230769230756
0 0.4232954545454546 0.29923076923076924 0.04676136363636358 0.05303846153846151
0 0.1847727272727273 0.3860576923076923 0.028437499999999973 0.06415384615384619
0 0.21794034090909098 0.39290384615384616 0.05053977272727279 0.05730769230769233
0 0.1345312500000001 0.031048076923076928 0.036647727272727366 0.03678846153846154
0 0.1111576704545455 0.02292307692307692 0.026548295454545533 0.027384615384615382
0 0.13327414772727275 0.007615384615384615 0.027798295454545527 0.01523076923076923
0 0.15759943181818192 0.06099038461538462 0.024630681818181864 0.040211538461538465
0 0.43283380681818184 0.27225 0.05811079545454549 0.06119230769230768
0 0.1689772727272728 0.021298076923076923 0.044857954545454604 0.042596153846153846
0 0.18192471590909098 0.05800000000000001 0.02654829545454537 0.04961538461538462
0 0.19140625 0.09350000000000001 0.03159090909090911 0.03334615384615384
0 0.18729403409090917 0.10803846153846154 0.0297017045454545 0.031653846153846144
0 0.09852272727272726 0.05116346153846155 0.0581250000000001 0.04790384615384616
0 0.20561789772727268 0.06014423076923077 0.033480113636363544 0.07271153846153847
0 0.29566051136363636 0.10204807692307692 0.04044034090909087 0.08640384615384615
0 0.3335724431818182 0.04739423076923077 0.05055397727272724 0.09478846153846154
0 0.2419531250000001 0.18246153846153845 0.04674715909090905 0.050461538461538454
0 0.2372088068181818 0.22052884615384616 0.06129261363636376 0.039365384615384615
0 0.23087357954545462 0.028067307692307693 0.06169034090909084 0.05613461538461539
0 0.18255681818181813 0.17860576923076923 0.026534090909091 0.051326923076923076
0 0.16676136363636374 0.13754807692307694 0.021477272727272734 0.04105769230769231
0 0.11968749999999995 0.18716346153846156 0.020852272727272816 0.03763461538461537
0 0.11178977272727275 0.1508173076923077 0.04295454545454547 0.04874999999999999
0 0.10073153409090907 0.19529807692307694 0.03475852272727276 0.04532692307692309
0 0.11368607954545462 0.11274038461538462 0.05308238636363637 0.047903846153846144
0 0.4311931818181818 0.38648076923076924 0.041079545454545396 0.05303846153846151
0 0.083984375 0.020442307692307694 0.0745596590909091 0.04088461538461539
0 0.09473011363636374 0.07725 0.05559659090909089 0.06757692307692308
0 0.2520596590909091 0.09221153846153847 0.06446022727272727 0.06330769230769231
0 0.28504261363636363 0.038269230769230764 0.05380681818181818 0.07653846153846153
0 0.01166193181818187 0.14995192307692307 0.023323863636363577 0.036788461538461555
0 0.00850852272727276 0.2 0.01701704545454548 0.07699999999999999
0 0.11431818181818187 0.5451634615384615 0.022755681818181793 0.06586538461538462
0 0.09409801136363638 0.5588557692307693 0.030326704545454417 0.06244230769230764
0 0.024936079545454626 0.5361923076923076 0.04987215909090911 0.05646153846153849
0 0.05745028409090902 0.5438846153846154 0.04044034090909079 0.06157692307692304
0 0.4738423295454546 0.9899903846153846 0.030326704545454497 0.01967307692307685
0 0.11842329545454544 0.9716826923076922 0.03349431818181808 0.05663461538461536
0 0.14243607954545456 0.9690384615384616 0.03475852272727276 0.05646153846153849
0 0.14812499999999995 0.9848653846153846 0.028437499999999973 0.028230769230769243
0 0.28151988636363634 0.023701923076923075 0.02610795454545454 0.04351923076923077
0 0.5019602272727273 0.9789519230769231 0.025909090909090923 0.04209615384615382
0 0.5288068181818182 0.9788653846153846 0.031590909090909024 0.041923076923076834
0 0.5417613636363636 0.9382403846153846 0.04485795454545452 0.047903846153846096
0 0.544921875 0.9686923076923077 0.0562357954545455 0.06261538461538461
0 0.585362215909091 0.9673173076923077 0.060014204545454544 0.06501923076923066
0 0.6235866477272727 0.9792980769230769 0.02526988636363631 0.04105769230769224
0 0.6441264204545454 0.9775865384615384 0.03475852272727269 0.029096153846153838
0 0.6845596590909091 0.967326923076923 0.06002840909090908 0.03934615384615392
0 0.6943607954545454 0.9815192307692308 0.050539772727272746 0.03696153846153851
0 0.6551846590909092 0.991701923076923 0.03664772727272729 0.014557692307692403
0 0.9657386363636363 0.009557692307692307 0.027982954545454543 0.019115384615384614
0 0.628330965909091 0.9476442307692308 0.05623579545454542 0.04448076923076922
0 0.44982954545454545 0.8933269230769231 0.04548295454545452 0.0881153846153846
0 0.7809232954545454 0.5609903846153846 0.03664772727272725 0.04105769230769224
0 0.5913707386363636 0.7735673076923076 0.030326704545454577 0.0402115384615384
0 0.6618181818181819 0.9258365384615385 0.0663352272727273 0.05217307692307691
0 0.22678977272727285 0.8270288461538462 0.04423295454545453 0.07186538461538462
0 0.2138352272727272 0.8834903846153845 0.03474431818181823 0.056442307692307625
0 0.1847727272727272 0.8441346153846154 0.044857954545454604 0.04961538461538464
0 0.19582386363636362 0.8154807692307693 0.03664772727272721 0.05219230769230766
0 0.1705468750000001 0.8757884615384615 0.03538352272727268 0.04619230769230777
0 0.9478053977272727 0.027375 0.02367897727272727 0.03594230769230769
0 0.17940340909090902 0.8941826923076923 0.03917613636363642 0.04363461538461538
0 0.6722372159090909 0.8184807692307693 0.06697443181818183 0.08211538461538459
0 0.7114133522727273 0.8526923076923076 0.025269886363636352 0.05988461538461547
0 0.7243678977272727 0.7072788461538461 0.08024147727272725 0.09409615384615386
0 0.7780823863636364 0.7414903846153846 0.0334943181818182 0.04105769230769235
0 0.847265625 0.8514134615384615 0.02274147727272728 0.0539038461538461
0 0.8706463068181818 0.8445673076923077 0.03538352272727272 0.035057692307692345
0 0.8463139204545455 0.7898173076923076 0.04612215909090911 0.09325000000000001
0 0.8798082386363636 0.7919615384615385 0.03853693181818183 0.07015384615384619
0 0.8889701704545454 0.8171923076923077 0.050553977272727264 0.036769230769230776
0 0.9377556818181818 0.0066442307692307695 0.03372159090909091 0.013288461538461539
0 0.5569318181818181 0.8907596153846153 0.04738636363636366 0.09836538461538458
0 0.5303906249999999 0.8124903846153846 0.030951704545454574 0.03936538461538467
0 0.2072017045454545 0.9420865384615384 0.03411931818181815 0.0402115384615384
0 0.5066974431818181 0.8976057692307692 0.03285511363636363 0.04705769230769236
0 0.3661150568181818 0.8822115384615384 0.05876420454545455 0.07784615384615388
0 0.9104474431818181 0.33113461538461536 0.0283096590909091 0.05388461538461535
0 0.9263778409090909 0.32634615384615384 0.03360795454545454 0.06826923076923076
0 0.9392045454545455 0.3413173076923077 0.030965909090909096 0.06944230769230766
0 0.9564488636363636 0.5568846153846154 0.03360795454545455 0.03592307692307694
0 0.974140625 0.5778461538461539 0.037144886363636366 0.05150000000000006
0 0.42493607954545454 0.18482692307692308 0.04950284090909086 0.06119230769230768
0 0.9668181818181818 0.031749999999999994 0.03301136363636363 0.03303846153846154
0 0.9414133522727273 0.5946153846153845 0.02830965909090909 0.061076923076923056
0 0.8896661931818182 0.49700961538461536 0.03981534090909091 0.0502884615384615
0 0.9016051136363636 0.5227596153846155 0.037159090909090906 0.03713461538461539
0 0.9144318181818182 0.5497019230769231 0.04866477272727274 0.0479038461538462
0 0.9613139204545454 0.34610576923076924 0.036264204545454544 0.06705769230769232
0 0.9891832386363636 0.42455769230769225 0.021235795454545455 0.04430769230769229
0 0.9117755681818182 0.7443076923076922 0.0628125 0.10180769230769231
0 0.9688352272727273 0.826951923076923 0.04423295454545454 0.0467115384615385
0 0.7383948863636363 0.8616826923076922 0.03803977272727273 0.0562884615384615
0 0.7848437500000001 0.8700673076923077 0.038920454545454515 0.03951923076923068
0 0.9298650568181819 0.03466346153846154 0.020809659090909097 0.044673076923076926
0 0.75078125 0.8790384615384615 0.036278409090909076 0.04550000000000005
0 0.8242045454545455 0.9023942307692308 0.06457386363636365 0.09221153846153855
0 0.863125 0.8790384615384615 0.030965909090909106 0.040730769230769244
0 0.9077982954545455 0.8497019230769232 0.06193181818181817 0.0467115384615385
0 0.9471590909090909 0.8934134615384615 0.05042613636363636 0.07905769230769233
0 0.9011647727272727 0.9005961538461539 0.07164772727272727 0.06226923076923076
0 0.7662642045454545 0.9143653846153846 0.07076704545454549 0.07784615384615377
0 0.6946164772727272 0.7790384615384616 0.031846590909090894 0.044307692307692347
0 0.7207102272727273 0.7407211538461538 0.03980113636363634 0.03232692307692308
0 0.6990340909090909 0.6987980769230769 0.05838068181818181 0.058673076923076904
0 0.9155184659090909 0.01053846153846154 0.032286931818181826 0.02107692307692308
0 0.6870880681818181 0.7197596153846153 0.032727272727272716 0.028749999999999977
0 0.6808948863636364 0.7407211538461539 0.06457386363636365 0.049096153846153796
0 0.8476491477272727 0.5221538461538461 0.07961647727272726 0.10776923076923081
0 0.9166477272727273 0.6425096153846154 0.05661931818181818 0.09221153846153844
0 0.8989488636363636 0.5808365384615385 0.05661931818181817 0.06705769230769232
0 0.9844176136363636 0.35654807692307694 0.03116477272727273 0.09094230769230773
0 0.9850639204545455 0.241375 0.02987215909090909 0.10824999999999999
0 0.9109588068181818 0.2742788461538462 0.04285511363636363 0.061480769230769255
0 0.8908096590909091 0.24398076923076925 0.03454545454545455 0.08226923076923075
0 0.7139488636363636 0.02401923076923077 0.06332386363636361 0.047615384615384615
0 0.9738352272727273 0.5276730769230769 0.04153409090909091 0.05376923076923073
0 0.7891051136363636 0.08117307692307693 0.026875000000000024 0.061500000000000006
0 0.7996590909090908 0.1287980769230769 0.03261363636363637 0.05282692307692306
0 0.8160298295454546 0.022894230769230767 0.04490056818181818 0.04571153846153846
0 0.5275497159090909 0.5115480769230769 0.02274147727272726 0.03078846153846152
0 0.13580255681818187 0.5684326923076922 0.05308238636363637 0.05217307692307691
0 0.43529829545454546 0.5064134615384615 0.07454545454545457 0.12832692307692306
0 0.7651207386363637 0.30153846153846153 0.045497159090909095 0.07784615384615383
0 0.2533238636363637 0.3053942307692308 0.06571022727272725 0.058173076923076925
0 0.23310369318181823 0.3361826923076923 0.05308238636363637 0.03594230769230769
0 0.22552556818181813 0.3682692307692308 0.04423295454545453 0.041923076923076945
0 0.8948579545454546 0.3034230769230769 0.035198863636363625 0.05253846153846153
0 0.22299715909090911 0.44952884615384614 0.04548295454545452 0.0898269230769231
0 0.23310369318181823 0.5312211538461539 0.03791193181818189 0.1009423076923077
0 0.260909090909091 0.414451923076923 0.05812499999999994 0.05559615384615384
0 0.2782812499999999 0.43541346153846155 0.04360795454545461 0.06328846153846153
0 0.2694389204545454 0.5316442307692308 0.06382102272727265 0.07613461538461534
0 0.5123863636363637 0.4796442307692308 0.05661931818181812 0.06348076923076927
0 0.5769602272727272 0.5089807692307693 0.04599431818181818 0.05507692307692311
0 0.5460014204545454 0.5083846153846154 0.03007102272727275 0.04192307692307689
0 0.5672301136363638 0.47604807692307693 0.06369318181818179 0.05628846153846156
0 0.5756321022727273 0.45029807692307694 0.052201704545454544 0.0502884615384615
0 0.17228693181818178 0.5148365384615385 0.032499999999999994 0.0452115384615385
0 0.7246874999999999 0.39521153846153845 0.04775568181818182 0.0503076923076923
0 0.6910724431818182 0.385625 0.024758522727272695 0.0574807692307692
0 0.6729403409090908 0.3155673076923077 0.04511363636363635 0.041903846153846194
0 0.6623224431818182 0.36647115384615386 0.04333806818181817 0.09101923076923074
0 0.8109375 0.21736538461538463 0.05042613636363636 0.09461538461538459
0 0.8273011363636363 0.2640673076923077 0.0530681818181818 0.0562884615384615
0 0.8206676136363636 0.3155769230769231 0.05042613636363636 0.061076923076923056
0 0.5703267045454545 0.2538942307692308 0.059261363636363674 0.09821153846153848
0 0.6092542613636365 0.22635576923076922 0.06103693181818182 0.047903846153846144
0 0.615 0.27125000000000005 0.04954545454545458 0.051500000000000004
0 0.5378551136363636 0.5692307692307692 0.02889204545454542 0.022000000000000106
0 0.5428977272727273 0.29400961538461534 0.07696022727272728 0.08501923076923079
0 0.5035369318181818 0.3724519230769231 0.0690056818181818 0.1101730769230769
0 0.48053977272727266 0.4610865384615384 0.08315340909090913 0.0910192307692308
0 0.9148082386363636 0.038057692307692306 0.026548295454545442 0.04176923076923077
0 0.92484375 0.055067307692307686 0.01937499999999999 0.03690384615384615
0 0.8990198863636364 0.05069230769230769 0.03946022727272727 0.04565384615384614
0 0.9901349431818182 0.012480769230769231 0.019360795454545453 0.024961538461538462
0 0.9747088068181818 0.035153846153846154 0.03586647727272727 0.034
0 0.9922869318181818 0.03854807692307693 0.015056818181818182 0.029134615384615384
0 0.9908522727272727 0.05992307692307692 0.017926136363636363 0.027192307692307686
0 0.5202556818181818 0.546 0.03340909090909088 0.04153846153846158
0 0.7946306818181819 0.7956826923076923 0.03875 0.03594230769230769
0 0.7591193181818182 0.8034423076923076 0.04088068181818182 0.030115384615384662
0 0.7587571022727273 0.7689711538461539 0.04734375000000002 0.04078846153846161
0 0.7598366477272728 0.7733365384615385 0.023678977272727254 0.032057692307692336
0 0.7802840909090909 0.8340480769230769 0.034431818181818195 0.04855769230769231
0 0.7483593749999999 0.8389038461538462 0.03802556818181815 0.042730769230769176
0 0.7325710227272728 0.8175384615384615 0.03372159090909088 0.034961538461538474
0 0.7207386363636363 0.7869326923076924 0.0286931818181818 0.03982692307692304
0 0.7071022727272727 0.8107403846153847 0.0315625 0.02913461538461545
0 0.7275568181818182 0.7728557692307693 0.04232954545454543 0.04855769230769231
0 0.5125852272727274 0.5997788461538461 0.02707386363636364 0.05621153846153849
0 0.8075497159090909 0.8427884615384615 0.06313920454545455 0.04273076923076928
0 0.8053977272727273 0.760221153846154 0.053096590909090906 0.06021153846153847
0 0.8236860795454546 0.7539134615384615 0.06958806818181819 0.07867307692307697
0 0.8240482954545454 0.8039326923076923 0.034431818181818195 0.03886538461538458
0 0.8036008522727273 0.8267596153846153 0.020809659090909097 0.04174999999999996
0 0.19517045454545456 0.3417403846153846 0.025198863636363648 0.046249999999999965
0 0.20990056818181813 0.31225 0.02221590909090907 0.034692307692307675
0 0.1415696022727272 0.33104807692307686 0.030752840909090876 0.04451923076923078
0 0.16661931818181808 0.4574807692307692 0.021761363636363707 0.04646153846153846
0 0.1519602272727273 0.4886346153846154 0.03264204545454548 0.034000000000000016
0 0.5595241477272728 0.5460096153846155 0.054161931818181894 0.04644230769230765
0 0.13019886363636357 0.5073365384615385 0.03264204545454548 0.02832692307692311
0 0.10593039772727275 0.4931634615384615 0.02092329545454548 0.04532692307692312
0 0.08752130681818182 0.49430769230769234 0.022599431818181935 0.031730769230769285
0 0.03604403409090906 0.32375961538461534 0.036832386363636456 0.05551923076923078
0 0.06240767045454543 0.3645480769230769 0.03765625000000015 0.03513461538461535
0 0.1749857954545455 0.2676730769230769 0.026789772727272745 0.034000000000000016
0 0.18502840909090912 0.2359423076923077 0.04184659090909096 0.03626923076923077
0 0.19171875000000005 0.21383653846153844 0.0234375 0.030596153846153867
0 0.16745028409090912 0.21100961538461538 0.026775568181818053 0.047596153846153844
0 0.19632812500000008 0.27899999999999997 0.03265625000000001 0.03853846153846152
0 0.4575852272727272 0.18191346153846152 0.0286931818181818 0.06701923076923076
0 0.5680965909090909 0.5869423076923077 0.037017045454545455 0.05253846153846153
0 0.1398295454545455 0.5362307692307693 0.03014204545454533 0.043076923076923145
0 0.16033380681818177 0.5271730769230769 0.027627840909090973 0.0589230769230769
0 0.18167613636363633 0.49429807692307687 0.0234375 0.04986538461538463
0 0.19046874999999985 0.4569134615384615 0.02761363636363628 0.04305769230769228
0 0.2034446022727271 0.4937403846153846 0.026775568181818213 0.03286538461538468
0 0.1829332386363638 0.4280096153846154 0.03933238636363628 0.039673076923076915
0 0.14526988636363636 0.4308461538461539 0.03767045454545452 0.04080769230769231
0 0.41051136363636365 0.08416346153846153 0.06769886363636358 0.08555769230769232
0 0.4011647727272727 0.14875961538461535 0.03610795454545457 0.06632692307692306
0 0.38891335227272716 0.24433653846153847 0.04771306818181815 0.06371153846153849
0 0.5419176136363637 0.5942692307692308 0.03340909090909088 0.037884615384615364
0 0.9918394886363636 0.9399423076923077 0.015894886363636365 0.02746153846153852
0 0.9929332386363636 0.9655576923076924 0.013707386363636364 0.029692307692307688
0 0.9740198863636363 0.9503461538461538 0.021931818181818184 0.031923076923076964
0 0.9803338068181818 0.9555384615384616 0.01919034090909091 0.01707692307692307
0 0.9764914772727272 0.9748365384615384 0.027954545454545454 0.025980769230769103
0 0.7991193181818181 0.976173076923077 0.05909090909090908 0.0476538461538461
0 0.7652698863636364 0.985625 0.04727272727272724 0.028749999999999977
0 0.9576207386363637 0.758125 0.02794034090909091 0.04509615384615383
0 0.9672940340909091 0.8345 0.06447443181818181 0.07273076923076932
0 0.9863352272727273 0.6599230769230768 0.027329545454545454 0.05238461538461529
0 0.5238636363636364 0.6175 0.02076704545454546 0.06476923076923079
0 0.9828693181818182 0.6504711538461538 0.024715909090909094 0.036365384615384556
0 0.9592329545454545 0.6839326923076923 0.035454545454545454 0.03636538461538466
0 0.9232315340909091 0.7872211538461539 0.05157670454545455 0.08582692307692306
0 0.9474147727272727 0.8039519230769231 0.0440625 0.0640192307692307
0 0.1386079545454545 0.38722115384615385 0.02798295454545445 0.035442307692307704
0 0.1223579545454545 0.41533653846153845 0.03159090909090911 0.035442307692307704
0 0.32229403409090907 0.024884615384615383 0.02708806818181817 0.04888461538461538
0 0.30514914772727275 0.016336538461538465 0.03430397727272724 0.02932692307692308
0 0.9500852272727273 0.7128942307692308 0.02255681818181818 0.061096153846153814
0 0.9505397727272727 0.6530192307692307 0.0559659090909091 0.09776923076923083
0 0.549140625 0.6303269230769231 0.04964488636363635 0.061115384615384676
0 0.9865553977272727 0.6059711538461539 0.026889204545454546 0.0574423076923077
0 0.9910653409090909 0.5601346153846154 0.01786931818181818 0.048884615384615415
0 0.8900568181818181 0.014278846153846154 0.03610795454545455 0.028557692307692308
0 0.7289346590909092 0.2796826923076923 0.040624999999999994 0.05255769230769228
0 0.72578125 0.31695192307692305 0.04332386363636364 0.04644230769230765
0 0.7009517045454545 0.32000961538461536 0.03519886363636364 0.03298076923076919
0 0.7117826704545455 0.3542307692307692 0.06950284090909092 0.04276923076923073
0 0.7528551136363636 0.35973076923076924 0.02707386363636364 0.04399999999999999
0 0.8805823863636364 0.45382692307692307 0.022556818181818195 0.04399999999999999
0 0.9022514204545454 0.4690961538461539 0.03339488636363635 0.059884615384615356
0 0.011214488636363651 0.6657211538461537 0.022372159090909092 0.05036538461538461
0 0.8986363636363637 0.4226634615384615 0.02616477272727272 0.04521153846153844
0 0.9180397727272727 0.43426923076923074 0.02707386363636364 0.04888461538461536
0 0.9464772727272728 0.42266346153846157 0.0334090909090909 0.032980769230769244
0 0.9148792613636364 0.3902788461538461 0.037002840909090916 0.04155769230769234
0 0.949637784090909 0.43854807692307696 0.045127840909090916 0.03544230769230765
0 0.9433167613636364 0.46543269230769224 0.03609375 0.04032692307692307
0 0.9676846590909091 0.4690961538461539 0.023465909090909096 0.059884615384615356
0 0.921200284090909 0.4794903846153846 0.022571022727272728 0.046442307692307755
0 0.9798721590909091 0.45565384615384613 0.01715909090909091 0.037884615384615364
0 0.9487357954545454 0.4923173076923077 0.03610795454545454 0.05009615384615381
0 0.516044034090909 0.7972788461538463 0.04836647727272729 0.1056346153846154
0 0.9451207386363636 0.3902788461538461 0.025269886363636366 0.04398076923076924
0 0.9631747159090909 0.397 0.027088068181818182 0.032999999999999995
0 0.974453125 0.4147211538461538 0.026178977272727274 0.04155769230769234
0 0.6937357954545454 0.27357692307692305 0.03519886363636364 0.06476923076923076
0 0.6756818181818183 0.04200000000000001 0.09298295454545456 0.05865384615384616
0 0.6233309659090909 0.025278846153846152 0.05867897727272724 0.050557692307692303
0 0.6625923295454546 0.015721153846153847 0.048735795454545455 0.03055769230769231
0 0.5489701704545455 0.117 0.02498579545454542 0.05384615384615385
0 0.5804190340909091 0.15957692307692306 0.07308238636363634 0.11146153846153845
0 0.5868892045454546 0.08067307692307693 0.054573863636363656 0.05134615384615384
0 0.4889701704545455 0.8653557692307693 0.04964488636363635 0.04451923076923073
0 0.9457954545454546 0.05813461538461539 0.024971590909090912 0.026307692307692306
0 0.9730823863636363 0.060634615384615384 0.02960227272727273 0.03130769230769231
0 0.9240625 0.5070961538461538 0.03329545454545455 0.045076923076923125
0 0.9453338068181818 0.5333942307692308 0.03146306818181818 0.03255769230769232
0 0.9888139204545454 0.47265384615384615 0.022201704545454545 0.056346153846153865
0 0.9087997159090909 0.37497115384615387 0.02867897727272727 0.046326923076923085
0 0.8750355113636363 0.3518076923076923 0.04254261363636364 0.057615384615384575
0 0.6562713068181818 0.27566346153846155 0.04495738636363637 0.10067307692307693
0 0.6787286931818182 0.26376923076923076 0.030156249999999985 0.03415384615384614
0 0.9155681818181818 0.08525961538461539 0.06414772727272727 0.033403846153846166
0 0.528622159090909 0.8740865384615384 0.033522727272727225 0.05848076923076928
0 0.9402414772727272 0.09082692307692308 0.049886363636363645 0.04453846153846155
0 0.979169034090909 0.086375 0.04112215909090909 0.032673076923076916
0 0.8533451704545454 0.037384615384615384 0.04714488636363636 0.05938461538461539
0 0.8029048295454546 0.05668269230769231 0.03617897727272729 0.03563461538461539
0 0.8166122159090909 0.08675 0.030696022727272728 0.04973076923076923
0 0.8369034090909091 0.06039423076923077 0.046051136363636364 0.04898076923076923
0 0.8470454545454545 0.0989903846153846 0.03125 0.03859615384615385
0 0.8280965909090909 0.13838461538461538 0.040056818181818186 0.05299999999999999
0 0.8209588068181819 0.13027884615384616 0.016576704545454547 0.043019230769230775
0 0.544090909090909 0.8509615384615384 0.020625000000000056 0.07157692307692314
0 0.5644034090909091 0.8431057692307692 0.02900568181818184 0.0645961538461538
0 0.43031960227272736 0.22611538461538463 0.04447443181818182 0.036923076923076927
0 0.5144389204545454 0.9303846153846153 0.04126420454545456 0.06284615384615386
0 0.47833096590909097 0.9116249999999999 0.03740056818181824 0.05325
0 0.4912215909090909 0.9661730769230769 0.034829545454545426 0.048884615384615415
0 0.47768465909090907 0.9596346153846154 0.03610795454545457 0.05149999999999995
0 0.45639914772727264 0.9469711538461537 0.04126420454545456 0.029673076923076937
0 0.44899147727272737 0.9692403846153846 0.031590909090909024 0.018326923076923025
0 0.4457670454545455 0.9852692307692308 0.03286931818181816 0.02946153846153845
0 0.42900568181818177 0.9404326923076922 0.021278409090909115 0.05848076923076928
0 0.4238494318181818 0.9839615384615384 0.021278409090909115 0.03207692307692309
0 0.3455113636363637 0.9621442307692307 0.06576704545454547 0.07571153846153847
0 0.4798224431818181 0.13724038461538463 0.028707386363636334 0.02621153846153848
0 0.4138494318181819 0.9207884615384615 0.032244318181818166 0.09253846153846154
0 0.26362215909090914 0.8954711538461538 0.042556818181818154 0.06982692307692308
0 0.27200994318181815 0.9186057692307692 0.04771306818181815 0.03928846153846155
0 0.2952201704545454 0.8841346153846154 0.024502840909090908 0.03492307692307686
0 0.2990838068181818 0.9142499999999999 0.018053977272727326 0.03753846153846161
0 0.32423295454545453 0.8719134615384615 0.03352272727272731 0.055865384615384636
0 0.32519886363636363 0.9116249999999999 0.03676136363636363 0.04625000000000002
0 0.28555397727272736 0.8492115384615385 0.029659090909090902 0.0541153846153847
0 0.3023082386363637 0.8422307692307692 0.021917613636363645 0.052384615384615404
0 0.32068892045454545 0.8356826923076922 0.036747159090909094 0.05325
0 0.5243039772727274 0.12170192307692307 0.034431818181818195 0.03982692307692308
0 0.3497017045454546 0.6606634615384614 0.030312500000000044 0.0645961538461538
0 0.3335795454545454 0.685548076923077 0.022556818181818174 0.03228846153846158
0 0.3123082386363637 0.685548076923077 0.02643465909090911 0.03928846153846155
0 0.32165482954545455 0.7126057692307691 0.02836647727272731 0.03928846153846155
0 0.3129545454545455 0.6637307692307692 0.025142045454545438 0.03403846153846152
0 0.3264914772727273 0.646701923076923 0.02772727272727278 0.05413461538461545
0 0.3497017045454546 0.7091153846153846 0.03545454545454551 0.0392692307692308
0 0.10340198863636363 0.8983653846153846 0.056860795454545414 0.06476923076923079
0 0.10205255681818182 0.9301346153846153 0.04873579545454538 0.04765384615384621
0 0.07452414772727256 0.9081346153846154 0.0261789772727272 0.03542307692307695
0 0.46225142045454537 0.13966346153846154 0.04089488636363639 0.04467307692307692
0 0.061427556818181794 0.8946923076923077 0.02166193181818182 0.018346153846153776
0 0.0704616477272727 0.8739134615384615 0.02708806818181809 0.030557692307692282
0 0.09840198863636362 0.8467115384615383 0.04191761363636362 0.061115384615384676
0 0.05811079545454545 0.8462788461538462 0.04255681818181823 0.03405769230769238
0 0.045532670454545565 0.8742115384615384 0.03029829545454551 0.030538461538461528
0 0.0074573863636363535 0.8851153846153846 0.014914772727272728 0.03492307692307686
0 0.038764204545454484 0.8969038461538461 0.04255681818181823 0.04976923076923076
0 0.07357954545454537 0.8240192307692308 0.04383522727272729 0.048884615384615415
0 0.05165482954545453 0.9287692307692308 0.05416193181818181 0.027923076923077
0 0.01686079545454544 0.5085769230769231 0.033039772727272716 0.05276923076923076
0 0.45901988636363633 0.24262499999999998 0.04735795454545451 0.05828846153846152
0 0.08623579545454552 0.5318365384615384 0.03568181818181819 0.04921153846153852
0 0.18006392045454556 0.5644903846153847 0.044928977272727266 0.06082692307692307
0 0.15098721590909103 0.22636538461538463 0.02643465909090911 0.048307692307692315
0 0.12720170454545443 0.215625 0.02906249999999989 0.0339807692307692
0 0.1219105113636364 0.24246153846153845 0.037002840909091006 0.025038461538461558
0 0.10242897727272726 0.22636538461538463 0.02312499999999996 0.030423076923076938
0 0.07897017045454546 0.21339423076923078 0.02643465909090911 0.054557692307692314
0 0.3766264204545454 0.16016346153846153 0.04955965909090907 0.09840384615384616
0 0.06145596590909086 0.2867403846153846 0.052201704545454544 0.06886538461538462
0 0.046264204545454435 0.30418269230769235 0.04559659090909094 0.05725000000000002
0 0.4959659090909091 0.18289423076923078 0.05954545454545457 0.09032692307692307
0 0.1443821022727273 0.2701923076923077 0.04228693181818179 0.05188461538461539
0 0.2167329545454545 0.24827884615384613 0.05088068181818189 0.04024999999999999
0 0.22928267045454542 0.27958653846153847 0.03237215909090904 0.047403846153846164
0 0.2048366477272726 0.19326923076923078 0.02708806818181825 0.041153846153846166
0 0.21639914772727276 0.17134615384615384 0.03436079545454553 0.04203846153846154
0 0.15263494318181803 0.1865576923076923 0.035014204545454515 0.040269230769230765
0 0.22994318181818185 0.1293076923076923 0.04161931818181812 0.0635
0 0.19888494318181815 0.11857692307692307 0.02708806818181809 0.038461538461538464
0 0.1371093750000001 0.1843173076923077 0.0171732954545455 0.03398076923076923
0 0.13149857954545463 0.1525673076923077 0.02708806818181825 0.03667307692307694
