0 0.8666477272727273 0.11217307692307692 0.025028409090909098 0.023576923076923058
0 0.4098366477272727 0.14417307692307693 0.016576704545454568 0.027346153846153843
0 0.0349857954545455 0.7672115384615384 0.019630681818181728 0.028615384615384605
0 0.6943465909090909 0.024163461538461536 0.04335227272727274 0.048211538461538465
0 0.686200284090909 0.016625 0.028110795454545444 0.03325
0 0.048529829545454484 0.26470192307692303 0.02626420454545456 0.04898076923076923
0 0.01336647727272744 0.26786538461538467 0.026732954545454615 0.03565384615384614
0 0.013799715909090793 0.22772115384615382 0.02759943181818175 0.05644230769230771
0 0.008437500000000098 0.22311538461538463 0.016874999999999994 0.04746153846153847
0 0.07981534090909104 0.14184615384615382 0.057499999999999864 0.03734615384615385
0 0.10689630681818185 0.24505769230769228 0.03666193181818174 0.039269230769230744
0 0.08479403409090902 0.22770192307692308 0.03294034090909082 0.06325
0 0.1879048295454545 0.09388461538461539 0.028053977272727272 0.06438461538461539
0 0.058934659090909114 0.6655865384615385 0.02355113636363626 0.03294230769230768
0 0.23831676136363633 0.30408653846153844 0.03166193181818177 0.05617307692307688
0 0.23190340909090912 0.2568942307692308 0.03156250000000004 0.04017307692307692
0 0.22144176136363636 0.31195192307692304 0.029048295454545518 0.07205769230769231
0 0.2109801136363636 0.24490384615384614 0.026335227272727222 0.04292307692307691
0 0.2077414772727273 0.2069326923076923 0.03275568181818174 0.04174999999999999
0 0.192265625 0.3121538461538461 0.03433238636363647 0.045269230769230756
0 0.19441761363636367 0.2790480769230769 0.04460227272727286 0.04640384615384614
0 0.14209517045454556 0.03679807692307692 0.029247159090909136 0.035826923076923076
0 0.09105113636363638 0.01285576923076923 0.028664772727272816 0.02571153846153846
0 0.1149573863636365 0.037913461538461535 0.028607954545454527 0.028596153846153844
0 0.04793323863636345 0.7847307692307692 0.01615056818181819 0.03188461538461546
0 0.11674005681818178 0.01323076923076923 0.033139204545454604 0.02646153846153846
0 0.07767045454545463 0.16528846153846152 0.05829545454545466 0.032
0 0.07833806818181832 0.18073076923076922 0.03178977272727272 0.035423076923076925
0 0.05968039772727274 0.23472115384615386 0.03626420454545451 0.057249999999999995
0 0.8052911931818182 0.4845288461538461 0.024900568181818183 0.029480769230769255
0 0.8136789772727273 0.5095769230769231 0.02659090909090909 0.029615384615384682
0 0.9453480113636363 0.7047019230769231 0.028934659090909087 0.02609615384615383
0 0.9285511363636364 0.6729903846153847 0.021647727272727277 0.034519230769230747
0 0.8863920454545455 0.6270961538461539 0.02306818181818181 0.03065384615384615
0 0.9095880681818181 0.6413653846153846 0.0337784090909091 0.03700000000000002
0 0.047350852272727284 0.8144423076923076 0.022144886363636408 0.029346153846153827
0 0.9894602272727273 0.16370192307692308 0.021079545454545455 0.03225000000000002
0 0.9956463068181818 0.4924711538461538 0.008707386363636363 0.03551923076923077
0 0.9889417613636363 0.6128173076923077 0.022116477272727274 0.035557692307692325
0 0.9921875 0.7078076923076924 0.015596590909090909 0.03938461538461542
0 0.7911292613636364 0.5129711538461539 0.027571022727272722 0.05021153846153849
0 0.8206605113636364 0.35839423076923077 0.03936079545454547 0.03163461538461542
0 0.6852911931818182 0.21008653846153846 0.04813920454545453 0.028865384615384626
0 0.6721377840909091 0.20445192307692306 0.03751420454545454 0.034942307692307696
0 0.5624360795454546 0.13153846153846155 0.05490056818181815 0.03661538461538461
0 0.565965909090909 0.10957692307692309 0.030255681818181755 0.029461538461538463
0 0.009268465909090917 0.667 0.01839488636363643 0.031115384615384628
0 0.5912713068181819 0.10833653846153846 0.02515625000000005 0.05055769230769232
0 0.15770596590909092 0.11999038461538462 0.036235795454545444 0.026942307692307703
0 0.24706676136363626 0.3481442307692308 0.022627840909090837 0.047749999999999966
0 0.07029829545454547 0.28920192307692305 0.03301136363636365 0.07709615384615386
0 0.49484375 0.18792307692307691 0.015710227272727275 0.03711538461538464
0 0.5059801136363637 0.24509615384615382 0.019460227272727258 0.018038461538461503
0 0.03465909090909092 0.5947115384615385 0.01278409090909091 0.02950000000000006
0 0.05941761363636355 0.6340769230769231 0.024318181818181826 0.03192307692307686
0 0.07251420454545443 0.645576923076923 0.018096590909090923 0.021615384615384634
0 0.3911008522727273 0.15348076923076923 0.024360795454545503 0.027038461538461542
0 0.9833238636363636 0.3528269230769231 0.03335227272727273 0.03315384615384617
0 0.9263778409090909 0.6023173076923077 0.013721590909090904 0.020019230769230817
0 0.9258380681818181 0.5599711538461538 0.02616477272727273 0.027980769230769142
0 0.9663423295454545 0.08178846153846155 0.017173295454545455 0.02580769230769231
0 0.974921875 0.0989326923076923 0.02026988636363636 0.033596153846153845
0 0.9909730113636364 0.08671153846153846 0.018053977272727274 0.03407692307692309
0 0.95359375 0.14330769230769233 0.023295454545454543 0.03180769230769232
0 0.9727698863636364 0.12548076923076923 0.02471590909090909 0.02565384615384616
0 0.9095738636363636 0.28989423076923077 0.01931818181818181 0.021288461538461527
0 0.9217400568181818 0.30700961538461535 0.027173295454545447 0.019134615384615417
0 0.36434659090909094 0.1426826923076923 0.014943181818181793 0.02359615384615384
0 0.9534090909090909 0.32878846153846153 0.01707386363636364 0.028499999999999987
0 0.8820951704545454 0.2824423076923077 0.01740056818181818 0.02584615384615384
0 0.8736292613636364 0.23354807692307694 0.019076704545454556 0.030096153846153856
0 0.9034232954545455 0.2661538461538462 0.022642045454545442 0.03642307692307692
0 0.8865056818181818 0.25808653846153845 0.03190340909090908 0.027480769230769215
0 0.9868252840909091 0.06649038461538462 0.02634943181818182 0.03136538461538461
0 0.9765909090909091 0.05477884615384615 0.02252840909090909 0.03159615384615385
0 0.9195809659090909 0.07120192307692308 0.02157670454545453 0.045403846153846156
0 0.9382102272727273 0.04735576923076923 0.01957386363636364 0.029019230769230776
0 0.9937855113636364 0.03982692307692308 0.012428977272727272 0.030653846153846153
0 0.371796875 0.15991346153846153 0.01933238636363638 0.01898076923076924
0 0.9902130681818182 0.02684615384615385 0.019573863636363636 0.028692307692307694
0 0.9229616477272727 0.03814423076923077 0.017201704545454544 0.024173076923076922
0 0.9479474431818182 0.030740384615384614 0.01916193181818182 0.02801923076923077
0 0.9604900568181818 0.020923076923076926 0.018053977272727274 0.02515384615384616
0 0.9161647727272727 0.02564423076923077 0.02681818181818181 0.025557692307692306
0 0.8627627840909091 0.07064423076923076 0.01711647727272727 0.01775000000000001
0 0.8646661931818181 0.05410576923076923 0.007286931818181832 0.018749999999999992
0 0.9443536931818182 0.5849230769230769 0.023053977272727275 0.03257692307692307
0 0.9218039772727273 0.5790480769230769 0.023267045454545457 0.027980769230769253
0 0.910859375 0.5921057692307692 0.021406250000000012 0.018942307692307626
0 0.431065340909091 0.15275000000000002 0.025937500000000068 0.0335
0 0.8960085227272727 0.5797692307692308 0.030426136363636367 0.031076923076923123
0 0.9171732954545455 0.4706923076923077 0.014460227272727272 0.03653846153846154
0 0.4361505681818181 0.18198076923076922 0.021363636363636394 0.026192307692307702
0 0.46423295454545455 0.167125 0.01775568181818182 0.03167307692307692
0 0.43632812499999996 0.1121923076923077 0.029360795454545476 0.02903846153846154
0 0.45000000000000007 0.04176923076923077 0.01920454545454543 0.03015384615384615
0 0.4468821022727273 0.013403846153846153 0.016406250000000015 0.026807692307692307
0 0.5316619318181818 0.0465 0.03772727272727273 0.04061538461538462
0 0.5191690340909091 0.10248076923076922 0.03498579545454545 0.05219230769230769
0 0.9319176136363636 0.2876923076923077 0.02727272727272728 0.03353846153846153
0 0.44840909090909087 0.16563461538461538 0.01588068181818183 0.02496153846153847
0 0.7435014204545455 0.260375 0.016036931818181808 0.03271153846153847
0 0.7656534090909091 0.2479807692307692 0.013636363636363629 0.034807692307692296
0 0.7565625 0.2724134615384615 0.013494318181818182 0.0300576923076923
0 0.7439133522727273 0.2841442307692308 0.01765625000000001 0.02613461538461539
0 0.7968110795454546 0.25623076923076926 0.02157670454545454 0.03173076923076926
0 0.794247159090909 0.28720192307692305 0.029573863636363627 0.03517307692307696
0 0.7742613636363636 0.29906730769230766 0.014545454545454518 0.02209615384615381
0 0.8162215909090909 0.2730961538461538 0.018096590909090902 0.02396153846153848
0 0.8657173295454546 0.37679807692307693 0.018252840909090903 0.02490384615384613
0 0.7554900568181818 0.29620192307692306 0.023309659090909086 0.027826923076923075
0 0.4526065340909091 0.18259615384615385 0.012769886363636377 0.016538461538461526
0 0.8135511363636364 0.3009326923076923 0.027585227272727275 0.03501923076923078
0 0.8331178977272727 0.27252884615384615 0.023849431818181808 0.02713461538461541
0 0.741484375 0.3070288461538462 0.015866477272727296 0.02224999999999999
0 0.7938849431818181 0.3119230769230769 0.015553977272727297 0.04073076923076919
0 0.958828125 0.5869519230769231 0.025752840909090902 0.038596153846153836
0 0.8360511363636364 0.5262596153846153 0.014460227272727283 0.03513461538461546
0 0.5084801136363637 0.27516346153846155 0.018749999999999985 0.03255769230769232
0 0.4634019886363636 0.29787499999999995 0.015752840909090873 0.04251923076923074
0 0.4470738636363637 0.30822115384615384 0.0179829545454545 0.04155769230769234
0 0.7815411931818181 0.31993269230769233 0.01654829545454546 0.03401923076923077
0 0.40941761363636364 0.16440384615384618 0.03125 0.025230769230769213
0 0.7611434659090909 0.31708653846153845 0.024588068181818187 0.02659615384615387
0 0.7624786931818182 0.3435384615384615 0.0185653409090909 0.032346153846153886
0 0.7775497159090909 0.34615384615384615 0.022656250000000024 0.032115384615384594
0 0.7950071022727273 0.3520192307692308 0.013508522727272715 0.03907692307692312
0 0.7081818181818182 0.22371153846153846 0.03349431818181816 0.028846153846153848
0 0.7198508522727273 0.2409326923076923 0.025724431818181837 0.041288461538461566
0 0.7741477272727273 0.28068269230769227 0.024232954545454547 0.03382692307692308
0 0.780575284090909 0.24758653846153847 0.02771306818181817 0.04263461538461542
0 0.7660582386363637 0.14065384615384616 0.017798295454545456 0.022461538461538474
0 0.7728551136363636 0.11401923076923076 0.024204545454545482 0.03219230769230768
0 0.4168323863636364 0.17672115384615386 0.026562499999999985 0.023711538461538458
0 0.7686505681818182 0.1073846153846154 0.014772727272727281 0.03473076923076923
0 0.950497159090909 0.28442307692307695 0.02298295454545454 0.0612692307692308
0 0.9585227272727272 0.3618942307692308 0.023181818181818182 0.05728846153846158
0 0.9606463068181819 0.39933653846153844 0.016235795454545458 0.04174999999999996
0 0.9834303977272727 0.48641346153846154 0.019161931818181818 0.03990384615384615
0 0.9885085227272727 0.461625 0.017926136363636366 0.035326923076923034
0 0.988955965909091 0.5083653846153846 0.016207386363636365 0.0291153846153847
0 0.994921875 0.5276153846153846 0.01015625 0.03580769230769232
0 0.9888423295454546 0.550548076923077 0.02231534090909091 0.05840384615384616
0 0.7185440340909091 0.14846153846153848 0.02387784090909091 0.01942307692307691
0 0.4221306818181818 0.19653846153846155 0.01556818181818187 0.027653846153846143
0 0.7209019886363637 0.16025 0.022173295454545435 0.022653846153846156
0 0.698778409090909 0.1444230769230769 0.035539772727272705 0.0293076923076923
0 0.6990127840909091 0.16317307692307692 0.030411931818181814 0.022269230769230767
0 0.6783167613636363 0.1765192307692308 0.018480113636363624 0.022653846153846156
0 0.7031321022727273 0.11571153846153846 0.026548295454545453 0.03438461538461539
0 0.7145738636363637 0.10111538461538461 0.026931818181818154 0.03957692307692307
0 0.86140625 0.2539134615384615 0.019176136363636364 0.02609615384615383
0 0.9234446022727273 0.1943942307692308 0.01830965909090909 0.023211538461538474
0 0.8948295454545454 0.16370192307692308 0.01684659090909091 0.02005769230769232
0 0.9121946022727273 0.1430769230769231 0.039900568181818176 0.029153846153846176
0 0.8568465909090909 0.12303846153846154 0.020681818181818187 0.02099999999999999
0 0.34232244318181815 0.13411538461538464 0.015127840909090877 0.02323076923076923
0 0.9561363636363637 0.19016346153846153 0.02258522727272727 0.027173076923076942
0 0.9743465909090909 0.18883653846153844 0.018295454545454545 0.030596153846153867
0 0.9773721590909091 0.23074038461538462 0.02605113636363637 0.021865384615384623
0 0.9647159090909091 0.2718653846153846 0.01909090909090909 0.028576923076923104
0 0.9605752840909091 0.2477019230769231 0.02186079545454546 0.02548076923076923
0 0.9795525568181818 0.24766346153846153 0.01987215909090909 0.03178846153846157
0 0.9665482954545455 0.479125 0.01661931818181818 0.03786538461538461
0 0.9701349431818181 0.5095865384615385 0.021860795454545452 0.030596153846153894
0 0.9695454545454545 0.5396826923076923 0.02025568181818182 0.034519230769230747
0 0.9776349431818182 0.5692788461538462 0.03129261363636364 0.03278846153846156
0 0.35352982954545453 0.14403846153846156 0.012116477272727234 0.022153846153846146
0 0.9853551136363636 0.6010576923076923 0.02928977272727273 0.04357692307692301
0 0.9768892045454546 0.5973461538461539 0.023267045454545457 0.03623076923076929
0 0.9687855113636363 0.38126923076923075 0.022144886363636363 0.04096153846153843
0 0.9874005681818182 0.4126634615384615 0.025198863636363634 0.035865384615384625
0 0.512528409090909 0.2892211538461539 0.024488636363636376 0.03232692307692308
0 0.5343536931818182 0.257 0.0339914772727272 0.0331923076923077
0 0.7425639204545454 0.34268269230769227 0.027059659090909068 0.05432692307692308
0 0.702109375 0.2626057692307692 0.020838068181818204 0.03367307692307693
0 0.7189701704545455 0.2710480769230769 0.03359374999999997 0.030173076923076917
0 0.7149005681818181 0.2903557692307693 0.05241477272727273 0.025673076923076913
0 0.33105823863636363 0.11785576923076924 0.016406249999999935 0.028326923076923083
0 0.7447727272727273 0.37758653846153845 0.029034090909090905 0.045365384615384564
0 0.7776917613636364 0.3692596153846154 0.024218750000000015 0.03167307692307692
0 0.8590625000000001 0.41484615384615386 0.02065340909090908 0.02592307692307696
0 0.7212926136363635 0.3484711538461538 0.01889204545454547 0.034057692307692324
0 0.7309232954545455 0.3398557692307692 0.017698863636363648 0.0336730769230769
0 0.8122372159090909 0.32457692307692304 0.03595170454545455 0.024461538461538458
0 0.8548011363636363 0.4600961538461538 0.027414772727272742 0.021076923076923038
0 0.8324573863636364 0.4497884615384615 0.023465909090909086 0.026423076923076886
0 0.8378693181818182 0.4278173076923077 0.031846590909090894 0.021903846153846128
0 0.9399005681818182 0.6119230769230769 0.016676136363636365 0.03942307692307692
0 0.33051846590909095 0.13963461538461538 0.016633522727272778 0.016269230769230786
0 0.8821164772727272 0.5081730769230769 0.022784090909090917 0.033230769230769175
0 0.8806605113636363 0.5369519230769232 0.022372159090909092 0.03398076923076926
0 0.8639417613636364 0.5436538461538462 0.013678977272727266 0.018999999999999993
0 0.8811434659090909 0.5698653846153847 0.02850852272727272 0.03696153846153841
0 0.8637784090909091 0.5674903846153847 0.024914772727272737 0.02913461538461545
0 0.8944176136363636 0.6044038461538461 0.016164772727272722 0.02750000000000002
0 0.8813423295454546 0.5994038461538461 0.01552556818181819 0.026615384615384676
0 0.9620880681818181 0.6183076923076922 0.03232954545454545 0.03646153846153842
0 0.9671946022727272 0.6443846153846154 0.02322443181818182 0.03157692307692311
0 0.9532457386363636 0.6491153846153846 0.02044034090909091 0.02546153846153848
0 0.318828125 0.1451923076923077 0.012542613636363614 0.02519230769230768
0 0.9114701704545455 0.6166057692307693 0.028053977272727272 0.034519230769230747
0 0.95390625 0.6712692307692307 0.03627840909090909 0.02284615384615384
0 0.935987215909091 0.6540673076923077 0.02365056818181818 0.0211346153846154
0 0.8487428977272727 0.5780673076923077 0.019758522727272722 0.025634615384615353
0 0.8615980113636363 0.5952692307692308 0.024332386363636358 0.028153846153846127
0 0.8709659090909091 0.6223942307692307 0.025056818181818184 0.03728846153846151
0 0.3627272727272728 0.9291730769230768 0.011789772727272744 0.02100000000000003
0 0.37904119318181817 0.9600192307692308 0.020610795454545524 0.028000000000000004
0 0.3652982954545455 0.9513269230769231 0.009403409090909098 0.024846153846153768
0 0.399921875 0.915701923076923 0.020184659090909062 0.04344230769230764
0 0.3489701704545455 0.12017307692307691 0.02061079545454544 0.02680769230769229
0 0.38213068181818177 0.8971826923076922 0.019659090909090873 0.0330192307692308
0 0.35855113636363634 0.8854903846153845 0.016136363636363657 0.024480769230769264
0 0.3666477272727273 0.8731634615384616 0.01974431818181815 0.026249999999999957
0 0.36247159090909087 0.8544903846153847 0.010795454545454579 0.012942307692307618
0 0.3815482954545455 0.12684615384615386 0.02997159090909094 0.054115384615384614
0 0.9881818181818182 0.38107692307692315 0.023636363636363636 0.03288461538461537
0 0.9886363636363636 0.6533557692307692 0.022727272727272728 0.024711538461538507
0 0.9890909090909091 0.6420192307692308 0.021818181818181816 0.029269230769230714
0 0.9905326704545454 0.6769134615384615 0.018934659090909092 0.024596153846153775
0 0.9781107954545455 0.6611730769230769 0.01786931818181818 0.029769230769230805
0 0.5157173295454545 0.007038461538461539 0.022656250000000065 0.014076923076923077
0 0.9349360795454545 0.6302307692307693 0.0223153409090909 0.03984615384615379
0 0.9803977272727272 0.6871442307692308 0.012613636363636362 0.027865384615384632
0 0.9639701704545455 0.695528846153846 0.023110795454545453 0.03998076923076927
0 0.9734872159090909 0.3157788461538461 0.02421875 0.04128846153846154
0 0.9726988636363636 0.29694230769230767 0.026903409090909092 0.03065384615384615
0 0.8519744318181818 0.05925961538461538 0.0203409090909091 0.027288461538461536
0 0.9163494318181818 0.12355769230769231 0.04835227272727272 0.04715384615384616
0 0.6813991477272727 0.12272115384615384 0.023053977272727257 0.03736538461538461
0 0.6661363636363635 0.12616346153846156 0.023948863636363615 0.05240384615384617
0 0.7123792613636364 0.21075 0.021605113636363648 0.017807692307692316
0 0.46393465909090914 0.03355769230769231 0.01767045454545454 0.031269230769230764
0 0.7168892045454545 0.19208653846153848 0.01937499999999998 0.021519230769230766
0 0.05339488636363643 0.7554423076923078 0.018863636363636326 0.02780769230769227
0 0.060518465909090935 0.7190673076923078 0.02049715909090918 0.03867307692307695
0 0.0703764204545454 0.7060288461538461 0.024105113636363674 0.04190384615384608
0 0.09468039772727266 0.7098846153846153 0.030468750000000065 0.037923076923076976
0 0.07687500000000003 0.7421057692307692 0.017954545454545598 0.03524999999999997
0 0.0034375000000000933 0.39529807692307695 0.006875000000000045 0.028903846153846155
0 0.05049005681818175 0.39918269230769227 0.015582386363636402 0.02344230769230769
0 0.022343749999999996 0.36765384615384616 0.035823863636363674 0.04003846153846152
0 0.0364843749999999 0.3725673076923077 0.024218750000000098 0.038211538461538415
0 0.4335227272727272 0.033798076923076924 0.02093750000000001 0.01890384615384615
0 0.10656960227272727 0.3965384615384615 0.016946022727272816 0.04100000000000004
0 0.11681107954545455 0.36208653846153843 0.036832386363636456 0.03136538461538462
0 0.10612926136363643 0.3155 0.04362215909090914 0.06738461538461542
0 0.18725142045454557 0.3772115384615385 0.02328124999999998 0.03030769230769229
0 0.004687499999999956 0.3628653846153846 0.00909090909090906 0.0368846153846154
0 0.05571022727272734 0.3711346153846154 0.02900568181818176 0.04353846153846157
0 0.14095170454545458 0.35252884615384616 0.031392045454545485 0.03959615384615385
0 0.09546164772727261 0.3671153846153846 0.015923295454545346 0.03415384615384614
0 0.1292897727272727 0.42486538461538464 0.020028409090909124 0.034999999999999976
0 0.14730823863636355 0.44269230769230766 0.02316761363636372 0.027230769230769225
0 0.4476917613636364 0.06488461538461539 0.024474431818181843 0.04561538461538462
0 0.1447443181818181 0.41524038461538465 0.020909090909090947 0.034865384615384604
0 0.18765624999999997 0.3578173076923077 0.019460227272727337 0.028788461538461537
0 0.16681818181818187 0.3499903846153846 0.022926136363636343 0.03490384615384617
0 0.10522017045454557 0.3143653846153846 0.022883522727272745 0.028730769230769226
0 0.0605255681818182 0.7975865384615385 0.02065340909090904 0.03090384615384614
0 0.09168323863636374 0.6879711538461538 0.047656250000000094 0.029980769230769293
0 0.08330255681818177 0.660673076923077 0.029928977272727184 0.02984615384615381
0 0.08219460227272724 0.6268653846153847 0.021946022727272793 0.03169230769230762
0 0.0215056818181818 0.59525 0.015284090909090896 0.050153846153846125
0 0.010078125000000049 0.5970384615384615 0.015099431818181812 0.05311538461538463
0 0.8233735795454545 0.13999038461538463 0.02177556818181816 0.019519230769230782
0 0.42970170454545453 0.060980769230769234 0.025340909090909136 0.039769230769230765
0 0.09425426136363635 0.639125 0.025667613636363548 0.026826923076923054
0 0.10414772727272714 0.6457884615384616 0.022897727272727278 0.035192307692307606
0 0.11245738636363645 0.662326923076923 0.029573863636363707 0.04223076923076919
0 0.12724431818181803 0.6369519230769232 0.024204545454545565 0.034173076923077
0 0.3017187499999999 0.9109711538461538 0.01593749999999996 0.024750000000000008
0 0.29421875 0.9061923076923077 0.01423295454545452 0.019153846153846115
0 0.2997301136363636 0.9316826923076924 0.01767045454545454 0.019634615384615344
0 0.3039346590909091 0.8861923076923078 0.02707386363636364 0.02511538461538462
0 0.3054190340909091 0.9456923076923077 0.022826704545454535 0.02311538461538458
0 0.2982244318181818 0.9669903846153846 0.01968750000000002 0.02286538461538459
0 0.4268323863636364 0.014259615384615384 0.02465909090909093 0.02851923076923077
0 0.3018110795454546 0.9836346153846154 0.021178977272727308 0.032730769230769195
0 0.32159090909090904 0.9612980769230769 0.027471590909090873 0.03401923076923087
0 0.33110085227272734 0.9361923076923077 0.0287357954545454 0.032653846153846186
0 0.3250355113636364 0.9218557692307693 0.035440340909090894 0.02844230769230762
0 0.35399857954545455 0.9103461538461538 0.02291193181818181 0.0363076923076923
0 0.3457883522727273 0.942548076923077 0.024730113636363592 0.03198076923076922
0 0.350703125 0.9592692307692309 0.021264204545454503 0.040730769230769244
0 0.3564843750000001 0.9733461538461539 0.025184659090909035 0.019269230769230733
0 0.1517258522727274 0.46647115384615384 0.027769886363636462 0.02613461538461539
0 0.1341051136363638 0.47004807692307693 0.037755681818181876 0.03744230769230769
0 0.4394105113636364 0.21365384615384614 0.023536931818181808 0.040115384615384615
0 0.15705965909090902 0.49619230769230765 0.021874999999999967 0.03876923076923082
0 0.1623437499999999 0.5227788461538462 0.015795454545454553 0.02332692307692318
0 0.14374289772727278 0.31911538461538463 0.04012784090909091 0.04011538461538464
0 0.10148437499999996 0.28500961538461533 0.04850852272727269 0.05648076923076918
0 0.12446732954545459 0.6011057692307693 0.036946022727272716 0.0556346153846154
0 0.9685440340909091 0.7259038461538462 0.01856534090909091 0.022461538461538474
0 0.5391761363636365 0.016923076923076926 0.025653409090909095 0.03384615384615385
0 0.5425213068181818 0.1475192307692308 0.03223011363636363 0.0316923076923077
0 0.552840909090909 0.2886923076923077 0.025170454545454583 0.022230769230769235
0 0.19802556818181827 0.414 0.032556818181818124 0.05557692307692303
0 0.4509801136363637 0.23875000000000002 0.02471590909090906 0.05153846153846156
0 0.2093465909090909 0.40860576923076924 0.0300568181818183 0.03728846153846151
0 0.22083806818181817 0.3975769230769231 0.051448863636363674 0.050730769230769225
0 0.16879971590909093 0.45498076923076924 0.03975852272727274 0.06765384615384616
0 0.14616477272727268 0.6223173076923078 0.021221590909090985 0.026403846153846187
0 0.14911931818181823 0.6387019230769231 0.019772727272727376 0.028980769230769327
0 0.16259943181818182 0.6176153846153846 0.013948863636363707 0.02665384615384607
0 0.14870738636363645 0.5985865384615384 0.019772727272727216 0.026326923076923074
0 0.16218039772727266 0.6441346153846154 0.017457386363636473 0.027615384615384642
0 0.17715198863636372 0.6654038461538462 0.019928977272727234 0.02642307692307694
0 0.17634943181818175 0.6328076923076923 0.01670454545454544 0.04396153846153849
0 0.3864346590909091 0.18695192307692307 0.06710227272727275 0.04355769230769232
0 0.1823508522727273 0.6142403846153845 0.015468750000000142 0.01909615384615386
0 0.19053267045454547 0.6491442307692307 0.014332386363636247 0.02463461538461539
0 0.19309659090909104 0.6265865384615384 0.018693181818181772 0.023288461538461563
0 0.16705965909090892 0.587423076923077 0.02144886363636367 0.035769230769230706
0 0.1744105113636365 0.5984711538461538 0.015809659090909086 0.026249999999999957
0 0.09423295454545455 0.06838461538461539 0.01920454545454543 0.018423076923076927
0 0.09866477272727281 0.053903846153846156 0.03215909090909089 0.028538461538461544
0 0.1169744318181819 0.06560576923076922 0.027272727272727337 0.028711538461538462
0 0.09657670454545453 0.09007692307692308 0.02798295454545461 0.026461538461538456
0 0.12426136363636364 0.07774038461538461 0.029943181818181716 0.03271153846153846
0 0.519950284090909 0.025990384615384617 0.032769886363636355 0.04036538461538462
0 0.14381392045454544 0.06196153846153846 0.027428977272727195 0.02903846153846154
0 0.14892045454545444 0.07167307692307691 0.02335227272727264 0.0273076923076923
0 0.12890625 0.09460576923076923 0.016448863636363532 0.016634615384615397
0 0.1248934659090909 0.11125 0.011803977272727357 0.01857692307692307
0 0.12921875000000005 0.12863461538461538 0.02926136363636367 0.02434615384615384
0 0.08867187499999996 0.11122115384615383 0.060440340909091006 0.03178846153846153
0 0.10901278409090898 0.19123076923076923 0.028934659090909098 0.029307692307692326
0 0.10774147727272732 0.21076923076923076 0.04752840909090914 0.04915384615384616
0 0.1292968750000001 0.1703653846153846 0.023991477272727255 0.026846153846153836
0 0.11622869318181828 0.16853846153846153 0.026747159090909148 0.034999999999999976
0 0.46412642045454544 0.2525673076923077 0.027855113636363657 0.052596153846153834
0 0.08367187499999995 0.12826923076923077 0.06268465909090909 0.0368846153846154
0 0.12580255681818187 0.1440576923076923 0.035014204545454515 0.027115384615384604
0 0.1035582386363636 0.10528846153846154 0.03742897727272731 0.022807692307692307
0 0.13859374999999996 0.11072115384615386 0.018238636363636408 0.025673076923076927
0 0.14492187499999998 0.08850961538461538 0.018167613636363586 0.019442307692307693
0 0.16018465909090907 0.09556730769230769 0.02974431818181826 0.029980769230769238
0 0.17220170454545458 0.07249038461538461 0.0253693181818182 0.02771153846153846
0 0.019872159090909114 0.2755961538461538 0.03602272727272729 0.037423076923076885
0 0.007251420454545521 0.29710576923076926 0.014474431818181895 0.023288461538461563
0 0.010561079545454488 0.3143365384615384 0.021122159090909098 0.01855769230769232
0 0.4850213068181819 0.23184615384615384 0.025696022727272692 0.05576923076923077
0 0.02485085227272732 0.29504807692307694 0.02589488636363639 0.029980769230769238
0 0.013231534090909158 0.33180769230769236 0.026463068181818174 0.03453846153846155
0 0.021498579545454533 0.35083653846153845 0.025071022727272855 0.03928846153846155
0 0.032223011363636256 0.3246923076923077 0.02376420454545441 0.06334615384615384
0 0.07056107954545443 0.37654807692307696 0.03615056818181808 0.040749999999999995
0 0.08414772727272724 0.34052884615384615 0.02863636363636375 0.03482692307692305
0 0.06316051136363621 0.33772115384615387 0.026889204545454473 0.03790384615384617
0 0.04679687499999996 0.3139038461538462 0.025071022727272695 0.08500000000000003
0 0.19284801136363638 0.6672884615384616 0.017997159090909196 0.018576923076923015
0 0.40808238636363636 0.9538653846153846 0.02005681818181819 0.033307692307692295
0 0.4848224431818182 0.2731442307692308 0.03001420454545454 0.0294807692307692
0 0.061640625000000004 0.8335961538461539 0.01620738636363632 0.04503846153846157
0 0.014183238636363504 0.8431923076923078 0.027855113636363657 0.04392307692307688
0 0.5643465909090908 0.9050480769230769 0.029886363636363666 0.045403846153846183
0 0.5580255681818183 0.8718557692307692 0.018210227272727263 0.026403846153846187
0 0.5440696022727272 0.8856057692307692 0.011548295454545448 0.013057692307692347
0 0.5733309659090908 0.8779711538461538 0.01583806818181815 0.03551923076923071
0 0.5405894886363636 0.8717884615384616 0.018849431818181793 0.02630769230769232
0 0.35415482954545463 0.990125 0.02194602272727271 0.019749999999999965
0 0.3848579545454546 0.9843653846153846 0.04028409090909093 0.0309999999999999
0 0.41776278409090917 0.9848846153846154 0.044758522727272716 0.030230769230769283
0 0.48041193181818187 0.30250000000000005 0.03295454545454544 0.031346153846153815
0 0.3399928977272727 0.8918846153846154 0.024815340909090867 0.04784615384615395
0 0.3377414772727273 0.8469711538461538 0.017954545454545435 0.027442307692307658
0 0.3192968749999999 0.8602019230769231 0.038991477272727254 0.01613461538461536
0 0.3013139204545454 0.8458942307692308 0.012855113636363573 0.03413461538461538
0 0.3048792613636363 0.8136634615384616 0.01680397727272725 0.03113461538461538
0 0.2864417613636363 0.8253173076923077 0.02717329545454553 0.03221153846153846
0 0.2787002840909092 0.8024134615384615 0.016633522727272698 0.022596153846153846
0 0.29517045454545454 0.797375 0.017386363636363648 0.027903846153846137
0 0.38612926136363646 0.8813365384615384 0.02063920454545459 0.02686538461538456
0 0.3702130681818182 0.8216346153846154 0.020142045454545465 0.03876923076923071
0 0.8078835227272727 0.14771153846153848 0.021874999999999988 0.029615384615384627
0 0.46579545454545446 0.3264038461538462 0.019431818181818192 0.02338461538461538
0 0.3955184659090909 0.8572692307692307 0.020894886363636414 0.02803846153846151
0 0.7304403409090909 0.12639423076923076 0.033778409090909095 0.028750000000000005
0 0.7455255681818183 0.15096153846153845 0.03204545454545455 0.033576923076923094
0 0.9754616477272727 0.7108269230769231 0.019644886363636368 0.020846153846153907
0 0.31820312500000003 0.9019230769230769 0.01904829545454549 0.029230769230769317
0 0.2857528409090909 0.9207692307692308 0.01761363636363633 0.016346153846153847
0 0.25644886363636354 0.8060480769230769 0.03389204545454547 0.030250000000000034
0 0.26005681818181825 0.788423076923077 0.028295454545454568 0.02053846153846155
0 0.31382102272727264 0.8781057692307692 0.032244318181818166 0.022442307692307723
0 0.3171946022727272 0.841625 0.02407670454545453 0.026442307692307692
0 0.8484517045454545 0.08576923076923078 0.015681818181818172 0.020730769230769233
0 0.3238778409090909 0.8252115384615385 0.022897727272727278 0.0356923076923077
0 0.3220099431818182 0.8047692307692308 0.02359375000000002 0.02284615384615384
0 0.34120738636363646 0.8199326923076923 0.017073863636363693 0.02748076923076916
0 0.33436079545454545 0.7848461538461539 0.016761363636363654 0.04326923076923077
0 0.3786079545454546 0.8548557692307692 0.021676136363636352 0.03221153846153846
0 0.8147230113636363 0.44500961538461536 0.014616477272727281 0.01721153846153844
0 0.8232599431818182 0.4284326923076923 0.01651988636363638 0.020557692307692305
0 0.659247159090909 0.1894423076923077 0.020056818181818148 0.03580769230769229
0 0.7056392045454545 0.18273076923076925 0.030738636363636385 0.026307692307692292
0 0.6932244318181818 0.17898076923076922 0.020511363636363633 0.02426923076923075
0 0.8526988636363637 0.1020673076923077 0.018806818181818175 0.01601923076923078
0 0.5767329545454545 0.24085576923076923 0.02605113636363633 0.04567307692307692
0 0.6109730113636364 0.15827884615384616 0.02086647727272735 0.02609615384615386
0 0.5961576704545455 0.1487019230769231 0.01910511363636362 0.03113461538461538
0 0.9886931818181818 0.32719230769230767 0.022613636363636364 0.025807692307692285
0 0.9909659090909091 0.29935576923076923 0.01806818181818182 0.034519230769230747
0 0.9684090909090909 0.04105769230769231 0.02465909090909091 0.03365384615384615
0 0.9770099431818182 0.01275 0.02046875 0.0255
0 0.9925497159090909 0.011144230769230769 0.014900568181818181 0.022288461538461538
0 0.9909588068181818 0.10972115384615384 0.017826704545454545 0.026596153846153842
0 0.6721022727272727 0.15627884615384616 0.018323863636363645 0.03313461538461537
0 0.843671875 0.07160576923076922 0.021122159090909077 0.03275
0 0.5626065340909092 0.23463461538461539 0.026690340909090938 0.031038461538461567
0 0.5844886363636363 0.27028846153846153 0.018664772727272707 0.021076923076923094
0 0.5929616477272728 0.2537115384615385 0.020326704545454547 0.03330769230769232
0 0.6030610795454545 0.2480480769230769 0.023678977272727216 0.027019230769230764
0 0.9398295454545454 0.003701923076923077 0.014857954545454547 0.007403846153846154
0 0.9427130681818182 0.017576923076923077 0.02704545454545455 0.035153846153846154
0 0.965284090909091 0.0053750000000000004 0.021761363636363638 0.010673076923076924
0 0.9240696022727273 0.010528846153846153 0.023991477272727272 0.021057692307692305
0 0.5389630681818183 0.10287500000000001 0.025710227272727305 0.03486538461538462
0 0.5791548295454545 0.20660576923076923 0.02194602272727271 0.028057692307692315
0 0.869375 0.09010576923076924 0.028607954545454548 0.026519230769230767
0 0.5563707386363637 0.19030769230769232 0.020014204545454592 0.030961538461538478
0 0.56125 0.17016346153846154 0.01974431818181815 0.02005769230769232
0 0.5725568181818183 0.1578173076923077 0.02943181818181814 0.03474999999999999
0 0.5736860795454546 0.19072115384615385 0.019502840909090935 0.0330576923076923
0 0.8642613636363636 0.18414423076923075 0.019147727272727278 0.03686538461538462
0 0.8833735795454546 0.19710576923076925 0.01947443181818181 0.01859615384615385
0 0.89125 0.21123076923076925 0.024943181818181823 0.029769230769230777
0 0.8865340909090909 0.22247115384615385 0.01909090909090909 0.027826923076923075
0 0.8429474431818182 0.11908653846153845 0.02061079545454544 0.03236538461538463
0 0.8383522727272728 0.17941346153846155 0.02156250000000001 0.03917307692307693
0 0.8798579545454546 0.07643269230769231 0.022244318181818178 0.028480769230769223
0 0.7912357954545455 0.12260576923076923 0.016164772727272722 0.031057692307692304
0 0.7688636363636363 0.2049038461538462 0.03559659090909091 0.01788461538461538
0 0.7603835227272727 0.22330769230769232 0.022982954545454556 0.025
0 0.7404048295454546 0.23525000000000001 0.022372159090909092 0.03365384615384618
0 0.7538849431818182 0.2468365384615385 0.014644886363636327 0.024903846153846186
0 0.7749147727272727 0.18671153846153846 0.019147727272727257 0.026038461538461552
0 0.7576775568181818 0.17970192307692306 0.018025568181818177 0.038634615384615364
0 0.9182599431818181 0.2121730769230769 0.029417613636363648 0.02892307692307691
0 0.9261434659090909 0.17500961538461537 0.01845170454545455 0.020903846153846162
0 0.9394815340909091 0.19329807692307693 0.01407670454545455 0.03078846153846152
0 0.889765625 0.058 0.01603693181818183 0.027115384615384618
0 0.9368039772727272 0.2150384615384615 0.02931818181818182 0.025653846153846135
0 0.8540127840909091 0.2318269230769231 0.02268465909090909 0.026884615384615392
0 0.84109375 0.24833653846153844 0.02514204545454546 0.03563461538461539
0 0.9289701704545454 0.2378942307692308 0.014531249999999996 0.02621153846153848
0 0.9175852272727273 0.2611826923076923 0.019772727272727275 0.040250000000000015
0 0.9306534090909091 0.26606730769230774 0.02017045454545455 0.017365384615384616
0 0.9417045454545454 0.2541153846153846 0.01798295454545454 0.02315384615384614
0 0.9497727272727273 0.2319230769230769 0.030880681818181818 0.024346153846153868
0 0.9625639204545454 0.2129326923076923 0.022997159090909092 0.02351923076923078
0 0.937059659090909 0.1635769230769231 0.017982954545454552 0.030076923076923077
0 0.9011363636363636 0.08310576923076923 0.020965909090909098 0.029288461538461534
0 0.946796875 0.17348076923076924 0.019474431818181818 0.03273076923076922
0 0.9183238636363636 0.0985 0.029176136363636362 0.032499999999999994
0 0.9410866477272727 0.09452884615384616 0.018849431818181814 0.02182692307692308
0 0.9534090909090909 0.0982403846153846 0.02644886363636364 0.02732692307692308
0 0.9595880681818182 0.11741346153846154 0.018778409090909096 0.026903846153846143
0 0.9361221590909091 0.07271153846153847 0.011732954545454543 0.023730769230769222
0 0.9538778409090909 0.06476923076923077 0.027073863636363635 0.04173076923076924
0 0.8805894886363637 0.169125 0.023906249999999997 0.04221153846153847
0 0.88890625 0.13978846153846153 0.01707386363636363 0.035923076923076926
0 0.9047230113636364 0.17706730769230766 0.024900568181818183 0.04305769230769231
0 0.8349573863636364 0.21590384615384614 0.02514204545454546 0.03576923076923076
0 0.7972869318181818 0.20982692307692308 0.024062499999999997 0.03446153846153844
0 0.8441051136363636 0.14493269230769232 0.025028409090909098 0.0364423076923077
0 0.8727130681818182 0.13586538461538464 0.03409090909090909 0.033153846153846145
0 0.8906605113636363 0.10513461538461538 0.02819602272727274 0.03430769230769232
0 0.9839275568181818 0.21233653846153844 0.021036931818181816 0.027019230769230764
0 0.9915696022727273 0.19875961538461537 0.016860795454545455 0.040288461538461544
0 0.9939914772727273 0.18373076923076923 0.012017045454545456 0.018461538461538477
0 0.9399644886363636 0.12385576923076923 0.020582386363636355 0.03471153846153847
0 0.9668963068181818 0.157875 0.027514204545454553 0.039365384615384615
0 0.9860795454545455 0.14548076923076925 0.027840909090909093 0.0311153846153846
0 0.8501349431818181 0.20227884615384617 0.01606534090909091 0.038173076923076914
0 0.9921875 0.12878846153846155 0.015625 0.01619230769230771
0 0.9155965909090908 0.23333653846153846 0.014687500000000004 0.01928846153846154
0 0.8961647727272728 0.23470192307692309 0.02670454545454545 0.02744230769230771
0 0.8521946022727273 0.2708365384615385 0.015326704545454555 0.027788461538461515
0 0.8673934659090909 0.27658653846153847 0.01759943181818182 0.03071153846153846
0 0.8969105113636364 0.29733653846153846 0.03609375000000001 0.052673076923076954
0 0.8639133522727273 0.5220769230769231 0.017372159090909098 0.02549999999999998
0 0.5915625 0.17972115384615384 0.022017045454545456 0.035288461538461526
0 0.4109730113636364 0.3453076923076923 0.018764204545454518 0.03234615384615383
0 0.409872159090909 0.36977884615384615 0.015710227272727275 0.020711538461538427
0 0.37515624999999997 0.07039423076923078 0.024090909090909062 0.03390384615384616
0 0.808828125 0.23304807692307694 0.02987215909090909 0.0324423076923077
0 0.5975852272727273 0.2057403846153846 0.02465909090909093 0.02555769230769229
0 0.6094460227272727 0.1833846153846154 0.02428977272727276 0.025730769230769224
0 0.626015625 0.1567596153846154 0.01705965909090916 0.029673076923076937
0 0.6046093749999999 0.22081730769230767 0.03362215909090911 0.033442307692307695
0 0.6885369318181818 0.08690384615384615 0.026505681818181814 0.03896153846153846
0 0.7558522727272727 0.10745192307692308 0.013892045454545456 0.03459615384615385
0 0.8036150568181818 0.09695192307692307 0.018025568181818177 0.022057692307692306
0 0.8760653409090909 0.05628846153846154 0.016619318181818166 0.020653846153846158
0 0.8790411931818182 0.039115384615384614 0.023423295454545467 0.022346153846153845
0 0.7007457386363636 0.07383653846153845 0.02921875000000003 0.023442307692307703
0 0.8183451704545455 0.24673076923076925 0.025241477272727287 0.03230769230769227
0 0.9943323863636364 0.26795192307692306 0.011335227272727273 0.031096153846153822
0 0.9821235795454546 0.27508653846153847 0.017230113636363634 0.02682692307692311
0 0.9940056818181818 0.23707692307692307 0.011988636363636363 0.03657692307692307
0 0.8146093750000001 0.08522115384615384 0.016661931818181805 0.03244230769230769
0 0.8625 0.02321153846153846 0.022386363636363645 0.04642307692307692
0 0.8280539772727272 0.05182692307692308 0.02272727272727275 0.024192307692307697
0 0.8056889204545454 0.06842307692307692 0.022826704545454577 0.04161538461538461
0 0.7975710227272728 0.04986538461538462 0.018750000000000024 0.04173076923076924
0 0.84609375 0.04228846153846154 0.022982954545454536 0.027538461538461536
0 0.8935653409090909 0.022461538461538456 0.019772727272727275 0.044807692307692305
0 0.8199928977272728 0.2065 0.02291193181818181 0.02657692307692309
0 0.9045028409090909 0.013865384615384614 0.025596590909090902 0.02773076923076923
0 0.8104119318181818 0.027846153846153847 0.024204545454545465 0.055692307692307694
0 0.8235511363636363 0.029538461538461538 0.02258522727272726 0.034499999999999996
0 0.8786789772727273 0.01485576923076923 0.016193181818181825 0.02971153846153846
0 0.854609375 0.014913461538461539 0.016605113636363633 0.029826923076923077
0 0.8403977272727272 0.018009615384615384 0.018465909090909092 0.03586538461538462
0 0.8271875 0.008971153846153846 0.022727272727272728 0.01794230769230769
0 0.792578125 0.014461538461538461 0.01879261363636362 0.028923076923076923
0 0.7784588068181818 0.007875 0.014275568181818198 0.015673076923076925
0 0.7784801136363637 0.08275961538461538 0.01943181818181815 0.031673076923076936
0 0.7992755681818182 0.1689326923076923 0.02508522727272727 0.032673076923076944
0 0.8134375 0.3458846153846154 0.02943181818181816 0.03461538461538462
0 0.8386647727272727 0.3697692307692308 0.03803977272727273 0.017884615384615405
0 0.8487855113636363 0.3860673076923077 0.017343750000000012 0.02363461538461537
0 0.8213210227272727 0.40956730769230776 0.060454545454545434 0.024442307692307708
0 0.8019176136363637 0.4527788461538461 0.050625000000000024 0.03909615384615387
0 0.8486292613636364 0.509548076923077 0.018792613636363642 0.030249999999999926
0 0.8502769886363637 0.5405 0.019758522727272722 0.03334615384615391
0 0.7962997159090909 0.4299711538461538 0.03748579545454544 0.031326923076923065
0 0.028515625000000044 0.21293269230769232 0.043281249999999875 0.09451923076923079
0 0.05421875000000009 0.18947115384615384 0.0293181818181818 0.04901923076923076
0 0.7850213068181818 0.14116346153846154 0.02413352272727274 0.038750000000000014
0 0.013430397727272614 0.144 0.026860795454545408 0.0476923076923077
0 0.0373224431818181 0.15635576923076924 0.0308664772727273 0.0680576923076923
0 0.2034872159090909 0.17542307692307693 0.03268465909090908 0.04519230769230769
0 0.16980823863636363 0.1417403846153846 0.05606534090909095 0.043557692307692304
0 0.1649644886363636 0.1768076923076923 0.052798295454545556 0.048307692307692315
0 0.15203124999999995 0.2159230769230769 0.06045454545454538 0.06800000000000003
0 0.1835511363636364 0.23638461538461536 0.03480113636363636 0.07499999999999997
0 0.14622869318181808 0.24474038461538458 0.04186079545454533 0.04098076923076921
0 0.1312215909090909 0.2833557692307692 0.08886363636363628 0.059365384615384625
0 0.2106960227272726 0.3555576923076923 0.027471590909090956 0.05050000000000004
0 0.8225852272727272 0.16395192307692308 0.024261363636363633 0.0315576923076923
0 0.18083096590909098 0.3291730769230769 0.03953125000000006 0.05276923076923076
0 0.23549715909090907 0.3748173076923077 0.027159090909090914 0.06609615384615386
0 0.2531321022727273 0.38329807692307694 0.02595170454545452 0.059673076923076926
0 0.19489346590909096 0.04261538461538461 0.033025568181818184 0.04365384615384615
0 0.1969034090909091 0.012644230769230769 0.02349431818181813 0.025288461538461537
0 0.2211363636363637 0.012769230769230769 0.028153409090909163 0.025538461538461538
0 0.2583948863636365 0.6119903846153847 0.02369318181818175 0.04332692307692303
0 0.21294744318181813 0.5622980769230769 0.022713068181818195 0.07617307692307695
0 0.22644176136363636 0.5477788461538462 0.022571022727272707 0.05032692307692311
0 0.23416193181818168 0.5771346153846154 0.0210795454545455 0.05461538461538457
0 0.8062286931818182 0.18536538461538463 0.04444602272727274 0.033423076923076916
0 0.27997159090909096 0.5788269230769231 0.029744318181818177 0.04303846153846153
0 0.25067471590909096 0.585298076923077 0.017656250000000092 0.05394230769230771
0 0.31654119318181817 0.7056730769230769 0.058423295454545526 0.04619230769230766
0 0.69953125 0.4191346153846154 0.024545454545454547 0.0616153846153846
0 0.2715767045454546 0.5404326923076923 0.026505681818181772 0.10425000000000001
0 0.26203125000000005 0.5225576923076923 0.03008522727272728 0.07630769230769233
0 0.24974431818181808 0.5173365384615385 0.03525568181818189 0.06555769230769232
0 0.23745028409090907 0.49986538461538466 0.041008522727272734 0.062192307692307755
0 0.21111505681818177 0.49578846153846157 0.03498579545454561 0.0741538461538461
0 0.17113636363636364 0.5065673076923076 0.015909090909090973 0.02971153846153844
0 0.8663991477272728 0.20946153846153848 0.025696022727272713 0.021653846153846135
0 0.1884446022727272 0.5093461538461539 0.02061079545454544 0.02688461538461542
0 0.20629261363636364 0.4864423076923077 0.026789772727272745 0.04165384615384609
0 0.3017400568181817 0.5334807692307691 0.02728693181818179 0.04930769230769239
0 0.28022727272727266 0.5526730769230769 0.01684659090909085 0.028692307692307722
0 0.28874999999999995 0.523423076923077 0.030113636363636346 0.03384615384615389
0 0.2573366477272727 0.8902499999999999 0.036264204545454586 0.03353846153846153
0 0.2504261363636363 0.7629711538461539 0.03943181818181817 0.04978846153846151
0 0.3445880681818182 0.784 0.03460227272727267 0.08796153846153848
0 0.27860085227272724 0.7363076923076923 0.02740056818181813 0.04619230769230766
0 0.4344957386363636 0.9507019230769231 0.03376420454545452 0.032711538461538445
0 0.9025852272727273 0.5557403846153847 0.022727272727272728 0.02451923076923077
0 0.4226065340909091 0.9257980769230768 0.03907670454545453 0.03275000000000006
0 0.43122159090909096 0.9072115384615385 0.04534090909090911 0.040038461538461634
0 0.43044744318181816 0.8830096153846154 0.03828124999999998 0.030750000000000017
0 0.32703835227272726 0.6200769230769232 0.02686079545454549 0.03257692307692307
0 0.3236860795454546 0.6785 0.054076704545454615 0.024730769230769258
0 0.3375852272727272 0.653125 0.03937499999999996 0.04175000000000007
0 0.3427414772727273 0.5874230769230769 0.02556818181818182 0.07646153846153844
0 0.357890625 0.6270288461538461 0.042144886363636384 0.059826923076923104
0 0.3651491477272727 0.5738846153846153 0.025724431818181837 0.0470384615384615
0 0.3900852272727273 0.6052307692307692 0.04588068181818175 0.035653846153846196
0 0.8916335227272727 0.37078846153846157 0.01684659090909091 0.035615384615384583
0 0.3902627840909091 0.5855192307692308 0.04029829545454546 0.046076923076923036
0 0.5451491477272727 0.6092692307692308 0.04311079545454541 0.04153846153846158
0 0.43637073863636366 0.8550000000000001 0.062116477272727295 0.0428461538461539
0 0.39338068181818187 0.8286826923076922 0.02622159090909096 0.030365384615384655
0 0.4113565340909091 0.8342788461538463 0.026661931818181873 0.047211538461538485
0 0.3857315340909091 0.7926730769230769 0.020582386363636376 0.06476923076923068
0 0.4209730113636364 0.7872788461538461 0.058139204545454556 0.054711538461538436
0 0.4523082386363636 0.8245961538461538 0.05629261363636363 0.06280769230769236
0 0.751143465909091 0.6173076923076923 0.020951704545454544 0.02830769230769236
0 0.5671448863636364 0.5796346153846154 0.028863636363636355 0.0368846153846154
0 0.36919744318181813 0.08639423076923076 0.01825284090909086 0.03132692307692308
0 0.9293039772727273 0.3999903846153846 0.02482954545454545 0.029211538461538455
0 0.6543536931818181 0.6707596153846153 0.03251420454545457 0.039596153846153795
0 0.6591264204545455 0.7176923076923076 0.025553977272727287 0.05438461538461533
0 0.6784517045454546 0.6919807692307693 0.038238636363636384 0.08092307692307689
0 0.6932457386363637 0.671451923076923 0.037230113636363645 0.05424999999999996
0 0.6100142045454546 0.8372115384615385 0.04857954545454544 0.06515384615384615
0 0.5531534090909092 0.91625 0.02363636363636362 0.04853846153846156
0 0.5199857954545455 0.8831826923076923 0.04406249999999998 0.04986538461538463
0 0.5221306818181819 0.9201057692307693 0.04872159090909092 0.05667307692307687
0 0.5176704545454545 0.8614326923076923 0.028920454545454565 0.036057692307692304
0 0.5254758522727272 0.8427596153846154 0.034531250000000006 0.03786538461538461
0 0.9081321022727273 0.40245192307692307 0.018906249999999993 0.022134615384615367
0 0.554559659090909 0.8538173076923077 0.025340909090909056 0.018250000000000016
0 0.5483238636363637 0.8428173076923077 0.021818181818181837 0.0210961538461539
0 0.6276349431818182 0.9923750000000001 0.07586647727272731 0.015134615384615394
0 0.5747017045454546 0.9888461538461539 0.03139204545454541 0.02230769230769235
0 0.5633522727272728 0.06154807692307693 0.04056818181818182 0.055826923076923086
0 0.5762926136363637 0.02519230769230769 0.05633522727272731 0.05038461538461538
0 0.6124928977272728 0.044153846153846155 0.03927556818181815 0.04080769230769231
0 0.6322940340909091 0.024432692307692308 0.03194602272727274 0.04867307692307692
0 0.6032599431818182 0.013134615384615385 0.04055397727272729 0.02623076923076923
0 0.6604758522727273 0.02375 0.02498579545454546 0.0475
0 0.807890625 0.12053846153846155 0.018877840909090896 0.031192307692307703
0 0.6461505681818182 0.055875 0.030681818181818213 0.041749999999999995
0 0.6416832386363636 0.09066346153846153 0.026065340909090903 0.03786538461538463
0 0.6448437499999999 0.13401923076923075 0.021846590909090944 0.05323076923076923
0 0.6548863636363637 0.16355769230769232 0.018068181818181817 0.023653846153846147
0 0.6400568181818183 0.17232692307692307 0.01909090909090909 0.027076923076923103
0 0.6298011363636364 0.21422115384615387 0.03977272727272727 0.059211538461538475
0 0.6376136363636364 0.2306826923076923 0.03374999999999999 0.04767307692307691
0 0.7038210227272728 0.35759615384615384 0.02477272727272727 0.04273076923076923
0 0.6799360795454545 0.2550192307692308 0.030411931818181814 0.04823076923076926
0 0.6857102272727273 0.23777884615384617 0.04343750000000002 0.035596153846153854
0 0.7900568181818182 0.09028846153846154 0.012244318181818188 0.041
0 0.6486647727272727 0.2435673076923077 0.03306818181818186 0.04867307692307693
0 0.5877272727272727 0.3142019230769231 0.029744318181818177 0.03659615384615385
0 0.6054119318181819 0.3354615384615385 0.022784090909090938 0.03130769230769231
0 0.6140056818181818 0.30730769230769234 0.025397727272727266 0.04080769230769231
0 0.5592897727272728 0.30742307692307697 0.027272727272727258 0.030615384615384593
0 0.5425 0.3140576923076923 0.028409090909090908 0.028538461538461544
0 0.5697727272727273 0.33215384615384613 0.03173295454545459 0.028692307692307722
0 0.5483309659090909 0.33407692307692305 0.021434659090909056 0.025269230769230742
0 0.49181107954545455 0.3369326923076923 0.013196022727272756 0.05413461538461539
0 0.5054758522727273 0.3354423076923077 0.016036931818181846 0.047884615384615394
0 0.7363423295454545 0.20947115384615386 0.03174715909090908 0.022749999999999996
0 0.4809588068181818 0.36523076923076925 0.026775568181818133 0.04426923076923079
0 0.5147514204545454 0.3529230769230769 0.04671874999999998 0.05715384615384615
0 0.5890909090909091 0.35133653846153845 0.027499999999999938 0.04082692307692306
0 0.5663139204545453 0.36322115384615383 0.024588068181818187 0.04917307692307691
0 0.5337713068181817 0.3672500000000001 0.044218749999999994 0.045730769230769235
0 0.5529758522727273 0.37372115384615384 0.018849431818181793 0.028365384615384615
0 0.5703977272727272 0.3974134615384615 0.05758522727272722 0.05371153846153848
0 0.605 0.3983846153846154 0.02911931818181818 0.07246153846153848
0 0.6634659090909091 0.26584615384615384 0.026789772727272707 0.053153846153846156
0 0.6916477272727273 0.36819230769230765 0.037414772727272734 0.048115384615384636
0 0.7363068181818182 0.19815384615384615 0.027159090909090876 0.022653846153846156
0 0.6897727272727272 0.32206730769230774 0.0409943181818182 0.04090384615384617
0 0.6720596590909091 0.38832692307692307 0.046676136363636385 0.06238461538461538
0 0.6678409090909091 0.3201057692307692 0.02980113636363639 0.07774999999999996
0 0.6474573863636364 0.3234711538461538 0.022073863636363666 0.07428846153846158
0 0.6194105113636363 0.37447115384615387 0.035014204545454515 0.07336538461538462
0 0.6384446022727273 0.2904038461538461 0.024474431818181805 0.05023076923076924
0 0.6319957386363637 0.3419038461538461 0.0332244318181818 0.0661153846153846
0 0.7624715909090909 0.4382403846153846 0.03113636363636366 0.08132692307692306
0 0.7435227272727273 0.43735576923076924 0.03386363636363637 0.06625000000000003
0 0.7054261363636364 0.6579326923076924 0.037414772727272734 0.04386538461538451
0 0.9096519886363637 0.3781346153846154 0.029048295454545448 0.03453846153846155
0 0.5299573863636364 0.6772788461538461 0.04210227272727279 0.06209615384615377
0 0.5621164772727273 0.5682692307692307 0.028011363636363595 0.04280769230769229
0 0.6059303977272728 0.5509519230769231 0.019815340909090894 0.030596153846153783
0 0.5429190340909091 0.559701923076923 0.018877840909090938 0.058288461538461546
0 0.5851704545454546 0.5376057692307692 0.026477272727272707 0.051711538461538434
0 0.5535227272727272 0.530923076923077 0.03846590909090915 0.044846153846153834
0 0.6250994318181817 0.5267115384615384 0.03357954545454544 0.043807692307692256
0 0.6011079545454545 0.5145673076923077 0.03352272727272731 0.04528846153846156
0 0.5681676136363636 0.5060961538461538 0.05008522727272726 0.05373076923076923
0 0.5244389204545454 0.5682596153846154 0.036946022727272716 0.05782692307692306
0 0.9357244318181819 0.37030769230769234 0.025767045454545456 0.035076923076923096
0 0.5152698863636364 0.5893173076923077 0.03142045454545455 0.04009615384615389
0 0.5075071022727272 0.5985576923076923 0.03242897727272725 0.04080769230769236
0 0.5152982954545454 0.6576826923076923 0.026988636363636364 0.04513461538461544
0 0.5145241477272728 0.6212115384615384 0.04450284090909089 0.041884615384615444
0 0.4975923295454545 0.6697211538461538 0.026548295454545453 0.0860192307692308
0 0.4792258522727273 0.6306826923076924 0.02748579545454549 0.08040384615384616
0 0.4482528409090909 0.6673653846153845 0.0758522727272727 0.09157692307692297
0 0.42939630681818175 0.6059519230769231 0.07390625000000005 0.11901923076923085
0 0.8427982954545454 0.9835673076923078 0.021420454545454545 0.03286538461538457
0 0.8728835227272727 0.9792211538461538 0.042244318181818175 0.04155769230769234
0 0.8562713068181818 0.16878846153846153 0.025724431818181816 0.033423076923076916
0 0.8511647727272728 0.9585865384615385 0.04088068181818182 0.029634615384615433
0 0.82328125 0.9461826923076923 0.02997159090909092 0.04628846153846153
0 0.8028906250000001 0.949125 0.030525568181818154 0.0687884615384615
0 0.8207457386363637 0.9808365384615385 0.023167613636363618 0.026596153846153926
0 0.8275923295454546 0.9930769230769231 0.018110795454545456 0.01380769230769243
0 0.8041832386363637 0.994096153846154 0.02910511363636363 0.011807692307692281
0 0.7911079545454546 0.959875 0.03210227272727276 0.03278846153846156
0 0.7811789772727272 0.9804711538461539 0.05602272727272727 0.039057692307692314
0 0.45214488636363637 0.5358173076923077 0.1307386363636363 0.11563461538461538
0 0.8111647727272727 0.5362211538461538 0.03835227272727273 0.028826923076923094
0 0.8262642045454546 0.09786538461538462 0.034375 0.026192307692307702
0 0.8368678977272728 0.5591346153846154 0.03055397727272726 0.03199999999999997
0 0.9381107954545455 0.6910576923076923 0.030539772727272728 0.036038461538461554
0 0.9169460227272728 0.7017980769230769 0.029176136363636352 0.03467307692307687
0 0.9181036931818182 0.7330288461538462 0.03296875000000001 0.03348076923076917
0 0.9029829545454545 0.6871346153846154 0.03039772727272727 0.06088461538461532
0 0.8939914772727273 0.667125 0.02022727272727272 0.051134615384615334
0 0.8812642045454545 0.6852211538461539 0.02403409090909091 0.04282692307692304
0 0.8760653409090909 0.6529038461538461 0.022073863636363624 0.039576923076923044
0 0.881796875 0.7298846153846154 0.04225852272727273 0.050038461538461615
0 0.8605894886363636 0.6981730769230768 0.03316761363636363 0.042423076923076924
0 0.35837357954545457 0.11483653846153846 0.028963068181818163 0.04178846153846153
0 0.8263068181818182 0.07815384615384616 0.02022727272727274 0.028884615384615377
0 0.854559659090909 0.6714326923076923 0.029573863636363627 0.03428846153846151
0 0.8517329545454546 0.6396153846153847 0.032357954545454544 0.06938461538461535
0 0.8296661931818182 0.592326923076923 0.04879261363636365 0.10199999999999992
0 0.834403409090909 0.6931153846153846 0.01946022727272728 0.04069230769230774
0 0.8249786931818182 0.64125 0.02444602272727272 0.08173076923076923
0 0.8141264204545455 0.6208942307692308 0.02370738636363634 0.0824807692307692
0 0.8159232954545454 0.6934903846153846 0.025056818181818184 0.06421153846153843
0 0.8499573863636364 0.7270865384615385 0.02161931818181818 0.035057692307692234
0 0.9492897727272728 0.7289615384615384 0.030653409090909092 0.027384615384615403
0 0.97953125 0.7528076923076924 0.01823863636363636 0.03719230769230764
0 0.9064772727272727 0.05438461538461538 0.026676136363636364 0.03923076923076923
0 0.9629829545454546 0.756125 0.018806818181818178 0.04348076923076926
0 0.8279261363636363 0.7279230769230769 0.02289772727272726 0.03715384615384614
0 0.7855681818181819 0.6379903846153846 0.036278409090909076 0.0824807692307692
0 0.7813707386363636 0.22284615384615383 0.019673295454545447 0.032692307692307694
0 0.7852698863636364 0.1742019230769231 0.018693181818181814 0.030596153846153867
0 0.7304474431818182 0.26634615384615384 0.014616477272727262 0.029538461538461565
0 0.47689630681818185 0.08496153846153846 0.015326704545454574 0.022884615384615396
0 0.463465909090909 0.08361538461538462 0.014005681818181757 0.02288461538461538
0 0.43394886363636365 0.08524038461538462 0.02065340909090904 0.031096153846153836
0 0.450887784090909 0.09874038461538462 0.022968750000000024 0.027634615384615393
0 0.9254048295454546 0.1600576923076923 0.03447443181818182 0.04292307692307694
0 0.5294176136363635 0.3017980769230769 0.022926136363636343 0.02494230769230769
0 0.4995667613636363 0.2999615384615385 0.019019886363636343 0.025500000000000037
0 0.5382102272727272 0.27615384615384614 0.02846590909090912 0.0375
0 0.5604332386363637 0.2642019230769231 0.024531249999999973 0.034057692307692324
0 0.5691548295454545 0.27562499999999995 0.012826704545454507 0.026096153846153887
0 0.3476775568181818 0.8647307692307692 0.018991477272727278 0.030692307692307654
0 0.35973011363636365 0.8364519230769232 0.035823863636363674 0.0354038461538462
0 0.5193963068181817 0.23080769230769232 0.02370738636363636 0.027269230769230754
0 0.5004261363636363 0.22085576923076922 0.022982954545454556 0.03048076923076922
0 0.5160227272727272 0.2063269230769231 0.030056818181818216 0.03119230769230769
0 0.8247443181818181 0.11872115384615385 0.01997159090909091 0.028442307692307676
0 0.5078764204545454 0.1765576923076923 0.024502840909090908 0.030846153846153832
0 0.5229403409090909 0.17373076923076924 0.02124999999999997 0.02519230769230768
0 0.5333025568181817 0.197 0.029076704545454583 0.039192307692307686
0 0.5461931818181818 0.1643653846153846 0.027443181818181808 0.032846153846153844
0 0.5238920454545455 0.2480576923076923 0.01877840909090913 0.02953846153846151
0 0.5414630681818182 0.21590384615384614 0.02556818181818182 0.028961538461538466
0 0.5435795454545455 0.23111538461538464 0.022244318181818136 0.021192307692307684
0 0.560447443181818 0.21571153846153845 0.016235795454545465 0.021923076923076934
0 0.5217542613636363 0.13663461538461538 0.03964488636363632 0.037615384615384606
0 0.41308238636363637 0.11775961538461538 0.017954545454545435 0.027942307692307693
0 0.767109375 0.16325 0.019815340909090932 0.02396153846153848
0 0.4141548295454546 0.08951923076923077 0.020014204545454592 0.03330769230769231
0 0.40948153409090904 0.057951923076923074 0.01825284090909086 0.033596153846153845
0 0.37513494318181817 0.045375 0.024105113636363595 0.02125
0 0.41407670454545453 0.02354807692307692 0.02357954545454549 0.04709615384615384
0 0.3957528409090909 0.02086538461538462 0.01900568181818181 0.021384615384615387
0 0.3828977272727273 0.027009615384615385 0.019232954545454494 0.022288461538461538
0 0.3985440340909091 0.007240384615384615 0.020667613636363654 0.014442307692307692
0 0.3774502840909091 0.009538461538461539 0.02524147727272733 0.01903846153846154
0 0.27475852272727286 0.18003846153846154 0.016988636363636334 0.02299999999999999
0 0.26969460227272724 0.20272115384615383 0.017741477272727287 0.03101923076923079
0 0.7441903409090909 0.1770576923076923 0.015795454545454553 0.021846153846153845
0 0.254872159090909 0.17365384615384616 0.02380681818181817 0.03276923076923075
0 0.2565056818181819 0.2070192307692308 0.025880681818181858 0.03503846153846154
0 0.24557528409090912 0.13028846153846155 0.025071022727272855 0.05503846153846155
0 0.2902911931818182 0.14647115384615386 0.022400568181818157 0.039365384615384615
0 0.27041903409090906 0.1519423076923077 0.02080965909090914 0.03942307692307692
0 0.2587073863636363 0.14224038461538463 0.025113636363636452 0.036019230769230776
0 0.24342329545454544 0.08895192307692307 0.020454545454545583 0.033519230769230766
0 0.23306107954545463 0.11701923076923078 0.020298295454545565 0.0305
0 0.25402698863636364 0.06566346153846153 0.016491477272727293 0.037634615384615384
0 0.26609375 0.049499999999999995 0.02227272727272728 0.03538461538461538
0 0.7291761363636364 0.1780576923076923 0.01840909090909088 0.024923076923076912
0 0.2769389204545455 0.05191346153846154 0.019076704545454556 0.025403846153846155
0 0.21607244318181817 0.13791346153846154 0.04132102272727261 0.05290384615384615
0 0.22625710227272744 0.09443269230769231 0.02720170454545451 0.03525000000000001
0 0.24263494318181822 0.05875961538461538 0.01867897727272724 0.028480769230769237
0 0.2239417613636363 0.06446153846153846 0.019928977272727234 0.03457692307692307
0 0.30928977272727276 0.29587500000000005 0.020681818181818187 0.025211538461538435
0 0.13952414772727273 0.3808942307692308 0.018110795454545456 0.0345576923076923
0 0.13260653409090917 0.3874903846153846 0.0191051136363637 0.02517307692307693
0 0.12177556818181823 0.37575961538461533 0.018039772727272793 0.021942307692307685
0 0.12465198863636362 0.39812499999999995 0.023593749999999858 0.02721153846153847
0 0.27772017045454545 0.11696153846153846 0.016036931818181846 0.030846153846153856
0 0.16517755681818191 0.41968269230769234 0.013650568181818201 0.02505769230769231
0 0.1573224431818182 0.40479807692307695 0.018849431818181793 0.03290384615384618
0 0.17590198863636364 0.407875 0.019133522727272766 0.02344230769230769
0 0.1554758522727272 0.36988461538461537 0.01867897727272724 0.03830769230769234
0 0.17259943181818183 0.3807596153846154 0.02482954545454548 0.03521153846153847
0 0.26434659090909096 0.25441346153846156 0.013465909090909117 0.02563461538461541
0 0.25153409090909085 0.23444230769230767 0.023664772727272684 0.041230769230769224
0 0.27536221590909093 0.2304903846153846 0.027059659090909027 0.02617307692307692
0 0.25139914772727256 0.2757019230769231 0.027173295454545447 0.04186538461538464
0 0.35277698863636364 0.3577211538461538 0.015667613636363677 0.03424999999999995
0 0.2995809659090909 0.06671153846153846 0.0283096590909091 0.05326923076923077
0 0.29034090909090904 0.3056346153846154 0.01803977272727271 0.02653846153846156
0 0.27417613636363636 0.3077115384615384 0.01781250000000003 0.0351153846153846
0 0.26230823863636354 0.33567307692307696 0.01938920454545451 0.035923076923076884
0 0.2709517045454546 0.34276923076923077 0.018863636363636326 0.03807692307692304
0 0.2612500000000001 0.2995769230769231 0.022244318181818136 0.03753846153846151
0 0.31229403409090917 0.35297115384615385 0.021747159090909095 0.033519230769230725
0 0.3022443181818182 0.3236057692307692 0.015426136363636302 0.03101923076923076
0 0.2877272727272727 0.3353846153846154 0.01889204545454539 0.034461538461538495
0 0.0616619318181818 0.7605288461538462 0.01877840909090913 0.04805769230769232
0 0.8723011363636364 0.7435192307692308 0.028607954545454548 0.024230769230769274
0 0.3278267045454545 0.08345192307692306 0.03360795454545458 0.0570576923076923
0 0.7939630681818182 0.7004230769230769 0.026732954545454577 0.05280769230769227
0 0.765078125 0.6825673076923077 0.04007102272727274 0.061057692307692306
0 0.9883735795454546 0.7405865384615385 0.02325284090909091 0.038980769230769194
0 0.837734375 0.755673076923077 0.022286931818181813 0.038423076923076956
0 0.854815340909091 0.7678365384615384 0.025880681818181817 0.047134615384615365
0 0.80625 0.7381346153846153 0.02446022727272725 0.04684615384615387
0 0.778856534090909 0.7389903846153846 0.03274147727272729 0.06240384615384613
0 0.7479829545454546 0.7207211538461538 0.038380681818181835 0.06609615384615386
0 0.8201420454545454 0.76525 0.029573863636363648 0.03942307692307692
0 0.8722443181818182 0.780125 0.044744318181818184 0.05259615384615378
0 0.3520596590909091 0.08997115384615384 0.016392045454545482 0.02782692307692309
0 0.45292613636363643 0.20239423076923077 0.01840909090909088 0.02494230769230769
0 0.9390269886363637 0.747048076923077 0.03098011363636363 0.03313461538461531
0 0.91640625 0.7516634615384615 0.04553977272727272 0.027903846153846137
0 0.8386647727272727 0.797875 0.030710227272727278 0.04617307692307691
0 0.8100923295454545 0.7812403846153846 0.05552556818181819 0.046711538461538395
0 0.756953125 0.7645 0.05075284090909089 0.042499999999999934
0 0.7630326704545455 0.783028846153846 0.07399147727272727 0.050634615384615354
0 0.8092116477272727 0.8315096153846153 0.01845170454545456 0.056403846153846124
0 0.7914630681818182 0.8348173076923078 0.021846590909090902 0.06463461538461542
0 0.7781676136363636 0.844173076923077 0.01937500000000002 0.08546153846153846
0 0.747372159090909 0.8372403846153846 0.045880681818181834 0.07098076923076917
0 0.4682315340909091 0.21535576923076924 0.022144886363636408 0.02340384615384613
0 0.8007386363636364 0.8649615384615384 0.03323863636363633 0.04630769230769228
0 0.8286931818181819 0.8438653846153846 0.03164772727272729 0.09030769230769238
0 0.8417329545454546 0.854375 0.02937500000000001 0.06805769230769239
0 0.863203125 0.8387307692307692 0.031661931818181825 0.08473076923076923
0 0.8794744318181819 0.8160288461538461 0.021107954545454544 0.05648076923076924
0 0.9064772727272727 0.7918653846153846 0.04073863636363637 0.06411538461538457
0 0.9455681818181818 0.7855673076923076 0.0447159090909091 0.046019230769230784
0 0.9329971590909091 0.8143076923076923 0.0515625 0.03753846153846151
0 0.8920383522727273 0.8504134615384616 0.03160511363636364 0.06548076923076926
0 0.9897159090909091 0.7745480769230769 0.02056818181818182 0.030096153846153804
0 0.4804900568181818 0.19497115384615382 0.016463068181818145 0.024288461538461557
0 0.9816264204545454 0.7933173076923077 0.036747159090909094 0.046057692307692286
0 0.9205752840909092 0.8541634615384615 0.03453124999999999 0.046019230769230784
0 0.9539488636363637 0.8309038461538462 0.05286931818181818 0.051269230769230706
0 0.9626988636363636 0.8583557692307693 0.039318181818181815 0.04298076923076916
0 0.9806960227272727 0.8425480769230769 0.03838068181818182 0.0539423076923076
0 0.9910724431818182 0.8884134615384616 0.017855113636363638 0.06609615384615386
0 0.9528835227272727 0.8744326923076924 0.04025568181818182 0.051326923076923076
0 0.978934659090909 0.8977884615384616 0.03116477272727273 0.04138461538461546
0 0.9873295454545454 0.9344230769230769 0.02534090909090909 0.03823076923076922
0 0.95015625 0.9070192307692307 0.049772727272727274 0.06738461538461542
0 0.46708806818181825 0.1862403846153846 0.023892045454545444 0.03505769230769229
0 0.9613423295454545 0.9514038461538462 0.06887784090909091 0.04238461538461542
0 0.9234943181818182 0.9763365384615386 0.045340909090909085 0.047249999999999986
0 0.9574644886363637 0.9829230769230769 0.056690340909090906 0.03415384615384614
0 0.9887571022727273 0.9767307692307692 0.022485795454545456 0.046538461538461515
0 0.024843750000000053 0.8495576923076923 0.02875000000000001 0.048846153846153914
0 0.03514204545454547 0.8534615384615385 0.04159090909090905 0.05500000000000004
0 0.08551846590909085 0.773298076923077 0.04552556818181828 0.032096153846153844
0 0.08786221590909093 0.8096346153846153 0.041235795454545414 0.04330769230769227
0 0.3675355113636364 0.7806057692307693 0.036406249999999994 0.05098076923076921
0 0.31472301136363645 0.7782884615384617 0.03649147727272727 0.03188461538461535
0 0.2707741477272727 0.0918076923076923 0.01311079545454548 0.018346153846153845
0 0.40361505681818177 0.8866538461538461 0.01765625000000001 0.037807692307692244
0 0.43145596590909097 0.974125 0.03740056818181824 0.037211538461538504
0 0.31624289772727276 0.7528846153846154 0.041377840909090906 0.04442307692307697
0 0.2675142045454545 0.8290096153846155 0.05090909090909095 0.030134615384615416
0 0.27351562500000004 0.8545673076923077 0.044218749999999994 0.026596153846153926
0 0.2509943181818183 0.8711057692307693 0.02593749999999999 0.029596153846153928
0 0.2822656250000001 0.8785673076923077 0.037144886363636415 0.03728846153846151
0 0.28200994318181816 0.7836826923076923 0.02461647727272725 0.026750000000000048
0 0.29770596590909093 0.7411634615384615 0.021292613636363648 0.04132692307692298
0 0.29093749999999996 0.7740576923076923 0.04230113636363641 0.05257692307692314
0 0.2581747159090909 0.095 0.01620738636363648 0.02526923076923077
0 0.10112926136363631 0.7373365384615383 0.035468749999999875 0.0735192307692307
0 0.7216193181818182 0.32067307692307695 0.024460227272727272 0.0386923076923077
0 0.6953693181818181 0.30225961538461543 0.03931818181818183 0.05140384615384613
0 0.39926136363636366 0.3765288461538462 0.01707386363636361 0.03048076923076922
0 0.3283806818181818 0.3513269230769231 0.014431818181818136 0.026692307692307682
0 0.33618607954545443 0.37299038461538464 0.026718750000000003 0.029442307692307698
0 0.3216477272727273 0.37658653846153844 0.047130681818181745 0.047903846153846144
0 0.3596732954545455 0.38399038461538465 0.033863636363636325 0.04874999999999999
0 0.38125 0.3926346153846154 0.028863636363636355 0.0437692307692308
0 0.41213778409090907 0.3729807692307692 0.043963068181818166 0.07038461538461538
0 0.26661931818181805 0.11350961538461538 0.018863636363636405 0.027442307692307686
0 0.4775071022727272 0.32882692307692307 0.017457386363636394 0.03503846153846154
0 0.5800000000000001 0.28859615384615384 0.030056818181818136 0.029846153846153866
0 0.6647088068181818 0.09049038461538461 0.025610795454545456 0.03594230769230769
0 0.6068821022727273 0.2623461538461539 0.03137784090909095 0.03850000000000002
0 0.44399147727272725 0.3552980769230769 0.04366477272727274 0.054980769230769236
0 0.5695951704545454 0.0839903846153846 0.04018465909090904 0.030634615384615385
0 0.6140553977272727 0.12783653846153845 0.026832386363636343 0.03975
0 0.5908451704545454 0.06682692307692308 0.016576704545454568 0.03496153846153847
0 0.6153551136363637 0.09852884615384615 0.028267045454545503 0.0309423076923077
0 0.6207599431818182 0.18771153846153846 0.031889204545454526 0.034807692307692296
0 0.49198863636363643 0.01410576923076923 0.02900568181818184 0.02821153846153846
0 0.6120454545454546 0.2772788461538462 0.040369318181818124 0.05024999999999999
0 0.518252840909091 0.3203173076923077 0.019772727272727296 0.029865384615384617
0 0.4558025568181818 0.3563173076923077 0.02691761363636362 0.03609615384615381
0 0.33333096590909084 0.05693269230769231 0.02776988636363638 0.043250000000000004
0 0.3620809659090909 0.019317307692307693 0.029019886363636373 0.038634615384615385
0 0.3464275568181818 0.02403846153846154 0.03609374999999995 0.04807692307692308
0 0.3175 0.01851923076923077 0.03088068181818183 0.03703846153846154
0 0.30328124999999995 0.02873076923076923 0.0430113636363636 0.05746153846153846
0 0.25039772727272724 0.023923076923076922 0.019772727272727216 0.047846153846153844
0 0.28488636363636366 0.02420192307692308 0.02531250000000007 0.04840384615384616
0 0.4664275568181818 0.013596153846153846 0.02359375000000002 0.027192307692307693
0 0.22798295454545459 0.028105769230769233 0.02755681818181831 0.056211538461538466
0 0.16718750000000004 0.0471826923076923 0.028267045454545423 0.028749999999999998
0 0.17213068181818192 0.017961538461538463 0.03181818181818179 0.035923076923076926
0 0.15842329545454537 0.013009615384615383 0.024687499999999994 0.026019230769230767
0 0.13825284090909085 0.00973076923076923 0.01889204545454555 0.01946153846153846
0 0.08118607954545454 0.04897115384615384 0.039957386363636355 0.05032692307692307
0 0.06731534090909086 0.04647115384615384 0.029034090909090985 0.046519230769230764
0 0.06488636363636369 0.018807692307692307 0.02920454545454554 0.03761538461538461
0 0.05108664772727256 0.017134615384615384 0.02606534090909094 0.03426923076923077
0 0.040156250000000004 0.06393269230769232 0.034176136363636284 0.06228846153846154
0 0.48223721590909097 0.03103846153846154 0.021860795454545435 0.02742307692307692
0 0.03803267045454539 0.01628846153846154 0.01808238636363639 0.03257692307692308
0 0.025149147727272614 0.004653846153846153 0.014502840909090799 0.009307692307692307
0 0.0036576704545455696 0.014653846153846154 0.007315340909090876 0.02930769230769231
0 0.021960227272727284 0.022567307692307692 0.03357954545454544 0.045134615384615384
0 0.016598011363636256 0.041192307692307695 0.033196022727272734 0.04388461538461538
0 0.014332386363636207 0.07163461538461538 0.028664772727272657 0.03965384615384616
0 0.009616477272727297 0.10685576923076923 0.019232954545454494 0.04267307692307692
0 0.07221590909090903 0.08420192307692308 0.03889204545454545 0.03440384615384614
0 0.23322443181818187 0.17957692307692308 0.029545454545454642 0.04461538461538462
0 0.2349928977272726 0.21855769230769231 0.024843749999999852 0.04515384615384616
0 0.35494318181818185 0.06342307692307693 0.017130681818181823 0.031230769230769236
0 0.4941832386363636 0.2710192307692308 0.016292613636363595 0.024769230769230762
0 0.20435369318181817 0.06656730769230768 0.02208806818181812 0.08348076923076922
0 0.29456676136363635 0.363625 0.02455965909090904 0.051634615384615376
0 0.2704545454545454 0.3828557692307692 0.040142045454545444 0.0660576923076923
0 0.13069602272727276 0.6677115384615384 0.034431818181818195 0.0464230769230769
0 0.1543607954545455 0.5698461538461538 0.028920454545454565 0.035538461538461574
0 0.1413565340909091 0.677076923076923 0.05217329545454548 0.054115384615384586
0 0.1644957386363637 0.6894807692307692 0.0297017045454545 0.04811538461538469
0 0.16638494318181818 0.5424423076923077 0.033565340909090906 0.04469230769230771
0 0.18077414772727274 0.5453846153846155 0.02595170454545452 0.050038461538461615
0 0.18240056818181827 0.7004711538461539 0.026903409090909006 0.05040384615384622
0 0.5050355113636364 0.25922115384615385 0.02092329545454548 0.016519230769230776
0 0.2089204545454545 0.6937884615384615 0.03545454545454534 0.04699999999999999
0 0.20892755681818187 0.6719326923076923 0.015213068181818234 0.031634615384615365
0 0.2058522727272727 0.6453076923076924 0.018437500000000027 0.03650000000000003
0 0.22193181818181817 0.659 0.01392045454545448 0.031923076923076964
0 0.1935085227272727 0.5990576923076922 0.02306818181818183 0.03534615384615384
0 0.2146519886363637 0.6148846153846154 0.025298295454545375 0.03976923076923078
0 0.22191761363636364 0.6236442307692308 0.017443181818181778 0.04063461538461537
0 0.2375497159090909 0.6380288461538461 0.02708806818181809 0.02725000000000003
0 0.23738636363636367 0.6167019230769231 0.018920454545454456 0.030134615384615305
0 0.19463778409090904 0.5567019230769231 0.017315340909090985 0.050173076923076876
0 0.49398437500000003 0.10366346153846154 0.020184659090909062 0.027019230769230764
0 0.18858664772727274 0.5580480769230769 0.024474431818181843 0.055288461538461536
0 0.23730113636363626 0.6637403846153845 0.01920454545454559 0.026596153846153815
0 0.2655610795454546 0.9100673076923077 0.04333806818181809 0.03528846153846158
0 0.2700639204545454 0.9498653846153846 0.04938920454545452 0.0488076923076923
0 0.32603693181818183 0.9791634615384615 0.03619318181818176 0.04167307692307695
0 0.2659659090909091 0.9791923076923077 0.05400568181818179 0.04161538461538459
0 0.3191477272727272 0.5467692307692308 0.02883522727272729 0.03584615384615382
0 0.3056036931818181 0.570875 0.03191761363636359 0.03571153846153845
0 0.3319389204545454 0.5655096153846154 0.028110795454545402 0.04398076923076924
0 0.3072017045454545 0.610375 0.04718749999999996 0.046596153846153884
0 0.5211150568181818 0.07420192307692308 0.012542613636363614 0.016365384615384625
0 0.29454545454545455 0.5995961538461537 0.029176136363636394 0.03019230769230767
0 0.2729190340909091 0.6177884615384616 0.02177556818181816 0.037884615384615475
0 0.3050710227272727 0.6389903846153846 0.029346590909090944 0.03236538461538459
0 0.2823011363636364 0.6441634615384616 0.02477272727272727 0.04232692307692317
0 0.26541903409090917 0.6907884615384616 0.03901988636363632 0.0607692307692307
0 0.2817471590909091 0.6963173076923077 0.029488636363636352 0.03532692307692309
0 0.2952201704545454 0.6711442307692308 0.023622159090909086 0.033903846153846146
0 0.31225852272727284 0.6564711538461538 0.018920454545454535 0.026249999999999957
0 0.6875071022727273 0.5991634615384616 0.050809659090909065 0.04209615384615382
0 0.67484375 0.5840865384615385 0.03920454545454544 0.04571153846153853
0 0.504140625 0.08462499999999999 0.02365056818181823 0.029519230769230773
0 0.6531818181818182 0.6241057692307692 0.02477272727272727 0.04221153846153844
0 0.6664062500000001 0.6318365384615384 0.019176136363636364 0.04090384615384612
0 0.6971875000000001 0.6322211538461538 0.046250000000000006 0.03794230769230773
0 0.6625071022727274 0.577701923076923 0.0292755681818182 0.05390384615384621
0 0.6317258522727274 0.610153846153846 0.03595170454545455 0.03996153846153852
0 0.6417329545454546 0.6437403846153846 0.03920454545454544 0.029634615384615322
0 0.6253977272727274 0.6472788461538462 0.028920454545454524 0.028403846153846227
0 0.6437144886363637 0.6741250000000001 0.032230113636363675 0.033403846153846166
0 0.6257528409090909 0.6779615384615384 0.026988636363636406 0.03350000000000003
0 0.6133238636363636 0.6532307692307693 0.01599431818181825 0.02592307692307696
0 0.3333380681818182 0.15828846153846154 0.03142045454545455 0.03476923076923077
0 0.6407244318181817 0.7133942307692308 0.027301136363636402 0.05421153846153846
0 0.616356534090909 0.697298076923077 0.025667613636363627 0.04055769230769226
0 0.5993536931818182 0.6606346153846153 0.02765625000000004 0.03630769230769241
0 0.6098721590909091 0.6192115384615384 0.028607954545454607 0.02923076923076921
0 0.5948295454545454 0.6296442307692308 0.03323863636363633 0.03728846153846151
0 0.5967826704545454 0.5984903846153847 0.035355113636363615 0.029673076923076937
0 0.5743892045454546 0.6040673076923078 0.01926136363636364 0.021288461538461527
0 0.5925497159090909 0.6835288461538461 0.0353551136363637 0.03528846153846158
0 0.5728338068181817 0.6706153846153846 0.028110795454545482 0.026461538461538554
0 0.5797869318181819 0.6448750000000001 0.01968750000000002 0.026250000000000065
0 0.35271306818181813 0.16841346153846154 0.03105113636363638 0.027519230769230775
0 0.6437926136363636 0.5808076923076922 0.019602272727272742 0.01946153846153847
0 0.6226278409090908 0.5810384615384615 0.03221590909090906 0.029192307692307705
0 0.6509090909090909 0.5523461538461539 0.03397727272727275 0.046423076923077004
0 0.5596306818181818 0.652701923076923 0.023267045454545447 0.040749999999999995
0 0.5391477272727272 0.6377211538461539 0.024971590909090968 0.020096153846153823
0 0.5694886363636364 0.6212403846153846 0.03838068181818179 0.026826923076923054
0 0.6309374999999999 0.548048076923077 0.0319034090909091 0.04801923076923082
0 0.599140625 0.5756153846153848 0.03677556818181816 0.028269230769230748
0 0.6244389204545455 0.7432019230769231 0.03075284090909096 0.05244230769230777
0 0.6001704545454545 0.7142115384615384 0.022585227272727323 0.0488076923076923
0 0.86671875 0.4011442307692308 0.034602272727272725 0.029057692307692333
0 0.26355113636363636 0.017375 0.027357954545454612 0.03475
0 0.18843750000000015 0.4412403846153846 0.034204545454545515 0.04932692307692309
0 0.24869318181818167 0.6800673076923077 0.04593750000000005 0.09825000000000006
0 0.2259801136363635 0.6945192307692307 0.027102272727272784 0.04388461538461537
0 0.5846164772727273 0.7155576923076924 0.013892045454545416 0.05857692307692304
0 0.5621732954545454 0.7104326923076922 0.03465909090909096 0.06667307692307696
0 0.542315340909091 0.6866057692307692 0.03355113636363637 0.03574999999999995
0 0.7650071022727273 0.3852884615384615 0.02387784090909091 0.051346153846153826
0 0.7368323863636363 0.3957980769230769 0.02306818181818179 0.06525000000000002
0 0.7178053977272727 0.3956923076923077 0.021377840909090926 0.059692307692307676
0 0.0042897727272727115 0.7579038461538462 0.008579545454545402 0.024384615384615397
0 0.8247088068181818 0.3915096153846154 0.03805397727272728 0.028403846153846172
0 0.7983380681818182 0.3899615384615384 0.044744318181818184 0.039961538461538465
0 0.7984161931818181 0.40595192307692307 0.04813920454545457 0.02936538461538458
0 0.7882173295454545 0.470625 0.03299715909090912 0.05398076923076922
0 0.7111434659090909 0.4354903846153846 0.0358096590909091 0.0440192307692308
0 0.614296875 0.0798076923076923 0.03407670454545448 0.03246153846153845
0 0.6333025568181818 0.12623076923076923 0.020525568181818166 0.04457692307692309
0 0.5383167613636364 0.06685576923076923 0.025923295454545456 0.03867307692307692
0 0.7442187499999999 0.1160673076923077 0.03392045454545454 0.03798076923076924
0 0.7854119318181818 0.04343269230769231 0.02053977272727274 0.05586538461538461
0 0.04759232954545456 0.7390288461538461 0.024957386363636272 0.029634615384615433
0 0.7690696022727272 0.04900961538461538 0.02117897727272727 0.03986538461538462
0 0.7599644886363637 0.07491346153846154 0.019275568181818213 0.031788461538461536
0 0.7448011363636364 0.07885576923076923 0.020397727272727293 0.03963461538461539
0 0.7235866477272728 0.07915384615384614 0.026235795454545453 0.04515384615384615
0 0.6747585227272728 0.05857692307692308 0.028863636363636355 0.028653846153846144
0 0.75046875 0.042403846153846146 0.025056818181818204 0.04176923076923077
0 0.7619034090909091 0.016971153846153844 0.03511363636363636 0.03394230769230769
0 0.7268394886363636 0.03723076923076923 0.02504261363636363 0.04330769230769231
0 0.734140625 0.014692307692307692 0.02850852272727272 0.029384615384615384
0 0.7028267045454546 0.03400961538461538 0.03485795454545453 0.06774999999999999
