0 0.6741761363636364 0.7831442307692308 0.029772727272727284 0.023288461538461563
0 0.03807528409090921 0.18108653846153847 0.023196022727272784 0.021211538461538462
0 0.09348721590909104 0.5260673076923077 0.033735795454545456 0.03874999999999996
0 0.09757812499999996 0.4893846153846154 0.02964488636363637 0.06088461538461538
0 0.08325994318181817 0.49284615384615377 0.023508522727272663 0.053961538461538464
0 0.7416193181818183 0.46232692307692314 0.04309659090909091 0.08726923076923082
0 0.7147230113636364 0.44373076923076926 0.05416193181818181 0.06869230769230769
0 0.6956960227272727 0.5275673076923076 0.02269886363636362 0.03148076923076924
0 0.6932670454545455 0.5019423076923076 0.03622159090909091 0.05049999999999998
0 0.7173224431818181 0.4924230769230769 0.037855113636363645 0.04903846153846154
0 0.7467897727272728 0.5290288461538462 0.06110795454545456 0.05636538461538462
0 0.7284517045454546 0.5351153846153845 0.04230113636363637 0.0416923076923077
0 0.05025568181818185 0.16106730769230768 0.023210227272727157 0.026711538461538464
0 0.7063849431818182 0.5568942307692307 0.021150568181818204 0.05913461538461538
0 0.6905255681818181 0.5556538461538463 0.020681818181818187 0.028000000000000004
0 0.66546875 0.534798076923077 0.03954545454545455 0.04978846153846162
0 0.6781250000000001 0.5274230769230769 0.016761363636363654 0.033230769230769175
0 0.2600639204545455 0.6873076923076923 0.027883522727272722 0.05492307692307693
0 0.6631676136363636 0.5761923076923077 0.04596590909090911 0.05665384615384622
0 0.13479403409090907 0.584298076923077 0.02884943181818174 0.06509615384615378
0 0.6785724431818182 0.6020192307692307 0.03723011363636361 0.07219230769230774
0 0.6959801136363637 0.5982788461538462 0.030710227272727278 0.060480769230769206
0 0.7020312500000001 0.6329326923076923 0.040965909090909094 0.05040384615384622
0 0.7712073863636364 0.24650000000000002 0.03707386363636363 0.033269230769230794
0 0.7166974431818183 0.6039423076923076 0.028394886363636376 0.039076923076923065
0 0.7390340909090909 0.6064615384615385 0.02653409090909092 0.02773076923076926
0 0.753231534090909 0.6064711538461539 0.06143465909090909 0.06678846153846157
0 0.7650994318181819 0.5702403846153846 0.04607954545454545 0.06363461538461533
0 0.01690340909090904 0.17873076923076922 0.02494318181818174 0.04161538461538462
0 0.40106534090909096 0.7255384615384615 0.030653409090909068 0.05369230769230772
0 0.2788494318181818 0.2814903846153846 0.03238636363636365 0.03855769230769233
0 0.20233664772727267 0.22699038461538462 0.025269886363636473 0.03059615384615384
0 0.22427556818181815 0.19864423076923077 0.025255681818181778 0.027903846153846137
0 0.15192471590909085 0.4793269230769231 0.047485795454545385 0.06834615384615383
0 0.08041903409090911 0.17245192307692306 0.03481534090909089 0.041634615384615395
0 0.15433238636363633 0.44759615384615387 0.027045454545454494 0.027653846153846143
0 0.15703835227272733 0.5281538461538461 0.03606534090909089 0.06346153846153846
0 0.28681818181818175 0.34183653846153844 0.017357954545454503 0.020326923076923065
0 0.10684659090909099 0.46875961538461536 0.0234375 0.039057692307692314
0 0.28493607954545463 0.3212019230769231 0.021122159090909018 0.036211538461538434
0 0.2992400568181818 0.33390384615384616 0.018764204545454518 0.020961538461538472
0 0.8309375 0.082125 0.04090909090909089 0.04355769230769231
0 0.3029971590909091 0.3405673076923077 0.027215909090909044 0.03174999999999998
0 0.8435795454545454 0.10826923076923077 0.03769886363636365 0.047307692307692294
0 0.8405894886363636 0.12444230769230771 0.03723011363636363 0.03734615384615385
0 0.07578125000000002 0.15125000000000002 0.03480113636363636 0.04161538461538462
0 0.8118607954545455 0.09208653846153846 0.024829545454545462 0.044826923076923084
0 0.426065340909091 0.6046730769230769 0.02071022727272725 0.06869230769230775
0 0.3249644886363636 0.6454423076923077 0.03194602272727274 0.04119230769230761
0 0.24409090909090903 0.6976153846153846 0.026363636363636447 0.0494230769230769
0 0.3472727272727273 0.6475000000000001 0.015710227272727275 0.04530769230769231
0 0.39501420454545455 0.6778942307692307 0.02937500000000001 0.06871153846153849
0 0.09919034090909096 0.36324999999999996 0.019886363636363636 0.02542307692307692
0 0.052045454545454506 0.4652788461538461 0.02349431818181813 0.041326923076923094
0 0.9293750000000001 0.05440384615384615 0.04556818181818183 0.04965384615384615
0 0.803125 0.11480769230769232 0.02573863636363637 0.05042307692307692
0 0.7373650568181818 0.2882403846153846 0.021122159090909098 0.04786538461538464
0 0.04405539772727274 0.508201923076923 0.02066761363636357 0.04959615384615389
0 0.3946803977272727 0.634951923076923 0.031377840909090876 0.06778846153846153
0 0.41237926136363634 0.6091923076923076 0.020042613636363657 0.06869230769230764
0 0.922421875 0.027730769230769226 0.043252840909090914 0.04757692307692307
0 0.10895596590909085 0.43050000000000005 0.03606534090909089 0.07811538461538457
0 0.13239346590909096 0.4337596153846154 0.025241477272727245 0.02440384615384615
0 0.2910369318181818 0.29071153846153847 0.02767045454545457 0.04126923076923079
0 0.029659090909090913 0.19797115384615382 0.04465909090909099 0.025134615384615398
0 0.27836647727272734 0.3183461538461539 0.024857954545454544 0.04319230769230771
0 0.037485795454545556 0.5218653846153847 0.03286931818181816 0.06803846153846153
0 0.09228693181818182 0.3486826923076923 0.022642045454545533 0.039634615384615414
0 0.004417613636363615 0.5180576923076923 0.008835227272727312 0.04388461538461537
0 0.011931818181818099 0.5247307692307692 0.0238636363636363 0.05723076923076921
0 0.009680397727272805 0.5614326923076924 0.019360795454545447 0.02344230769230769
0 0.002904829545454679 0.4502115384615385 0.005752840909091006 0.04476923076923077
0 0.014957386363636305 0.32685576923076926 0.02991477272727265 0.02971153846153844
0 0.11827414772727274 0.4085384615384615 0.03666193181818174 0.04230769230769231
0 0.12938920454545444 0.47444230769230766 0.022840909090909148 0.05696153846153842
0 0.13930397727272736 0.5354807692307694 0.029460227272727287 0.037423076923076885
0 0.13930397727272714 0.5155384615384615 0.030653409090909148 0.02523076923076924
0 0.11916903409090907 0.49968269230769236 0.021633522727272755 0.039057692307692314
0 0.047059659090909034 0.21682692307692308 0.0667045454545455 0.03611538461538462
0 0.2553835227272727 0.33517307692307696 0.024857954545454544 0.026038461538461524
0 0.25983664772727266 0.31611538461538463 0.019701704545454553 0.032384615384615394
0 0.30510653409090904 0.3021442307692308 0.02299715909090909 0.04128846153846154
0 0.11793323863636374 0.2962692307692308 0.021122159090909098 0.03857692307692308
0 0.2679616477272727 0.2659903846153846 0.028480113636363654 0.03628846153846155
0 0.13509943181818185 0.410173076923077 0.030653409090908988 0.04719230769230768
0 0.11572443181818182 0.21863461538461537 0.0191477272727273 0.040884615384615366
0 0.8185227272727272 0.13751923076923078 0.039999999999999994 0.04730769230769231
0 0.25762784090909097 0.25275000000000003 0.037982954545454556 0.05065384615384613
0 0.8157599431818181 0.066875 0.028963068181818184 0.03298076923076924
0 0.7196875 0.26518269230769226 0.034914772727272704 0.021596153846153827
0 0.2573437500000001 0.28677884615384613 0.016193181818181787 0.0294807692307692
0 0.23369318181818177 0.6763269230769231 0.022812499999999923 0.05903846153846162
0 0.24505681818181813 0.29131730769230774 0.01284090909090904 0.029480769230769255
0 0.23752130681818184 0.3170288461538462 0.023451704545454533 0.032519230769230766
0 0.23249289772727266 0.29131730769230774 0.014531250000000025 0.03551923076923077
0 0.23389204545454545 0.2584230769230769 0.026250000000000027 0.033269230769230766
0 0.2531960227272727 0.2337403846153846 0.039232954545454474 0.03690384615384612
0 0.2219460227272727 0.23959615384615385 0.02326704545454561 0.025192307692307653
0 0.0644957386363636 0.9105480769230769 0.046434659090909165 0.029788461538461555
0 0.15432528409090907 0.8385769230769231 0.04032670454545453 0.06949999999999998
0 0.7606463068181818 0.2899903846153846 0.02975852272727271 0.06421153846153849
0 0.90734375 0.5587403846153847 0.01860795454545455 0.04517307692307694
0 0.16134943181818184 0.8021826923076922 0.04582386363636362 0.043019230769230775
0 0.04593039772727281 0.5987884615384615 0.022883522727272745 0.06865384615384625
0 0.23872159090909084 0.3839423076923077 0.01659090909090902 0.021653846153846135
0 0.1282883522727274 0.014980769230769232 0.02623579545454533 0.029961538461538463
0 0.6146235795454545 0.9878461538461537 0.04296875 0.023961538461538423
0 0.9563991477272727 0.5698557692307692 0.017656249999999995 0.03432692307692312
0 0.8608735795454545 0.8849230769230768 0.01723011363636365 0.03300000000000005
0 0.19281960227272732 0.8385769230769231 0.026889204545454636 0.041346153846153845
0 0.05439630681818197 0.025278846153846152 0.033139204545454604 0.05048076923076923
0 0.4985440340909091 0.16971153846153847 0.06089488636363637 0.07900000000000003
0 0.07792613636363643 0.3546538461538462 0.03480113636363636 0.04261538461538461
0 0.6626278409090909 0.9889326923076923 0.046363636363636385 0.022134615384615367
0 0.8457173295454545 0.897 0.02734375 0.052307692307692395
0 0.8442258522727273 0.9243557692307691 0.02674715909090909 0.037826923076923105
0 0.8703835227272727 0.95575 0.03389204545454547 0.0410384615384616
0 0.18150568181818183 0.8269903846153845 0.034829545454545426 0.06617307692307697
0 0.2522585227272728 0.3751538461538461 0.01599431818181817 0.031769230769230786
0 0.851953125 0.9597596153846155 0.04339488636363636 0.037826923076923105
0 0.08719460227272724 0.010298076923076924 0.03245738636363624 0.020596153846153847
0 0.23253551136363626 0.8129326923076924 0.047656250000000094 0.05128846153846157
0 0.06786931818181818 0.027615384615384618 0.037982954545454556 0.051423076923076926
0 0.08151278409090912 0.33184615384615385 0.0254119318181818 0.03738461538461538
0 0.9622869318181818 0.5361442307692307 0.023096590909090907 0.04290384615384616
0 0.7574289772727273 0.938875 0.030965909090909068 0.06017307692307696
0 0.06200994318181818 0.6561538461538461 0.04268465909090902 0.07284615384615384
0 0.5795454545454546 0.154375 0.06661931818181815 0.07051923076923078
0 0.5855539772727273 0.19505769230769232 0.029545454545454562 0.03526923076923075
0 0.3132244318181818 0.39701923076923074 0.01767045454545454 0.026884615384615364
0 0.29885653409090907 0.3874903846153846 0.0220880681818182 0.02951923076923076
0 0.293359375 0.36220192307692306 0.03862215909090909 0.020019230769230817
0 0.7319673295454545 0.9537403846153846 0.027968749999999997 0.04394230769230774
0 0.8807883522727273 0.9412596153846153 0.028536931818181822 0.03944230769230767
0 0.7984872159090909 0.34079807692307695 0.03490056818181817 0.046557692307692265
0 0.1514204545454546 0.047721153846153844 0.024176136363636337 0.04675
0 0.8653267045454546 0.9195288461538461 0.015454545454545448 0.036211538461538434
0 0.8993252840909091 0.5587403846153847 0.01796875000000001 0.06082692307692307
0 0.0369602272727273 0.6281057692307692 0.024744318181818284 0.056942307692307716
0 0.6032883522727273 0.19009615384615383 0.02146306818181812 0.03646153846153845
0 0.7284730113636364 0.9250192307692308 0.030951704545454574 0.03246153846153845
0 0.6102272727272728 0.18154807692307692 0.026079545454545393 0.030750000000000017
0 0.9195383522727273 0.5157307692307692 0.027599431818181818 0.044307692307692235
0 0.579247159090909 0.9798653846153846 0.031164772727272725 0.03765384615384623
0 0.13864346590909093 0.041173076923076916 0.026235795454545494 0.03738461538461538
0 0.6361292613636363 0.3948846153846154 0.02825284090909093 0.05046153846153848
0 0.616356534090909 0.20280769230769233 0.029190340909090926 0.04623076923076924
0 0.9568536931818182 0.5971346153846153 0.023991477272727272 0.027576923076923138
0 0.9461008522727272 0.32341346153846157 0.04058238636363636 0.05136538461538463
0 0.9490553977272728 0.5422403846153847 0.021178977272727273 0.053865384615384704
0 0.051136363636363646 0.3453076923076923 0.03977272727272727 0.05084615384615384
0 0.14554687499999985 0.07202884615384615 0.030383522727272707 0.04675
0 0.5985440340909092 0.21721153846153843 0.035127840909090935 0.0308076923076923
0 0.590497159090909 0.27390384615384616 0.015795454545454553 0.10015384615384615
0 0.11793323863636362 0.049125 0.023480113636363598 0.05328846153846154
0 0.89546875 0.5174807692307692 0.021818181818181816 0.025192307692307625
0 0.8156889204545454 0.31785576923076925 0.04157670454545452 0.04794230769230771
0 0.09721590909090916 0.029480769230769234 0.024857954545454544 0.021500000000000002
0 0.62734375 0.47678846153846155 0.038494318181818137 0.05707692307692303
0 0.6002556818181819 0.2674326923076923 0.020369318181818145 0.07371153846153843
0 0.6235298295454546 0.2603942307692308 0.03200284090909091 0.07201923076923075
0 0.755184659090909 0.8993269230769231 0.038437500000000006 0.03246153846153845
0 0.04119318181818177 0.35915384615384616 0.028721590909090947 0.04561538461538461
0 0.7281676136363636 0.8881153846153846 0.030738636363636343 0.058884615384615396
0 0.3763920454545455 0.9711538461538461 0.03008522727272728 0.057692307692307696
0 0.7054971590909092 0.8983173076923077 0.024971590909090926 0.06828846153846152
0 0.5615553977272727 0.990701923076923 0.03285511363636363 0.01824999999999991
0 0.83390625 0.37136538461538465 0.03696022727272727 0.07157692307692308
0 0.06411931818181815 0.3778365384615385 0.024857954545454544 0.026173076923076948
0 0.6957599431818182 0.9480096153846155 0.01947443181818179 0.05813461538461531
0 0.7187357954545455 0.9669230769230769 0.03446022727272726 0.03649999999999993
0 0.7107457386363636 0.9442788461538462 0.018480113636363624 0.025019230769230752
0 0.6636931818181818 0.843625 0.03565340909090908 0.05678846153846149
0 0.03817471590909094 0.3941826923076923 0.03294034090909099 0.027634615384615393
0 0.21635653409090916 0.14448076923076922 0.024531250000000136 0.04519230769230768
0 0.9613139204545454 0.3480865384615385 0.04697443181818183 0.06205769230769227
0 0.6384943181818181 0.2561826923076923 0.04281249999999998 0.07709615384615383
0 0.0792400568181818 0.38319230769230767 0.01947443181818187 0.020730769230769233
0 0.8120951704545455 0.36720192307692306 0.050809659090909065 0.0868653846153846
0 0.7164559659090909 0.29466346153846157 0.02759943181818183 0.04201923076923076
0 0.2487144886363637 0.1495576923076923 0.05109374999999996 0.03503846153846154
0 0.09223011363636369 0.3954423076923077 0.02133522727272741 0.04523076923076919
0 0.23270596590909098 0.11911538461538461 0.02316761363636372 0.0498076923076923
0 0.07204545454545463 0.40047115384615384 0.018096590909090923 0.028903846153846155
0 0.9291903409090909 0.36435576923076923 0.030056818181818178 0.030519230769230778
0 0.09634232954545463 0.6628557692307693 0.03464488636363634 0.07621153846153846
0 0.6346732954545455 0.4296346153846154 0.042159090909090875 0.037230769230769255
0 0.5404900568181819 0.9696923076923077 0.04802556818181818 0.06061538461538458
0 0.63453125 0.8473173076923077 0.03355113636363641 0.06417307692307693
0 0.8775071022727272 0.5170384615384616 0.02311079545454547 0.0208461538461538
0 0.23270596590909098 0.08590384615384616 0.02725852272727264 0.060884615384615384
0 0.9687997159090909 0.3969230769230769 0.024161931818181815 0.04419230769230767
0 0.25825284090909084 0.11588461538461538 0.030653409090909148 0.041499999999999995
0 0.9562784090909091 0.38420192307692314 0.0447159090909091 0.039365384615384615
0 0.9169176136363637 0.3987403846153847 0.056363636363636366 0.039365384615384615
0 0.9254190340909091 0.41539423076923077 0.039360795454545454 0.02421153846153847
0 0.2118821022727272 0.25258653846153845 0.02086647727272719 0.02667307692307693
0 0.9491193181818182 0.4150865384615385 0.01610795454545455 0.034519230769230747
0 0.9761576704545455 0.43041346153846155 0.04100852272727273 0.04325000000000002
0 0.009857954545454573 0.03885576923076923 0.019715909090909086 0.07771153846153846
0 0.15379971590909092 0.11551923076923078 0.07134943181818185 0.08011538461538462
0 0.04328125000000005 0.40675 0.040369318181818124 0.03392307692307695
0 0.20174005681818197 0.29611538461538467 0.021434659090909136 0.024307692307692336
0 0.7371448863636363 0.30517307692307694 0.019829545454545464 0.037346153846153876
0 0.6523650568181818 0.7425480769230769 0.02558238636363639 0.08290384615384618
0 0.9532670454545454 0.437625 0.038863636363636364 0.03171153846153848
0 0.6695596590909091 0.745951923076923 0.019715909090909086 0.04882692307692305
0 0.7001775568181818 0.7672500000000001 0.027258522727272725 0.03465384615384623
0 0.7014417613636363 0.7451057692307693 0.022230113636363603 0.02440384615384615
0 0.9663139204545454 0.45925 0.03407670454545455 0.03173076923076923
0 0.05344460227272729 0.43809615384615386 0.046377840909091035 0.036192307692307676
0 0.8813565340909091 0.5370192307692307 0.017968749999999988 0.027807692307692377
0 0.21594460227272727 0.2870961538461539 0.018536931818181755 0.04549999999999999
0 0.19942471590909083 0.2686634615384615 0.01680397727272717 0.03059615384615384
0 0.9243039772727273 0.34731730769230773 0.027045454545454543 0.030019230769230743
0 0.35743607954545453 0.9882596153846154 0.031889204545454526 0.02348076923076919
0 0.9351633522727273 0.45708653846153846 0.03248579545454545 0.023057692307692324
0 0.9239772727272727 0.4542019230769231 0.03673295454545455 0.027403846153846154
0 0.33397017045454547 0.990298076923077 0.04271306818181817 0.019403846153846105
0 0.9213210227272728 0.4347403846153846 0.029289772727272734 0.021634615384615384
0 0.1582883522727272 0.2862788461538462 0.049247159090909036 0.028173076923076933
0 0.35382812500000005 0.9590096153846154 0.023480113636363677 0.04644230769230765
0 0.5402840909090909 0.15472115384615384 0.04471590909090912 0.0801346153846154
0 0.8813636363636363 0.5622115384615385 0.029517045454545456 0.03823076923076922
0 0.18262073863636374 0.3094519230769231 0.03765625000000015 0.035288461538461526
0 0.9758664772727272 0.46198076923076925 0.041193181818181816 0.02942307692307689
0 0.33216619318181817 0.9594230769230769 0.03430397727272732 0.04561538461538456
0 0.6797869318181817 0.9307692307692308 0.027471590909090914 0.0398846153846154
0 0.16495028409090906 0.31141346153846156 0.024332386363636518 0.02667307692307693
0 0.6625000000000001 0.20869230769230768 0.08227272727272729 0.12461538461538459
0 0.15742187500000004 0.2678846153846154 0.03592329545454556 0.01803846153846153
0 0.11033380681818172 0.06033653846153846 0.030383522727272707 0.04021153846153846
0 0.36678977272727276 0.6395961538461539 0.026363636363636367 0.0583461538461538
0 0.2676846590909091 0.4013461538461538 0.022642045454545453 0.03403846153846157
0 0.8771875 0.5787211538461539 0.025028409090909077 0.0538653846153846
0 0.32253551136363634 0.9488269230769231 0.03430397727272724 0.04234615384615381
0 0.1820454545454545 0.26671153846153844 0.028380681818181843 0.02980769230769231
0 0.3080965909090909 0.9784903846153846 0.03428977272727279 0.043019230769230775
0 0.19015625000000003 0.2435673076923077 0.028380681818181843 0.02901923076923075
0 0.9844247159090909 0.4745480769230769 0.031150568181818182 0.04351923076923076
0 0.1796661931818182 0.3195576923076923 0.032031249999999935 0.020499999999999994
0 0.677109375 0.7377211538461539 0.03228693181818185 0.05736538461538458
0 0.15065340909090896 0.30592307692307696 0.03281250000000003 0.02511538461538462
0 0.34803267045454545 0.605625 0.01825284090909094 0.042557692307692296
0 0.1906107954545455 0.2875576923076923 0.017045454545454544 0.025730769230769224
0 0.8653196022727273 0.5331153846153847 0.01796875000000001 0.02346153846153844
0 0.6648082386363636 0.9246826923076924 0.03845170454545454 0.034480769230769245
0 0.16541193181818192 0.3362307692307692 0.016193181818181787 0.029076923076923087
0 0.6794176136363637 0.7255096153846153 0.03775568181818179 0.03748076923076925
0 0.14377130681818173 0.3219326923076923 0.027798295454545527 0.046211538461538464
0 0.9634090909090909 0.5036634615384615 0.03622159090909091 0.024519230769230713
0 0.6829829545454545 0.6974134615384615 0.04403409090909091 0.03009615384615391
0 0.8842471590909091 0.4809903846153846 0.04170454545454545 0.047788461538461585
0 0.6972372159090909 0.7201153846153847 0.018877840909090896 0.028961538461538466
0 0.15151278409090907 0.35433653846153845 0.0285085227272728 0.029057692307692333
0 0.9083096590909091 0.47143269230769225 0.03977272727272727 0.058211538461538426
0 0.8614701704545454 0.5687307692307693 0.019247159090909086 0.053000000000000005
0 0.6655539772727272 0.9605096153846154 0.042954545454545426 0.038519230769230826
0 0.9600213068181818 0.4913942307692307 0.02399147727272728 0.03309615384615386
0 0.3558948863636363 0.5932692307692308 0.03295454545454544 0.038423076923076956
0 0.8822727272727273 0.902625 0.024374999999999994 0.044249999999999984
0 0.3731321022727273 0.6210769230769232 0.028906250000000033 0.0405
0 0.7217755681818181 0.7436826923076924 0.019289772727272704 0.028403846153846227
0 0.020426136363636327 0.011432692307692309 0.040852272727272716 0.022865384615384617
0 0.71234375 0.7238076923076923 0.01636363636363638 0.03407692307692313
0 0.21511363636363645 0.8352692307692309 0.036051136363636355 0.06288461538461536
0 0.36821022727272734 0.787076923076923 0.021704545454545497 0.06392307692307683
0 0.8479900568181818 0.5444038461538461 0.019247159090909106 0.033884615384615395
0 0.6426207386363636 0.4598269230769231 0.025042613636363672 0.02811538461538457
0 0.21063210227272722 0.3269423076923077 0.04328125000000004 0.018115384615384592
0 0.5586079545454545 0.9422211538461539 0.058977272727272705 0.03763461538461537
0 0.3506178977272728 0.7898653846153847 0.0287357954545454 0.06153846153846154
0 0.21044034090909092 0.30733653846153847 0.029545454545454482 0.027942307692307693
0 0.3827272727272727 0.7896634615384616 0.02551136363636369 0.05001923076923075
0 0.3869744318181818 0.8170576923076923 0.01582386363636362 0.023038461538461574
0 0.3886079545454545 0.7720576923076924 0.034602272727272745 0.0446538461538461
0 0.41596590909090914 0.8287115384615384 0.0201136363636364 0.053384615384615364
0 0.42723011363636365 0.8221730769230768 0.02332386363636366 0.05119230769230759
0 0.8406960227272727 0.5751346153846155 0.0315625 0.039038461538461564
0 0.4488494318181818 0.787 0.022982954545454556 0.03019230769230767
0 0.43296164772727275 0.7970673076923077 0.025014204545454565 0.03751923076923075
0 0.23068892045454537 0.3486153846153846 0.017940340909090902 0.031923076923076964
0 0.7057244318181818 0.9845096153846153 0.039829545454545444 0.030980769230769256
0 0.2422727272727272 0.34122115384615387 0.019545454545454696 0.02040384615384618
0 0.21414772727272724 0.34694230769230766 0.02005681818181819 0.029538461538461565
0 0.5889275568181818 0.9114326923076923 0.047173295454545426 0.058173076923076925
0 0.34063210227272733 0.3206826923076923 0.03049715909090913 0.06236538461538463
0 0.41031960227272724 0.7622980769230769 0.024332386363636358 0.05032692307692311
0 0.42890625000000004 0.7700769230769231 0.015539772727272723 0.03476923076923085
0 0.8330965909090909 0.5666826923076923 0.01636363636363638 0.032711538461538445
0 0.35361505681818184 0.36943269230769227 0.029190340909090926 0.04217307692307694
0 0.6157315340909091 0.4507307692307692 0.02626420454545456 0.021500000000000012
0 0.42856534090909093 0.7462788461538461 0.016221590909090932 0.04209615384615382
0 0.409296875 0.7302692307692308 0.03717329545454548 0.05215384615384616
0 0.43836647727272726 0.7101346153846153 0.022301136363636346 0.044846153846153834
0 0.44512784090909097 0.7645865384615386 0.019602272727272663 0.020134615384615327
0 0.9380610795454546 0.48036538461538464 0.027173295454545457 0.025730769230769276
0 0.46607954545454544 0.7769423076923077 0.025000000000000033 0.0356923076923077
0 0.45830965909090904 0.7481057692307692 0.02028409090909095 0.03294230769230768
0 0.4414275568181818 0.6091923076923076 0.02203124999999999 0.08315384615384606
0 0.8065980113636364 0.5590384615384615 0.04521306818181818 0.05223076923076917
0 0.189453125 0.8662884615384616 0.04950284090909078 0.04053846153846151
0 0.463125 0.6037692307692308 0.0253693181818182 0.06688461538461545
0 0.18639914772727273 0.8877980769230769 0.0433948863636363 0.03225000000000008
0 0.610390625 0.2616826923076923 0.022428977272727302 0.05078846153846153
0 0.9751349431818181 0.011903846153846154 0.049048295454545456 0.023807692307692307
0 0.31630681818181816 0.3097019230769231 0.02204545454545452 0.04040384615384619
0 0.7101775568181818 0.6853653846153845 0.027116477272727278 0.04911538461538466
0 0.6071732954545455 0.4705865384615384 0.037272727272727284 0.043019230769230726
0 0.5631178977272727 0.35924038461538466 0.020781249999999994 0.06590384615384617
0 0.31890624999999995 0.34483653846153844 0.02465909090909093 0.04217307692307694
0 0.6833948863636363 0.7794615384615384 0.037329545454545456 0.026115384615384693
0 0.6160369318181818 0.3890961538461538 0.023210227272727316 0.04715384615384617
0 0.7253267045454546 0.707548076923077 0.028551136363636355 0.037211538461538504
0 0.3269673295454546 0.37802884615384613 0.018536931818181755 0.03198076923076922
0 0.21995738636363626 0.37958653846153845 0.021107954545454565 0.04717307692307693
0 0.3255752840909092 0.3996730769230769 0.024105113636363595 0.038884615384615386
0 0.20441761363636357 0.3885576923076923 0.023096590909090896 0.052730769230769206
0 0.10549715909090907 0.011701923076923077 0.024857954545454544 0.023403846153846154
0 0.7332670454545455 0.7366538461538461 0.026789772727272745 0.0410000000000001
0 0.9391974431818182 0.4953846153846153 0.024900568181818183 0.041076923076923046
0 0.7423721590909091 0.8610288461538462 0.02900568181818184 0.03298076923076919
0 0.5262286931818183 0.20257692307692307 0.09328125000000002 0.06630769230769232
0 0.14485795454545458 0.013134615384615385 0.02900568181818192 0.024307692307692308
0 0.19837357954545454 0.35377884615384614 0.025809659090909032 0.034942307692307724
0 0.7243892045454545 0.8516057692307692 0.0371306818181818 0.03455769230769225
0 0.19526278409090903 0.9113749999999999 0.048877840909090864 0.03971153846153853
0 0.18811079545454557 0.3434615384615385 0.02991477272727281 0.026999999999999986
0 0.21756392045454542 0.8807692307692307 0.020156249999999917 0.029769230769230805
0 0.17632102272727268 0.3570673076923077 0.023636363636363778 0.02025
0 0.22856534090909086 0.8762115384615384 0.026278409090909092 0.022346153846153856
0 0.18544744318181827 0.37535576923076924 0.023508522727272826 0.023134615384615385
0 0.7290269886363636 0.8303942307692308 0.04640624999999998 0.036134615384615314
0 0.49982244318181823 0.2763846153846154 0.07879261363636368 0.14703846153846153
0 0.6815127840909091 0.8044423076923077 0.04444602272727276 0.03180769230769224
0 0.3061079545454546 0.37363461538461534 0.025028409090909098 0.020692307692307677
0 0.9688494318181818 0.5551442307692308 0.011761363636363638 0.035557692307692325
0 0.1672798295454545 0.3801826923076923 0.0199573863636363 0.03278846153846156
0 0.898359375 0.47838461538461535 0.030156250000000006 0.05473076923076925
0 0.2710085227272727 0.3477211538461538 0.018210227272727263 0.025403846153846114
0 0.23432528409090914 0.36415384615384616 0.022059659090909053 0.02538461538461542
0 0.7087357954545455 0.8131153846153846 0.027840909090909083 0.03611538461538456
0 0.8534446022727272 0.47795192307692314 0.01990056818181819 0.06255769230769231
0 0.31183948863636357 0.41718269230769234 0.03475852272727269 0.041826923076923074
0 0.8797514204545455 0.4948846153846153 0.022457386363636367 0.02519230769230768
0 0.6846590909090908 0.8200576923076923 0.02894886363636363 0.03123076923076925
0 0.83515625 0.5348461538461539 0.021818181818181816 0.033884615384615395
0 0.7223650568181819 0.8131153846153846 0.019133522727272725 0.020423076923076933
0 0.9909872159090909 0.49446153846153845 0.01802556818181818 0.037999999999999985
0 0.9792613636363636 0.5205192307692308 0.016306818181818183 0.03249999999999996
0 0.8117329545454546 0.5352884615384615 0.03144886363636366 0.03126923076923075
0 0.8572940340909091 0.49792307692307697 0.030156250000000006 0.06080769230769232
0 0.1309446022727272 0.3531634615384615 0.011406250000000123 0.018326923076923077
0 0.8190696022727273 0.5226346153846153 0.04521306818181818 0.022692307692307713
0 0.9873650568181818 0.5358365384615384 0.025269886363636362 0.016557692307692332
0 0.8128338068181818 0.5099615384615384 0.03274147727272727 0.020576923076923055
0 0.2572727272727273 0.6557403846153846 0.04056818181818174 0.03432692307692312
0 0.8340696022727273 0.4970384615384615 0.020667613636363633 0.04326923076923071
0 0.9898579545454546 0.5202115384615384 0.020284090909090908 0.022076923076923112
0 0.8451775568181819 0.4608942307692308 0.02339488636363636 0.05224999999999998
0 0.9916690340909091 0.5477884615384616 0.01666193181818182 0.0208461538461538
0 0.7739914772727272 0.8759423076923077 0.06207386363636366 0.028269230769230748
0 0.9918963068181819 0.5707788461538461 0.016207386363636365 0.02513461538461537
0 0.8220241477272727 0.45436538461538456 0.03424715909090909 0.038884615384615386
0 0.1476846590909091 0.3734326923076923 0.028494318181818103 0.04340384615384614
0 0.8126420454545454 0.49735576923076924 0.03866477272727271 0.047096153846153864
0 0.9799431818181819 0.5554615384615386 0.013124999999999998 0.03126923076923086
0 0.695987215909091 0.8336923076923076 0.03313920454545452 0.03350000000000003
0 0.2952911931818182 0.42764423076923075 0.019303977272727316 0.03286538461538457
0 0.7519460227272727 0.8441346153846153 0.023778409090909104 0.03534615384615384
0 0.7145312500000001 0.7930961538461538 0.025511363636363606 0.021192307692307767
0 0.2878409090909091 0.401125 0.018749999999999985 0.02463461538461539
0 0.17931818181818182 0.40363461538461537 0.029261363636363506 0.025846153846153897
0 0.9819318181818182 0.5888653846153846 0.03613636363636364 0.047807692307692336
0 0.336328125 0.37495192307692304 0.025781250000000047 0.07328846153846157
0 0.5590269886363636 0.921701923076923 0.027798295454545444 0.04221153846153844
0 0.2770809659090909 0.4272692307692308 0.020411931818181826 0.0410769230769231
0 0.7371590909090908 0.8029134615384615 0.029005681818181802 0.021980769230769245
0 0.6599147727272727 0.7962115384615384 0.02642045454545454 0.041461538461538466
0 0.8076704545454545 0.4872596153846154 0.02761363636363636 0.035903846153846126
0 0.7218252840909091 0.7694423076923077 0.02776988636363638 0.027038461538461542
0 0.21602982954545458 0.9142692307692307 0.05009943181818179 0.05707692307692309
0 0.2842542613636364 0.38357692307692304 0.02151988636363633 0.026884615384615364
0 0.7335227272727272 0.78 0.03264204545454544 0.027038461538461542
0 0.2677059659090909 0.37498076923076923 0.02151988636363641 0.030615384615384593
0 0.6050426136363636 0.40481730769230767 0.02076704545454546 0.03721153846153845
0 0.2528053977272726 0.3540673076923077 0.02151988636363633 0.02463461538461539
0 0.9184801136363636 0.31425 0.03494318181818181 0.04119230769230772
0 0.24756392045454556 0.39738461538461534 0.02316761363636372 0.024653846153846196
0 0.614403409090909 0.7340288461538461 0.08053977272727271 0.08290384615384618
0 0.7919247159090909 0.631423076923077 0.022826704545454577 0.03669230769230766
0 0.8076207386363636 0.6378653846153846 0.02376420454545457 0.048269230769230814
0 0.7821803977272728 0.6539519230769231 0.02521306818181818 0.03540384615384609
0 0.23161931818181813 0.9159230769230768 0.04215909090909084 0.04550000000000005
0 0.19097301136363642 0.39072115384615386 0.026292613636363624 0.026403846153846135
0 0.8064346590909091 0.6629711538461539 0.032812499999999994 0.03798076923076923
0 0.027940340909091033 0.03995192307692307 0.03522727272727282 0.06917307692307692
0 0.22908380681818175 0.39701923076923074 0.025923295454545456 0.03884615384615388
0 0.8026207386363636 0.6845384615384617 0.04612215909090909 0.027038461538461542
0 0.7672017045454546 0.6613557692307692 0.02852272727272729 0.04505769230769232
0 0.6074857954545454 0.8214807692307693 0.08346590909090908 0.11584615384615386
0 0.7638707386363637 0.6813173076923076 0.03518465909090911 0.04248076923076918
0 0.7454616477272727 0.7489903846153847 0.02436079545454546 0.0520961538461538
0 0.25024857954545443 0.9266730769230769 0.05254261363636373 0.035576923076923075
0 0.07828124999999986 0.43809615384615386 0.037102272727272734 0.05392307692307696
0 0.7615340909090909 0.7813173076923077 0.022414772727272728 0.029673076923076937
0 0.7845596590909091 0.7009519230769231 0.01948863636363636 0.027673076923076897
0 0.2505539772727272 0.8807596153846154 0.02017045454545461 0.033096153846153914
0 0.022855113636363722 0.6390673076923077 0.03130681818181813 0.03644230769230778
0 0.26797585227272724 0.9146826923076923 0.03299715909090912 0.05459615384615382
0 0.7657812500000001 0.716076923076923 0.018068181818181817 0.02961538461538457
0 0.22726562500000003 0.2206923076923077 0.029928977272727184 0.021615384615384606
0 0.07200284090909104 0.4650576923076923 0.02454545454545467 0.031038461538461567
0 0.08201704545454547 0.05239423076923076 0.0649147727272728 0.05048076923076923
0 0.7610227272727272 0.6980576923076923 0.024715909090909097 0.027038461538461542
0 0.27438920454545457 0.8807596153846154 0.03116477272727264 0.06782692307692305
0 0.7358238636363637 0.696125 0.025681818181818198 0.05663461538461536
0 0.2701136363636363 0.8464423076923077 0.02627840909090917 0.04384615384615387
0 0.011740056818181799 0.6424615384615385 0.023480113636363598 0.03476923076923074
0 0.244140625 0.8588461538461539 0.026889204545454636 0.03226923076923083
0 0.0054758522727272885 0.608548076923077 0.010951704545454598 0.0330576923076923
0 0.1962784090909092 0.41971153846153847 0.03690340909090895 0.039615384615384656
0 0.1968607954545455 0.1954423076923077 0.04409090909090904 0.03673076923076925
0 0.018785511363636376 0.6174615384615385 0.02316761363636356 0.020346153846153816
0 0.020660511363636447 0.600923076923077 0.025667613636363707 0.0279615384615385
0 0.7496022727272726 0.7885769230769231 0.01900568181818181 0.025730769230769224
0 0.030681818181818032 0.5839711538461537 0.01690340909090906 0.03644230769230767
0 0.005099431818181732 0.5821923076923077 0.010198863636363565 0.021153846153846155
0 0.7522798295454546 0.8093557692307692 0.031178977272727296 0.03694230769230776
0 0.015582386363636402 0.5774423076923076 0.01508522727272728 0.03065384615384615
0 0.7656818181818181 0.818923076923077 0.017045454545454544 0.04815384615384619
0 0.026633522727272707 0.5595673076923078 0.017784090909090885 0.03574999999999995
0 0.11154829545454537 0.9746538461538462 0.03176136363636366 0.04715384615384623
0 0.229090909090909 0.1694230769230769 0.02713068181818185 0.03369230769230769
0 0.17274147727272726 0.4340769230769231 0.02204545454545452 0.039615384615384656
0 0.018572443181818277 0.6679326923076923 0.03714488636363633 0.023365384615384573
0 0.5699644886363636 0.3156538461538461 0.03345170454545448 0.03638461538461536
0 0.5489204545454545 0.34825 0.019772727272727216 0.08511538461538459
0 0.9023295454545455 0.33205769230769233 0.03494318181818182 0.04323076923076921
0 0.77859375 0.8172692307692309 0.01852272727272726 0.04223076923076919
0 0.2519744318181818 0.4268942307692308 0.03420454545454535 0.04482692307692303
0 0.014531249999999996 0.6960288461538462 0.02906250000000005 0.037211538461538504
0 0.012911931818181732 0.7153653846153847 0.025823863636363565 0.02773076923076926
0 0.19734375000000004 0.00798076923076923 0.046960227272727355 0.015884615384615386
0 0.05924715909090916 0.1371153846153846 0.06207386363636354 0.032192307692307694
0 0.4061789772727272 0.6947403846153846 0.03406250000000002 0.06763461538461542
0 0.012911931818181732 0.7489326923076924 0.025823863636363565 0.04963461538461539
0 0.05917613636363628 0.4909134615384615 0.027272727272727337 0.036942307692307705
0 0.7905326704545454 0.8495865384615384 0.05311079545454544 0.044865384615384585
0 0.7568110795454546 0.7180096153846154 0.022968749999999982 0.05794230769230768
0 0.5990411931818183 0.951346153846154 0.03705965909090905 0.03307692307692305
0 0.04172585227272729 0.6734038461538461 0.041491477272727326 0.03430769230769226
0 0.9368678977272727 0.5300673076923077 0.02117897727272727 0.0330192307692308
0 0.555262784090909 0.2672596153846154 0.03245738636363631 0.07825
0 0.8923721590909091 0.3518942307692308 0.04207386363636363 0.07478846153846157
0 0.08118607954545454 0.5703173076923077 0.03276988636363643 0.06198076923076926
0 0.4266193181818182 0.6513076923076924 0.03633522727272725 0.043807692307692256
0 0.07036221590909086 0.6046538461538462 0.025980113636363586 0.055269230769230786
0 0.5737144886363637 0.27321153846153845 0.02299715909090909 0.07842307692307693
0 0.11674005681818178 0.9870673076923079 0.023821022727272864 0.025634615384615464
0 0.16684659090909093 0.02753846153846154 0.02900568181818176 0.055
0 0.08458806818181808 0.62475 0.027215909090909044 0.05696153846153847
0 0.16150568181818192 0.4234519230769231 0.02161931818181806 0.028711538461538476
0 0.5948295454545454 0.9650384615384615 0.0539204545454546 0.02396153846153853
0 0.13659801136363636 0.9722307692307692 0.022002840909090923 0.05553846153846153
0 0.9275639204545455 0.5596057692307692 0.026946022727272725 0.022596153846153846
0 0.060830965909090984 0.9804423076923078 0.04399147727272715 0.038884615384615434
0 0.4308735795454546 0.6797500000000001 0.030099431818181813 0.05150000000000006
0 0.0446875000000001 0.7044230769230768 0.03988636363636369 0.05253846153846153
0 0.08100142045454539 0.9941538461538463 0.0391051136363636 0.011692307692307771
0 0.7799857954545455 0.7283557692307693 0.025028409090909056 0.029980769230769293
0 0.9394318181818182 0.5904519230769232 0.027585227272727275 0.05648076923076924
0 0.03791903409090902 0.9867115384615385 0.04583806818181832 0.026576923076923064
0 0.7932173295454545 0.727701923076923 0.020696022727272757 0.0247499999999999
0 0.25788352272727266 0.8191346153846155 0.03727272727272737 0.05376923076923073
0 0.17235795454545444 0.07664423076923077 0.059744318181818266 0.04163461538461538
0 0.7667329545454545 0.7529423076923076 0.017187500000000033 0.027153846153846053
0 0.7842045454545454 0.7905673076923078 0.023494318181818172 0.024826923076923125
0 0.4789204545454545 0.6373846153846153 0.02906249999999997 0.03111538461538452
0 0.7927982954545454 0.811125 0.02005681818181819 0.03490384615384622
0 0.14411931818181822 0.388423076923077 0.04284090909090905 0.05053846153846154
0 0.7859943181818181 0.7508365384615384 0.023579545454545447 0.026711538461538436
0 0.8081321022727272 0.8272307692307692 0.020696022727272737 0.057000000000000085
0 0.8088636363636363 0.7026153846153846 0.03176136363636366 0.04365384615384613
0 0.9156889204545454 0.5822019230769231 0.03657670454545456 0.03648076923076928
0 0.22794744318181825 0.8480865384615385 0.0238210227272727 0.027288461538461536
0 0.07029829545454547 0.8873846153846153 0.029943181818181716 0.041346153846153845
0 0.4854900568181818 0.5948269230769231 0.0337642045454546 0.06273076923076924
0 0.7406392045454546 0.5752596153846153 0.05286931818181818 0.052288461538461534
0 0.4599928977272728 0.6593461538461539 0.030411931818181855 0.05492307692307693
0 0.0651846590909092 0.5160384615384616 0.024005681818181787 0.035461538461538454
0 0.03283380681818182 0.7350673076923078 0.03882102272727262 0.043788461538461505
0 0.9015767045454546 0.38317307692307695 0.04622159090909091 0.04273076923076928
0 0.1957457386363637 0.4588269230769231 0.03606534090909089 0.04688461538461538
0 0.8100639204545454 0.7938461538461538 0.03129261363636362 0.048884615384615415
0 0.1840198863636363 0.472 0.034261363636363645 0.052730769230769206
0 0.8124715909090909 0.7319423076923077 0.036107954545454526 0.04234615384615381
0 0.7756463068181818 0.7703942307692309 0.02117897727272727 0.026711538461538436
0 0.06790482954545451 0.542625 0.03055397727272726 0.03990384615384615
0 0.8100639204545454 0.7593076923076924 0.054389204545454574 0.048884615384615415
0 0.4870383522727273 0.6556826923076924 0.041235795454545414 0.07871153846153847
0 0.050170454545454435 0.5673653846153845 0.03218749999999995 0.06130769230769241
0 0.9208238636363636 0.5539615384615385 0.031448863636363636 0.05646153846153849
0 0.0944389204545455 0.8757980769230769 0.04887784090909102 0.04467307692307685
0 0.09749289772727276 0.9093076923076924 0.04032670454545453 0.03888461538461533
0 0.4417471590909091 0.7403269230769232 0.018238636363636408 0.03019230769230767
0 0.44918323863636367 0.6790192307692309 0.020951704545454544 0.04665384615384625
0 0.49007102272727276 0.7247788461538461 0.04190340909090909 0.07228846153846159
0 0.46337357954545455 0.7279807692307692 0.0412357954545455 0.08784615384615387
0 0.06852272727272724 0.19640384615384615 0.040028409090909184 0.05338461538461539
0 0.41317471590909094 0.7905576923076924 0.016036931818181766 0.03161538461538461
0 0.4001278409090909 0.7988173076923076 0.01247159090909087 0.03655769230769229
0 0.4096803977272727 0.8387692307692307 0.03075284090909096 0.048961538461538424
0 0.40198863636363635 0.8601442307692307 0.036988636363636314 0.051211538461538454
0 0.37395596590909086 0.8646538461538462 0.041235795454545414 0.04442307692307697
0 0.36932528409090903 0.8894326923076923 0.04544034090909092 0.04386538461538462
0 0.3846803977272727 0.8378846153846153 0.023139204545454494 0.021653846153846135
0 0.3697443181818181 0.8356057692307692 0.0244034090909091 0.04213461538461543
0 0.3520738636363636 0.8364615384615385 0.037017045454545455 0.057538461538461566
0 0.7773721590909091 0.13067307692307692 0.043210227272727254 0.057269230769230774
0 0.5182457386363637 0.31496153846153846 0.07705965909090909 0.17503846153846153
0 0.7787571022727273 0.07839423076923077 0.044133522727272716 0.05725
0 0.7367755681818182 0.04004807692307692 0.016022727272727275 0.023826923076923075
0 0.7383380681818181 0.01883653846153846 0.052784090909090906 0.03767307692307692
0 0.7018110795454545 0.03508653846153846 0.056519886363636355 0.06901923076923078
0 0.5779758522727272 0.019923076923076922 0.060014204545454544 0.039846153846153844
0 0.30763494318181817 0.014105769230769232 0.02467329545454546 0.028096153846153847
0 0.3238991477272727 0.022048076923076924 0.02691761363636362 0.04409615384615385
0 0.3482741477272726 0.024942307692307694 0.05069602272727272 0.04988461538461539
0 0.6238068181818182 0.1309423076923077 0.11403409090909095 0.08823076923076924
0 0.32369318181818185 0.6087115384615384 0.032443181818181864 0.046000000000000034
0 0.7255042613636364 0.23950000000000002 0.0370880681818182 0.03561538461538463
0 0.5560440340909091 0.2631153846153846 0.035355113636363615 0.07553846153846154
0 0.5739275568181817 0.21958653846153847 0.025127840909090905 0.03113461538461538
0 0.18470170454545454 0.18625961538461536 0.02318181818181825 0.042865384615384625
0 0.1668963068181818 0.18741346153846153 0.03504261363636374 0.03444230769230769
0 0.16152698863636372 0.16258653846153848 0.0238210227272727 0.0300576923076923
0 0.17626420454545444 0.16860576923076925 0.031505681818181745 0.01913461538461539
0 0.20607244318181828 0.17363461538461536 0.018906250000000083 0.03596153846153847
0 0.17808238636363638 0.1535673076923077 0.01818181818181812 0.01821153846153846
0 0.1659730113636364 0.13398076923076924 0.02759943181818175 0.02642307692307694
0 0.19322443181818183 0.14536538461538462 0.028267045454545423 0.03826923076923078
0 0.7531036931818182 0.2459230769230769 0.035355113636363615 0.04261538461538464
0 0.20897017045454547 0.0916923076923077 0.0624573863636364 0.09642307692307693
0 0.11776278409090901 0.6461153846153846 0.04345170454545459 0.07126923076923078
0 0.10676846590909084 0.5990673076923076 0.031690340909090994 0.03805769230769235
0 0.5989701704545454 0.43035576923076924 0.021917613636363645 0.041980769230769203
0 0.09757812499999996 0.557548076923077 0.02964488636363637 0.04636538461538464
0 0.6270383522727272 0.4317019230769231 0.035440340909090935 0.03309615384615386
0 0.12338778409090911 0.5706923076923077 0.020951704545454544 0.05188461538461542
0 0.02821022727272715 0.15949038461538462 0.027840909090909124 0.03613461538461537
0 0.1141832386363636 0.5585865384615385 0.019928977272727234 0.04705769230769225
0 0.12134232954545443 0.5315961538461538 0.019928977272727397 0.02630769230769232
