0 0.12083806818181808 0.21014423076923078 0.03227272727272715 0.060403846153846176
0 0.7353622159090909 0.1020673076923077 0.03603693181818182 0.06855769230769232
0 0.7368252840909091 0.047605769230769236 0.04924715909090911 0.043403846153846154
0 0.4595028409090909 0.20248076923076921 0.06448863636363633 0.0781153846153846
0 0.4462997159090909 0.2244326923076923 0.046377840909090876 0.06278846153846154
0 0.21715198863636365 0.12120192307692307 0.0502698863636365 0.0590576923076923
0 0.19740056818181817 0.1409903846153846 0.03951704545454553 0.06390384615384616
0 0.7276207386363636 0.0694903846153846 0.026065340909090903 0.04851923076923077
0 0.8552840909090909 0.2821634615384615 0.021448863636363648 0.021788461538461507
0 0.8624360795454545 0.24633653846153847 0.027883522727272722 0.021788461538461507
0 0.8415198863636364 0.21583653846153847 0.03397727272727273 0.0324423076923077
0 0.4613920454545455 0.9218173076923077 0.05190340909090904 0.044250000000000095
0 0.8048579545454546 0.2625576923076923 0.028607954545454527 0.033884615384615395
0 0.24473721590909103 0.5272403846153846 0.03461647727272728 0.044865384615384585
0 0.19576704545454537 0.5586923076923077 0.035937500000000094 0.034961538461538474
0 0.20519176136363626 0.6085480769230769 0.027571022727272684 0.05717307692307696
0 0.583984375 0.5067307692307692 0.025497159090909157 0.036653846153846106
0 0.6006107954545454 0.5199423076923076 0.03306818181818186 0.06976923076923078
0 0.1692542613636363 0.008259615384615383 0.029616477272727305 0.01567307692307692
0 0.4903835227272727 0.024884615384615383 0.029630681818181837 0.04976923076923077
0 0.5246022727272728 0.012432692307692308 0.02997159090909094 0.024865384615384616
0 0.3221590909090909 0.056442307692307694 0.030312500000000044 0.07976923076923077
0 0.42184659090909093 0.898 0.03718750000000001 0.04865384615384617
0 0.3524644886363636 0.10139423076923078 0.0343892045454546 0.04425000000000001
0 0.023906249999999907 0.9324711538461539 0.043522727272727255 0.07498076923076925
0 0.13500710227272716 0.9556923076923076 0.023082386363636364 0.033923076923076896
0 0.031413352272727235 0.4213846153846154 0.0254119318181818 0.06953846153846154
0 0.04522727272727256 0.4210096153846154 0.01786931818181824 0.02494230769230769
0 0.14044034090909074 0.6775673076923077 0.04457386363636363 0.03174999999999998
0 0.473984375 0.9831346153846154 0.05174715909090902 0.03373076923076927
0 0.42268465909090913 0.9355384615384615 0.04721590909090911 0.05900000000000001
0 0.029424715909090904 0.20900000000000002 0.03132102272727266 0.04369230769230772
0 0.05201704545454533 0.2164519230769231 0.027528409090909086 0.03032692307692307
0 0.07288352272727261 0.19831730769230768 0.03235795454545467 0.06201923076923077
0 0.09748579545454561 0.2280096153846154 0.04670454545454545 0.05398076923076922
0 0.14428267045454557 0.23495192307692306 0.029048295454545358 0.06271153846153843
0 0.4095383522727273 0.26419230769230767 0.05169034090909089 0.052923076923076885
0 0.4349076704545455 0.24501923076923077 0.03427556818181818 0.046153846153846156
0 0.40656250000000005 0.2234423076923077 0.038721590909090976 0.04915384615384616
0 0.38359374999999996 0.2035 0.039829545454545486 0.03988461538461537
0 0.9584730113636364 0.16622115384615385 0.05021306818181817 0.05001923076923075
0 0.9394602272727273 0.16500000000000004 0.025823863636363634 0.05634615384615384
0 0.9597301136363636 0.20944230769230768 0.02977272727272727 0.06265384615384616
0 0.7245880681818182 0.24464423076923078 0.06815340909090907 0.08936538461538458
0 0.057421874999999956 0.1758269230769231 0.022627840909090837 0.058923076923076925
0 0.7378622159090908 0.25800961538461537 0.027258522727272725 0.056826923076923073
0 0.8259232954545455 0.30559615384615385 0.038380681818181814 0.055846153846153886
0 0.8418892045454546 0.26164423076923077 0.023664772727272722 0.03594230769230772
0 0.9441264204545454 0.06301923076923077 0.02725852272727273 0.030115384615384617
0 0.9550639204545455 0.08510576923076923 0.02546875 0.026711538461538464
0 0.96546875 0.06203846153846155 0.024744318181818183 0.034
0 0.7424005681818182 0.7082596153846155 0.02786931818181819 0.029057692307692333
0 0.7476846590909091 0.7336442307692308 0.029460227272727287 0.032096153846153844
0 0.9793110795454546 0.8150865384615386 0.028792613636363637 0.04798076923076921
0 0.959375 0.9039807692307692 0.08068181818181817 0.07326923076923081
0 0.031356534090909105 0.1750576923076923 0.034076704545454556 0.058923076923076925
0 0.9470383522727273 0.8662884615384616 0.04018465909090909 0.03469230769230773
0 0.7965696022727273 0.8627980769230769 0.02492897727272729 0.06801923076923067
0 0.8177769886363636 0.8559903846153847 0.023451704545454533 0.07759615384615388
0 0.8384303977272727 0.8504423076923078 0.027542613636363636 0.06146153846153842
0 0.006278409090909043 0.469548076923077 0.012102272727272701 0.02575000000000003
0 0.020433238636363593 0.5017403846153846 0.04086647727272725 0.046826923076923065
0 0.0441051136363636 0.39521153846153845 0.02204545454545452 0.026923076923076925
0 0.04821022727272739 0.44817307692307695 0.02247159090909098 0.048576923076923115
0 0.0663636363636364 0.46925 0.021619318181818222 0.03334615384615385
0 0.2068607954545455 0.4958846153846154 0.057926136363636326 0.050346153846153804
0 0.83125 0.2429519230769231 0.03920454545454544 0.055288461538461564
0 0.1662286931818181 0.5438750000000001 0.044105113636363574 0.04098076923076924
0 0.16342329545454537 0.5005576923076923 0.040198863636363734 0.07023076923076925
0 0.1941122159090909 0.46340384615384617 0.03759943181818186 0.05676923076923073
0 0.041292613636363495 0.7039519230769231 0.030255681818181914 0.036865384615384536
0 0.030703125000000053 0.7171153846153846 0.02376420454545457 0.03042307692307691
0 0.09424715909090908 0.8230480769230769 0.02551136363636369 0.03744230769230775
0 0.1022514204545455 0.8426538461538461 0.022485795454545352 0.02750000000000002
0 0.2266264204545454 0.45742307692307693 0.03586647727272727 0.05515384615384611
0 0.7015056818181818 0.07117307692307694 0.038125000000000006 0.07480769230769233
0 0.7690696022727272 0.04659615384615385 0.03061079545454543 0.06426923076923077
0 0.8175213068181818 0.2798076923076923 0.02674715909090909 0.031153846153846133
0 0.7723153409090909 0.009365384615384617 0.017386363636363648 0.018615384615384617
0 0.7943607954545455 0.020249999999999997 0.0422727272727273 0.04038461538461539
0 0.8677272727272727 0.22459615384615383 0.03971590909090908 0.03157692307692308
0 0.853125 0.30091346153846155 0.02536931818181818 0.037826923076923105
0 0.8715767045454546 0.2714326923076923 0.02434659090909091 0.023250000000000007
0 0.87234375 0.29327884615384614 0.02894886363636363 0.025326923076923108
0 0.8937357954545455 0.25512500000000005 0.027159090909090914 0.04475000000000002
0 0.7013636363636364 0.20277884615384614 0.030142045454545453 0.036903846153846176
0 0.7288068181818181 0.37324999999999997 0.05488636363636366 0.05342307692307693
0 0.5089133522727272 0.4718269230769231 0.03049715909090905 0.0369230769230769
0 0.7702627840909091 0.10228846153846154 0.04544034090909088 0.07426923076923077
0 0.7664701704545455 0.5791538461538461 0.04987215909090911 0.037884615384615364
0 0.7176846590909092 0.5607019230769231 0.03767045454545452 0.05340384615384612
0 0.7160724431818182 0.4822692307692308 0.04376420454545455 0.03642307692307692
