0 0.4640909090909091 0.5009326923076923 0.05772727272727279 0.053519230769230736
0 0.04367897727272729 0.69475 0.029261363636363506 0.032115384615384594
0 0.3862073863636364 0.011201923076923078 0.04269886363636364 0.022403846153846156
0 0.38344460227272725 0.3328653846153846 0.04032670454545453 0.02569230769230772
0 0.028259943181818126 0.20766346153846155 0.031633522727272705 0.05351923076923079
0 0.48504971590909096 0.9805288461538462 0.026889204545454556 0.03640384615384617
0 0.07017045454545456 0.8596153846153847 0.025312499999999908 0.04923076923076927
0 0.18324573863636362 0.3805480769230769 0.03478693181818183 0.07386538461538461
0 0.1385653409090909 0.39072115384615386 0.02767045454545457 0.05351923076923079
0 0.01610795454545444 0.6224903846153846 0.03221590909090902 0.05674999999999998
0 0.15714488636363655 0.41159615384615383 0.033210227272727266 0.046038461538461535
0 0.3697798295454545 0.9623557692307693 0.036946022727272716 0.04932692307692303
0 0.13144886363636354 0.43515384615384617 0.02926136363636367 0.04388461538461537
0 0.45223721590909094 0.6422403846153846 0.01819602272727265 0.06851923076923076
0 0.3110866477272727 0.43776923076923074 0.02055397727272731 0.0663846153846154
0 0.03260653409090897 0.809298076923077 0.03558238636363646 0.0556730769230769
0 0.2711576704545454 0.059875 0.043480113636363574 0.04925
0 0.27946022727272724 0.3606923076923077 0.047443181818181863 0.02569230769230772
0 0.3269034090909091 0.3499903846153846 0.030056818181818216 0.03425
0 0.4217897727272728 0.268625 0.04269886363636364 0.05567307692307693
0 0.4261434659090909 0.655625 0.0498153409090909 0.05459615384615382
0 0.5985227272727274 0.5774807692307692 0.02926136363636367 0.06957692307692309
0 0.08479403409090902 0.5320384615384615 0.03083806818181807 0.03853846153846158
0 0.3794886363636363 0.31145192307692304 0.024517045454545524 0.03640384615384611
0 0.35655539772727274 0.3050192307692308 0.038735795454545426 0.044961538461538504
0 0.5767755681818181 0.9596538461538461 0.02846590909090912 0.04388461538461537
0 0.31424715909090917 0.38852884615384614 0.018977272727272745 0.04282692307692304
0 0.046846590909090935 0.6663846153846154 0.02926136363636367 0.024615384615384636
0 0.28578835227272736 0.3050288461538462 0.05535511363636359 0.049249999999999974
0 0.2909232954545454 0.33178846153846153 0.01502840909090915 0.03426923076923075
0 0.4984943181818182 0.9441346153846155 0.018977272727272745 0.03638461538461542
0 0.2691832386363636 0.306625 0.03478693181818183 0.04817307692307694
0 0.04921164772727271 0.582875 0.021349431818181778 0.022480769230769228
0 0.4787286931818181 0.7476923076923077 0.05061079545454545 0.06957692307692309
0 0.5000710227272727 0.8906153846153846 0.018977272727272745 0.038538461538461466
0 0.45895596590909093 0.7177115384615386 0.03796875000000002 0.06530769230769227
0 0.356953125 0.19903846153846153 0.02214488636363633 0.07065384615384618
0 0.28340909090909083 0.27825961538461536 0.05693181818181816 0.03640384615384617
0 0.48149147727272734 0.9441346153846155 0.019772727272727296 0.03426923076923075
0 0.15596590909090902 0.36342307692307696 0.022926136363636343 0.05246153846153846
0 0.3178053977272728 0.01866346153846154 0.04032670454545453 0.03532692307692308
0 0.014921874999999973 0.10168269230769231 0.02984374999999999 0.06636538461538462
0 0.027464488636363638 0.13914423076923077 0.02529829545454554 0.059942307692307684
0 0.36565340909090915 0.3580192307692308 0.033210227272727266 0.043884615384615425
0 0.5245880681818182 0.586576923076923 0.033210227272727266 0.059961538461538476
0 0.4526349431818182 0.6882692307692307 0.02214488636363633 0.025692307692307608
0 0.3680255681818182 0.2766538461538462 0.023721590909090894 0.03746153846153844
0 0.24808238636363644 0.7054615384615385 0.033210227272727266 0.032115384615384594
0 0.3877911931818182 0.29218269230769234 0.026889204545454556 0.029980769230769238
0 0.1769176136363636 0.3313076923076923 0.03954545454545459 0.058884615384615396
0 0.07214488636363636 0.7482788461538462 0.035596590909090994 0.06851923076923076
0 0.47635653409090917 0.9692884615384615 0.026889204545454556 0.0267692307692308
0 0.023117897727272907 0.6904807692307693 0.026093750000000006 0.044961538461538456
0 0.4692400568181818 0.6219038461538461 0.036377840909090846 0.07923076923076922
0 0.5376349431818181 0.9414615384615385 0.037173295454545396 0.05673076923076923
0 0.05553977272727273 0.8258942307692309 0.03400568181818189 0.046019230769230784
0 0.3004190340909091 0.3821057692307692 0.021349431818181778 0.047096153846153864
0 0.010568181818181865 0.15680769230769231 0.02113636363636363 0.05673076923076923
0 0.5174715909090908 0.5619519230769231 0.026875000000000024 0.0663653846153847
0 0.5605681818181818 0.9039903846153847 0.02767045454545457 0.04174999999999996
0 0.18600852272727275 0.8564038461538462 0.02451704545454544 0.05138461538461533
0 0.09349431818181808 0.8671057692307692 0.051392045454545385 0.07278846153846147
0 0.03260653409090919 0.18410576923076924 0.038735795454545426 0.042826923076923096
0 0.4846590909090909 0.6181538461538462 0.04190340909090909 0.06315384615384621
0 0.34904119318181825 0.2622019230769231 0.02214488636363633 0.04925
0 0.44946732954545454 0.9682211538461539 0.03796875000000002 0.03532692307692298
0 0.38818892045454545 0.2675576923076923 0.026093750000000006 0.02784615384615388
0 0.31781250000000005 0.3376730769230769 0.03874999999999996 0.04388461538461537
0 0.4593536931818182 0.9377115384615385 0.03242897727272725 0.04280769230769229
0 0.24966619318181837 0.674423076923077 0.03637784090909093 0.03853846153846158
0 0.32848011363636365 0.2654134615384615 0.023721590909090973 0.04925
0 0.37316051136363637 0.20225961538461537 0.022940340909090876 0.06851923076923076
0 0.7404332386363637 0.05716346153846153 0.025923295454545456 0.03682692307692308
0 0.9695880681818182 0.852125 0.04255681818181818 0.04455769230769234
0 0.6689488636363636 0.016807692307692308 0.044914772727272734 0.033615384615384616
0 0.7701704545454545 0.027615384615384615 0.04238636363636364 0.05480769230769231
0 0.9430894886363637 0.7901634615384615 0.05862215909090909 0.04675000000000001
0 0.7543536931818182 0.06700961538461538 0.04617897727272726 0.05651923076923077
0 0.08717329545454544 0.685125 0.022926136363636506 0.059942307692307725
0 0.8514488636363636 0.04003846153846154 0.026562500000000003 0.04538461538461538
0 0.8245667613636364 0.08585576923076922 0.03353693181818182 0.03424999999999999
0 0.8251988636363636 0.010490384615384617 0.019602272727272742 0.02055769230769231
0 0.572166193181818 0.058875000000000004 0.029730113636363645 0.04198076923076923
0 0.7281036931818181 0.03875 0.020241477272727272 0.04453846153846154
0 0.4904474431818181 0.5617307692307693 0.035923295454545486 0.04423076923076923
0 0.9603480113636363 0.8401634615384616 0.04336647727272727 0.06198076923076926
0 0.7220880681818183 0.07343269230769231 0.029744318181818177 0.04025
0 0.8419602272727273 0.008346153846153847 0.018977272727272728 0.016269230769230772
0 0.7483380681818181 0.019807692307692307 0.030369318181818216 0.039615384615384615
0 0.02865767045454537 0.594125 0.026093750000000006 0.029980769230769293
0 0.6063281250000001 0.09399038461538461 0.04617897727272726 0.04367307692307691
0 0.7062713068181818 0.04174038461538461 0.03478693181818183 0.04025
0 0.6680042613636363 0.060163461538461534 0.04933238636363635 0.0633653846153846
0 0.8059019886363636 0.01766346153846154 0.03163352272727272 0.03532692307692308
0 0.6082244318181818 0.1458076923076923 0.037329545454545414 0.07365384615384615
0 0.8514488636363636 0.096125 0.032897727272727266 0.05309615384615385
0 0.828359375 0.04860576923076923 0.03225852272727272 0.05909615384615385
0 0.515234375 0.016375 0.051235795454545444 0.03275
0 0.7983167613636364 0.06957692307692308 0.03163352272727274 0.04796153846153846
0 0.4537073863636363 0.5503076923076923 0.05281250000000001 0.06411538461538457
0 0.43444602272727273 0.6716826923076923 0.023721590909090894 0.03317307692307692
0 0.602840909090909 0.05930769230769231 0.03289772727272731 0.06680769230769232
0 0.9914204545454546 0.7173173076923077 0.01715909090909091 0.04240384615384607
0 0.9358593749999999 0.8303846153846153 0.03291193181818182 0.048923076923076916
0 0.860625 0.015096153846153846 0.030994318181818192 0.030192307692307692
0 0.6920383522727273 0.020663461538461537 0.03921875000000002 0.041326923076923074
0 0.7764914772727273 0.07172115384615385 0.022130681818181796 0.052250000000000005
0 0.9886079545454546 0.8396250000000001 0.022784090909090907 0.039134615384615316
0 0.32890625000000007 0.20389423076923077 0.02235795454545456 0.08182692307692307
0 0.7224076704545455 0.015096153846153846 0.03416193181818179 0.030192307692307692
0 0.700262784090909 0.08413461538461539 0.05819602272727273 0.05823076923076923
0 0.5060085227272728 0.9794615384615385 0.02451704545454544 0.04069230769230763
0 0.4028125 0.7096826923076922 0.04585227272727277 0.0877884615384616
0 0.8641051136363637 0.11411538461538462 0.03923295454545455 0.04453846153846155
0 0.7866122159090909 0.03319230769230769 0.02467329545454546 0.038538461538461535
0 0.9394744318181818 0.7646057692307693 0.05460227272727272 0.05217307692307702
0 0.4823366477272727 0.3299326923076923 0.03478693181818183 0.06678846153846157
0 0.46051846590909096 0.46353846153846157 0.02529829545454546 0.022269230769230795
0 0.6012642045454546 0.3590576923076923 0.02465909090909093 0.03596153846153844
0 0.543068181818182 0.13724038461538463 0.04997159090909092 0.06509615384615386
0 0.4719034090909091 0.4023076923076923 0.026562499999999985 0.03169230769230767
0 0.38017755681818177 0.4382692307692308 0.026576704545454518 0.041961538461538446
0 0.7878835227272727 0.45669230769230773 0.030994318181818213 0.029115384615384644
0 0.4209943181818182 0.9848173076923077 0.018977272727272745 0.029980769230769182
0 0.44216619318181816 0.4134423076923077 0.03163352272727278 0.03853846153846152
0 0.5089062499999999 0.4211442307692308 0.03227272727272723 0.047096153846153864
0 0.5380042613636364 0.3384903846153846 0.02720170454545451 0.049673076923076945
0 0.7641548295454546 0.44598076923076924 0.04555397727272726 0.029961538461538432
0 0.8656889204545455 0.4271346153846154 0.02214488636363635 0.04538461538461537
0 0.5228267045454545 0.4506923076923077 0.02593749999999999 0.07365384615384613
0 0.8245667613636364 0.4626826923076923 0.022144886363636387 0.03255769230769232
0 0.4896164772727273 0.4215673076923077 0.027840909090909124 0.03940384615384617
0 0.84765625 0.4237115384615384 0.02531249999999999 0.029961538461538484
0 0.514921875 0.12652884615384616 0.03921875000000002 0.055673076923076915
0 0.1278977272727272 0.9420480769230769 0.04269886363636372 0.0556730769230769
0 0.554453125 0.09826923076923076 0.02467329545454546 0.038538461538461535
0 0.8903622159090909 0.4181442307692308 0.029730113636363645 0.03425
0 0.5057457386363637 0.46097115384615384 0.013281250000000033 0.0565192307692308
0 0.4959446022727273 0.45797115384615383 0.020241477272727272 0.059096153846153826
0 0.48264914772727274 0.4699519230769231 0.020241477272727272 0.036826923076923035
0 0.45671874999999995 0.38046153846153846 0.017698863636363606 0.03426923076923075
0 0.44596590909090905 0.44640384615384615 0.030369318181818174 0.03253846153846157
0 0.5111221590909091 0.3808846153846154 0.030369318181818174 0.041961538461538446
0 0.5614133522727274 0.3453461538461538 0.02467329545454546 0.05823076923076923
0 0.46747159090909096 0.42927884615384615 0.018977272727272666 0.02224999999999999
0 0.5194460227272728 0.6572307692307692 0.06562500000000006 0.08565384615384608
0 0.5772230113636363 0.11112499999999999 0.029730113636363645 0.03682692307692308
0 0.47379971590909087 0.36803846153846154 0.020241477272727272 0.03853846153846152
0 0.41813210227272724 0.41086538461538463 0.027826704545454592 0.03338461538461541
0 0.5383238636363636 0.3727596153846154 0.03289772727272731 0.03425
0 0.46367187500000007 0.35433653846153845 0.020241477272727272 0.029980769230769238
0 0.5180823863636363 0.3517692307692308 0.026562499999999985 0.0419615384615385
0 0.5705823863636363 0.4177211538461538 0.03795454545454549 0.033403846153846166
0 0.5652059659090909 0.3911730769230769 0.024673295454545382 0.0351153846153846
0 0.4446946022727273 0.3620480769230769 0.017713068181818222 0.03340384615384611
0 0.8875071022727272 0.44340384615384615 0.03163352272727272 0.041961538461538446
0 0.017684659090909105 0.6610288461538462 0.03536931818181815 0.03532692307692309
0 0.47379971590909087 0.4489711538461538 0.02529829545454546 0.027403846153846154
0 0.5183948863636363 0.0871346153846154 0.05502840909090911 0.04196153846153846
0 0.5778551136363637 0.37490384615384614 0.02593749999999999 0.0676538461538461
0 0.43553267045454547 0.3856057692307692 0.02720170454545451 0.027403846153846154
0 0.4175 0.3851730769230769 0.030369318181818174 0.028269230769230748
0 0.7458096590909091 0.47552884615384616 0.026562500000000024 0.03255769230769232
0 0.5370596590909091 0.41086538461538463 0.03542613636363636 0.047115384615384615
0 0.8138139204545455 0.45540384615384616 0.02214488636363637 0.0351153846153846
0 0.3839701704545454 0.3624807692307693 0.020241477272727272 0.037692307692307685
0 0.5835511363636363 0.15865384615384615 0.02846590909090904 0.05823076923076923
0 0.2948792613636363 0.2654230769230769 0.04666193181818185 0.03211538461538465
0 0.45071022727272725 0.41943269230769237 0.023409090909090935 0.029980769230769238
0 0.7679545454545454 0.46952884615384616 0.027840909090909083 0.027403846153846154
0 0.4921448863636364 0.36803846153846154 0.026562499999999985 0.08650000000000004
0 0.7907244318181819 0.8707596153846153 0.027840909090909083 0.040250000000000015
0 0.8081178977272727 0.6690865384615384 0.029730113636363645 0.04967307692307689
0 0.788828125 0.1573653846153846 0.03288352272727273 0.04369230769230769
0 0.4292400568181818 0.35051923076923075 0.030355113636363642 0.04384615384615381
0 0.4547940340909091 0.30804807692307695 0.036946022727272716 0.046596153846153884
0 0.7638423295454546 0.315375 0.03731534090909088 0.06678846153846157
0 0.7182954545454545 0.24386538461538462 0.03857954545454545 0.04369230769230766
0 0.3454900568181819 0.3805 0.02134943181818186 0.05246153846153846
0 0.8062215909090908 0.1689326923076923 0.03352272727272727 0.05651923076923077
0 0.7467613636363637 0.15608653846153844 0.023409090909090935 0.05309615384615385
0 0.7492897727272727 0.4147211538461538 0.03352272727272731 0.03940384615384617
0 0.4499857954545454 0.28098076923076926 0.03542613636363636 0.05276923076923082
0 0.8138139204545455 0.24172115384615384 0.034786931818181814 0.06336538461538459
0 0.8112855113636364 0.7435865384615384 0.03225852272727274 0.04451923076923083
0 0.7439133522727273 0.2584230769230769 0.02529829545454546 0.05053846153846157
0 0.7366335227272727 0.7658557692307693 0.044914772727272734 0.056519230769230745
0 0.8005326704545455 0.7675673076923076 0.0373153409090909 0.04794230769230771
0 0.8346875 0.7718461538461538 0.03352272727272729 0.03938461538461542
0 0.5546306818181819 0.9596634615384615 0.023721590909090894 0.03532692307692309
0 0.7796590909090909 0.658798076923077 0.03352272727272727 0.059942307692307725
0 0.8261505681818182 0.8163846153846154 0.04048295454545452 0.061653846153846156
0 0.8052698863636364 0.28839423076923076 0.030369318181818174 0.040250000000000015
0 0.7113352272727274 0.17193269230769231 0.02593749999999999 0.03682692307692309
0 0.7442258522727272 0.7290288461538462 0.04112215909090908 0.04794230769230771
0 0.815078125 0.6296826923076924 0.04617897727272726 0.0479423076923076
0 0.7647869318181818 0.2524230769230769 0.02531249999999999 0.0316923076923077
0 0.7464417613636364 0.21731730769230767 0.026576704545454556 0.033403846153846166
0 0.7787073863636363 0.2729807692307692 0.018977272727272707 0.024846153846153823
0 0.8217258522727273 0.8476442307692307 0.03921875 0.04540384615384607
0 0.13066051136363643 0.8756730769230769 0.03399147727272736 0.029961538461538432
0 0.7249360795454546 0.45540384615384616 0.03669034090909093 0.053961538461538464
0 0.7951491477272727 0.2562788461538461 0.022769886363636364 0.030826923076923078
0 0.706590909090909 0.20875 0.04301136363636364 0.041961538461538446
0 0.7964133522727272 0.39674038461538463 0.05313920454545454 0.05309615384615387
0 0.7366406249999999 0.1770576923076923 0.029730113636363645 0.03853846153846155
0 0.7979971590909092 0.8412211538461538 0.037329545454545456 0.049673076923077
0 0.8036931818181818 0.701625 0.03352272727272727 0.053096153846153765
0 0.8381676136363636 0.7444423076923077 0.03542613636363638 0.04796153846153846
0 0.7932528409090909 0.8035384615384616 0.037954545454545456 0.05823076923076929
0 0.7609943181818182 0.4057307692307693 0.027840909090909083 0.024846153846153823
0 0.26245738636363636 0.3371442307692308 0.04190340909090909 0.03640384615384617
0 0.8467116477272727 0.20318269230769231 0.029730113636363627 0.04109615384615385
0 0.7708025568181818 0.7594326923076923 0.029730113636363645 0.0556730769230769
0 0.7635298295454546 0.3693269230769231 0.03669034090909089 0.04796153846153846
0 0.7790198863636364 0.24172115384615386 0.01707386363636365 0.04451923076923078
0 0.7534019886363637 0.2781153846153846 0.030355113636363642 0.041961538461538446
0 0.7239914772727273 0.13595192307692305 0.03099431818181817 0.052250000000000005
0 0.7853480113636364 0.2961057692307692 0.019616477272727275 0.047096153846153864
0 0.7654190340909091 0.22159615384615386 0.026576704545454556 0.04538461538461537
0 0.8384801136363637 0.6519519230769231 0.0284659090909091 0.05825000000000004
0 0.7597301136363637 0.1882019230769231 0.029090909090909077 0.03682692307692306
0 0.30871448863636364 0.22741346153846154 0.039531249999999976 0.06744230769230768
0 0.015312499999999951 0.5518365384615385 0.030624999999999923 0.052442307692307656
0 0.45378551136363643 0.34229807692307695 0.022769886363636405 0.02467307692307689
0 0.7679545454545454 0.8553557692307692 0.032897727272727266 0.07278846153846147
0 0.7552982954545455 0.7093365384615385 0.037954545454545456 0.05309615384615387
0 0.7777556818181819 0.42028846153846156 0.024659090909090887 0.026538461538461507
0 0.797684659090909 0.22116346153846153 0.02531249999999999 0.04624999999999999
0 0.7375852272727272 0.3736153846153846 0.037954545454545456 0.04453846153846159
0 0.7638423295454546 0.1599326923076923 0.027201704545454553 0.041980769230769224
0 0.8274147727272727 0.18091346153846152 0.051875 0.05651923076923077
0 0.7334801136363636 0.20703846153846153 0.023409090909090935 0.028269230769230776
0 0.7869318181818181 0.7123365384615384 0.029090909090909115 0.05909615384615377
0 0.32414062499999996 0.30127884615384615 0.030838068181818234 0.04817307692307694
0 0.8198224431818182 0.2194519230769231 0.026576704545454535 0.039403846153846143
0 0.8403835227272727 0.6999038461538462 0.03857954545454545 0.05138461538461544
0 0.31107244318181815 0.97775 0.0359232954545454 0.04449999999999998
0 0.40647017045454537 0.3508653846153846 0.02632102272727277 0.048653846153846124
0 0.4244318181818181 0.31900961538461536 0.031874999999999994 0.03563461538461539
0 0.4138068181818182 0.30633653846153847 0.048068181818181864 0.04317307692307695
0 0.7825 0.19847115384615385 0.030369318181818174 0.04367307692307694
0 0.7670028409090909 0.811673076923077 0.02846590909090912 0.05565384615384615
0 0.8195099431818182 0.687923076923077 0.022144886363636387 0.061653846153846156
0 0.5389488636363635 0.529048076923077 0.03542613636363636 0.07278846153846147
0 0.010177556818181777 0.847298076923077 0.020355113636363695 0.04174999999999996
0 0.5044744318181817 0.5140673076923077 0.04997159090909092 0.06167307692307696
0 0.5446448863636363 0.46525 0.04553977272727273 0.07023076923076925
0 0.3352059659090909 0.4629326923076923 0.029247159090909056 0.04817307692307694
0 0.6737002840909092 0.6459615384615384 0.01771306818181818 0.04453846153846159
0 0.09863636363636374 0.32275000000000004 0.03161931818181833 0.05673076923076923
0 0.3577414772727273 0.44312500000000005 0.041107954545454545 0.07921153846153846
0 0.3608806818181818 0.39845192307692306 0.023409090909090935 0.03767307692307693
0 0.38681818181818184 0.3890288461538462 0.03857954545454541 0.039403846153846116
0 0.1543821022727272 0.30508653846153844 0.027684659090908944 0.06209615384615383
0 0.10772727272727256 0.2959807692307692 0.037159090909090864 0.06746153846153843
0 0.015312499999999951 0.7059903846153847 0.030624999999999923 0.06744230769230768
0 0.12038352272727271 0.3559326923076923 0.02451704545454544 0.05674999999999998
0 0.36752130681818185 0.4254230769230769 0.02782670454545451 0.02311538461538458
0 0.1338210227272728 0.3018653846153846 0.022926136363636343 0.06423076923076919
0 0.3899786931818182 0.41686538461538464 0.03731534090909088 0.041961538461538446
0 0.14449573863636356 0.33399038461538466 0.022144886363636408 0.03425
0 0.13342329545454557 0.37038461538461537 0.023721590909090814 0.047115384615384615
0 0.370234375 0.04306730769230769 0.06609375000000005 0.04559615384615385
0 0.3569460227272727 0.016451923076923076 0.05218750000000001 0.03290384615384615
0 0.5557244318181818 0.15865384615384615 0.044914772727272734 0.05480769230769231
0 0.5326349431818183 0.042173076923076924 0.03669034090909089 0.03426923076923077
0 0.5680752840909091 0.5020096153846154 0.03637784090909093 0.06636538461538466
0 0.961953125 0.7602596153846155 0.0738778409090909 0.05436538461538469
0 0.9699857954545454 0.7303653846153846 0.051392045454545454 0.048923076923076916
0 0.567421875 0.027086538461538464 0.06325284090909095 0.05417307692307693
0 0.9916690340909091 0.760798076923077 0.016065340909090908 0.04675000000000001
0 0.5626775568181819 0.07386538461538461 0.03859374999999994 0.04453846153846155
0 0.5139630681818181 0.052028846153846155 0.06389204545454548 0.05567307692307693
0 0.9877201704545454 0.6862115384615385 0.02455965909090909 0.03769230769230773
0 0.9653196022727273 0.7071923076923077 0.03288352272727273 0.045384615384615426
0 0.9777698863636364 0.9429038461538461 0.044460227272727276 0.06088461538461532
0 0.9797727272727272 0.9866730769230768 0.04045454545454546 0.02665384615384618
0 0.23029119318181823 0.628375 0.029247159090908973 0.03640384615384617
0 0.9533025568181818 0.6857788461538462 0.046803977272727275 0.047096153846153864
0 0.9877698863636364 0.6472403846153846 0.02340909090909091 0.043673076923076995
0 0.9752059659090909 0.9037692307692309 0.04899147727272728 0.06523076923076926
0 0.9382670454545454 0.8977884615384616 0.045767045454545456 0.0815384615384616
0 0.9318394886363637 0.9796057692307691 0.031321022727272725 0.040788461538461496
0 0.9362571022727273 0.9584038461538462 0.06745738636363638 0.08319230769230768
0 0.9845596590909091 0.20084615384615384 0.030880681818181818 0.08611538461538462
0 0.5394886363636363 0.8928461538461538 0.026335227272727302 0.052192307692307774
0 0.5086505681818183 0.24359615384615385 0.03275568181818182 0.06350000000000001
0 0.5446235795454545 0.23533653846153846 0.04433238636363634 0.08174999999999999
0 0.45302556818181816 0.9864230769230771 0.048238636363636414 0.024615384615384636
0 0.526640625 0.22098076923076923 0.03404829545454549 0.07915384615384617
0 0.3458309659090909 0.20307692307692307 0.0126846590909091 0.08507692307692306
0 0.991015625 0.8972403846153846 0.017968750000000002 0.030442307692307772
0 0.838799715909091 0.4485480769230769 0.01771306818181818 0.026557692307692313
0 0.6423792613636363 0.6117019230769231 0.02720170454545451 0.04109615384615385
0 0.6104332386363636 0.6313942307692307 0.020241477272727272 0.04451923076923073
0 0.5882954545454545 0.6339711538461538 0.037954545454545414 0.04625000000000002
0 0.6354261363636364 0.6596538461538461 0.033522727272727225 0.05138461538461533
0 0.6623082386363637 0.6566634615384616 0.026576704545454556 0.05909615384615377
0 0.6566122159090909 0.7101923076923076 0.04174715909090907 0.06338461538461534
0 0.3178053977272728 0.08663461538461538 0.04032670454545453 0.051384615384615376
0 0.6316335227272727 0.6224038461538461 0.04238636363636364 0.05223076923076928
0 0.854296875 0.4571153846153846 0.018338068181818178 0.03169230769230767
0 0.7141761363636363 0.4044423076923077 0.040482954545454544 0.0702307692307692
0 0.6771732954545455 0.7012019230769231 0.023409090909090893 0.040249999999999904
0 0.5614133522727274 0.47338461538461535 0.04617897727272726 0.07280769230769228
0 0.7227201704545454 0.9775673076923077 0.05504261363636364 0.044865384615384585
0 0.519765625 0.7031634615384615 0.05393465909090905 0.0580192307692308
0 0.802109375 0.3295 0.05566761363636363 0.06080769230769232
0 0.6306818181818181 0.9722596153846154 0.05059659090909092 0.05309615384615387
0 0.8789701704545454 0.6802115384615384 0.042372159090909085 0.08392307692307689
0 0.4043181818181818 0.9798076923076923 0.01670454545454544 0.04038461538461539
0 0.8394318181818182 0.35691346153846154 0.02150568181818182 0.01971153846153846
0 0.8179261363636363 0.3671923076923077 0.03542613636363638 0.0488076923076923
0 0.8720099431818182 0.7281730769230769 0.03606534090909091 0.05138461538461533
0 0.617080965909091 0.6973365384615384 0.02467329545454546 0.03767307692307698
0 0.635419034090909 0.6887692307692307 0.0246732954545455 0.025692307692307608
0 0.7163920454545454 0.6425288461538462 0.02846590909090912 0.06509615384615389
0 0.7442258522727272 0.8394999999999999 0.03478693181818183 0.04796153846153846
0 0.6974218750000001 0.958125 0.043650568181818165 0.050519230769230844
0 0.5971590909090909 0.7196153846153847 0.037954545454545414 0.04796153846153846
0 0.5889275568181818 0.6716538461538462 0.029105113636363648 0.05480769230769231
0 0.014417613636363624 0.8087692307692308 0.02767045454545457 0.05246153846153841
0 0.674637784090909 0.598423076923077 0.04617897727272726 0.057384615384615444
0 0.860625 0.7641346153846155 0.025937500000000006 0.05480769230769231
0 0.8457599431818181 0.3303653846153846 0.04302556818181819 0.0351153846153846
0 0.7806036931818182 0.3624807692307693 0.044275568181818166 0.037692307692307685
0 0.6136008522727273 0.6630769230769231 0.026576704545454518 0.04453846153846148
0 0.8346875 0.407875 0.020880681818181823 0.04282692307692304
0 0.5170738636363637 0.7383846153846154 0.04664772727272724 0.06380769230769232
0 0.8011647727272727 0.4305576923076923 0.03352272727272727 0.03169230769230767
0 0.8546164772727273 0.39245192307692306 0.031619318181818186 0.03425
0 0.8501846590909091 0.3641923076923077 0.030369318181818174 0.046230769230769214
0 0.012045454545454581 0.9571057692307692 0.022926136363636343 0.08578846153846156
0 0.24136363636363634 0.752028846153846 0.03874999999999996 0.06744230769230768
0 0.8818181818181818 0.3774711538461538 0.040482954545454544 0.06594230769230773
0 0.7318963068181819 0.7979711538461538 0.04555397727272726 0.05909615384615388
0 0.8264701704545454 0.425 0.02214488636363637 0.04111538461538461
0 0.6910866477272727 0.6647980769230769 0.03225852272727274 0.06851923076923076
0 0.6971022727272727 0.6069807692307693 0.04301136363636364 0.06080769230769232
0 0.6303693181818182 0.7191826923076924 0.02846590909090912 0.043673076923076884
0 0.6721164772727273 0.9608653846153846 0.04744318181818183 0.07826923076923074
0 0.5748011363636364 0.6000673076923076 0.04190340909090909 0.050519230769230844
0 0.9643678977272727 0.5710192307692308 0.027201704545454543 0.03338461538461541
0 0.17652698863636374 0.9693461538461537 0.04032670454545453 0.037461538461538386
0 0.22648437499999996 0.027259615384615386 0.05061079545454545 0.05451923076923077
0 0.14726562499999996 0.8986826923076923 0.022940340909090876 0.05459615384615382
0 0.9564630681818181 0.5346153846153846 0.025312500000000005 0.05480769230769231
0 0.9927840909090909 0.08413461538461539 0.014431818181818183 0.05480769230769231
0 0.16110795454545468 0.8574711538461538 0.0284659090909092 0.03640384615384617
0 0.9706960227272727 0.5971442307692307 0.037329545454545456 0.027403846153846154
0 0.2089417613636364 0.86925 0.038735795454545426 0.03426923076923075
0 0.9757599431818181 0.5277692307692308 0.022144886363636363 0.06338461538461546
0 0.14845170454545453 0.8360673076923076 0.06326704545454541 0.05351923076923085
0 0.1733593750000001 0.5636057692307692 0.037173295454545396 0.03532692307692309
0 0.9870880681818182 0.5761538461538462 0.025823863636363634 0.05738461538461534
0 0.010177556818181777 0.5855576923076923 0.020355113636363695 0.02784615384615388
0 0.17296875 0.9142115384615385 0.02846590909090904 0.04069230769230774
0 0.16505681818181828 0.8815576923076922 0.022130681818181876 0.024615384615384636
0 0.8688494318181819 0.6519519230769231 0.037329545454545456 0.06167307692307691
0 0.9422301136363637 0.6365288461538462 0.03352272727272727 0.030826923076923026
0 0.10100852272727279 0.7814711538461538 0.0300568181818183 0.047096153846153864
0 0.99125 0.6159807692307693 0.016448863636363636 0.02396153846153853
0 0.8577769886363636 0.057596153846153846 0.024048295454545465 0.03769230769230769
0 0.18522017045454542 0.5898365384615384 0.037173295454545556 0.06851923076923076
0 0.22396306818181833 0.8724615384615385 0.04349431818181819 0.0535384615384616
0 0.9567826704545455 0.6082788461538462 0.05757102272727273 0.04282692307692304
0 0.06384232954545443 0.7327596153846153 0.026889204545454473 0.04174999999999996
0 0.8770738636363636 0.06915384615384615 0.041107954545454566 0.04538461538461538
0 0.11998579545454546 0.5598653846153846 0.03795454545454549 0.07280769230769234
0 0.8875142045454545 0.12267307692307694 0.051875000000000004 0.05480769230769232
0 0.06858664772727285 0.8028846153846154 0.0332244318181818 0.032115384615384705
0 0.9577272727272728 0.6480961538461538 0.04806818181818182 0.038538461538461466
0 0.9849289772727273 0.09227884615384616 0.0265625 0.043673076923076926
0 0.8957386363636364 0.09270192307692307 0.03542613636363637 0.03598076923076923
0 0.18719460227272722 0.9008365384615384 0.031633522727272705 0.05459615384615382
0 0.8783380681818181 0.02579807692307692 0.030994318181818192 0.05159615384615384
0 0.9832883522727273 0.5234903846153846 0.033423295454545456 0.0822115384615384
0 0.33105823863636363 0.9524230769230769 0.03643465909090906 0.06234615384615388
0 0.12986505681818172 0.8050192307692308 0.026093750000000006 0.05138461538461544
0 0.08361505681818182 0.7712980769230771 0.04901988636363635 0.046019230769230784
0 0.14409801136363642 0.9495384615384616 0.05930397727272727 0.05780769230769231
0 0.9820241477272728 0.15265384615384614 0.035951704545454544 0.04623076923076924
0 0.9833877840909091 0.8048365384615385 0.03322443181818182 0.03913461538461543
0 0.9861363636363636 0.12996153846153846 0.027727272727272725 0.041961538461538446
0 0.21684659090909097 0.6091153846153846 0.034005681818181734 0.05138461538461544
0 0.1251278409090908 0.7643365384615386 0.022926136363636343 0.0556730769230769
0 0.1476633522727272 0.5620096153846154 0.041122159090908994 0.06209615384615377
0 0.8520880681818181 0.6395288461538462 0.026562500000000003 0.04882692307692305
0 0.5522585227272727 0.5774807692307692 0.02846590909090912 0.05246153846153852
0 0.11247869318181813 0.8119807692307692 0.02134943181818194 0.04388461538461537
0 0.9194602272727272 0.1106923076923077 0.030994318181818182 0.029115384615384602
0 0.5178693181818183 0.8970384615384616 0.01343749999999997 0.032115384615384594
0 0.23543323863636367 0.6487211538461539 0.031633522727272705 0.029980769230769182
0 0.08558948863636362 0.8216153846153846 0.030838068181818234 0.039615384615384656
0 0.24782670454545463 0.04434615384615385 0.042698863636363556 0.05246153846153846
0 0.5712428977272728 0.5512499999999999 0.03478693181818175 0.062076923076923134
0 0.04367897727272729 0.7236634615384614 0.029261363636363506 0.03425
0 0.6135440340909091 0.5491153846153846 0.0339914772727272 0.10276923076923077
0 0.5672869318181819 0.985451923076923 0.03161931818181817 0.029096153846153838
0 0.36960227272727275 0.24828846153846157 0.03795454545454549 0.03638461538461536
0 0.515497159090909 0.8659807692307693 0.032414772727272716 0.038538461538461466
0 0.3898934659090909 0.9633846153846155 0.027315340909090935 0.026730769230769297
0 0.11168323863636365 0.45067307692307695 0.024502840909090908 0.05353846153846154
0 0.5340767045454546 0.6331442307692308 0.05534090909090914 0.07171153846153851
0 0.1440980113636363 0.982798076923077 0.04981534090909098 0.034403846153846125
0 0.47438210227272737 0.9152307692307692 0.02134943181818186 0.032115384615384594
0 0.3657315340909091 0.9911153846153846 0.023792613636363636 0.017769230769230787
0 0.10693892045454556 0.8783557692307692 0.05140624999999992 0.061019230769230805
0 0.04842329545454538 0.5497019230769231 0.049829545454545515 0.061019230769230694
0 0.03656250000000005 0.862826923076923 0.04190340909090909 0.05353846153846149
0 0.5925923295454545 0.5095 0.026889204545454473 0.07280769230769234
0 0.3843607954545455 0.9830192307692307 0.02846590909090912 0.03396153846153851
0 0.43166903409090907 0.7059423076923077 0.026093750000000006 0.05246153846153852
0 0.49335227272727267 0.5897884615384615 0.02767045454545457 0.04280769230769229
0 0.04328125000000005 0.6433653846153846 0.020568181818181843 0.02784615384615388
0 0.15754971590909084 0.7980576923076923 0.030838068181818234 0.0267692307692308
0 0.01966619318181817 0.8912019230769231 0.039332386363636444 0.05459615384615382
0 0.06384232954545443 0.6460480769230769 0.026889204545454473 0.03532692307692309
0 0.27827414772727277 0.019230769230769232 0.022940340909090876 0.038461538461538464
0 0.3296661931818182 0.41689423076923077 0.02134943181818186 0.05886538461538464
0 0.2565269886363637 0.009057692307692308 0.022144886363636408 0.018115384615384617
0 0.2964630681818182 0.07432692307692307 0.032414772727272716 0.05673076923076923
0 0.052379261363636354 0.6021538461538462 0.02294034090909104 0.02676923076923069
0 0.12038352272727271 0.9008269230769231 0.03874999999999996 0.039615384615384656
0 0.3344176136363637 0.048096153846153844 0.048238636363636414 0.05138461538461538
0 0.4763494318181819 0.8766923076923077 0.02846590909090912 0.05780769230769231
0 0.3988636363636364 0.22849038461538462 0.03795454545454549 0.06744230769230768
0 0.5431676136363637 0.9859807692307693 0.022926136363636343 0.02803846153846151
0 0.0907244318181818 0.8355288461538461 0.02846590909090904 0.03317307692307692
0 0.0685937499999999 0.6877980769230768 0.023721590909090814 0.05244230769230777
0 0.04367897727272729 0.6230192307692308 0.02451704545454544 0.032115384615384594
0 0.47161221590909086 0.6786442307692307 0.02529829545454546 0.07278846153846147
0 0.4909801136363636 0.8590288461538461 0.032414772727272716 0.03532692307692309
0 0.43997869318181815 0.7455480769230769 0.03478693181818183 0.05459615384615382
0 0.2968536931818182 0.02507692307692308 0.030042613636363603 0.04603846153846154
0 0.34865056818181817 0.3323173076923077 0.02767045454545457 0.041750000000000016
0 0.1496377840909091 0.7718365384615385 0.029247159090909136 0.040673076923076985
0 0.4921661931818182 0.6877403846153847 0.02214488636363633 0.05674999999999998
0 0.5119389204545455 0.9334326923076923 0.02529829545454546 0.0556730769230769
0 0.0950781249999999 0.47957692307692307 0.037173295454545396 0.047115384615384615
0 0.5708451704545454 0.9248653846153846 0.0339914772727272 0.038538461538461466
0 0.09982244318181832 0.716701923076923 0.022940340909090876 0.052442307692307656
0 0.2687855113636364 0.3837019230769231 0.051406249999999994 0.06744230769230768
0 0.49612215909090907 0.9157596153846154 0.023721590909090894 0.028903846153846103
0 0.34093039772727274 0.9712403846153845 0.0308664772727273 0.057519230769230816
0 0.45776988636363636 0.8900480769230769 0.022926136363636343 0.054557692307692314
0 0.3249289772727273 0.3756730769230769 0.02451704545454544 0.02569230769230772
0 0.5285440340909091 0.9763461538461539 0.02529829545454546 0.04730769230769235
0 0.35536931818181816 0.09306730769230769 0.04269886363636364 0.055673076923076915
0 0.2853906249999999 0.42492307692307696 0.03873579545454551 0.044961538461538456
