0 0.7762713068181818 0.4511538461538461 0.026321022727272728 0.025576923076923098
0 0.6660653409090909 0.9752884615384615 0.02090909090909091 0.02626923076923082
0 0.6513565340909091 0.5653846153846154 0.020184659090909104 0.02830769230769236
0 0.383515625 0.5120480769230769 0.02098011363636361 0.030134615384615416
0 0.986484375 0.6130480769230768 0.02197443181818182 0.032711538461538556
0 0.2933522727272727 0.5393173076923078 0.01840909090909088 0.032096153846153844
0 0.6461789772727273 0.9335192307692308 0.016732954545454547 0.022038461538461607
0 0.7896875 0.47241346153846153 0.017897727272727305 0.036826923076923035
0 0.6326988636363637 0.5633173076923077 0.02178977272727273 0.0324423076923077
0 0.7716335227272727 0.5314615384615385 0.017585227272727266 0.024961538461538497
0 0.7122940340909091 0.6063846153846154 0.021491477272727308 0.04150000000000008
0 0.8502272727272727 0.25356730769230773 0.019289772727272725 0.032403846153846144
0 0.17894886363636364 0.49565384615384617 0.022926136363636343 0.037192307692307754
0 0.3004119318181818 0.21779807692307693 0.020454545454545423 0.019634615384615372
0 0.4071448863636363 0.5298365384615384 0.02204545454545452 0.03040384615384616
0 0.9337784090909091 0.5979423076923077 0.02440340909090909 0.03176923076923074
0 0.8790482954545454 0.4591826923076923 0.020681818181818187 0.027673076923076897
0 0.46004971590909094 0.008067307692307693 0.0206960227272728 0.016134615384615386
0 0.7269673295454546 0.5334230769230769 0.021491477272727266 0.03007692307692305
0 0.9573153409090909 0.6808557692307693 0.019630681818181818 0.027673076923076897
0 0.12731534090909102 0.5354038461538461 0.03463068181818181 0.040423076923077
0 0.19188920454545444 0.9205769230769232 0.01582386363636362 0.024384615384615397
0 0.8358380681818182 0.813076923076923 0.01670454545454546 0.019076923076923106
0 0.9190269886363637 0.8882884615384615 0.02231534090909091 0.03130769230769236
0 0.7576846590909091 0.5490673076923077 0.019034090909090917 0.03028846153846154
0 0.4890056818181818 0.9812692307692308 0.019176136363636364 0.026576923076922953
0 0.6716832386363636 0.06110576923076923 0.017798295454545456 0.0250576923076923
0 0.463515625 0.7947019230769231 0.02203124999999999 0.02394230769230778
0 0.6760440340909091 0.08163461538461539 0.020326704545454547 0.030730769230769225
0 0.5440269886363636 0.42597115384615386 0.0263778409090909 0.03071153846153846
0 0.31235795454545456 0.23284615384615387 0.016818181818181784 0.027307692307692314
0 0.7305965909090909 0.6632211538461539 0.022073863636363666 0.030865384615384527
0 0.28581676136363643 0.5164711538461538 0.01748579545454546 0.021634615384615384
0 0.8284943181818182 0.8278173076923078 0.020624999999999994 0.025750000000000082
0 0.7746377840909091 0.4732692307692308 0.017258522727272695 0.027038461538461542
0 0.4655539772727273 0.02638461538461538 0.018323863636363603 0.03273076923076923
0 0.9844389204545455 0.5125288461538461 0.017343749999999998 0.0193269230769231
0 0.9548224431818182 0.5988846153846155 0.018821022727272728 0.027384615384615403
0 0.8371590909090909 0.151625 0.02730113636363636 0.03428846153846154
0 0.6794886363636363 0.2446057692307692 0.023607954545454512 0.03171153846153845
0 0.6476491477272728 0.5423749999999999 0.019758522727272722 0.0259423076923076
0 0.6347869318181818 0.8320673076923077 0.023636363636363657 0.032711538461538445
0 0.16349431818181803 0.8539038461538461 0.01829545454545454 0.023192307692307696
0 0.7682883522727273 0.783375 0.023678977272727296 0.02971153846153844
0 0.6772727272727272 0.9589423076923076 0.017897727272727263 0.028538461538461492
0 0.19087357954545459 0.9905769230769231 0.019019886363636506 0.018846153846153867
0 0.11208806818181827 0.6565480769230768 0.030681818181818213 0.03821153846153836
0 0.6279900568181818 0.9682019230769231 0.023366477272727296 0.0306730769230769
0 0.2962784090909091 0.23932692307692308 0.021846590909090902 0.030461538461538467
0 0.664609375 0.9519134615384616 0.016946022727272737 0.025096153846153758
0 0.598125 0.6597211538461537 0.01514204545454549 0.02394230769230767
0 0.9921732954545455 0.6887211538461538 0.015454545454545453 0.024211538461538524
0 0.585262784090909 0.17332692307692307 0.02069602272727272 0.035153846153846154
0 0.1589772727272728 0.49780769230769234 0.01974431818181815 0.03288461538461543
0 0.1765340909090909 0.7175 0.020198863636363674 0.028576923076922993
0 0.9708522727272727 0.6908461538461539 0.02184659090909091 0.025
0 0.46213068181818184 0.31732692307692306 0.01610795454545451 0.02338461538461538
0 0.391200284090909 0.21676923076923077 0.018536931818181834 0.01907692307692308
0 0.76734375 0.6534807692307693 0.02150568181818184 0.026346153846153932
0 0.17021306818181803 0.695076923076923 0.017698863636363527 0.020576923076923163
0 0.2230468750000001 0.925 0.023252840909090914 0.033230769230769175
0 0.3886079545454545 0.2401826923076923 0.0199147727272727 0.0309807692307692
0 0.9843181818181819 0.4913269230769231 0.02340909090909091 0.025961538461538463
0 0.23887073863636354 0.14493269230769232 0.023423295454545467 0.03271153846153847
0 0.8652272727272727 0.24758653846153847 0.017897727272727284 0.032096153846153844
0 0.5595596590909091 0.49766346153846147 0.023096590909090896 0.03355769230769229
0 0.8985724431818182 0.23609615384615384 0.024644886363636365 0.03492307692307692
0 0.8422727272727273 0.5017403846153847 0.017301136363636352 0.03128846153846156
0 0.9616193181818182 0.7749423076923078 0.02034090909090909 0.028000000000000004
0 0.6936292613636363 0.6189711538461539 0.019616477272727275 0.028134615384615376
0 0.4032812499999999 0.22889423076923077 0.015568181818181788 0.027250000000000003
0 0.44659090909090904 0.02166346153846154 0.02022727272727274 0.033365384615384616
0 0.7766477272727272 0.6112115384615385 0.023238636363636343 0.029499999999999953
0 0.7077911931818182 0.6384423076923077 0.022656249999999985 0.028115384615384625
0 0.8825355113636364 0.24443269230769232 0.018366477272727263 0.0327115384615385
0 0.5346590909090909 0.6818846153846153 0.019602272727272742 0.02523076923076924
0 0.5521377840909092 0.7427692307692307 0.02171875000000003 0.025961538461538463
0 0.9126917613636364 0.17098076923076921 0.01615056818181819 0.027384615384615375
0 0.12870738636363643 0.9854326923076923 0.02440340909090918 0.028942307692307823
0 0.5125426136363636 0.9746634615384616 0.017897727272727305 0.028480769230769237
0 0.7390198863636364 0.5460192307692306 0.02034090909090908 0.029692307692307688
0 0.550653409090909 0.764576923076923 0.018749999999999985 0.025961538461538463
0 0.27328125000000003 0.9893269230769232 0.01690340909090898 0.02076923076923079
0 0.20779829545454542 0.9180192307692308 0.017727272727272755 0.027538461538461526
0 0.5733664772727272 0.1883173076923077 0.01980113636363636 0.03221153846153846
0 0.5268892045454545 0.9684423076923077 0.02102272727272729 0.03492307692307686
0 0.6236576704545455 0.9902211538461537 0.020241477272727272 0.01936538461538471
0 0.512421875 0.04542307692307692 0.018707386363636305 0.02642307692307692
0 0.27754261363636357 0.5386826923076923 0.015255681818181831 0.027057692307692293
0 0.6133096590909091 0.24547115384615384 0.024147727272727272 0.03490384615384617
0 0.550362215909091 0.9375288461538461 0.021974431818181775 0.029750000000000054
0 0.6451775568181819 0.27718269230769227 0.02214488636363633 0.0309807692307692
0 0.6270241477272727 0.1289519230769231 0.02251420454545454 0.03098076923076923
0 0.23096590909090908 0.24845192307692307 0.015625 0.026057692307692303
0 0.8202556818181819 0.3360096153846154 0.021846590909090902 0.028942307692307715
0 0.5352414772727272 0.7714711538461538 0.019715909090909086 0.030557692307692282
0 0.7617542613636363 0.7630192307692307 0.021065340909090888 0.027538461538461526
