0 0.3088281249999999 0.7051634615384615 0.01765625000000001 0.02205769230769236
0 0.30837357954545463 0.6851730769230768 0.015156250000000022 0.020076923076923072
0 0.946171875 0.5224134615384615 0.011974431818181818 0.020096153846153823
0 0.9820241477272728 0.5851057692307692 0.014701704545454542 0.02098076923076917
0 0.8547798295454545 0.285625 0.021548295454545438 0.030750000000000017
0 0.8938423295454545 0.3304326923076923 0.018480113636363624 0.022403846153846163
0 0.9606321022727273 0.3794230769230769 0.02186079545454545 0.022884615384615396
0 0.9661008522727272 0.3978076923076923 0.01955965909090909 0.02423076923076922
0 0.9781107954545455 0.37875 0.021363636363636362 0.025576923076923046
0 0.8045667613636364 0.13289423076923076 0.01916193181818183 0.027173076923076928
0 0.9144105113636364 0.4228173076923077 0.018224431818181817 0.028019230769230755
0 0.9898579545454546 0.04924038461538461 0.015539772727272727 0.014865384615384615
0 0.2562215909090909 0.5348269230769231 0.016335227272727272 0.023576923076923058
0 0.9897585227272727 0.06748076923076923 0.020482954545454544 0.02665384615384616
0 0.5297798295454546 0.8542596153846155 0.015553977272727256 0.020326923076923065
0 0.6079119318181818 0.9007307692307692 0.015653409090909145 0.019307692307692238
0 0.2526207386363637 0.5556634615384616 0.013764204545454623 0.024019230769230786
0 0.5100994318181818 0.8410961538461539 0.021761363636363627 0.03180769230769224
0 0.2637997159090908 0.5582307692307692 0.014332386363636408 0.022576923076922984
0 0.2631747159090909 0.5749903846153847 0.0193323863636363 0.021519230769230766
0 0.10764914772727263 0.5040096153846153 0.016718749999999973 0.021865384615384623
0 0.49290482954545456 0.8454615384615385 0.017059659090909077 0.02511538461538462
0 0.14041903409090917 0.4648557692307692 0.01578125000000002 0.0193269230769231
0 0.5411647727272728 0.5470961538461538 0.017840909090909095 0.025
0 0.017237215909090886 0.32170192307692314 0.021946022727272793 0.032980769230769244
0 0.7809090909090909 0.6346442307692307 0.022613636363636346 0.030134615384615416
0 0.6793110795454546 0.5885192307692307 0.015610795454545428 0.021999999999999995
0 0.5901491477272728 0.6455384615384615 0.01444602272727275 0.02169230769230764
0 0.7815838068181818 0.8871538461538462 0.014644886363636327 0.017730769230769283
0 0.7328338068181819 0.8966538461538461 0.013565340909090924 0.019769230769230716
0 0.7106463068181819 0.9930096153846154 0.01649147727272725 0.013980769230769196
0 0.22739346590909093 0.9155096153846155 0.015269886363636364 0.021519230769230766
0 0.1846875 0.9872788461538461 0.013409090909090987 0.022096153846153863
0 0.1931250000000001 0.9803557692307692 0.013494318181818182 0.01544230769230764
0 0.4538778409090909 0.40445192307692307 0.017159090909090888 0.021865384615384623
0 0.3663068181818182 0.9950961538461539 0.016988636363636414 0.00980769230769235
0 0.08845170454545448 0.6968076923076924 0.012301136363636318 0.022307692307692244
0 0.22563920454545439 0.013413461538461537 0.02048295454545449 0.026826923076923075
0 0.3597443181818182 0.050567307692307696 0.018096590909090923 0.02601923076923077
0 0.5402982954545454 0.10867307692307693 0.01926136363636364 0.02261538461538461
0 0.6143323863636363 0.05964423076923077 0.015965909090909104 0.023480769230769225
0 0.19282670454545459 0.2371346153846154 0.013636363636363507 0.020846153846153827
0 0.4386860795454546 0.5064807692307692 0.020667613636363654 0.02511538461538462
0 0.4857741477272728 0.31464423076923076 0.016178977272727255 0.02309615384615383
0 0.5902982954545455 0.40403846153846157 0.012926136363636397 0.020269230769230755
0 0.354609375 0.2631538461538462 0.020383522727272677 0.02923076923076921
0 0.36638494318181813 0.13371153846153847 0.018821022727272728 0.02638461538461538
0 0.4937713068181818 0.005144230769230769 0.01808238636363639 0.010288461538461538
0 0.8350639204545455 0.7723173076923078 0.018053977272727263 0.025288461538461603
0 0.8160085227272728 0.7607115384615386 0.01829545454545454 0.025615384615384602
0 0.6757883522727273 0.5118846153846153 0.019446022727272725 0.02488461538461538
0 0.6955042613636364 0.5120288461538461 0.019559659090909107 0.026019230769230718
0 0.5462855113636365 0.567625 0.018338068181818216 0.02382692307692305
0 0.4827840909090909 0.6916538461538461 0.015738636363636423 0.024115384615384653
0 0.49303977272727273 0.6743365384615384 0.017130681818181823 0.024249999999999917
0 0.4771235795454545 0.6771057692307693 0.01643465909090908 0.02321153846153845
0 0.785703125 0.05330769230769231 0.017514204545454562 0.026153846153846156
0 0.49451704545454545 0.6518365384615384 0.018011363636363645 0.023788461538461547
0 0.3433238636363636 0.6327788461538462 0.015965909090909104 0.020942307692307666
0 0.18830255681818187 0.6593173076923078 0.013849431818181818 0.021019230769230783
0 0.8719957386363636 0.0911923076923077 0.01734374999999999 0.02638461538461538
0 0.794112215909091 0.07521153846153845 0.02467329545454546 0.030269230769230767
0 0.855 0.08138461538461539 0.01948863636363636 0.027115384615384604
0 0.9153551136363636 0.14666346153846155 0.011193181818181823 0.015942307692307676
0 0.8021590909090909 0.041567307692307695 0.015028409090909068 0.024942307692307694
0 0.8104545454545454 0.7423461538461538 0.018806818181818195 0.021346153846153782
0 0.30957386363636363 0.8159423076923076 0.01707386363636361 0.023846153846153913
0 0.303359375 0.8036538461538462 0.012627840909090889 0.019653846153846098
0 0.2186434659090909 0.5109807692307692 0.02075284090909093 0.026192307692307702
0 0.4081392045454546 0.8692019230769231 0.015710227272727275 0.023980769230769285
0 0.42227272727272724 0.8633461538461539 0.015710227272727275 0.024846153846153768
0 0.3481036931818182 0.9588076923076922 0.02291193181818181 0.02984615384615381
0 0.267578125 0.8815673076923076 0.01936079545454553 0.025634615384615353
0 0.31255681818181824 0.8688461538461537 0.019346590909090914 0.025615384615384602
0 0.32017045454545456 0.88725 0.01920454545454551 0.02465384615384614
0 0.34180397727272727 0.916923076923077 0.015227272727272766 0.03199999999999997
0 0.32813920454545453 0.9184615384615386 0.015795454545454553 0.023499999999999945
0 0.3115625000000001 0.9161538461538461 0.01593749999999996 0.025038461538461614
0 0.2996022727272728 0.9083461538461539 0.01423295454545452 0.013307692307692338
0 0.22276988636363626 0.4753076923076923 0.015511363636363578 0.020576923076923055
0 0.30259232954545456 0.9353269230769231 0.01680397727272725 0.02407692307692304
0 0.29042613636363646 0.9260769230769231 0.016931818181818204 0.024846153846153768
0 0.04247869318181818 0.0700576923076923 0.012059659090909104 0.020000000000000004
0 0.04733664772727275 0.012 0.01595170454545457 0.023961538461538465
0 0.03012784090909093 0.015557692307692307 0.01963068181818189 0.02473076923076923
0 0.01885653409090904 0.03240384615384616 0.023139204545454494 0.02842307692307692
0 0.25597301136363626 0.382875 0.019701704545454553 0.025442307692307726
0 0.7162926136363637 0.6878846153846153 0.019403409090909086 0.027653846153846143
0 0.8613991477272727 0.6207019230769231 0.016690340909090908 0.020942307692307666
0 0.8592329545454546 0.6393076923076924 0.017471590909090905 0.021384615384615394
0 0.15596590909090902 0.4897980769230769 0.018863636363636485 0.027365384615384597
0 0.2604119318181819 0.3614423076923077 0.017414772727272713 0.025730769230769224
0 0.06467329545454537 0.27639423076923075 0.016335227272727272 0.024365384615384646
0 0.07328125000000008 0.25999999999999995 0.019545454545454533 0.025269230769230797
0 0.07866477272727268 0.23700000000000002 0.019886363636363636 0.027076923076923075
0 0.018089488636363615 0.46445192307692307 0.01745738636363631 0.02128846153846158
0 0.02573863636363638 0.48661538461538467 0.018863636363636326 0.023346153846153874
0 0.006654829545454488 0.5078269230769231 0.013224431818181902 0.02584615384615384
0 0.21026278409090904 0.1121826923076923 0.0070880681818181945 0.013980769230769224
0 0.02026278409090909 0.5091442307692308 0.014190340909090922 0.02701923076923068
0 0.00941761363636362 0.4863269230769231 0.01593750000000004 0.022461538461538474
0 0.32210227272727276 0.6760288461538461 0.016249999999999997 0.029865384615384672
0 0.2226349431818182 0.13702884615384614 0.013934659090909013 0.01886538461538462
0 0.2222656249999999 0.11100961538461539 0.0171732954545455 0.024096153846153847
0 0.21454545454545448 0.1275096153846154 0.014431818181818136 0.019711538461538475
0 0.20117897727272727 0.13274038461538462 0.015056818181818053 0.026096153846153845
0 0.1854403409090909 0.1277596153846154 0.01767045454545446 0.028634615384615373
0 0.30231534090909096 0.2005576923076923 0.012187499999999978 0.01746153846153846
0 0.27903409090909104 0.18812500000000001 0.015596590909090853 0.024173076923076908
0 0.29312499999999997 0.19042307692307694 0.014034090909090902 0.01873076923076922
0 0.29865056818181823 0.17198076923076924 0.015795454545454553 0.02319230769230767
0 0.28409090909090906 0.1686923076923077 0.018267045454545473 0.020269230769230755
0 0.22982244318181833 0.5259326923076924 0.016605113636363553 0.02690384615384617
0 0.4390411931818182 0.17182692307692307 0.018338068181818216 0.024346153846153868
0 0.47850142045454547 0.1628173076923077 0.016661931818181843 0.02451923076923077
0 0.48007102272727276 0.2241923076923077 0.021647727272727204 0.021076923076923094
0 0.48306107954545463 0.20170192307692306 0.021065340909090888 0.0245576923076923
0 0.5520383522727272 0.2138173076923077 0.02044034090909089 0.026749999999999993
0 0.631690340909091 0.35977884615384614 0.01610795454545451 0.021173076923076906
0 0.6303196022727273 0.33610576923076924 0.02359375000000002 0.026173076923076948
0 0.6117400568181819 0.3428365384615385 0.018480113636363624 0.029903846153846177
0 0.5959659090909091 0.33571153846153845 0.01647727272727276 0.02642307692307694
0 0.5733735795454544 0.33033653846153843 0.01600852272727278 0.02421153846153847
0 0.3050355113636364 0.6705384615384615 0.014815340909090919 0.01684615384615383
0 0.5584943181818183 0.3329326923076923 0.014886363636363663 0.023057692307692324
0 0.6913139204545455 0.5333365384615385 0.01589488636363636 0.02182692307692301
0 0.6765482954545454 0.5355192307692308 0.016647727272727272 0.022384615384615468
0 0.8953267045454545 0.8943173076923077 0.018693181818181814 0.026980769230769287
0 0.9183238636363636 0.8519615384615384 0.019829545454545457 0.025038461538461503
0 0.940078125 0.8743461538461538 0.01274147727272727 0.020230769230769306
0 0.9927272727272727 0.9296153846153846 0.014431818181818183 0.025576923076923098
0 0.98953125 0.8643942307692308 0.013551136363636364 0.02144230769230765
0 0.02659090909090911 0.9861346153846153 0.0238636363636363 0.02773076923076926
0 0.9822443181818182 0.8932115384615386 0.021363636363636362 0.026461538461538554
0 0.29407670454545454 0.6802788461538462 0.015965909090909024 0.02440384615384615
0 0.023117897727272685 0.9627692307692307 0.01839488636363643 0.0220384615384615
0 0.038899147727272765 0.9456153846153846 0.019133522727272766 0.02876923076923073
0 0.05735085227272729 0.9508269230769231 0.02149147727272743 0.02876923076923084
0 0.06744318181818187 0.9128557692307693 0.01786931818181808 0.02724999999999992
0 0.08482954545454546 0.9110384615384616 0.020312499999999935 0.0238461538461538
0 0.08019886363636364 0.9289807692307692 0.022556818181818174 0.02980769230769231
0 0.40984374999999995 0.31979807692307693 0.014630681818181834 0.026480769230769252
0 0.4251775568181818 0.31732692307692306 0.01754261363636367 0.023230769230769256
0 0.4490909090909091 0.42221153846153847 0.019176136363636364 0.025961538461538463
0 0.8240340909090909 0.1412403846153846 0.01428977272727273 0.018326923076923053
0 0.24015624999999996 0.5354423076923076 0.017130681818181902 0.024153846153846158
0 0.8125568181818182 0.14639423076923078 0.008664772727272719 0.016673076923076898
0 0.8019105113636364 0.15925 0.016889204545454565 0.02388461538461539
0 0.788984375 0.1552403846153846 0.02021306818181817 0.026134615384615364
0 0.8677556818181819 0.52125 0.017130681818181823 0.025769230769230725
0 0.8630255681818182 0.5375288461538461 0.01815340909090907 0.02667307692307693
0 0.9005397727272727 0.5039903846153847 0.016363636363636358 0.020788461538461544
0 0.8867471590909091 0.06504807692307693 0.01573863636363636 0.023980769230769236
0 0.9445028409090909 0.5521442307692308 0.015653409090909086 0.027673076923076897
0 0.9581534090909091 0.5546249999999999 0.016448863636363633 0.02486538461538463
0 0.9541548295454545 0.5253269230769231 0.01453125 0.021615384615384634
