0 0.5150142045454545 0.6391634615384616 0.016335227272727272 0.019173076923076977
0 0.6330681818181818 0.8439807692307693 0.01781249999999995 0.022730769230769218
0 0.8556107954545454 0.01810576923076923 0.018551136363636367 0.02678846153846154
0 0.65953125 0.3929134615384615 0.01920454545454543 0.02148076923076926
0 0.4374573863636364 0.5736634615384616 0.019005681818181894 0.03313461538461542
0 0.15424005681818187 0.09571153846153846 0.016889204545454527 0.02123076923076923
0 0.36721590909090907 0.7926826923076923 0.020596590909090908 0.023019230769230823
0 0.7928124999999999 0.05247115384615385 0.011249999999999982 0.01751923076923077
0 0.09654119318181809 0.5157115384615384 0.021036931818181902 0.02638461538461533
0 0.5577130681818181 0.8881538461538462 0.01781249999999995 0.024115384615384653
0 0.8300497159090909 0.9800769230769231 0.017940340909090902 0.025999999999999964
0 0.37342329545454545 0.6971057692307693 0.022556818181818174 0.032749999999999946
0 0.8724644886363636 0.16388461538461538 0.021377840909090905 0.02426923076923078
0 0.2417187500000001 0.011615384615384616 0.02477272727272719 0.023230769230769232
0 0.27651988636363634 0.9355961538461538 0.01829545454545454 0.02300000000000007
0 0.27209517045454557 0.01658653846153846 0.020099431818181787 0.028480769230769233
0 0.9660298295454546 0.6058557692307691 0.01953125 0.02924999999999996
0 0.18893465909090912 0.8265288461538461 0.02221590909090907 0.025211538461538487
0 0.906484375 0.9782596153846154 0.01953124999999999 0.031442307692307735
0 0.2835014204545455 0.6652596153846154 0.017968750000000047 0.031403846153846234
0 0.006512784090909163 0.45375961538461534 0.013025568181818124 0.025326923076923052
0 0.5607031250000001 0.9928750000000002 0.02098011363636361 0.013596153846153942
0 0.22767755681818191 0.9397403846153847 0.01933238636363638 0.026173076923076948
0 0.5803053977272727 0.7691153846153846 0.021860795454545515 0.025038461538461503
0 0.2304474431818182 0.17678846153846156 0.01904829545454557 0.020269230769230782
0 0.8805539772727273 0.02563461538461538 0.01815340909090909 0.021769230769230766
0 0.4291477272727273 0.7986538461538462 0.019602272727272663 0.02169230769230764
0 0.12277698863636355 0.4735192307692308 0.017911931818181837 0.02496153846153844
0 0.8066122159090909 0.5745673076923077 0.016207386363636358 0.025673076923076858
0 0.43813210227272725 0.883826923076923 0.016661931818181843 0.022115384615384617
0 0.7304545454545455 0.5550192307692308 0.015113636363636385 0.02407692307692304
0 0.7668110795454546 0.7170096153846154 0.015866477272727254 0.023173076923076946
0 0.37981534090909086 0.4668557692307692 0.018693181818181855 0.02721153846153847
0 0.537528409090909 0.6224423076923076 0.01343749999999997 0.015230769230769261
0 0.7659730113636364 0.9871442307692309 0.020042613636363657 0.02428846153846153
0 0.39534090909090913 0.8858942307692308 0.017414772727272713 0.021903846153846128
0 0.4300568181818182 0.4410769230769231 0.019034090909090876 0.025307692307692302
0 0.9779829545454546 0.7915096153846155 0.017698863636363638 0.028326923076923003
0 0.4879332386363636 0.8721442307692308 0.01595170454545457 0.026634615384615427
0 0.946484375 0.477 0.018622159090909085 0.027384615384615403
0 0.5119957386363636 0.8975096153846155 0.022059659090909053 0.023403846153846185
0 0.20477982954545448 0.06957692307692308 0.017798295454545417 0.030230769230769228
0 0.34384943181818184 0.7674615384615384 0.022869318181818213 0.027423076923076904
0 0.07061789772727278 0.21821153846153846 0.02061079545454544 0.024769230769230762
0 0.5095099431818182 0.9942884615384615 0.017428977272727245 0.011423076923077029
0 0.9456960227272727 0.3276730769230769 0.010227272727272722 0.01707692307692312
0 0.44340909090909086 0.4288653846153846 0.01903409090909096 0.027115384615384604
0 0.4353977272727273 0.30217307692307693 0.014687499999999964 0.01942307692307691
0 0.38486505681818184 0.7345 0.015355113636363639 0.026115384615384693
0 0.15926846590909094 0.5516442307692309 0.015156250000000104 0.02205769230769225
0 0.20343039772727256 0.27424038461538464 0.018707386363636305 0.025326923076923052
0 0.6542542613636364 0.9940865384615384 0.019190340909090896 0.010596153846153828
0 0.4915625 0.7691057692307692 0.021590909090909157 0.03028846153846154
0 0.43748579545454547 0.8592692307692308 0.02125000000000005 0.02699999999999993
0 0.4069957386363636 0.44650961538461537 0.018764204545454518 0.020134615384615383
0 0.6262357954545454 0.9951442307692309 0.017187500000000033 0.009673076923076871
0 0.7357102272727273 0.9326057692307692 0.017102272727272758 0.030519230769230778
0 0.48651278409090903 0.976701923076923 0.01595170454545457 0.02240384615384622
0 0.4265767045454546 0.1964807692307692 0.013721590909090864 0.022923076923076928
0 0.8255326704545455 0.47878846153846155 0.019588068181818172 0.025384615384615363
0 0.25531250000000005 0.6268076923076923 0.01877840909090913 0.023384615384615323
0 0.09020596590909102 0.6692980769230769 0.019701704545454553 0.024826923076923125
0 0.5651704545454546 0.32546153846153847 0.020085227272727255 0.02515384615384618
0 0.820546875 0.5213846153846154 0.018167613636363624 0.023153846153846084
0 0.3324786931818182 0.2305480769230769 0.017769886363636352 0.02609615384615386
0 0.993828125 0.06178846153846154 0.01208806818181818 0.027884615384615393
0 0.5834659090909091 0.6300673076923077 0.01670454545454544 0.018673076923076994
0 0.7054474431818182 0.44829807692307694 0.026718750000000003 0.039557692307692294
0 0.6991903409090909 0.34176923076923077 0.01920454545454547 0.028807692307692343
0 0.4246661931818182 0.6599807692307693 0.01754261363636359 0.029692307692307688
0 0.39149147727272726 0.14227884615384614 0.01588068181818183 0.02594230769230771
0 0.7947727272727272 0.07248076923076922 0.016704545454545482 0.022615384615384617
0 0.8557883522727272 0.9164807692307693 0.020696022727272737 0.02676923076923069
0 0.9387855113636364 0.3889230769230769 0.020696022727272726 0.026153846153846142
0 0.9943394886363637 0.4671923076923077 0.011321022727272726 0.027076923076923047
0 0.3636931818181818 0.6323173076923077 0.017272727272727308 0.02240384615384611
0 0.94796875 0.22745192307692308 0.013607954545454548 0.022326923076923078
0 0.29158380681818175 0.8956153846153847 0.02268465909090905 0.0279615384615385
0 0.7787073863636363 0.05214423076923077 0.016278409090909104 0.024865384615384616
0 0.0034943181818182234 0.2897019230769231 0.006988636363636305 0.014288461538461552
0 0.2396093749999999 0.2576346153846154 0.016832386363636397 0.02088461538461541
0 0.1892613636363637 0.8026346153846154 0.020909090909090947 0.024346153846153785
0 0.8733735795454545 0.32402884615384614 0.021377840909090905 0.027711538461538454
0 0.024069602272727142 0.4184230769230769 0.019474431818181707 0.02496153846153844
0 0.861484375 0.8469711538461538 0.01700284090909091 0.024096153846153795
0 0.7680610795454546 0.9198942307692308 0.012514204545454549 0.019788461538461578
0 0.2807386363636364 0.04 0.018693181818181935 0.020884615384615387
0 0.7240269886363637 0.9235673076923077 0.01711647727272729 0.022596153846153846
0 0.3010582386363636 0.5348461538461539 0.01984375000000004 0.02830769230769236
0 0.07190340909090909 0.6393846153846154 0.018579545454545352 0.024115384615384653
0 0.7557457386363636 0.9552115384615385 0.02129261363636361 0.029384615384615443
0 0.8116832386363637 0.07700961538461538 0.01794034090909088 0.024865384615384616
0 0.3287713068181819 0.920125 0.019758522727272763 0.022365384615384606
0 0.7819815340909091 0.8785576923076923 0.017485795454545417 0.02769230769230776
0 0.9436150568181818 0.9742211538461538 0.019303977272727278 0.0277115384615384
0 0.6549928977272728 0.8960192307692306 0.015071022727272705 0.023192307692307696
0 0.5926633522727274 0.7845192307692308 0.01595170454545457 0.02196153846153849
0 0.14287642045454552 0.7899038461538461 0.01754261363636367 0.020769230769230682
0 0.7348721590909091 0.5062211538461538 0.01829545454545454 0.022019230769230746
0 0.6740696022727273 0.3645865384615385 0.015610795454545428 0.015749999999999997
0 0.4073863636363636 0.12888461538461538 0.01775568181818182 0.022769230769230764
0 0.6981392045454546 0.5361730769230769 0.017954545454545476 0.025423076923076975
0 0.7860085227272727 0.9877115384615385 0.01920454545454547 0.022038461538461607
0 0.2328906249999999 0.7893653846153846 0.0218892045454545 0.024346153846153896
0 0.32397017045454546 0.03302884615384616 0.01916193181818183 0.024673076923076923
0 0.8482102272727272 0.4488365384615384 0.02022727272727274 0.025211538461538435
0 0.33781250000000007 0.18254807692307695 0.014630681818181834 0.021057692307692312
0 0.08208096590909086 0.19942307692307693 0.019133522727272766 0.028769230769230783
0 0.8309375 0.813875 0.015880681818181808 0.025788461538461586
0 0.44399147727272725 0.7702980769230768 0.016732954545454506 0.021057692307692284
0 0.6089417613636363 0.5048653846153845 0.018877840909090858 0.021230769230769272
0 0.4025142045454545 0.8229903846153847 0.021903409090909032 0.026980769230769287
0 0.5585795454545455 0.9228942307692307 0.01272727272727278 0.022365384615384717
0 0.8708451704545455 0.2729807692307692 0.01632102272727272 0.023346153846153874
0 0.7801704545454545 0.6370480769230769 0.017528409090909094 0.02486538461538463
0 0.2897017045454545 0.24609615384615385 0.01647727272727276 0.01853846153846151
0 0.2880539772727273 0.557375 0.01599431818181817 0.025980769230769214
0 0.30223011363636365 0.35929807692307686 0.020568181818181843 0.024673076923076947
0 0.45031960227272727 0.8220576923076923 0.021207386363636373 0.024499999999999907
0 0.15459517045454552 0.5154230769230769 0.017144886363636435 0.01969230769230771
0 0.6651633522727273 0.9190480769230769 0.017940340909090902 0.02486538461538463
0 0.7159801136363637 0.9912980769230769 0.016448863636363654 0.017403846153846176
0 0.2983522727272727 0.008500000000000002 0.014488636363636348 0.016884615384615387
0 0.8529616477272728 0.42614423076923075 0.019360795454545447 0.026211538461538453
0 0.6488849431818182 0.9238461538461538 0.019616477272727275 0.028807692307692232
0 0.6172514204545454 0.7902788461538461 0.015156250000000022 0.02051923076923069
0 0.71609375 0.6011634615384616 0.017954545454545435 0.025442307692307726
0 0.39772017045454544 0.6244038461538461 0.015610795454545467 0.02015384615384619
0 0.8030823863636364 0.06123076923076923 0.013778409090909076 0.016
0 0.9714772727272727 0.5155096153846154 0.016079545454545454 0.022326923076923102
0 0.6948082386363637 0.08632692307692308 0.01711647727272725 0.02542307692307692
0 0.5260227272727274 0.9824519230769231 0.012528409090909081 0.021288461538461527
0 0.603828125 0.7298173076923077 0.019673295454545405 0.025557692307692236
0 0.14083096590909083 0.3891153846153846 0.018707386363636468 0.02638461538461538
0 0.5538991477272728 0.9783173076923077 0.020639204545454506 0.028403846153846227
0 0.2324431818181818 0.8446346153846155 0.02022727272727274 0.02311538461538469
0 0.9825852272727272 0.33257692307692305 0.020000000000000004 0.027384615384615403
0 0.8059232954545454 0.7816634615384616 0.017471590909090926 0.02086538461538455
0 0.7169247159090909 0.12673076923076923 0.019616477272727275 0.025999999999999992
0 0.0331818181818182 0.24484615384615385 0.018096590909090923 0.029615384615384627
0 0.5966548295454546 0.6420096153846154 0.019133522727272687 0.024826923076923125
0 0.8747585227272727 0.34783653846153845 0.023210227272727278 0.02863461538461536
0 0.5070241477272728 0.611875 0.015610795454545467 0.01771153846153842
0 0.3080752840909091 0.04251923076923077 0.018224431818181796 0.020884615384615383
0 0.7851278409090909 0.7979615384615385 0.010681818181818197 0.014999999999999913
0 0.537237215909091 0.893375 0.01674715909090912 0.025903846153846208
0 0.9265340909090909 0.24307692307692308 0.01690340909090909 0.023461538461538468
0 0.4861363636363637 0.40198076923076925 0.01835227272727275 0.02665384615384618
0 0.6995738636363636 0.91325 0.017045454545454544 0.024576923076923024
0 0.20887073863636363 0.9844903846153845 0.02092329545454548 0.027865384615384525
0 0.20186079545454527 0.11018269230769231 0.016136363636363657 0.016519230769230776
0 0.13960937500000015 0.05384615384615385 0.01961647727272736 0.02492307692307692
0 0.30901278409090915 0.40274038461538464 0.01916193181818183 0.024673076923076947
0 0.14350852272727266 0.7411346153846153 0.01894886363636368 0.024346153846153896
0 0.6415767045454546 0.45790384615384616 0.01920454545454543 0.02600000000000002
0 0.1895170454545455 0.6035192307692309 0.018551136363636447 0.023384615384615434
0 0.008615056818181865 0.4953173076923077 0.01609375000000006 0.02286538461538459
0 0.7828764204545455 0.0077788461538461535 0.019616477272727275 0.014134615384615384
0 0.48730823863636363 0.1927403846153846 0.01703125000000001 0.02440384615384615
0 0.5911363636363636 0.3978173076923077 0.021534090909090944 0.02374999999999999
0 0.3549289772727273 0.38846153846153847 0.02136363636363631 0.02711538461538466
0 0.8560227272727272 0.7728461538461538 0.019772727272727254 0.027076923076923155
0 0.20593039772727262 0.8161346153846154 0.01830965909090907 0.024769230769230762
0 0.5748579545454545 0.8906730769230768 0.018607954545454577 0.030576923076923144
0 0.44463068181818177 0.99325 0.017272727272727308 0.013346153846153952
0 0.5333877840909091 0.8374134615384616 0.019133522727272766 0.028442307692307732
0 0.29231534090909095 0.47542307692307695 0.01812499999999999 0.02569230769230772
0 0.7448934659090909 0.4694903846153846 0.017940340909090902 0.026557692307692313
0 0.23515624999999996 0.3429326923076923 0.015852272727272684 0.025442307692307674
0 0.6411931818181817 0.9887980769230769 0.016306818181818127 0.020557692307692305
0 0.7165767045454545 0.38776923076923075 0.013409090909090905 0.024769230769230814
0 0.6946164772727272 0.4042884615384616 0.015056818181818173 0.021461538461538456
0 0.5069318181818181 0.7501442307692308 0.01769886363636369 0.025019230769230752
0 0.05199573863636364 0.3983749999999999 0.017656250000000092 0.022173076923076924
0 0.7693110795454545 0.14538461538461536 0.02086647727272727 0.0305
0 0.4076704545454546 0.15059615384615385 0.017357954545454583 0.023499999999999997
0 0.38758522727272726 0.850423076923077 0.015710227272727275 0.019769230769230827
0 0.9084375 0.56975 0.017017045454545462 0.0267692307692308
0 0.13326704545454549 0.210375 0.02022727272727274 0.027788461538461543
0 0.03225142045454532 0.4020673076923077 0.01401988636363637 0.01898076923076924
0 0.4192116477272727 0.27031730769230766 0.015696022727272663 0.020788461538461544
0 0.6054971590909091 0.3553653846153846 0.02232954545454541 0.02750000000000002
0 0.5783735795454545 0.5117115384615385 0.018877840909090938 0.023384615384615434
0 0.0033948863636363846 0.3822596153846154 0.006789772727272689 0.0330576923076923
0 0.6036931818181819 0.6243749999999999 0.016221590909090852 0.022673076923076962
0 0.017088068181818183 0.2580288461538462 0.01900568181818181 0.028596153846153882
0 0.0971875000000001 0.6450192307692307 0.01767045454545446 0.027076923076923047
0 0.6182457386363636 0.39276923076923076 0.01674715909090904 0.02519230769230768
0 0.31077414772727263 0.8672211538461538 0.0150426136363636 0.021173076923076906
0 0.6458238636363637 0.5828076923076924 0.018068181818181817 0.0273461538461539
0 0.5738707386363636 0.9850192307692308 0.01697443181818188 0.0214615384615384
0 0.39926846590909093 0.7260192307692307 0.012059659090909104 0.015346153846153772
0 0.8190269886363637 0.6231346153846153 0.018963068181818196 0.029884615384615423
0 0.8369815340909091 0.004096153846153847 0.016889204545454548 0.007615384615384616
0 0.40727272727272734 0.6562115384615385 0.019687499999999938 0.02592307692307696
0 0.23661931818181803 0.06057692307692308 0.01750000000000007 0.01961538461538462
0 0.1812571022727273 0.7028557692307693 0.01927556818181809 0.02832692307692311
0 0.5206392045454544 0.655875 0.016704545454545524 0.022134615384615367
0 0.7071164772727272 0.07163461538461538 0.017528409090909094 0.024307692307692308
0 0.4001136363636364 0.5288269230769231 0.01653409090909089 0.019884615384615445
0 0.25393465909090907 0.0620576923076923 0.017102272727272674 0.026076923076923074
0 0.5976278409090909 0.4664903846153846 0.018664772727272707 0.026749999999999993
0 0.21195312499999985 0.9423173076923077 0.015156249999999942 0.026173076923076948
0 0.48363636363636364 0.48439423076923077 0.01840909090909088 0.02248076923076928
0 0.7054474431818182 0.6215 0.02086647727272727 0.02430769230769228
0 0.8993394886363636 0.19370192307692308 0.018792613636363642 0.028826923076923066
0 0.6046235795454544 0.6652211538461538 0.018593749999999964 0.02736538461538454
0 0.9421164772727273 0.282 0.01909090909090909 0.026461538461538498
0 0.37578835227272733 0.286625 0.016463068181818228 0.02105769230769234
0 0.6528693181818181 0.7409711538461539 0.017812499999999988 0.02051923076923069
0 0.9746519886363636 0.6295096153846155 0.022997159090909092 0.02924999999999996
0 0.04348721590909088 0.30440384615384614 0.024389204545454648 0.03161538461538461
0 0.5733735795454544 0.8040096153846154 0.01984374999999996 0.027403846153846154
0 0.7167116477272728 0.34261538461538465 0.01836647727272728 0.023730769230769236
0 0.41424715909090903 0.6290769230769231 0.015710227272727275 0.029192307692307705
0 0.6513920454545454 0.4276634615384615 0.01877840909090909 0.02317307692307689
0 0.5928551136363636 0.9918269230769231 0.012954545454545462 0.015115384615384532
0 0.6825071022727274 0.5255961538461539 0.019673295454545447 0.025192307692307736
0 0.9460227272727273 0.5395673076923078 0.017698863636363634 0.02924999999999996
0 0.8023224431818182 0.526846153846154 0.01686079545454546 0.024115384615384653
0 0.44254971590909087 0.012990384615384614 0.021036931818181823 0.021249999999999998
0 0.22472301136363626 0.13160576923076925 0.025440340909090864 0.029019230769230776
0 0.8312784090909091 0.3617115384615385 0.02102272727272729 0.029576923076923067
0 0.5659801136363637 0.01101923076923077 0.019999999999999976 0.02203846153846154
0 0.35247159090909086 0.10526923076923075 0.01823863636363633 0.025307692307692316
0 0.6724076704545454 0.5518653846153847 0.03242897727272725 0.02734615384615379
0 0.4452911931818182 0.660298076923077 0.014161931818181856 0.022134615384615367
0 0.6046661931818182 0.9402884615384615 0.01862215909090911 0.025653846153846215
0 0.9915482954545455 0.3437884615384615 0.016789772727272726 0.026153846153846142
0 0.45188920454545456 0.5631923076923078 0.015710227272727275 0.029692307692307688
0 0.5918678977272727 0.5227115384615385 0.019133522727272766 0.02230769230769235
0 0.7430184659090909 0.3691826923076923 0.02086647727272727 0.030519230769230778
0 0.718174715909091 0.2538942307692308 0.019616477272727275 0.028249999999999997
0 0.45977272727272733 0.4748557692307693 0.01840909090909096 0.027173076923076914
0 0.7461434659090909 0.9806442307692309 0.018792613636363663 0.02598076923076932
0 0.4939914772727273 0.7323653846153847 0.022187500000000006 0.03161538461538461
0 0.8809659090909091 0.23018269230769228 0.01860795454545454 0.029249999999999988
0 0.9433380681818182 0.46207692307692305 0.016818181818181822 0.018230769230769266
0 0.7924857954545454 0.17166346153846154 0.016278409090909062 0.02428846153846153
0 0.8125142045454545 0.18606730769230767 0.01877840909090909 0.0248653846153846
0 0.10394176136363631 0.616875 0.017144886363636435 0.024249999999999917
0 0.9805113636363636 0.2865192307692308 0.01724431818181818 0.023653846153846123
0 0.2717187499999999 0.09214423076923077 0.013892045454545497 0.01824999999999999
0 0.4505894886363637 0.2768653846153846 0.017031249999999932 0.025769230769230725
0 0.2048437500000001 0.33821153846153845 0.01775568181818182 0.024615384615384636
0 0.9744176136363636 0.5814230769230769 0.017017045454545455 0.022730769230769218
0 0.3900923295454546 0.7869326923076922 0.020582386363636376 0.022134615384615367
0 0.22105823863636365 0.18480769230769228 0.015525568181818272 0.019923076923076922
0 0.07914062499999985 0.47128846153846154 0.021036931818181902 0.028499999999999987
0 0.7012713068181817 0.4985961538461538 0.020042613636363657 0.025999999999999964
0 0.26526988636363635 0.10984615384615384 0.01926136363636356 0.026653846153846153
0 0.9923579545454545 0.17373076923076924 0.01502840909090909 0.026115384615384613
0 0.9285582386363637 0.5454711538461539 0.02092329545454545 0.02924999999999996
0 0.26949573863636367 0.8831634615384616 0.02188920454545458 0.029634615384615322
0 0.33870028409090913 0.7291826923076923 0.020071022727272722 0.022903846153846094
0 0.016015624999999978 0.38102884615384613 0.020525568181818245 0.025673076923076913
0 0.27517045454545463 0.9891634615384616 0.016931818181818204 0.02167307692307689
0 0.3918465909090909 0.12147115384615384 0.02451704545454544 0.02490384615384616
0 0.5617400568181818 0.6584038461538462 0.018764204545454518 0.02630769230769232
0 0.6302769886363636 0.7616634615384615 0.018338068181818178 0.02159615384615388
0 0.11771306818181815 0.5889134615384616 0.020255681818181805 0.025326923076923108
0 0.9945667613636363 0.31935576923076925 0.010866477272727272 0.027711538461538454
0 0.6087428977272727 0.778576923076923 0.017798295454545417 0.02230769230769235
0 0.6179403409090909 0.4190384615384615 0.01903409090909096 0.028000000000000004
0 0.9745667613636364 0.5512403846153846 0.01566761363636364 0.024557692307692273
0 0.25363636363636355 0.271875 0.01963068181818189 0.02405769230769229
0 0.8577485795454545 0.9863653846153848 0.018167613636363645 0.027076923076923155
0 0.589268465909091 0.44279807692307693 0.018338068181818216 0.02517307692307693
0 0.6313494318181818 0.9219134615384615 0.01781250000000003 0.025519230769230735
0 0.7206036931818183 0.5299423076923077 0.017343750000000012 0.018461538461538505
0 0.502421875 0.9158653846153846 0.019928977272727313 0.027692307692307648
0 0.26956676136363633 0.6473461538461539 0.021235795454545518 0.026692307692307682
0 0.39209517045454545 0.9926923076923078 0.018480113636363704 0.013846153846153715
0 0.21230113636363646 0.7977692307692308 0.019289772727272784 0.02346153846153844
0 0.14002840909090897 0.8166153846153846 0.019289772727272784 0.025538461538461486
0 0.6428338068181818 0.244 0.016690340909090908 0.023153846153846167
0 0.5917329545454546 0.9550961538461538 0.014744318181818176 0.017846153846153904
0 0.7970667613636364 0.733125 0.01711647727272725 0.019211538461538478
0 0.8431463068181818 0.9037211538461538 0.020241477272727272 0.02428846153846153
0 0.49696022727272726 0.09862499999999999 0.013693181818181799 0.024403846153846165
0 0.06017755681818182 0.38254807692307696 0.01740056818181818 0.023557692307692307
0 0.4361647727272727 0.9199711538461538 0.017443181818181778 0.028711538461538476
0 0.8030681818181818 0.6355000000000001 0.02017045454545457 0.029884615384615423
0 0.421171875 0.13742307692307693 0.016349431818181805 0.017076923076923097
0 0.9569460227272727 0.5194807692307692 0.01747159090909091 0.02396153846153853
0 0.5155610795454546 0.3717115384615385 0.018167613636363666 0.024076923076923096
0 0.4827059659090909 0.9435673076923077 0.01973011363636362 0.024711538461538396
0 0.6162855113636363 0.4641346153846154 0.0204971590909091 0.026500000000000003
0 0.2884446022727273 0.02606730769230769 0.020099431818181787 0.025942307692307695
0 0.4041903409090909 0.38022115384615385 0.016022727272727234 0.022596153846153846
0 0.02661221590909091 0.6840288461538462 0.01819602272727265 0.02001923076923071
0 0.9463210227272727 0.043500000000000004 0.016903409090909094 0.027346153846153846
0 0.2588494318181819 0.3734230769230769 0.01428977272727265 0.021384615384615394
0 0.9836434659090909 0.5381153846153846 0.01566761363636364 0.019538461538461477
0 0.9430255681818182 0.009048076923076923 0.017727272727272734 0.018096153846153845
0 0.12161221590909088 0.8126153846153846 0.01578125000000002 0.02284615384615384
0 0.9302769886363637 0.3623076923076923 0.018394886363636367 0.02457692307692308
0 0.8372869318181818 0.5190192307692307 0.015852272727272722 0.025538461538461486
0 0.39286931818181814 0.7663557692307692 0.020255681818181805 0.02255769230769234
0 0.6687002840909091 0.8612211538461539 0.01782670454545452 0.02782692307692302
0 0.03761363636363635 0.27070192307692303 0.01840909090909096 0.023711538461538485
0 0.5035227272727273 0.7879423076923078 0.021789772727272692 0.033192307692307674
0 0.6841548295454545 0.5042403846153846 0.016690340909090908 0.022596153846153846
0 0.3106321022727273 0.4820673076923077 0.016718749999999973 0.022134615384615423
0 0.26346590909090917 0.18193269230769232 0.0132670454545455 0.022288461538461545
0 0.3556605113636363 0.20825961538461538 0.015553977272727256 0.019211538461538478
0 0.27536221590909093 0.3703653846153846 0.018224431818181716 0.02403846153846154
0 0.6814488636363636 0.39122115384615386 0.02045454545454546 0.030519230769230778
0 0.40986505681818186 0.8559519230769231 0.020269886363636337 0.025673076923076858
0 0.7896164772727272 0.6568653846153846 0.01948863636363636 0.030115384615384554
0 0.3503835227272727 0.7833846153846155 0.0189488636363636 0.02299999999999996
0 0.7228338068181819 0.9519807692307691 0.01850852272727269 0.023192307692307696
0 0.43821732954545456 0.5209038461538462 0.01728693181818176 0.02515384615384623
0 0.23895596590909096 0.9909903846153847 0.014900568181818195 0.018019230769230777
0 0.622421875 0.444923076923077 0.018849431818181793 0.02576923076923078
0 0.3082883522727272 0.6994326923076922 0.0193323863636363 0.022788461538461584
0 0.5374928977272727 0.9814903846153846 0.015553977272727256 0.022749999999999968
0 0.49131392045454547 0.3610769230769231 0.02069602272727272 0.02892307692307691
0 0.5869389204545454 0.9779134615384615 0.013622159090909055 0.021749999999999894
0 0.3792258522727273 0.21445192307692307 0.019673295454545405 0.02540384615384617
0 0.6262855113636363 0.6941923076923078 0.013565340909090924 0.021230769230769272
0 0.8018110795454545 0.753375 0.0263778409090909 0.02828846153846161
0 0.0343394886363636 0.20326923076923076 0.019985795454545527 0.023346153846153846
0 0.8172230113636363 0.5487980769230769 0.018167613636363624 0.026211538461538453
0 0.646953125 0.48616346153846157 0.017798295454545456 0.022673076923076907
0 0.43542613636363636 0.9637211538461539 0.017585227272727266 0.02582692307692309
0 0.18169744318181813 0.2938557692307692 0.02171874999999995 0.0318653846153846
0 0.7708025568181818 0.764048076923077 0.013707386363636371 0.026442307692307692
0 0.9085511363636364 0.512173076923077 0.017244318181818184 0.02053846153846155
0 0.6508096590909092 0.5199807692307692 0.018068181818181817 0.019076923076923106
0 0.3052840909090909 0.7608269230769231 0.016335227272727272 0.026538461538461452
0 0.7200568181818182 0.04789423076923077 0.017528409090909094 0.026557692307692306
0 0.35024147727272725 0.19314423076923076 0.01775568181818182 0.01940384615384616
0 0.32143465909090907 0.27374038461538464 0.020795454545454527 0.03021153846153842
0 0.47580255681818184 0.7689807692307692 0.013025568181818204 0.0226538461538461
0 0.878096590909091 0.7787596153846154 0.019772727272727275 0.025211538461538487
0 0.921200284090909 0.27718269230769227 0.021377840909090905 0.023019230769230768
0 0.9291264204545455 0.49334615384615377 0.019303977272727268 0.022730769230769218
0 0.9166335227272727 0.09011538461538461 0.02102272727272728 0.026807692307692303
0 0.4678125000000001 0.6379230769230769 0.018522727272727302 0.022615384615384707
0 0.77453125 0.9388269230769231 0.017102272727272716 0.022615384615384596
0 0.9215411931818182 0.9496346153846154 0.020696022727272726 0.029576923076923067
0 0.5495383522727273 0.93 0.016519886363636358 0.02630769230769232
0 0.5159872159090909 0.9604519230769231 0.01657670454545449 0.02840384615384612
0 0.703359375 0.39575 0.02521306818181818 0.03303846153846155
0 0.36898437500000003 0.6494230769230769 0.028991477272727308 0.027423076923076904
0 0.7559588068181818 0.02925 0.01836647727272728 0.027692307692307693
0 0.14986505681818185 0.23060576923076923 0.016605113636363713 0.02001923076923079
0 0.7839204545454546 0.7153173076923077 0.01920454545454543 0.028826923076922986
0 0.824296875 0.829298076923077 0.013849431818181818 0.016596153846153837
0 0.7144176136363636 0.02275 0.028806818181818183 0.026
0 0.5861008522727273 0.6954807692307692 0.01745738636363631 0.019615384615384594
0 0.39615056818181815 0.21909615384615386 0.016931818181818204 0.019807692307692304
0 0.5118963068181819 0.7323557692307692 0.014389204545454538 0.02001923076923071
0 0.37382812500000007 0.9494519230769232 0.017258522727272695 0.0229038461538462
0 0.29941761363636354 0.3174230769230769 0.021534090909090944 0.025307692307692302
0 0.32723721590909094 0.07257692307692308 0.018224431818181876 0.024038461538461547
0 0.12240056818181833 0.22447115384615385 0.01900568181818181 0.026557692307692313
0 0.2578125 0.5916730769230768 0.019715909090909246 0.024115384615384653
0 0.18779119318181803 0.8513076923076923 0.021235795454545358 0.02699999999999993
0 0.43553977272727273 0.2830096153846154 0.01568181818181813 0.020788461538461544
0 0.6753267045454545 0.739 0.01647727272727272 0.022307692307692244
0 0.22558948863636374 0.9769423076923077 0.017940340909090902 0.021999999999999995
0 0.16102982954545453 0.18566346153846155 0.02080965909090922 0.027365384615384597
0 0.9836079545454546 0.6504038461538463 0.018295454545454545 0.02903846153846147
0 0.471953125 0.2144326923076923 0.019019886363636343 0.028019230769230782
0 0.833544034090909 0.07560576923076923 0.01978693181818183 0.024557692307692315
0 0.5747230113636363 0.8295 0.01728693181818184 0.02626923076923082
0 0.3429758522727273 0.2731538461538462 0.01927556818181817 0.01846153846153845
0 0.6326065340909091 0.5239423076923077 0.020468750000000036 0.03130769230769226
0 0.6952201704545455 0.06146153846153846 0.022116477272727263 0.024307692307692308
0 0.7595028409090909 0.47852884615384617 0.017954545454545435 0.023173076923076946
0 0.7271519886363637 0.5822307692307692 0.017542613636363627 0.02373076923076929
0 0.09566761363636367 0.6019230769230769 0.020198863636363674 0.028846153846153848
0 0.006924715909090939 0.3365480769230769 0.013764204545454623 0.028134615384615376
0 0.3824715909090909 0.6288365384615384 0.018522727272727222 0.0211346153846154
0 0.9935227272727273 0.2858173076923077 0.012954545454545453 0.022942307692307706
0 0.8932670454545455 0.3234038461538462 0.01931818181818181 0.028307692307692305
0 0.9221235795454545 0.9234807692307692 0.01862215909090909 0.02334615384615382
0 0.9814346590909091 0.4667307692307692 0.016789772727272726 0.02553846153846154
0 0.6093465909090909 0.5248461538461539 0.020198863636363595 0.023038461538461574
0 0.8155752840909091 0.6552307692307693 0.020696022727272737 0.027307692307692286
0 0.6664772727272728 0.8869711538461539 0.01610795454545455 0.0199423076923077
0 0.42021306818181825 0.31000961538461536 0.017357954545454503 0.02621153846153851
0 0.8175284090909091 0.9292115384615385 0.017954545454545456 0.025999999999999964
0 0.6539133522727273 0.972625 0.014957386363636365 0.023865384615384663
0 0.2968039772727272 0.6694134615384616 0.017272727272727228 0.02371153846153843
0 0.3119602272727273 0.005913461538461538 0.019829545454545506 0.01171153846153846
0 0.2637713068181817 0.043528846153846154 0.01626420454545445 0.022596153846153846
0 0.3013636363636363 0.2617307692307692 0.022244318181818216 0.028384615384615366
0 0.9597017045454546 0.8839615384615385 0.022073863636363635 0.029576923076923067
0 0.8250426136363637 0.9097211538461538 0.017954545454545476 0.02205769230769236
0 0.12368607954545463 0.617576923076923 0.01765624999999993 0.029884615384615423
0 0.33826704545454545 0.24698076923076925 0.01647727272727276 0.017346153846153838
0 0.3365838068181818 0.10643269230769231 0.01541193181818185 0.023403846153846157
0 0.14879261363636365 0.8416923076923077 0.021051136363636272 0.029384615384615332
0 0.6301065340909091 0.2538942307692308 0.01711647727272729 0.02486538461538463
0 0.8941832386363636 0.9451153846153847 0.01700284090909091 0.0267692307692308
0 0.8884375 0.982 0.017471590909090905 0.0345384615384615
0 0.28083096590909085 0.14869230769230768 0.01711647727272737 0.03419230769230767
0 0.5806676136363635 0.6522403846153846 0.01909090909090909 0.026750000000000048
0 0.42079545454545453 0.9663076923076923 0.016278409090909142 0.02403846153846154
0 0.43847301136363637 0.19649038461538465 0.01830965909090907 0.021673076923076916
0 0.1801136363636363 0.7265288461538462 0.020255681818181805 0.02255769230769234
0 0.5411576704545455 0.44791346153846157 0.017059659090909077 0.01917307692307692
0 0.4936505681818182 0.9875576923076923 0.018607954545454497 0.02488461538461538
0 0.8185653409090909 0.8402884615384615 0.015823863636363657 0.021423076923076895
0 0.9949147727272727 0.3926538461538462 0.010170454545454545 0.026153846153846142
0 0.5360795454545455 0.42333653846153846 0.017073863636363693 0.01917307692307692
0 0.8966051136363636 0.21753846153846154 0.026136363636363624 0.026115384615384613
0 0.21852982954545463 0.35993269230769237 0.01819602272727265 0.01998076923076926
0 0.88453125 0.9334423076923076 0.015625 0.027076923076923047
0 0.8156178977272728 0.4631153846153846 0.020667613636363654 0.028461538461538483
0 0.43640625 0.758048076923077 0.017897727272727225 0.025557692307692236
0 0.6123295454545454 0.7483557692307692 0.020198863636363595 0.023749999999999934
0 0.32206676136363643 0.46675 0.018338068181818216 0.02511538461538462
0 0.4630184659090909 0.9340961538461539 0.028423295454545524 0.03161538461538461
0 0.7346661931818181 0.2668846153846154 0.018366477272727243 0.028269230769230748
0 0.858700284090909 0.14147115384615383 0.019786931818181808 0.027903846153846137
0 0.6169815340909091 0.5470096153846153 0.018877840909090938 0.024826923076923017
0 0.30414062500000005 0.12673076923076923 0.01754261363636367 0.025769230769230753
0 0.937059659090909 0.9376538461538463 0.019545454545454543 0.029884615384615423
0 0.8039204545454546 0.8105576923076924 0.015823863636363657 0.02196153846153849
0 0.7288210227272727 0.6342211538461539 0.0208806818181818 0.025980769230769214
0 0.41767755681818186 0.3886826923076923 0.016690340909090908 0.02575000000000003
0 0.5264843749999999 0.7315480769230769 0.01401988636363637 0.018211538461538404
0 0.5760653409090908 0.6818846153846153 0.014488636363636348 0.021846153846153873
0 0.24436789772727263 0.9535769230769231 0.015582386363636402 0.021076923076923038
0 0.8818892045454545 0.8540769230769231 0.019545454545454553 0.02830769230769236
0 0.40801846590909097 0.6083653846153847 0.02044034090909089 0.02465384615384614
0 0.8700426136363636 0.009884615384615384 0.017727272727272734 0.019769230769230768
0 0.16066761363636362 0.7756442307692307 0.019289772727272624 0.027865384615384632
0 0.1505823863636363 0.011413461538461537 0.021960227272727326 0.02278846153846154
0 0.08071732954545463 0.23288461538461538 0.020184659090908982 0.02676923076923077
0 0.31697443181818175 0.23035576923076923 0.014545454545454558 0.02374999999999999
0 0.5537286931818182 0.7587115384615384 0.01984375000000004 0.029499999999999953
0 0.5968394886363635 0.7607596153846155 0.015696022727272742 0.022019230769230746
0 0.5081392045454546 0.8757403846153846 0.020198863636363595 0.026634615384615427
0 0.40774147727272725 0.7108269230769231 0.020596590909090908 0.025653846153846215
0 0.3431534090909092 0.4158076923076923 0.018210227272727263 0.024153846153846158
0 0.29965198863636366 0.29721153846153847 0.024815340909090867 0.022884615384615396
0 0.11350142045454537 0.08386538461538462 0.017514204545454604 0.023692307692307693
0 0.970390625 0.8517499999999999 0.01632102272727273 0.023653846153846175
0 0.04134232954545458 0.48723076923076925 0.01921874999999996 0.02426923076923078
0 0.9608522727272727 0.5697596153846154 0.019772727272727275 0.02240384615384622
0 0.5309659090909091 0.8638653846153846 0.017272727272727228 0.025153846153846124
0 0.7359232954545454 0.038009615384615385 0.01920454545454543 0.028249999999999997
0 0.9025710227272727 0.5877980769230768 0.019999999999999997 0.028634615384615467
0 0.24923295454545458 0.8844903846153847 0.0179829545454545 0.029634615384615322
0 0.39020596590909096 0.2008269230769231 0.011434659090909106 0.017961538461538442
0 0.5482102272727273 0.32983653846153843 0.01829545454545454 0.02848076923076918
0 0.06039062500000003 0.01108653846153846 0.03561079545454537 0.02217307692307692
0 0.5654190340909091 0.8676442307692307 0.01728693181818176 0.023403846153846185
0 0.23532670454545468 0.19450961538461536 0.01582386363636362 0.020865384615384605
0 0.4702556818181818 0.7859711538461538 0.016732954545454506 0.02240384615384611
0 0.5392116477272728 0.4083076923076923 0.01703125000000001 0.024846153846153823
0 0.582471590909091 0.9591730769230769 0.014517045454545493 0.02053846153846155
0 0.8386647727272727 0.6551923076923076 0.02369318181818183 0.031423076923076984
0 0.138096590909091 0.6233749999999999 0.02156249999999993 0.028134615384615484
0 0.6637073863636364 0.014557692307692308 0.020028409090909124 0.02880769230769231
0 0.38776278409090914 0.8078846153846154 0.015355113636363639 0.02076923076923079
0 0.8217897727272727 0.500173076923077 0.017812499999999988 0.021538461538461517
0 0.26688210227272724 0.6736538461538462 0.01927556818181817 0.03007692307692305
0 0.7230823863636364 0.5656923076923076 0.01423295454545456 0.017615384615384665
0 0.7623153409090909 0.5433846153846154 0.013636363636363629 0.014038461538461451
0 0.8216122159090908 0.7096346153846154 0.020696022727272737 0.03103846153846151
0 0.8145383522727273 0.8909519230769231 0.014786931818181833 0.0211346153846154
0 0.8566761363636364 0.06656730769230768 0.016875000000000015 0.025134615384615384
0 0.621768465909091 0.714346153846154 0.01674715909090912 0.02196153846153849
0 0.011058238636363793 0.23271153846153844 0.01961647727272736 0.02449999999999999
0 0.2935866477272726 0.11314423076923077 0.021036931818181823 0.027673076923076925
0 0.9242329545454545 0.3386057692307692 0.015369318181818182 0.02398076923076923
0 0.49565340909090905 0.38322115384615385 0.018693181818181772 0.022596153846153846
0 0.8407315340909091 0.9645673076923078 0.019076704545454556 0.02582692307692309
0 0.9109730113636364 0.4900769230769231 0.016093750000000007 0.0267692307692308
0 0.3441761363636363 0.6530865384615385 0.019602272727272742 0.029634615384615433
0 0.8649857954545455 0.4595769230769231 0.017471590909090905 0.023038461538461518
0 0.24198153409090917 0.6514903846153846 0.020269886363636337 0.029442307692307698
0 0.26018465909090915 0.6973269230769231 0.02221590909090907 0.030538461538461528
0 0.7780113636363637 0.8159134615384614 0.012272727272727253 0.027326923076923037
0 0.17897017045454544 0.2146730769230769 0.024502840909090908 0.02653846153846153
0 0.5650071022727272 0.7858365384615384 0.01867897727272724 0.02686538461538467
0 0.3349502840909091 0.203 0.01754261363636367 0.022884615384615396
0 0.8910795454545455 0.8129903846153846 0.020454545454545444 0.029557692307692316
0 0.801171875 0.7013365384615384 0.02328124999999998 0.0312884615384615
0 0.7152556818181819 0.16431730769230768 0.019630681818181808 0.026557692307692286
0 0.6133025568181818 0.9757980769230769 0.0175994318181818 0.02336538461538468
0 0.5604971590909091 0.8471346153846153 0.018607954545454497 0.026269230769230708
0 0.1775000000000001 0.7864903846153847 0.019602272727272826 0.02478846153846162
0 0.26842329545454546 0.620173076923077 0.016420454545454467 0.02453846153846152
0 0.798387784090909 0.8500865384615384 0.016093749999999976 0.024134615384615407
0 0.5972230113636363 0.9270096153846155 0.01455965909090909 0.02382692307692305
0 0.06581676136363646 0.6626153846153846 0.020411931818181826 0.02403846153846154
0 0.02916193181818183 0.004961538461538462 0.01599431818181817 0.009923076923076923
0 0.7899928977272728 0.7784230769230769 0.01643465909090908 0.0208846153846153
0 0.8115198863636364 0.054375 0.012102272727272701 0.01828846153846154
0 0.7762357954545455 0.7891346153846154 0.01582386363636362 0.027307692307692286
0 0.43223011363636354 0.32666346153846154 0.02002840909090904 0.02755769230769233
0 0.6539275568181818 0.5630192307692308 0.011434659090909067 0.02088461538461541
0 0.9449928977272727 0.8458365384615385 0.017940340909090913 0.025519230769230843
0 0.3014914772727273 0.9947980769230771 0.02005681818181819 0.010365384615384589
0 0.6352130681818182 0.008480769230769231 0.019943181818181808 0.015653846153846154
0 0.55 0.9045288461538462 0.019943181818181846 0.024480769230769264
0 0.16382102272727284 0.5906346153846154 0.016676136363636376 0.027192307692307665
0 0.22514204545454541 0.8106826923076923 0.015056818181818053 0.020673076923076922
0 0.24553267045454552 0.38016346153846153 0.015383522727272624 0.02609615384615383
0 0.3924928977272727 0.1026923076923077 0.01498579545454539 0.021730769230769224
0 0.3734161931818182 0.8227019230769231 0.015724431818181808 0.024480769230769264
0 0.9925568181818182 0.9833365384615386 0.014886363636363637 0.033326923076923046
0 0.8654474431818182 0.41491346153846154 0.018849431818181814 0.02582692307692309
0 0.9359090909090909 0.5202692307692307 0.01815340909090909 0.023653846153846175
0 0.8697017045454545 0.9368749999999999 0.01909090909090909 0.032057692307692336
0 0.09524857954545463 0.06507692307692309 0.017798295454545577 0.026153846153846156
0 0.9952556818181818 0.5837596153846154 0.009488636363636364 0.026134615384615447
0 0.7890198863636364 0.6202115384615384 0.017585227272727266 0.02546153846153848
0 0.4180397727272728 0.42932692307692305 0.01701704545454548 0.030730769230769266
0 0.436171875 0.4673076923076923 0.018764204545454598 0.030692307692307654
0 0.22115056818181822 0.011096153846153846 0.020085227272727255 0.022153846153846152
0 0.46855113636363643 0.5547500000000001 0.015482954545454513 0.024076923076923152
0 0.6563991477272728 0.36748076923076917 0.01879261363636362 0.027115384615384604
0 0.6657528409090909 0.9839615384615384 0.016306818181818207 0.021153846153846044
0 0.924765625 0.5708461538461539 0.018394886363636356 0.02584615384615384
0 0.7598863636363636 0.5604519230769229 0.017897727272727263 0.02367307692307693
0 0.29596590909090914 0.7125961538461537 0.018636363636363642 0.023884615384615414
0 0.17803267045454552 0.59525 0.016292613636363674 0.027192307692307776
0 0.5253622159090909 0.06016346153846155 0.01703125000000001 0.024403846153846158
0 0.7121235795454546 0.47965384615384615 0.02086647727272727 0.025423076923076868
0 0.008615056818181865 0.42803846153846153 0.017144886363636435 0.027076923076923103
0 0.2799644886363637 0.29030769230769227 0.017116477272727207 0.02696153846153848
0 0.31928977272727266 0.05676923076923077 0.015426136363636302 0.02530769230769231
0 0.5408948863636365 0.06059615384615385 0.015255681818181831 0.02203846153846154
0 0.41999999999999993 0.8827211538461538 0.019602272727272742 0.028749999999999977
0 0.7958167613636363 0.9057692307692308 0.01711647727272729 0.025423076923076975
0 0.5909161931818181 0.6172788461538462 0.014161931818181856 0.01475000000000003
0 0.19252840909090907 0.3926153846153846 0.0199147727272727 0.023576923076923058
0 0.5892116477272727 0.9066923076923077 0.019133522727272766 0.025192307692307625
0 0.8064630681818181 0.9764038461538462 0.0208806818181818 0.028807692307692343
0 0.9129261363636364 0.06610576923076923 0.02102272727272728 0.024557692307692308
0 0.6700710227272728 0.37982692307692306 0.013437500000000012 0.01869230769230769
0 0.7492755681818182 0.1521730769230769 0.020880681818181843 0.029384615384615387
0 0.8455610795454546 0.02980769230769231 0.013792613636363627 0.020192307692307693
0 0.6169602272727273 0.8742115384615384 0.017130681818181823 0.020423076923076933
0 0.9698224431818182 0.7692596153846154 0.02299715909090909 0.02490384615384613
0 0.5460156249999999 0.8717788461538462 0.018877840909090938 0.025903846153846208
0 0.9862571022727272 0.5646153846153846 0.016775568181818183 0.023961538461538423
0 0.9572869318181818 0.5901346153846154 0.017244318181818184 0.02396153846153853
0 0.5249573863636363 0.7032692307692308 0.016448863636363695 0.024230769230769274
0 0.9377485795454545 0.5887403846153846 0.02183238636363636 0.03609615384615381
0 0.5742542613636363 0.7112980769230769 0.018110795454545456 0.023634615384615313
0 0.21921164772727275 0.4810288461538461 0.02063920454545467 0.02721153846153842
0 0.8715411931818182 0.9886923076923076 0.016775568181818187 0.021153846153846155
0 0.587080965909091 0.7318173076923076 0.017002840909090947 0.02371153846153843
0 0.7348295454545455 0.7856057692307692 0.017130681818181823 0.02040384615384618
0 0.5094602272727272 0.7143269230769231 0.015767045454545405 0.017653846153846166
0 0.18381392045454537 0.12369230769230771 0.019303977272727316 0.0281923076923077
0 0.6066193181818182 0.7105673076923077 0.01781249999999995 0.02086538461538466
0 0.77640625 0.5960673076923078 0.020028409090909083 0.026557692307692313
0 0.45099431818181823 0.8694711538461538 0.016732954545454506 0.022903846153846094
0 0.6393110795454545 0.7497884615384615 0.015156249999999982 0.017269230769230804
0 0.919012784090909 0.22520192307692305 0.017940340909090902 0.02490384615384616
0 0.5311576704545455 0.7427692307692307 0.01595170454545457 0.02396153846153853
0 0.974765625 0.3097115384615385 0.01862215909090909 0.026461538461538498
0 0.0521093749999999 0.24071153846153848 0.019758522727272684 0.03503846153846154
0 0.6618394886363637 0.5075673076923077 0.029502840909090885 0.025903846153846208
0 0.5987713068181817 0.5461057692307693 0.019673295454545405 0.02805769230769226
0 0.9192400568181818 0.613173076923077 0.020696022727272726 0.029576923076923067
0 0.4270241477272727 0.7466634615384615 0.017968749999999967 0.023019230769230823
0 0.28703835227272734 0.9201250000000001 0.015326704545454574 0.021557692307692267
0 0.9642613636363636 0.2249326923076923 0.01732954545454546 0.02625000000000001
0 0.8258877840909091 0.44985576923076925 0.019588068181818172 0.024750000000000008
0 0.755546875 0.8267596153846153 0.019843749999999997 0.022557692307692234
0 0.7382102272727273 0.9625673076923076 0.016278409090909104 0.02486538461538463
0 0.06647727272727266 0.6916057692307692 0.02130681818181818 0.030942307692307755
0 0.79046875 0.8183173076923076 0.015028409090909108 0.02463461538461539
0 0.6498792613636364 0.5410384615384616 0.018877840909090896 0.025923076923076847
0 0.7194176136363637 0.5459903846153845 0.014971590909090938 0.01886538461538462
0 0.1990696022727273 0.7875961538461538 0.016349431818181805 0.02346153846153844
0 0.26612926136363635 0.07682692307692308 0.018821022727272728 0.026076923076923067
0 0.33773437500000003 0.12788461538461537 0.017968749999999967 0.022884615384615396
0 0.3896164772727272 0.6461538461538462 0.017840909090909095 0.02288461538461534
0 0.18446732954545453 0.011298076923076923 0.019616477272727195 0.022596153846153846
0 0.6799857954545454 0.8772211538461538 0.015028409090909108 0.02148076923076926
0 0.7682741477272728 0.46100961538461543 0.01711647727272725 0.025442307692307674
0 0.8753338068181818 0.8213942307692308 0.019303977272727278 0.0277115384615384
0 0.5495170454545455 0.43488461538461537 0.016335227272727272 0.02457692307692308
0 0.9371306818181818 0.0275 0.01960227272727272 0.030961538461538464
0 0.2978338068181817 0.20169230769230767 0.016036931818181846 0.022576923076923067
0 0.6568110795454545 0.4451826923076923 0.01711647727272725 0.026557692307692313
0 0.5884090909090909 0.7133076923076922 0.018096590909090923 0.023192307692307696
0 0.5288494318181818 0.9606826923076923 0.015227272727272766 0.022442307692307612
0 0.8432386363636364 0.8173653846153845 0.01508522727272728 0.03276923076923081
0 0.47983664772727275 0.6298076923076923 0.01680397727272733 0.025730769230769224
0 0.7290340909090909 0.45733653846153843 0.017954545454545476 0.023750000000000045
0 0.974765625 0.4896057692307692 0.018167613636363638 0.024596153846153886
0 0.41533380681818177 0.5545961538461538 0.018877840909090938 0.018192307692307653
0 0.48327414772727273 0.09998076923076922 0.017684659090909074 0.025307692307692316
0 0.649815340909091 0.760403846153846 0.014886363636363663 0.019076923076923106
0 0.7196377840909092 0.10158653846153846 0.01754261363636367 0.02317307692307693
0 0.15122159090909093 0.1966923076923077 0.020511363636363553 0.018384615384615388
0 0.8361008522727273 0.9272403846153845 0.018366477272727263 0.02544230769230762
0 0.5452627840909091 0.742173076923077 0.014588068181818155 0.02276923076923083
0 0.1910227272727273 0.23237500000000003 0.020028409090909124 0.0254423076923077
0 0.8880894886363636 0.5401923076923076 0.019076704545454556 0.0267692307692308
0 0.22489346590909098 0.23391346153846154 0.016349431818181805 0.021519230769230766
0 0.1890909090909091 0.28037500000000004 0.01840909090909096 0.025326923076923052
0 0.3156960227272727 0.19242307692307692 0.017528409090909136 0.023730769230769236
0 0.8295667613636364 0.5408365384615385 0.018877840909090896 0.02667307692307693
0 0.40055397727272724 0.7451153846153847 0.02125000000000005 0.026115384615384585
0 0.77453125 0.07728846153846153 0.017102272727272716 0.026576923076923078
0 0.7552627840909091 0.5300384615384616 0.018508522727272728 0.024000000000000035
0 0.6074857954545454 0.4041153846153846 0.01701704545454548 0.02338461538461538
0 0.15076704545454545 0.21425 0.01840909090909096 0.018384615384615388
0 0.3532528409090909 0.3376153846153846 0.018693181818181772 0.024846153846153875
0 0.17014204545454537 0.9400192307692308 0.025823863636363565 0.03007692307692305
0 0.4189772727272728 0.915 0.019573863636363677 0.029153846153846093
0 0.7507386363636364 0.2705576923076923 0.015454545454545448 0.02430769230769228
0 0.9384943181818182 0.3416153846153846 0.016079545454545454 0.022884615384615396
0 0.41100852272727273 0.9875673076923078 0.01840909090909088 0.024711538461538507
0 0.8029332386363637 0.8309134615384616 0.014644886363636327 0.01767307692307692
0 0.4633806818181818 0.9898269230769231 0.02096590909090916 0.020346153846153816
0 0.45627130681818184 0.619173076923077 0.017911931818181757 0.026230769230769314
0 0.9831605113636364 0.503 0.018394886363636363 0.020230769230769195
0 0.6424928977272728 0.9050576923076923 0.014048295454545435 0.022730769230769218
0 0.6288068181818183 0.5736346153846154 0.01860795454545454 0.02842307692307698
0 0.33938210227272725 0.08396153846153845 0.020099431818181787 0.025307692307692316
0 0.47590198863636357 0.8927884615384616 0.022968750000000024 0.02950000000000006
0 0.16628551136363645 0.4823653846153846 0.015582386363636241 0.019692307692307655
0 0.87453125 0.7991442307692308 0.017698863636363648 0.021173076923076906
0 0.8195951704545454 0.42646153846153845 0.020071022727272722 0.02749999999999997
0 0.22801846590909092 0.09611538461538462 0.022627840909091 0.026961538461538467
0 0.35653409090909094 0.4866346153846154 0.017102272727272674 0.02592307692307696
0 0.28015625 0.48436538461538464 0.01897727272727283 0.02223076923076918
0 0.9130397727272728 0.2978846153846154 0.01701704545454545 0.027076923076923047
0 0.6501988636363636 0.8786153846153846 0.024659090909090887 0.02549999999999998
0 0.4105255681818182 0.6867788461538461 0.025454545454545476 0.02667307692307693
0 0.43617897727272725 0.6733461538461538 0.018636363636363642 0.028692307692307722
0 0.5908735795454545 0.3758653846153846 0.018338068181818216 0.024461538461538458
0 0.8166548295454545 0.8589711538461537 0.016661931818181822 0.02251923076923073
0 0.9956036931818182 0.6449230769230769 0.008792613636363637 0.03019230769230767
0 0.26484375000000004 0.3003461538461539 0.018693181818181772 0.027846153846153826
0 0.16736505681818192 0.10021153846153846 0.02322443181818185 0.023692307692307693
0 0.37447443181818185 0.4172692307692308 0.018693181818181772 0.027115384615384604
0 0.1337784090909092 0.8520865384615385 0.016448863636363695 0.02224999999999999
0 0.6050213068181818 0.8302115384615385 0.01728693181818176 0.023384615384615434
0 0.7678480113636363 0.04083653846153846 0.015440340909090916 0.024865384615384616
0 0.6969957386363637 0.6011634615384616 0.020468749999999994 0.024480769230769264
0 0.5939275568181819 0.49191346153846155 0.01967329545454549 0.02482692307692307
0 0.6127272727272728 0.4855673076923077 0.01775568181818182 0.021788461538461562
0 0.6006392045454545 0.5777788461538461 0.01914772727272722 0.028788461538461593
0 0.307890625 0.2776730769230769 0.014758522727272709 0.030692307692307706
0 0.25065340909090916 0.1822403846153846 0.014176136363636389 0.021673076923076944
0 0.677059659090909 0.4706153846153846 0.020028409090909083 0.026576923076923064
0 0.5101278409090909 0.9426730769230769 0.023664772727272684 0.024461538461538514
0 0.580909090909091 0.9954423076923077 0.015397727272727237 0.008461538461538637
0 0.5630894886363635 0.43488461538461537 0.01754261363636359 0.027346153846153843
0 0.7088494318181818 0.9325769230769231 0.015852272727272763 0.021769230769230867
0 0.6392400568181817 0.5047019230769231 0.01674715909090908 0.023750000000000045
0 0.845 0.05437500000000001 0.01659090909090908 0.02209615384615385
0 0.5687926136363636 0.9661730769230769 0.0165909090909091 0.021538461538461517
0 0.4293892045454545 0.6348269230769231 0.01931818181818177 0.02642307692307694
0 0.22062499999999996 0.07018269230769231 0.014488636363636266 0.027365384615384618
0 0.7796093749999999 0.5197211538461538 0.0150426136363636 0.01817307692307701
0 0.2815909090909091 0.3163942307692308 0.01818181818181812 0.028134615384615376
0 0.4561150568181819 0.7816153846153846 0.017968750000000047 0.026538461538461452
0 0.8616548295454546 0.9578846153846154 0.02183238636363637 0.029884615384615423
0 0.4400710227272727 0.6240096153846154 0.01653409090909089 0.029442307692307698
0 0.7709801136363637 0.6200961538461538 0.017528409090909094 0.02373076923076929
0 0.8162286931818181 0.20455769230769233 0.018139204545454538 0.026807692307692303
0 0.7517897727272727 0.8113461538461538 0.01815340909090909 0.022730769230769218
0 0.7768252840909091 0.4954807692307693 0.015866477272727254 0.024307692307692336
0 0.8860227272727272 0.2739134615384615 0.015397727272727278 0.024596153846153886
0 0.381953125 0.9604519230769231 0.02268465909090905 0.025673076923076965
0 0.005454545454545379 0.2713173076923077 0.010909090909090839 0.022480769230769228
0 0.5847372159090909 0.572298076923077 0.016349431818181884 0.025057692307692364
0 0.8480894886363637 0.9387403846153846 0.01953125 0.02832692307692311
0 0.7753693181818182 0.022567307692307692 0.016875000000000032 0.02171153846153846
0 0.2747230113636363 0.5830673076923076 0.018764204545454598 0.0277115384615384
0 0.36000710227272725 0.14631730769230772 0.0160085227272727 0.02044230769230771
0 0.38677556818181824 0.27206730769230775 0.017386363636363648 0.02540384615384617
0 0.1493394886363636 0.8847307692307692 0.016889204545454527 0.02580769230769223
0 0.40044744318181824 0.5469807692307692 0.015980113636363636 0.020653846153846172
0 0.4660866477272727 0.9583942307692308 0.016349431818181805 0.020557692307692305
0 0.7648721590909091 0.7896923076923077 0.013096590909090907 0.026846153846153808
0 0.5369957386363635 0.018826923076923074 0.024417613636363633 0.03396153846153846
0 0.05783380681818173 0.029115384615384616 0.01961647727272736 0.026961538461538457
0 0.28175426136363635 0.7006442307692309 0.016349431818181805 0.03009615384615391
0 0.9310653409090909 0.20679807692307692 0.016079545454545454 0.021211538461538462
0 0.9484446022727273 0.8682403846153847 0.01654829545454545 0.02428846153846153
0 0.6232528409090909 0.005451923076923076 0.01673295454545459 0.010903846153846153
0 0.935106534090909 0.8640384615384615 0.013338068181818182 0.017730769230769283
0 0.9601065340909091 0.8577596153846153 0.01492897727272728 0.021750000000000005
0 0.35921164772727276 0.6648076923076924 0.02157670454545454 0.029192307692307705
0 0.08965909090909097 0.038115384615384613 0.01690340909090922 0.023692307692307693
0 0.1667684659090909 0.2380865384615385 0.014786931818181774 0.025750000000000002
0 0.7900213068181818 0.503673076923077 0.021207386363636335 0.029384615384615387
0 0.3579332386363636 0.4658365384615385 0.027684659090909104 0.025903846153846152
0 0.98671875 0.8464519230769231 0.02 0.027403846153846154
0 0.9143039772727273 0.20015384615384615 0.017698863636363638 0.027692307692307704
0 0.5096448863636363 0.09139423076923078 0.016363636363636417 0.026211538461538467
0 0.6136576704545454 0.5682307692307693 0.01595170454545457 0.021230769230769272
0 0.9945738636363637 0.5272307692307692 0.0103125 0.024576923076923135
0 0.5360795454545455 0.6566153846153846 0.018522727272727302 0.02950000000000006
0 0.4028409090909091 0.7979903846153847 0.016676136363636376 0.021250000000000022
0 0.2117755681818182 0.8356634615384615 0.025170454545454583 0.030711538461538405
0 0.5259090909090909 0.6226923076923078 0.017784090909090885 0.031461538461538485
0 0.4121732954545455 0.11038461538461539 0.016363636363636337 0.021692307692307695
0 0.8552130681818182 0.34051923076923074 0.019999999999999997 0.027076923076923103
0 0.20931107954545458 0.08650000000000001 0.015610795454545467 0.015307692307692309
0 0.8132954545454545 0.7656634615384615 0.016448863636363612 0.02224999999999999
0 0.8855042613636364 0.006375 0.021434659090909094 0.011173076923076923
0 0.6070383522727273 0.9916153846153846 0.01862215909090911 0.014653846153846272
0 0.16246448863636365 0.9081634615384615 0.022883522727272586 0.024788461538461513
0 0.6426207386363636 0.392625 0.015440340909090876 0.02428846153846153
0 0.18667613636363645 0.16114423076923076 0.01900568181818181 0.024096153846153847
0 0.5920028409090909 0.8237403846153847 0.01781250000000003 0.02913461538461545
0 0.8098650568181818 0.9102307692307693 0.013707386363636371 0.023192307692307696
0 0.33717329545454544 0.9003653846153846 0.02005681818181819 0.024346153846153785
0 0.7108735795454546 0.5788365384615385 0.018366477272727243 0.023750000000000045
0 0.12662642045454542 0.07201923076923078 0.017201704545454565 0.02123076923076923
0 0.5068465909090909 0.9751153846153847 0.019289772727272784 0.02750000000000002
0 0.38520596590909095 0.828298076923077 0.016519886363636358 0.02501923076923086
0 0.15907670454545453 0.9756730769230769 0.0215056818181818 0.027884615384615386
0 0.3686860795454545 0.7353846153846153 0.018963068181818213 0.029653846153846183
0 0.4745241477272727 0.5985961538461538 0.015980113636363636 0.020653846153846172
0 0.10429687499999996 0.2087403846153846 0.01961647727272736 0.02451923076923077
0 0.4262997159090909 0.9873557692307692 0.020724431818181864 0.024711538461538507
0 0.3379829545454546 0.049913461538461545 0.021022727272727207 0.025942307692307695
0 0.7488636363636363 0.5836442307692308 0.017528409090909094 0.026557692307692313
0 0.8684943181818182 0.18347115384615384 0.016335227272727272 0.0181346153846154
0 0.22289772727272716 0.8767307692307692 0.01593750000000004 0.02403846153846154
0 0.626953125 0.7325096153846153 0.019133522727272766 0.025903846153846097
0 0.8930326704545455 0.4973942307692307 0.019303977272727257 0.02209615384615381
0 0.22151278409090902 0.11018269230769231 0.02063920454545467 0.02282692307692307
0 0.6236931818181818 0.5106346153846153 0.018607954545454577 0.023384615384615434
0 0.4233522727272727 0.11942307692307691 0.016022727272727313 0.01988461538461538
0 0.7572088068181818 0.9320480769230769 0.018366477272727243 0.02148076923076926
0 0.8361008522727273 0.43056730769230767 0.015326704545454555 0.028288461538461554
0 0.24923295454545458 0.9165673076923078 0.02451704545454544 0.030980769230769256
0 0.9831534090909091 0.3633942307692307 0.01931818181818182 0.02613461538461539
0 0.2003551136363636 0.005076923076923077 0.020568181818181843 0.010153846153846154
0 0.9318892045454545 0.05941346153846154 0.020198863636363636 0.02790384615384615
0 0.9099360795454545 0.5338076923076923 0.016775568181818187 0.02334615384615382
0 0.43622869318181823 0.3492596153846154 0.02069602272727272 0.02575000000000003
0 0.3144318181818182 0.7437884615384615 0.020909090909090947 0.020807692307692294
0 0.5376775568181817 0.708 0.015752840909090873 0.021846153846153762
0 0.7123082386363637 0.5184134615384615 0.020326704545454547 0.03317307692307692
0 0.07891335227272733 0.596201923076923 0.01819602272727281 0.04105769230769224
0 0.758252840909091 0.7551634615384615 0.020454545454545423 0.028249999999999997
0 0.9601704545454546 0.7904326923076923 0.019772727272727275 0.028019230769230755
0 0.15914062500000015 0.4513557692307692 0.017911931818181837 0.025673076923076913
0 0.8067400568181818 0.10127884615384616 0.01813920454545456 0.02678846153846154
0 0.9330397727272728 0.32045192307692305 0.015170454545454544 0.018057692307692337
0 0.557578125 0.9516730769230769 0.017002840909090867 0.025192307692307736
0 0.4622727272727273 0.23031730769230765 0.01835227272727267 0.025750000000000002
0 0.5825 0.9290673076923077 0.016249999999999997 0.023365384615384573
0 0.5445525568181818 0.49159615384615385 0.018593750000000044 0.026269230769230708
0 0.5358948863636364 0.6047403846153847 0.014517045454545413 0.021134615384615293
0 0.23306818181818167 0.21714423076923076 0.0215056818181818 0.02467307692307692
0 0.4465980113636363 0.8963076923076924 0.017940340909090982 0.026576923076923064
0 0.17373579545454543 0.7409134615384615 0.0179829545454545 0.023903846153846168
0 0.10394886363636358 0.4993557692307692 0.014545454545454558 0.02109615384615379
0 0.4266974431818181 0.7780769230769231 0.017968750000000047 0.024769230769230762
0 0.6157883522727272 0.8444326923076924 0.01967329545454549 0.025173076923076874
0 0.04309659090909079 0.6824903846153846 0.01857954545454551 0.020019230769230817
0 0.66265625 0.4864423076923077 0.016278409090909104 0.02430769230769228
0 0.727940340909091 0.995298076923077 0.01428977272727273 0.009365384615384624
0 0.34940340909090917 0.7156923076923076 0.020909090909090867 0.025653846153846107
0 0.3010440340909091 0.8813942307692308 0.01740056818181818 0.02075000000000004
0 0.5440838068181817 0.7983846153846154 0.02606534090909086 0.02750000000000002
0 0.17667613636363633 0.46003846153846156 0.01818181818181812 0.022153846153846118
0 0.8209375 0.8068461538461539 0.016619318181818186 0.02419230769230777
0 0.9874857954545455 0.9964038461538464 0.01661931818181818 0.00696153846153847
0 0.12840909090909103 0.8329326923076923 0.016221590909090852 0.02255769230769234
0 0.506484375 0.04980769230769231 0.01967329545454549 0.026153846153846156
0 0.5275000000000001 0.1331153846153846 0.02102272727272729 0.027538461538461526
0 0.9578693181818182 0.3151538461538461 0.02022727272727273 0.026153846153846142
0 0.1809090909090909 0.7638846153846154 0.023465909090909065 0.026115384615384585
0 0.5210085227272727 0.41055769230769235 0.021051136363636355 0.027038461538461542
0 0.27200994318181815 0.056846153846153845 0.01862215909090903 0.02026923076923077
0 0.7920596590909091 0.9648269230769232 0.017954545454545476 0.029384615384615443
0 0.49232244318181817 0.9307980769230769 0.021008522727272758 0.03021153846153842
0 0.7576278409090909 0.08039423076923077 0.01920454545454543 0.03163461538461539
0 0.7722869318181818 0.5285288461538462 0.015056818181818215 0.018173076923076903
0 0.9600497159090909 0.33990384615384617 0.01862215909090909 0.023961538461538423
0 0.0860227272727272 0.49567307692307694 0.018693181818181772 0.026384615384615437
0 0.80296875 0.8674423076923077 0.015340909090909106 0.019307692307692238
0 0.6579190340909091 0.7775 0.014616477272727262 0.02157692307692313
0 0.9356818181818182 0.254625 0.017698863636363638 0.025211538461538487
0 0.5902059659090909 0.4192211538461539 0.019133522727272766 0.02482692307692307
0 0.9648792613636363 0.543423076923077 0.021860795454545456 0.036846153846153896
0 0.29453125 0.6912788461538462 0.015454545454545448 0.020019230769230817
0 0.5754829545454545 0.14757692307692308 0.020681818181818187 0.028000000000000004
0 0.475859375 0.49931730769230764 0.017372159090909115 0.022134615384615367
0 0.29328125000000005 0.39922115384615386 0.015596590909090853 0.02490384615384613
0 0.26867897727272727 0.7232115384615385 0.0189488636363636 0.029192307692307705
0 0.9922301136363636 0.5503942307692308 0.015539772727272727 0.02736538461538465
0 0.9902769886363636 0.3042596153846154 0.01609375 0.02490384615384613
0 0.4446235795454545 0.5436634615384616 0.018963068181818213 0.025403846153846114
0 0.6311150568181818 0.40739423076923076 0.017201704545454565 0.027019230769230792
0 0.29411221590909087 0.9325096153846153 0.016519886363636358 0.0247499999999999
0 0.8376846590909091 0.11760576923076924 0.015482954545454553 0.020557692307692305
0 0.7942755681818182 0.6013076923076922 0.016732954545454547 0.02030769230769231
0 0.9745383522727272 0.8294903846153847 0.018622159090909092 0.024596153846153886
0 0.6693536931818183 0.5291923076923077 0.01674715909090908 0.02230769230769235
0 0.9471803977272727 0.5042307692307693 0.02092329545454545 0.027076923076923103
0 0.4317045454545454 0.26403846153846156 0.012017045454545426 0.01988461538461539
0 0.2835724431818182 0.07915384615384614 0.016349431818181805 0.018807692307692296
0 0.16051136363636365 0.531423076923077 0.017272727272727387 0.01992307692307684
0 0.7315340909090908 0.9003942307692309 0.01877840909090913 0.028249999999999997
0 0.5021661931818182 0.1861826923076923 0.018025568181818177 0.02667307692307693
0 0.5991051136363637 0.9738365384615384 0.012045454545454571 0.02086538461538455
0 0.1786363636363636 0.8729903846153847 0.02451704545454544 0.029634615384615433
0 0.39617187499999995 0.8649134615384615 0.01862215909090903 0.025211538461538487
0 0.49668323863636354 0.5868076923076923 0.01742897727272733 0.022615384615384596
0 0.6002769886363637 0.43167307692307694 0.018110795454545456 0.028000000000000004
0 0.7316193181818182 0.48365384615384616 0.019119318181818154 0.02753846153846158
0 0.2915482954545454 0.22439423076923076 0.01775568181818182 0.02609615384615383
0 0.1984446022727273 0.24686538461538463 0.020213068181818207 0.026153846153846142
0 0.7855397727272727 0.763576923076923 0.015767045454545447 0.021807692307692368
0 0.27521306818181823 0.9072788461538461 0.020909090909090947 0.029211538461538455
0 0.41252840909090915 0.22664423076923074 0.01775568181818182 0.02594230769230768
0 0.2390553977272728 0.8099230769230769 0.01856534090909098 0.024115384615384653
0 0.1017329545454545 0.18913461538461537 0.01931818181818169 0.020423076923076905
0 0.34337357954545455 0.8804038461538461 0.016519886363636358 0.021961538461538383
0 0.3573792613636364 0.4080192307692308 0.016832386363636317 0.01961538461538465
0 0.2230894886363637 0.9941249999999999 0.01927556818181825 0.011750000000000026
0 0.9166335227272727 0.04489423076923077 0.020198863636363636 0.022326923076923078
0 0.8572869318181818 0.19424038461538462 0.01815340909090909 0.028326923076923083
0 0.1812571022727273 0.6508750000000001 0.023849431818181766 0.028749999999999977
0 0.26426846590909103 0.5658846153846153 0.017911931818181837 0.02453846153846152
0 0.6956392045454546 0.3697403846153846 0.01877840909090909 0.021480769230769206
0 0.1637002840909091 0.7061538461538461 0.01796875000000013 0.024346153846153785
0 0.12284801136363643 0.6720769230769231 0.022627840909091 0.025538461538461597
0 0.19980823863636354 0.22214423076923076 0.01961647727272736 0.027096153846153853
0 0.6259588068181818 0.37675961538461544 0.02365056818181815 0.029865384615384617
0 0.6366548295454546 0.7078653846153847 0.01674715909090908 0.024115384615384653
0 0.7423934659090909 0.915375 0.015440340909090916 0.025442307692307726
0 0.5472514204545454 0.6341057692307692 0.018764204545454518 0.026750000000000048
0 0.39365767045454547 0.9719326923076923 0.018480113636363624 0.027673076923077005
0 0.009502840909091037 0.31385576923076924 0.01900568181818181 0.023557692307692307
0 0.9194673295454545 0.5901346153846154 0.016093749999999997 0.0196153846153847
0 0.4658806818181819 0.7573942307692308 0.022386363636363624 0.028980769230769216
0 0.07518465909090921 0.03626923076923077 0.01508522727272728 0.02573076923076923
0 0.45607244318181817 0.05885576923076924 0.019360795454545447 0.024403846153846158
0 0.24759943181818178 0.7245384615384616 0.02124999999999989 0.02830769230769236
0 0.23245028409090907 0.8273076923076923 0.018423295454545494 0.01580769230769236
0 0.2440127840909092 0.6102019230769231 0.020042613636363657 0.024250000000000025
0 0.5603622159090909 0.5342307692307693 0.018338068181818136 0.0273461538461539
0 0.6292116477272728 0.6686346153846153 0.018877840909090938 0.02842307692307687
0 0.9102769886363636 0.3448846153846154 0.019303977272727268 0.03019230769230767
0 0.306171875 0.06561538461538463 0.018281250000000006 0.025307692307692316
0 0.8478125 0.09455769230769231 0.014914772727272728 0.02780769230769231
0 0.38127840909090915 0.18038461538461537 0.022869318181818213 0.024153846153846158
0 0.40003551136363635 0.19926923076923078 0.015553977272727337 0.01857692307692307
0 0.040042613636363744 0.38254807692307696 0.01767045454545446 0.025673076923076913
0 0.3557457386363636 0.12508653846153847 0.016349431818181805 0.02025
0 0.4213210227272728 0.5681249999999999 0.014886363636363663 0.016711538461538458
0 0.27355113636363637 0.2507307692307692 0.016676136363636296 0.02549999999999998
0 0.016036931818181777 0.20840384615384616 0.01931818181818185 0.021653846153846162
0 0.6689204545454546 0.4228653846153846 0.01877840909090909 0.028269230769230803
0 0.36664062500000005 0.19679807692307694 0.015553977272727256 0.021057692307692312
0 0.20688920454545467 0.09925 0.017585227272727266 0.016038461538461547
0 0.900390625 0.24232692307692305 0.018849431818181824 0.027384615384615375
0 0.9939914772727273 0.6089711538461539 0.012017045454545456 0.027403846153846154
0 0.37384943181818187 0.4889038461538462 0.018096590909090923 0.02665384615384618
0 0.9124573863636364 0.1739519230769231 0.021903409090909095 0.02478846153846154
0 0.2307031249999999 0.384125 0.013423295454545358 0.0205192307692308
0 0.8254332386363636 0.8884038461538462 0.012372159090909081 0.02403846153846154
0 0.9273508522727273 0.47536538461538463 0.021860795454545456 0.020499999999999994
0 0.7501136363636364 0.24993269230769233 0.017528409090909094 0.022596153846153846
0 0.8685511363636363 0.8867596153846155 0.020454545454545444 0.026442307692307692
0 0.5434019886363637 0.9632019230769231 0.01862215909090911 0.02382692307692305
0 0.4116974431818181 0.5105288461538462 0.019360795454545447 0.028211538461538493
0 0.8734943181818182 0.20434615384615382 0.019772727272727275 0.027384615384615375
0 0.5859090909090909 0.7478653846153845 0.016249999999999997 0.01746153846153843
0 0.9116548295454545 0.5512596153846153 0.01626420454545455 0.01898076923076913
0 0.45405539772727266 0.8460384615384615 0.02944602272727267 0.02657692307692317
0 0.39569602272727267 0.23953846153846153 0.020596590909090908 0.022307692307692324
0 0.9582173295454546 0.4643942307692308 0.01862215909090909 0.027711538461538454
0 0.4459161931818182 0.2273076923076923 0.019019886363636343 0.03026923076923076
0 0.9286647727272728 0.29943269230769226 0.017471590909090905 0.02832692307692306
0 0.21787642045454547 0.20006730769230768 0.018224431818181716 0.022134615384615395
0 0.35069602272727274 0.601798076923077 0.01889204545454547 0.0211346153846154
0 0.8285866477272728 0.7757884615384615 0.022542613636363663 0.031076923076923123
0 0.7931107954545455 0.19624038461538462 0.017528409090909094 0.028249999999999997
0 0.26578124999999997 0.15451923076923077 0.016448863636363532 0.024923076923076912
0 0.7294460227272728 0.3872596153846154 0.017954545454545435 0.029403846153846194
0 0.9570596590909091 0.9594423076923076 0.016789772727272726 0.023653846153846175
0 0.7503764204545454 0.7882211538461539 0.01782670454545452 0.025442307692307726
0 0.49408380681818187 0.6241153846153845 0.014616477272727302 0.029192307692307705
0 0.7094105113636364 0.5534134615384615 0.01867897727272728 0.028096153846153764
0 0.6789417613636364 0.14821153846153845 0.022116477272727263 0.03276923076923078
0 0.49612926136363633 0.00976923076923077 0.019360795454545447 0.01953846153846154
0 0.3616690340909091 0.2892788461538462 0.0175994318181818 0.02721153846153847
0 0.9077201704545454 0.26223076923076927 0.026803977272727278 0.025230769230769185
0 0.13643465909090902 0.03423076923076923 0.01750000000000007 0.017576923076923077
0 0.40591619318181815 0.8976826923076924 0.01990056818181817 0.021903846153846128
0 0.5050284090909092 0.5956538461538462 0.015965909090909104 0.020653846153846172
0 0.9439559659090909 0.9514903846153846 0.014474431818181815 0.018365384615384638
0 0.13475852272727273 0.7735865384615385 0.019289772727272624 0.027903846153846137
0 0.7716051136363636 0.892201923076923 0.016278409090909104 0.020903846153846162
0 0.41637073863636365 0.3639519230769231 0.0183664772727272 0.02440384615384615
0 0.8452201704545454 0.15953846153846155 0.021605113636363627 0.0305
0 0.6303267045454546 0.8220192307692309 0.017812499999999988 0.022730769230769218
0 0.96671875 0.4480576923076923 0.019999999999999997 0.02553846153846154
0 0.13390625 0.8756346153846154 0.018750000000000065 0.025999999999999964
0 0.78953125 0.5359038461538461 0.014573863636363664 0.022923076923076952
0 0.16434659090909098 0.26464423076923077 0.020823863636363592 0.0208269230769231
0 0.40346590909090907 0.6802596153846154 0.017528409090909056 0.022749999999999968
0 0.7973934659090909 0.7950192307692308 0.014644886363636367 0.019807692307692328
0 0.18203835227272724 0.24122115384615386 0.020838068181818124 0.030980769230769256
0 0.7405113636363636 0.10017307692307693 0.0208806818181818 0.029384615384615374
0 0.7543963068181818 0.5007211538461539 0.01910511363636362 0.02421153846153847
0 0.5889417613636363 0.8017788461538461 0.014389204545454538 0.02028846153846156
0 0.20191051136363636 0.36518269230769235 0.01626420454545461 0.020673076923076922
0 0.4447514204545455 0.2583365384615385 0.016690340909090908 0.02394230769230767
0 0.8220667613636363 0.04790384615384615 0.015184659090909108 0.019038461538461535
0 0.6324644886363636 0.3564038461538461 0.025099431818181802 0.02719230769230772
0 0.31214488636363635 0.6776442307692307 0.023522727272727195 0.025673076923076965
0 0.6852059659090909 0.9046346153846153 0.019616477272727275 0.026576923076923064
0 0.15153409090909098 0.8658846153846154 0.018636363636363642 0.02253846153846159
0 0.5105539772727272 0.015846153846153847 0.02034090909090908 0.025230769230769234
0 0.0351349431818182 0.6635096153846154 0.020838068181818284 0.01898076923076924
0 0.502997159090909 0.4003942307692308 0.017357954545454583 0.022596153846153846
0 0.22088068181818177 0.3408076923076923 0.016477272727272597 0.024615384615384636
0 0.9418892045454546 0.3064423076923077 0.016335227272727272 0.021153846153846155
0 0.9692897727272727 0.870576923076923 0.01721590909090909 0.020192307692307693
0 0.37088778409090917 0.1605673076923077 0.016690340909090908 0.03071153846153846
0 0.589559659090909 0.6749711538461539 0.014488636363636348 0.021403846153846145
0 0.21531250000000002 0.040625 0.020568181818181843 0.027211538461538457
0 0.05654119318181827 0.441625 0.022088068181818278 0.020749999999999984
0 0.2333025568181818 0.027230769230769232 0.02103693181818174 0.026576923076923078
0 0.8089701704545454 0.12701923076923077 0.018366477272727243 0.02542307692307692
0 0.14343039772727262 0.4538173076923077 0.015071022727272747 0.02636538461538463
0 0.8990127840909091 0.28682692307692303 0.017940340909090902 0.026153846153846142
0 0.6397017045454545 0.024163461538461536 0.021278409090909077 0.028826923076923073
0 0.12083096590909104 0.4979519230769231 0.020781249999999994 0.025326923076923052
0 0.9232670454545455 0.5152788461538462 0.015852272727272732 0.02490384615384613
0 0.6697585227272727 0.3474230769230769 0.02045454545454546 0.0220384615384615
0 0.020454545454545392 0.2922980769230769 0.0191477272727273 0.025634615384615353
0 0.5378480113636364 0.08009615384615384 0.016690340909090908 0.021692307692307695
0 0.5000355113636363 0.8568557692307692 0.020468750000000036 0.0277115384615384
0 0.22428267045454542 0.5922980769230769 0.015127840909090877 0.021942307692307633
0 0.3897301136363637 0.937326923076923 0.01769886363636369 0.02769230769230776
0 0.4781463068181818 0.9635288461538462 0.022173295454545473 0.021865384615384623
0 0.4762997159090909 0.9873653846153847 0.016917613636363592 0.025269230769230742
0 0.2367116477272727 0.8676057692307692 0.020213068181818207 0.025250000000000102
0 0.5100426136363636 0.6956153846153846 0.018096590909090923 0.022384615384615468
0 0.4457244318181818 0.04100961538461538 0.016022727272727313 0.023057692307692307
0 0.4637926136363636 0.8813846153846153 0.021051136363636355 0.026499999999999947
0 0.4018465909090909 0.3529423076923077 0.02002840909090904 0.02892307692307696
0 0.23633522727272727 0.07849038461538461 0.018693181818181935 0.018980769230769225
0 0.22792613636363646 0.6141057692307692 0.019090909090909006 0.024019230769230786
0 0.9233806818181818 0.9865192307692308 0.02022727272727273 0.02676923076923091
0 0.19133522727272734 0.6298365384615384 0.024744318181818124 0.03348076923076928
0 0.9905397727272727 0.8024134615384615 0.018920454545454546 0.02832692307692311
0 0.05524147727272721 0.42124038461538466 0.019999999999999896 0.025673076923076913
0 0.5606392045454545 0.5029230769230769 0.019403409090909044 0.027346153846153843
0 0.37863636363636366 0.10779807692307693 0.014488636363636427 0.02278846153846153
0 0.9560866477272727 0.24519230769230768 0.017656250000000005 0.02299999999999999
0 0.9823508522727272 0.3878269230769231 0.01862215909090909 0.027076923076923103
0 0.41624289772727263 0.8081634615384615 0.016661931818181763 0.022134615384615367
0 0.5719318181818182 0.94375 0.01701704545454548 0.02015384615384619
0 0.6325994318181818 0.4836346153846154 0.023664772727272763 0.03130769230769231
0 0.5822585227272727 0.006894230769230769 0.01931818181818177 0.013788461538461538
0 0.8232528409090909 0.6767115384615384 0.022244318181818178 0.028730769230769226
0 0.9032954545454546 0.6530384615384616 0.02295454545454545 0.03184615384615385
0 0.45708806818181813 0.9723173076923077 0.029744318181818177 0.03098076923076915
0 0.40244318181818184 0.6423557692307692 0.013437500000000052 0.01967307692307685
0 0.28269886363636365 0.634298076923077 0.018522727272727302 0.027211538461538527
0 0.41628551136363634 0.4644903846153846 0.01728693181818176 0.023903846153846168
0 0.9345170454545455 0.22860576923076922 0.013721590909090904 0.019903846153846144
0 0.8195170454545455 0.9951346153846155 0.016676136363636376 0.00873076923076916
0 0.6175213068181818 0.59325 0.020468750000000036 0.030961538461538506
0 0.34696022727272724 0.13763461538461538 0.013721590909090864 0.016730769230769237
0 0.7665411931818182 0.8132307692307692 0.013849431818181818 0.021961538461538383
0 0.16763494318181815 0.8031538461538461 0.01455965909090909 0.021769230769230756
0 0.45637073863636357 0.6462884615384616 0.03268465909090916 0.027538461538461526
0 0.5498863636363636 0.6745192307692308 0.01678977272727272 0.035653846153846085
0 0.776328125 0.851423076923077 0.01964488636363634 0.02369230769230768
0 0.11229403409090921 0.8716730769230769 0.01819602272727281 0.02403846153846154
0 0.2491193181818182 0.04048076923076923 0.01690340909090922 0.027499999999999997
0 0.6646946022727273 0.7555480769230769 0.01700284090909091 0.02086538461538466
0 0.4020170454545454 0.4270576923076923 0.01701704545454548 0.025307692307692302
0 0.2839772727272727 0.09796153846153846 0.019602272727272742 0.017692307692307684
0 0.017187500000000022 0.35236538461538464 0.02130681818181818 0.02953846153846151
0 0.01939630681818183 0.3982019230769231 0.01947443181818187 0.02040384615384618
0 0.7289417613636364 0.9801826923076924 0.01541193181818181 0.022673076923076962
0 0.3132528409090909 0.8219038461538462 0.016505681818181742 0.023961538461538423
0 0.787762784090909 0.8392211538461538 0.012911931818181822 0.01748076923076918
0 0.4612428977272728 0.03649038461538462 0.015014204545454535 0.02848076923076923
0 0.36801136363636366 0.26679807692307694 0.01829545454545454 0.022288461538461545
0 0.27054687499999985 0.22560576923076922 0.016463068181818228 0.02521153846153846
0 0.09783380681818177 0.5687019230769231 0.022599431818181935 0.030596153846153894
0 0.370234375 0.133 0.018224431818181796 0.024692307692307684
0 0.3609161931818182 0.17822115384615383 0.01600852272727278 0.019826923076923082
0 0.8584375 0.7940096153846153 0.019545454545454553 0.022096153846153863
0 0.45800426136363637 0.6655288461538462 0.016718749999999973 0.02440384615384615
0 0.8077130681818182 0.1665769230769231 0.017528409090909094 0.020923076923076916
0 0.5866761363636364 0.5970288461538462 0.019403409090909127 0.024826923076923125
0 0.5263636363636364 0.09790384615384615 0.01502840909090915 0.02215384615384616
0 0.4186931818181818 0.8331634615384615 0.019602272727272742 0.024326923076923034
0 0.7797443181818182 0.743 0.01920454545454543 0.027692307692307648
0 0.33525568181818177 0.6246826923076924 0.020624999999999973 0.029442307692307698
0 0.5698011363636364 0.9183846153846154 0.01701704545454548 0.025538461538461486
0 0.6403764204545455 0.5594230769230769 0.016207386363636358 0.02157692307692302
0 0.6893750000000001 0.4336057692307692 0.017102272727272716 0.02486538461538463
0 0.33556107954545455 0.3391923076923077 0.019360795454545447 0.025307692307692302
0 0.8974076704545455 0.91975 0.016548295454545444 0.022730769230769218
0 0.09377840909090907 0.6917596153846154 0.01909090909090917 0.020442307692307683
0 0.11788352272727276 0.7869423076923078 0.01840909090909096 0.026115384615384585
0 0.9894105113636363 0.5180192307692307 0.018139204545454545 0.02288461538461534
0 0.6047585227272727 0.6036923076923078 0.01781249999999995 0.02230769230769235
0 0.5193039772727273 0.9227019230769231 0.018607954545454497 0.02698076923076918
0 0.44107244318181815 0.790451923076923 0.018281250000000006 0.02028846153846156
0 0.36159801136363634 0.3491442307692308 0.016690340909090908 0.02440384615384615
0 0.21403409090909098 0.3797692307692308 0.01690340909090906 0.02084615384615385
0 0.06015624999999991 0.6238557692307691 0.01931818181818185 0.02582692307692309
0 0.8371448863636364 0.8808942307692308 0.016278409090909083 0.023173076923076835
0 0.16555397727272725 0.12226923076923077 0.0184090909090908 0.02288461538461538
0 0.2879261363636364 0.0071153846153846146 0.011960227272727296 0.014115384615384615
0 0.2827485795454545 0.2634711538461538 0.016690340909090908 0.022019230769230746
0 0.7966690340909091 0.8851923076923077 0.01884943181818183 0.02134615384615389
0 0.3965269886363636 0.4991346153846154 0.0197301136363637 0.02523076923076924
0 0.7424005681818182 0.5161442307692308 0.01707386363636365 0.025326923076923108
0 0.9075213068181818 0.9342211538461538 0.017940340909090913 0.026134615384615336
0 0.7060724431818182 0.044788461538461534 0.016292613636363636 0.022615384615384617
0 0.30901278409090915 0.020057692307692308 0.01916193181818183 0.02403846153846154
0 0.8038494318181818 0.6740288461538462 0.018977272727272745 0.027557692307692387
0 0.4780610795454545 0.46824038461538464 0.015553977272727256 0.02105769230769234
0 0.41583096590909097 0.19897115384615385 0.011434659090909027 0.021673076923076916
0 0.901171875 0.03400961538461539 0.02225852272727272 0.026250000000000002
0 0.7538636363636364 0.31775000000000003 0.01920454545454543 0.027115384615384604
0 0.2537144886363637 0.6474519230769231 0.012571022727272597 0.02309615384615383
0 0.10823153409090913 0.46420192307692304 0.01740056818181818 0.02601923076923077
0 0.56296875 0.6954807692307692 0.01926136363636364 0.026346153846153825
0 0.11953125000000009 0.7597884615384615 0.02258522727272724 0.02523076923076924
0 0.07804687499999996 0.07304807692307692 0.02322443181818185 0.02982692307692308
0 0.7597088068181819 0.9068942307692308 0.02086647727272727 0.026557692307692313
0 0.15888494318181823 0.38453846153846155 0.01583806818181815 0.02426923076923078
0 0.24965909090909089 0.5752692307692308 0.01428977272727265 0.02426923076923078
0 0.2821306818181818 0.3838365384615385 0.016249999999999997 0.02286538461538459
0 0.4057599431818182 0.25966346153846154 0.020582386363636296 0.020442307692307683
0 0.06840909090909097 0.24683653846153844 0.01786931818181824 0.026211538461538425
0 0.7883025568181818 0.8645384615384616 0.013991477272727265 0.018576923076923015
0 0.6061576704545455 0.37946153846153846 0.01595170454545457 0.025923076923076903
0 0.41205965909090914 0.5857788461538462 0.02156250000000001 0.026711538461538436
0 0.92890625 0.8469134615384615 0.017471590909090916 0.025211538461538487
0 0.05884232954545443 0.20056730769230768 0.023139204545454654 0.029326923076923077
0 0.9844176136363636 0.597923076923077 0.016789772727272726 0.029576923076923067
0 0.8505042613636363 0.5297596153846155 0.018394886363636367 0.022711538461538467
0 0.4160795454545454 0.7314615384615385 0.02082386363636367 0.024230769230769274
0 0.1687215909090909 0.16768269230769228 0.021732954545454482 0.027365384615384625
0 0.604090909090909 0.803048076923077 0.0170170454545454 0.025903846153846097
0 0.47292613636363634 0.008701923076923076 0.01968750000000002 0.015365384615384614
0 0.025845170454545374 0.2231057692307692 0.017201704545454565 0.023288461538461536
0 0.8426917613636363 0.9890096153846155 0.016548295454545444 0.021788461538461618
0 0.4943110795454545 0.8921153846153845 0.01754261363636367 0.023384615384615434
0 0.7767542613636363 0.5447692307692307 0.01748579545454546 0.02642307692307683
0 0.736903409090909 0.5387115384615384 0.01829545454545454 0.02311538461538458
0 0.89375 0.11635576923076922 0.01980113636363636 0.02344230769230769
0 0.8961363636363636 0.5227499999999999 0.015397727272727278 0.023038461538461574
0 0.5540198863636363 0.7144519230769231 0.02082386363636367 0.02582692307692309
0 0.4233522727272727 0.15670192307692307 0.017357954545454503 0.02394230769230767
0 0.2826420454545455 0.6050096153846154 0.02312499999999996 0.02924999999999996
0 0.7029403409090909 0.009682692307692309 0.021704545454545456 0.019365384615384618
0 0.8507315340909091 0.36635576923076923 0.019303977272727257 0.028942307692307715
0 0.15590198863636362 0.07222115384615385 0.019616477272727195 0.025750000000000002
0 0.8008238636363636 0.15188461538461537 0.017954545454545435 0.01865384615384616
0 0.4735937499999999 0.04417307692307692 0.01835227272727275 0.024846153846153844
0 0.13794744318181817 0.01891346153846154 0.018707386363636468 0.019596153846153846
0 0.9161434659090909 0.3216923076923077 0.020923295454545462 0.023653846153846175
0 0.8118394886363636 0.7990480769230769 0.014247159090909072 0.018211538461538515
0 0.7651349431818182 0.5124423076923077 0.01836647727272728 0.0220384615384615
0 0.16216619318181813 0.8267115384615384 0.016235795454545385 0.02196153846153849
0 0.6015696022727273 0.8604519230769231 0.019928977272727234 0.029865384615384565
0 0.15658380681818163 0.7990673076923077 0.017571022727272734 0.021750000000000005
0 0.8184090909090909 0.00948076923076923 0.016874999999999994 0.01896153846153846
0 0.8569744318181818 0.8159134615384614 0.017528409090909094 0.023173076923076946
0 0.34629261363636354 0.8030865384615385 0.02124999999999997 0.02182692307692301
0 0.8091477272727272 0.5098942307692307 0.015085227272727238 0.02490384615384613
0 0.4525284090909092 0.9107307692307692 0.0189488636363636 0.025192307692307736
0 0.3356747159090909 0.748875 0.022883522727272745 0.021250000000000022
0 0.8118323863636363 0.826625 0.010284090909090922 0.013403846153846098
0 0.7359161931818181 0.24880769230769229 0.015866477272727254 0.014692307692307666
0 0.1592116477272728 0.72775 0.021122159090909098 0.024346153846153785
0 0.8776349431818182 0.4715576923076923 0.018849431818181814 0.02457692307692308
0 0.4838991477272727 0.44693269230769234 0.01686079545454546 0.022480769230769228
0 0.3397372159090909 0.381 0.014360795454545473 0.027576923076923082
0 0.4752982954545455 0.8633076923076923 0.021051136363636355 0.030269230769230788
0 0.29269886363636366 0.2791153846153846 0.01818181818181812 0.019692307692307655
0 0.06461647727272724 0.0528173076923077 0.018096590909090923 0.022057692307692313
0 0.42285511363636363 0.2884326923076923 0.01502840909090915 0.02078846153846149
0 0.7025284090909091 0.10441346153846154 0.017528409090909094 0.027673076923076925
0 0.1880539772727272 0.1035096153846154 0.01573863636363626 0.024019230769230772
0 0.9345738636363636 0.09234615384615386 0.017329545454545448 0.02569230769230769
0 0.8975142045454545 0.4770096153846154 0.017698863636363627 0.021788461538461562
0 0.522997159090909 0.08009615384615384 0.016363636363636337 0.01988461538461539
0 0.6821022727272728 0.7659903846153846 0.014090909090909072 0.023750000000000045
0 0.8223295454545454 0.06344230769230769 0.013352272727272735 0.018076923076923074
0 0.524737215909091 0.679548076923077 0.020241477272727272 0.025019230769230752
0 0.38885653409090903 0.6070576923076924 0.01754261363636367 0.025730769230769224
0 0.21287642045454547 0.6227692307692309 0.020468750000000115 0.028576923076922993
0 0.8744105113636363 0.29554807692307694 0.016093749999999997 0.02490384615384613
0 0.9566335227272728 0.3575288461538461 0.01607954545454545 0.020096153846153823
0 0.13794744318181817 0.243875 0.020525568181818245 0.027788461538461515
0 0.3229332386363637 0.7698942307692308 0.020269886363636417 0.029634615384615433
0 0.5612286931818182 0.46960576923076924 0.015411931818181769 0.024096153846153847
0 0.3997443181818182 0.46260576923076924 0.015795454545454553 0.020634615384615366
0 0.83859375 0.752125 0.019829545454545447 0.028711538461538476
0 0.7352911931818182 0.8077115384615384 0.017940340909090902 0.02373076923076929
0 0.990859375 0.4872692307692308 0.016775568181818183 0.023653846153846123
0 0.6265625 0.9827499999999999 0.015625 0.018730769230769138
0 0.8531534090909091 0.8344903846153846 0.012386363636363635 0.018942307692307737
0 0.6856178977272727 0.8582884615384615 0.017940340909090902 0.02430769230769228
0 0.2964630681818182 0.8630288461538461 0.016988636363636334 0.02478846153846162
0 0.8529190340909091 0.5064134615384615 0.01862215909090909 0.02955769230769226
0 0.3560724431818182 0.4262115384615385 0.016178977272727255 0.01761538461538461
0 0.41313210227272734 0.7581730769230769 0.0150426136363636 0.023884615384615306
0 0.8871732954545455 0.29912500000000003 0.014034090909090923 0.023326923076923124
0 0.8516548295454546 0.8729038461538461 0.017940340909090902 0.027384615384615292
0 0.5656889204545454 0.7290673076923078 0.020042613636363657 0.026596153846153815
0 0.612734375 0.6900480769230769 0.01674715909090904 0.023750000000000045
0 0.10715909090909104 0.4838846153846154 0.01642045454545463 0.018999999999999993
0 0.6369744318181818 0.43638461538461537 0.01647727272727272 0.02403846153846154
0 0.1272301136363635 0.1875 0.021420454545454604 0.029423076923076944
0 0.9182812499999999 0.020894230769230766 0.020198863636363636 0.026788461538461535
0 0.6151207386363635 0.6429134615384615 0.018877840909090938 0.025903846153846208
0 0.5341761363636364 0.78175 0.020426136363636358 0.022384615384615357
0 0.41954545454545455 0.243875 0.01835227272727275 0.02667307692307693
0 0.25179687500000003 0.34610576923076924 0.021576704545454625 0.02571153846153847
0 0.7814204545454546 0.9213076923076924 0.01670454545454544 0.02146153846153851
0 0.2316477272727272 0.6360865384615384 0.019034090909090876 0.025057692307692257
0 0.7464630681818182 0.5524711538461538 0.01707386363636365 0.025326923076923108
0 0.8223224431818181 0.9552115384615385 0.02086647727272729 0.028269230769230748
0 0.6349218750000001 0.7809134615384615 0.019133522727272725 0.024826923076923017
0 0.38649857954545463 0.1584423076923077 0.01711647727272729 0.021999999999999995
0 0.40606534090909097 0.5659326923076923 0.01690340909090906 0.02063461538461531
0 0.452421875 0.18052884615384615 0.019360795454545447 0.031634615384615365
0 0.9091264204545455 0.4628365384615385 0.020696022727272737 0.02832692307692306
0 0.5700710227272727 0.7529134615384615 0.016335227272727272 0.02582692307692309
0 0.2996661931818182 0.3808076923076923 0.020099431818181867 0.020884615384615356
0 0.3032457386363636 0.23675000000000002 0.017315340909090905 0.024038461538461564
0 0.5709303977272727 0.4857980769230769 0.018338068181818136 0.02482692307692307
0 0.8234446022727273 0.12807692307692306 0.017741477272727266 0.027923076923076915
0 0.16313920454545439 0.28670192307692305 0.020823863636363592 0.027365384615384597
0 0.8009659090909091 0.03724038461538462 0.014630681818181834 0.021326923076923077
0 0.5795951704545454 0.4568269230769231 0.01958806818181821 0.027269230769230726
0 0.4886008522727273 0.8336346153846154 0.02151988636363641 0.030230769230769283
0 0.28453125 0.7318461538461538 0.02125000000000005 0.029653846153846076
0 0.024204545454545423 0.44326923076923075 0.018181818181818278 0.022153846153846118
0 0.5088423295454545 0.6258942307692308 0.014900568181818195 0.019173076923076866
