0 0.9965269886363637 0.06044230769230769 0.005610795454545455 0.022076923076923077
0 0.2315198863636364 0.6272403846153846 0.022017045454545456 0.027788461538461515
0 0.8680042613636363 0.5074326923076923 0.01728693181818182 0.024980769230769247
0 0.3833664772727272 0.4408076923076923 0.023210227272727237 0.03142307692307687
0 0.3939701704545455 0.46211538461538465 0.022542613636363642 0.02930769230769227
0 0.3996661931818182 0.4882596153846154 0.022769886363636326 0.03263461538461538
0 0.41763494318181815 0.5018653846153847 0.01941761363636366 0.025384615384615363
0 0.41718750000000004 0.4767692307692308 0.020312500000000015 0.02719230769230772
0 0.8385298295454545 0.4210096153846154 0.02038352272727272 0.027173076923076914
0 0.8343607954545454 0.4082692307692308 0.019460227272727258 0.025076923076923063
0 0.8346661931818182 0.3825576923076923 0.020071022727272722 0.028000000000000004
0 0.8159872159090908 0.40136538461538457 0.021605113636363648 0.03384615384615384
0 0.31884232954545455 0.6088076923076924 0.01754261363636359 0.022230769230769235
0 0.7497230113636364 0.425625 0.02069602272727272 0.02625000000000001
0 0.7465696022727273 0.4004134615384615 0.020042613636363615 0.02713461538461541
0 0.5909801136363635 0.3014519230769231 0.013551136363636392 0.020673076923076922
0 0.6872727272727273 0.34821153846153846 0.011193181818181812 0.018653846153846132
0 0.6665056818181818 0.34398076923076926 0.01872159090909092 0.029423076923076944
0 0.666015625 0.37204807692307695 0.0204971590909091 0.027750000000000014
0 0.6502698863636365 0.35800000000000004 0.020000000000000018 0.028076923076923065
0 0.6553977272727272 0.3925192307692308 0.020738636363636355 0.02403846153846154
0 0.6563991477272728 0.4168846153846154 0.018252840909090903 0.02807692307692312
0 0.6395170454545454 0.4143461538461538 0.018494318181818195 0.02638461538461538
0 0.23674715909090915 0.6052692307692308 0.019772727272727216 0.026269230769230708
0 0.644765625 0.3794903846153846 0.015497159090909086 0.02505769230769231
0 0.6307741477272728 0.393875 0.02049715909090906 0.02809615384615387
0 0.6031534090909091 0.41857692307692307 0.01775568181818182 0.025384615384615363
0 0.49741477272727275 0.3762692307692308 0.018238636363636408 0.026730769230769242
0 0.4842897727272728 0.3678173076923077 0.015000000000000003 0.022673076923076907
0 0.4737926136363636 0.36223076923076925 0.016988636363636334 0.023000000000000017
0 0.45854403409090905 0.3649423076923077 0.018991477272727278 0.028423076923076926
0 0.4738778409090909 0.45171153846153844 0.020738636363636397 0.027076923076923103
0 0.4772940340909091 0.42909615384615385 0.020241477272727272 0.024769230769230762
0 0.47180397727272727 0.4076346153846154 0.020965909090909077 0.024769230769230762
0 0.2574502840909091 0.5921346153846153 0.01492897727272726 0.021230769230769272
0 0.4865624999999999 0.39343269230769234 0.01877840909090905 0.02609615384615383
0 0.47180397727272727 0.38369230769230767 0.01610795454545451 0.026423076923076886
0 0.4574147727272727 0.39045192307692306 0.020482954545454568 0.029403846153846194
0 0.43448153409090906 0.3838461538461539 0.02098011363636361 0.029384615384615387
0 0.4906605113636363 0.19860576923076925 0.02140624999999999 0.028019230769230782
0 0.44058238636363634 0.4056442307692308 0.018551136363636367 0.02609615384615383
0 0.3806676136363637 0.12175961538461538 0.023267045454545447 0.03471153846153847
0 0.35941051136363633 0.13615384615384615 0.020582386363636376 0.02876923076923077
0 0.3589417613636363 0.1648653846153846 0.022144886363636408 0.030307692307692317
0 0.39250000000000007 0.20965384615384616 0.016420454545454547 0.028999999999999998
0 0.21920454545454537 0.6285096153846155 0.019772727272727216 0.027288461538461536
0 0.4075 0.20578846153846153 0.019289772727272784 0.029653846153846156
0 0.4586789772727272 0.21308653846153847 0.019517045454545388 0.03086538461538461
0 0.4751420454545454 0.21197115384615384 0.020454545454545423 0.031211538461538468
0 0.5092329545454546 0.1928653846153846 0.021392045454545375 0.027384615384615375
0 0.4966548295454545 0.17663461538461536 0.018821022727272728 0.02484615384615385
0 0.5226349431818182 0.17663461538461536 0.02092329545454548 0.026730769230769214
0 0.7738423295454546 0.004365384615384616 0.01904829545454545 0.008076923076923077
0 0.6061008522727273 0.042346153846153846 0.019048295454545408 0.02515384615384615
0 0.6189133522727273 0.028990384615384612 0.017002840909090867 0.023019230769230768
0 0.6272940340909091 0.013192307692307692 0.017911931818181837 0.022076923076923077
0 0.18748579545454547 0.7775480769230769 0.0160511363636363 0.02121153846153841
0 0.6135795454545455 0.007057692307692307 0.018579545454545432 0.014115384615384615
0 0.6493181818181819 0.08193269230769232 0.022130681818181796 0.02778846153846153
0 0.6283948863636364 0.07958653846153846 0.019715909090909124 0.02959615384615385
0 0.640390625 0.05974038461538461 0.019190340909090938 0.025980769230769234
0 0.6591832386363636 0.061548076923076914 0.019446022727272725 0.028865384615384612
0 0.7458096590909091 0.06299038461538461 0.021051136363636393 0.030326923076923078
0 0.7899289772727273 0.2265 0.01872159090909088 0.024307692307692308
0 0.7793963068181818 0.2180480769230769 0.018480113636363624 0.021480769230769234
0 0.7750071022727273 0.19538461538461538 0.023451704545454574 0.028307692307692305
0 0.13001420454545454 0.5779903846153847 0.0160511363636363 0.02628846153846146
0 0.0676917613636363 0.8742980769230769 0.020525568181818245 0.028788461538461593
0 0.1608025568181819 0.6090576923076924 0.015667613636363598 0.022730769230769218
0 0.23002840909090916 0.1195 0.019034090909090876 0.024769230769230762
0 0.20614346590909094 0.15360576923076924 0.019019886363636506 0.02928846153846152
0 0.2162144886363635 0.1743173076923077 0.018281250000000006 0.027288461538461536
0 0.15930397727272727 0.6247211538461539 0.016420454545454467 0.023749999999999934
0 0.36436789772727274 0.615625 0.022769886363636326 0.03182692307692299
0 0.20372159090909103 0.19376923076923078 0.019403409090909044 0.027769230769230765
0 0.19700284090909104 0.17204807692307694 0.019403409090909044 0.024750000000000008
0 0.18785511363636365 0.1500673076923077 0.019772727272727376 0.021211538461538462
0 0.17965198863636356 0.13845192307692308 0.01754261363636367 0.023250000000000007
0 0.05052556818181808 0.8697499999999999 0.019772727272727216 0.0267692307692308
0 0.2248011363636363 0.14173076923076924 0.022017045454545456 0.02980769230769231
0 0.16957386363636362 0.1500673076923077 0.016789772727272636 0.024249999999999997
0 0.23936079545454547 0.13895192307692306 0.01903409090909104 0.024249999999999997
0 0.17722301136363638 0.16749999999999998 0.017173295454545337 0.02373076923076921
0 0.16527698863636364 0.17102884615384617 0.0171732954545455 0.02374999999999999
0 0.04306818181818173 0.12430769230769231 0.022755681818181953 0.030307692307692303
0 0.2126775568181819 0.2415096153846154 0.01492897727272726 0.017173076923076937
0 0.07609374999999996 0.2511057692307692 0.015681818181818293 0.0202115384615385
0 0.03299005681818168 0.421375 0.019019886363636343 0.027288461538461536
0 0.01600852272727271 0.4271826923076923 0.019403409090909044 0.028788461538461537
0 0.057251420454545565 0.8490384615384615 0.020525568181818086 0.02676923076923069
0 0.0080042613636363 0.4441057692307692 0.0160085227272727 0.030326923076923043
0 0.0025923295454546302 0.4605192307692308 0.005184659090909058 0.02173076923076925
0 0.09362926136363636 0.5840480769230769 0.020156249999999917 0.034365384615384624
0 0.9043181818181818 0.2919519230769231 0.014573863636363633 0.016211538461538475
0 0.7326420454545455 0.3391442307692308 0.013522727272727247 0.023250000000000007
0 0.2802201704545454 0.02704807692307692 0.0126846590909091 0.01667307692307692
0 0.27200994318181815 0.008596153846153845 0.017911931818181757 0.01719230769230769
0 0.38153409090909096 0.57825 0.01605113636363638 0.018692307692307744
0 0.1037073863636363 0.603 0.021647727272727287 0.030807692307692272
0 0.2200852272727274 0.1566346153846154 0.01684659090909093 0.022192307692307678
0 0.03765624999999995 0.852326923076923 0.020142045454545544 0.029307692307692326
0 0.09450284090909089 0.059682692307692305 0.013607954545454604 0.016865384615384622
0 0.08487215909090906 0.05175 0.01397727272727261 0.015346153846153841
0 0.07051136363636357 0.05225961538461539 0.016988636363636414 0.02659615384615385
0 0.07750710227272739 0.03897115384615385 0.015866477272727216 0.02251923076923077
0 0.0935582386363637 0.030788461538461535 0.01850852272727269 0.025576923076923077
0 0.2887997159090909 0.007086538461538462 0.018650568181818174 0.013134615384615385
0 0.29943892045454545 0.029576923076923077 0.022769886363636326 0.03384615384615385
0 0.8139914772727272 0.916653846153846 0.011278409090909068 0.015269230769230764
0 0.09773437500000004 0.8955192307692307 0.018650568181818174 0.0267692307692308
0 0.062279829545454635 0.9824134615384615 0.017911931818181837 0.023749999999999934
0 0.06750710227272727 0.9899999999999999 0.021633522727272755 0.01769230769230767
0 0.0701207386363637 0.9622115384615385 0.020156250000000077 0.028807692307692232
0 0.16100852272727262 0.9845096153846153 0.015852272727272684 0.017980769230769276
0 0.15584517045454538 0.960298076923077 0.02322443181818185 0.0324423076923077
0 0.1846022727272728 0.9163846153846154 0.02028409090909087 0.030461538461538415
0 0.17003551136363637 0.9136442307692308 0.01990056818181817 0.03194230769230761
0 0.38947443181818187 0.9922211538461537 0.018210227272727343 0.015288461538461407
0 0.4150994318181819 0.9956923076923077 0.01690340909090914 0.008038461538461661
0 0.37127130681818177 0.5923846153846153 0.017911931818181837 0.022730769230769218
0 0.41696732954545446 0.9885288461538461 0.01711647727272729 0.017749999999999926
0 0.4051349431818182 0.9858076923076923 0.015298295454545509 0.027115384615384548
0 0.39147727272727273 0.9739807692307693 0.019289772727272704 0.024153846153846158
0 0.42261363636363636 0.9670769230769231 0.023295454545454595 0.032038461538461474
0 0.36198153409090916 0.893125 0.025866477272727242 0.03501923076923073
0 0.36653409090909084 0.8603461538461539 0.016761363636363654 0.029576923076923067
0 0.35178267045454537 0.8702019230769231 0.01637784090909095 0.025634615384615464
0 0.3332102272727272 0.8714326923076923 0.021477272727272734 0.032057692307692336
0 0.31609374999999995 0.8877019230769231 0.016392045454545482 0.019211538461538478
0 0.5043607954545455 0.7368461538461538 0.020028409090909124 0.025153846153846124
0 0.35951704545454544 0.5931442307692307 0.019772727272727296 0.02524999999999999
0 0.4959872159090909 0.7220480769230769 0.0185653409090909 0.02513461538461537
0 0.5101917613636364 0.7097307692307693 0.01637784090909087 0.02515384615384623
0 0.5274857954545455 0.6956730769230769 0.02548295454545454 0.030576923076923033
0 0.49617187500000004 0.6944423076923077 0.02038352272727276 0.024153846153846158
0 0.5497017045454546 0.5647884615384615 0.012386363636363674 0.021192307692307656
0 0.5371377840909091 0.5842596153846153 0.02294034090909096 0.03648076923076928
0 0.5731889204545455 0.6047211538461538 0.02220170454545454 0.031057692307692265
0 0.5118821022727273 0.8387211538461539 0.018480113636363624 0.02440384615384615
0 0.5016264204545454 0.8227019230769231 0.01734374999999997 0.024711538461538507
0 0.5202130681818182 0.8149326923076923 0.022073863636363666 0.03171153846153848
0 0.24812500000000004 0.6681730769230769 0.019403409090909044 0.028807692307692343
0 0.6948579545454545 0.9845865384615385 0.017130681818181823 0.0210961538461539
0 0.6995383522727272 0.994076923076923 0.016690340909090908 0.010538461538461573
0 0.681171875 0.9910865384615385 0.019588068181818172 0.017826923076923042
0 0.5697088068181818 0.8655096153846153 0.011690340909090935 0.013326923076922981
0 0.5717045454545455 0.8857211538461539 0.016931818181818204 0.025403846153846114
0 0.6409517045454546 0.75625 0.020426136363636316 0.02996153846153854
0 0.7573934659090908 0.7643365384615386 0.01862215909090907 0.026826923076923054
0 0.7159446022727273 0.8863269230769231 0.019872159090909104 0.028499999999999987
0 0.7616335227272727 0.8274903846153846 0.012159090909090913 0.016057692307692353
0 0.7570383522727273 0.8463653846153847 0.018394886363636388 0.027307692307692286
0 0.23170454545454544 0.6674134615384616 0.016420454545454467 0.02628846153846146
0 0.7745383522727273 0.8443557692307693 0.016605113636363633 0.020903846153846162
0 0.7764701704545455 0.8650384615384616 0.015724431818181808 0.02369230769230768
0 0.7782457386363636 0.8893365384615386 0.017514204545454562 0.02971153846153844
0 0.7973792613636363 0.890548076923077 0.020184659090909104 0.024096153846153903
0 0.8000497159090909 0.910221153846154 0.020752840909090887 0.022480769230769228
0 0.7982741477272728 0.9315192307692307 0.017798295454545456 0.02088461538461541
0 0.8062784090909091 0.9479807692307692 0.016022727272727275 0.02169230769230764
0 0.8154758522727272 0.9331153846153847 0.017201704545454565 0.02249999999999998
0 0.8233380681818182 0.9542019230769231 0.017500000000000012 0.026096153846153942
0 0.8387642045454545 0.9598269230769231 0.019886363636363636 0.028499999999999987
0 0.22144176136363636 0.6547788461538462 0.018281250000000006 0.02524999999999999
0 0.8358025568181818 0.9327115384615384 0.02166193181818182 0.027307692307692286
0 0.8530042613636364 0.921875 0.02166193181818182 0.030519230769230778
0 0.8460369318181818 0.8917499999999999 0.01957386363636364 0.023307692307692317
0 0.8145880681818182 0.8254711538461539 0.016619318181818166 0.024096153846153795
0 0.8246732954545455 0.8335096153846154 0.017812499999999988 0.024096153846153795
0 0.8380184659090909 0.8441538461538461 0.017798295454545456 0.02450000000000002
0 0.8476633522727273 0.8317019230769231 0.01632102272727272 0.025288461538461496
0 0.8543394886363637 0.8564038461538462 0.017201704545454544 0.024115384615384653
0 0.9267613636363636 0.7041826923076924 0.018749999999999992 0.02736538461538465
0 0.93671875 0.6926730769230769 0.015823863636363636 0.022615384615384596
0 0.23749289772727267 0.6459423076923076 0.018281250000000006 0.023730769230769184
0 0.94625 0.6845384615384615 0.02022727272727273 0.0238076923076923
0 0.9528480113636364 0.6637115384615384 0.01816761363636364 0.026576923076923064
0 0.9354048295454546 0.6549903846153846 0.01964488636363636 0.02182692307692301
0 0.91796875 0.6579615384615385 0.016988636363636355 0.026192307692307702
0 0.9327627840909091 0.6341538461538462 0.01904829545454545 0.0238076923076923
0 0.9210298295454545 0.6083461538461538 0.019928977272727275 0.027884615384615386
0 0.9198579545454546 0.5861249999999999 0.020255681818181815 0.02605769230769233
0 0.9368536931818182 0.6047115384615385 0.017088068181818183 0.027423076923076904
0 0.9518394886363636 0.6094807692307692 0.017911931818181816 0.0238076923076923
0 0.9556889204545455 0.5895288461538462 0.018593750000000006 0.02698076923076918
0 0.2460724431818182 0.6317980769230769 0.01680397727272717 0.023749999999999934
0 0.9449715909090909 0.5474807692307693 0.018920454545454546 0.029461538461538556
0 0.9615482954545455 0.5477019230769231 0.017926136363636366 0.02855769230769235
0 0.9805539772727273 0.5474807692307693 0.022784090909090907 0.03219230769230771
0 0.9831960227272727 0.4054230769230769 0.021988636363636363 0.03265384615384614
0 0.9964133522727273 0.4075192307692308 0.007173295454545454 0.029500000000000005
0 0.8417755681818182 0.5130192307692307 0.014403409090909092 0.02053846153846155
0 0.8296732954545455 0.5002692307692307 0.018267045454545452 0.02626923076923082
0 0.8236221590909091 0.5222596153846155 0.01883522727272728 0.027057692307692293
0 0.8108380681818181 0.5097692307692308 0.017869318181818198 0.025999999999999964
0 0.8809801136363636 0.515625 0.01786931818181818 0.025749999999999974
