0 0.29416193181818184 0.3716923076923077 0.018068181818181775 0.0267692307692308
0 0.021193181818181972 0.4291634615384616 0.01198863636363628 0.016865384615384636
0 0.6520525568181819 0.5733461538461538 0.019133522727272725 0.027038461538461542
0 0.6731747159090908 0.5717692307692308 0.022286931818181813 0.030730769230769266
0 0.6941974431818181 0.5622403846153846 0.021434659090909094 0.03044230769230766
0 0.6638210227272727 0.5491538461538461 0.01997159090909091 0.026461538461538443
0 0.6623508522727273 0.521701923076923 0.017855113636363665 0.025596153846153852
0 0.6758025568181818 0.5333653846153846 0.018281249999999968 0.025038461538461614
0 0.6455397727272727 0.5263846153846155 0.01744318181818182 0.026461538461538554
0 0.6455397727272727 0.5006346153846154 0.020795454545454565 0.025038461538461503
0 0.6932386363636365 0.7589903846153845 0.015767045454545447 0.0217115384615385
0 0.6899573863636363 0.7339134615384615 0.017613636363636373 0.024173076923076908
0 0.9590838068181818 0.7423365384615385 0.01879261363636364 0.022673076923076962
0 0.7002059659090909 0.7303557692307692 0.015497159090909086 0.02205769230769225
0 0.7114559659090909 0.8088557692307693 0.018423295454545453 0.021442307692307757
0 0.7095099431818181 0.8274711538461538 0.015582386363636362 0.022134615384615475
0 0.6966619318181818 0.8280096153846154 0.01636363636363638 0.025288461538461496
0 0.6816051136363637 0.8320480769230768 0.017386363636363648 0.025634615384615353
0 0.666690340909091 0.8411826923076923 0.017130681818181823 0.025634615384615353
0 0.6511079545454546 0.8515576923076923 0.022840909090909068 0.030923076923077
0 0.6313849431818181 0.8731538461538461 0.021292613636363648 0.028461538461538483
0 0.5983948863636364 0.8114711538461539 0.02076704545454546 0.03040384615384616
0 0.7577556818181818 0.912625 0.017357954545454544 0.025096153846153758
0 0.021661931818181768 0.41619230769230775 0.013238636363636274 0.01707692307692312
0 0.7406889204545455 0.9050480769230769 0.016775568181818187 0.02667307692307693
0 0.7787926136363637 0.9719711538461537 0.01707386363636365 0.02509615384615387
0 0.7670241477272728 0.9709807692307691 0.014701704545454537 0.022307692307692244
0 0.7545241477272727 0.95325 0.020894886363636334 0.026692307692307682
0 0.8079261363636363 0.9417019230769231 0.024119318181818186 0.03067307692307701
0 0.9301775568181818 0.9689807692307693 0.012059659090909093 0.01911538461538461
0 0.7910227272727273 0.7969903846153846 0.022698863636363663 0.03205769230769223
0 0.8004261363636364 0.7560096153846154 0.020511363636363633 0.028750000000000088
0 0.8471661931818182 0.5820096153846154 0.021008522727272716 0.028442307692307732
0 0.8343039772727272 0.5627692307692307 0.020511363636363633 0.02876923076923073
0 0.9927130681818181 0.13147115384615385 0.01400568181818182 0.027288461538461522
0 0.8608096590909091 0.7141057692307693 0.018465909090909092 0.022673076923076962
0 0.7333238636363637 0.3664903846153846 0.020312499999999976 0.023903846153846112
0 0.7524502840909091 0.33958653846153847 0.017940340909090902 0.02509615384615387
0 0.7387642045454546 0.3292307692307692 0.01647727272727272 0.023499999999999997
0 0.7278764204545455 0.34497115384615384 0.01765624999999997 0.023903846153846168
0 0.7094886363636363 0.34716346153846156 0.020312499999999976 0.02509615384615387
0 0.7033167613636364 0.31996153846153846 0.02183238636363637 0.02899999999999997
0 0.9142329545454545 0.4675673076923077 0.01684659090909091 0.02578846153846153
0 0.8986008522727273 0.4685576923076923 0.01782670454545454 0.024461538461538458
0 0.9149644886363636 0.4328557692307692 0.023196022727272725 0.02975
0 0.30624289772727276 0.40507692307692306 0.02075284090909085 0.028769230769230783
0 0.5789204545454545 0.05189423076923077 0.017215909090909098 0.028673076923076916
0 0.5631463068181819 0.0483076923076923 0.018764204545454518 0.028692307692307687
0 0.7029474431818181 0.23585576923076926 0.02166193181818182 0.028519230769230765
0 0.68890625 0.2158076923076923 0.025340909090909094 0.033884615384615395
0 0.7031036931818182 0.17778846153846153 0.020752840909090887 0.02892307692307691
0 0.7845383522727273 0.23939423076923078 0.019815340909090894 0.028288461538461554
0 0.9028409090909091 0.2714711538461539 0.017272727272727276 0.023711538461538485
0 0.9128480113636364 0.2584326923076923 0.015269886363636374 0.01863461538461538
0 0.9212286931818182 0.2623173076923077 0.01651988636363637 0.02167307692307689
0 0.9020880681818182 0.242 0.018267045454545452 0.025730769230769224
0 0.8925639204545455 0.033365384615384616 0.0167471590909091 0.02546153846153846
0 0.967265625 0.25503846153846155 0.016008522727272725 0.019307692307692293
0 0.9192258522727272 0.2403076923076923 0.016008522727272732 0.01965384615384615
0 0.9176065340909091 0.22252884615384616 0.015269886363636364 0.01863461538461538
0 0.9323650568181818 0.21439423076923078 0.019275568181818182 0.02405769230769229
0 0.9212357954545455 0.1971153846153846 0.022017045454545456 0.028115384615384625
0 0.7609659090909091 0.012403846153846154 0.021534090909090944 0.02480769230769231
0 0.9788707386363636 0.02735576923076923 0.017769886363636363 0.02175
0 0.9797230113636364 0.008240384615384616 0.016747159090909094 0.016480769230769233
0 0.15515625 0.5665288461538462 0.017784090909090885 0.022211538461538484
0 0.21779829545454532 0.13709615384615387 0.020085227272727255 0.029153846153846162
0 0.22881392045454552 0.15479807692307693 0.021008522727272674 0.027596153846153864
0 0.006100852272727164 0.30524999999999997 0.012059659090909104 0.02630769230769232
0 0.09330255681818178 0.012365384615384615 0.021377840909091006 0.02473076923076923
0 0.08185369318181823 0.062432692307692314 0.020383522727272597 0.030942307692307686
0 0.2317116477272727 0.05888461538461539 0.01606534090909083 0.020500000000000008
0 0.2450213068181818 0.10975 0.019190340909090896 0.026846153846153836
0 0.22953835227272734 0.10724038461538461 0.016122159090909124 0.028326923076923083
0 0.2185369318181819 0.10504807692307692 0.018380681818181897 0.035865384615384625
0 0.23879261363636362 0.16974038461538463 0.019545454545454533 0.03128846153846156
0 0.07286221590909103 0.14277884615384617 0.016065340909090994 0.022673076923076935
0 0.05627840909090909 0.14971153846153845 0.02119318181818192 0.027307692307692314
0 0.04995028409090907 0.16151923076923078 0.01674715909090904 0.02407692307692307
0 0.03543323863636372 0.16175000000000003 0.017769886363636352 0.030076923076923077
0 0.07495738636363636 0.008615384615384615 0.022613636363636468 0.01719230769230769
0 0.019538352272727266 0.15596153846153846 0.017428977272727245 0.026846153846153836
0 0.01019176136363631 0.17215384615384616 0.02038352272727276 0.029615384615384627
0 0.005063920454545512 0.28044230769230766 0.010127840909090902 0.026307692307692265
0 0.3519673295454545 0.31667307692307695 0.01990056818181825 0.023269230769230757
0 0.36296874999999995 0.30156730769230766 0.015369318181818171 0.022442307692307723
0 0.3478906249999999 0.29300000000000004 0.018394886363636346 0.02246153846153842
0 0.20109374999999996 0.33 0.019772727272727216 0.02642307692307694
0 0.1903125 0.3399903846153846 0.018721590909091 0.020673076923076922
0 0.201747159090909 0.3546730769230769 0.018806818181818195 0.027115384615384604
0 0.1864914772727272 0.36309615384615385 0.020994318181818142 0.027423076923076904
0 0.009453124999999951 0.33080769230769225 0.01830965909090907 0.03146153846153843
0 0.309296875 0.38111538461538463 0.0204971590909091 0.027115384615384604
0 0.32137784090909094 0.3667307692307692 0.018806818181818195 0.02611538461538464
0 0.274012784090909 0.4110192307692308 0.023196022727272704 0.03338461538461535
0 0.10980823863636369 0.8043942307692308 0.01927556818181825 0.029096153846153838
0 0.040596590909090846 0.7823076923076924 0.012357954545454448 0.013730769230769204
0 0.03726562499999997 0.7995384615384615 0.014588068181818155 0.018076923076923032
0 0.0354119318181817 0.72175 0.013835227272727285 0.019730769230769215
0 0.05090198863636364 0.5544903846153847 0.02461647727272733 0.03240384615384609
0 0.2547443181818181 0.6635576923076923 0.02335227272727264 0.03130769230769226
0 0.26756392045454547 0.7026153846153846 0.017855113636363548 0.02450000000000002
0 0.38455965909090917 0.07535576923076924 0.014545454545454558 0.020826923076923073
0 0.27580965909090904 0.6970384615384616 0.01786931818181816 0.02757692307692303
0 0.28301846590909097 0.7089711538461538 0.016718749999999973 0.02667307692307693
0 0.26196022727272716 0.6833942307692308 0.014886363636363663 0.019519230769230726
0 0.2516548295454545 0.691298076923077 0.01396306818181824 0.017980769230769165
0 0.25669034090909093 0.7109807692307692 0.01900568181818181 0.026346153846153825
0 0.2913778409090909 0.7254038461538462 0.01647727272727276 0.025423076923076868
0 0.2492471590909091 0.7345384615384616 0.01235795454545461 0.020153846153846078
0 0.2640198863636364 0.5509326923076924 0.017727272727272755 0.026403846153846187
0 0.24784090909090917 0.5530384615384616 0.019062500000000104 0.027000000000000038
0 0.3446448863636363 0.5922115384615384 0.021903409090909032 0.030230769230769283
0 0.3662642045454546 0.07563461538461538 0.022869318181818133 0.03376923076923077
0 0.43751420454545453 0.7434519230769231 0.015312499999999962 0.021788461538461507
0 0.4464985795454546 0.8224903846153846 0.013707386363636413 0.02098076923076917
0 0.5206676136363637 0.8085769230769232 0.016676136363636376 0.020576923076923055
0 0.3080610795454546 0.7270769230769231 0.020014204545454592 0.027423076923076904
0 0.32066761363636365 0.7665576923076923 0.01508522727272728 0.020076923076923072
0 0.28223011363636363 0.7762692307692307 0.01829545454545454 0.02876923076923073
0 0.2915056818181818 0.7867980769230769 0.016562500000000036 0.02509615384615387
0 0.3071946022727272 0.7913269230769231 0.01927556818181817 0.0267692307692308
0 0.2868039772727272 0.8095576923076924 0.019517045454545388 0.027115384615384548
0 0.3178196022727273 0.805375 0.017798295454545417 0.02609615384615383
0 0.06053267045454547 0.020509615384615387 0.021207386363636452 0.03248076923076923
0 0.32029829545454547 0.8266153846153846 0.017301136363636373 0.022423076923076973
0 0.3054616477272728 0.8251153846153846 0.009389204545454565 0.015384615384615385
0 0.15674005681818182 0.8080480769230769 0.01765624999999993 0.025673076923076965
0 0.16987215909090914 0.7981346153846154 0.018522727272727222 0.025653846153846107
0 0.19313920454545463 0.7943365384615384 0.018522727272727222 0.026826923076923054
0 0.16966619318181808 0.7764134615384616 0.019815340909090814 0.024211538461538413
0 0.15576704545454545 0.7663557692307692 0.019602272727272663 0.026826923076923165
0 0.35387073863636365 0.9158076923076923 0.02038352272727276 0.029307692307692215
0 0.33674005681818187 0.9233461538461538 0.019758522727272684 0.027307692307692286
0 0.535859375 0.9852884615384614 0.023934659090909124 0.029153846153846093
0 0.0920312499999999 0.039586538461538465 0.021278409090909115 0.03025
0 0.5119318181818182 0.9892211538461538 0.019829545454545426 0.020365384615384678
0 0.5153551136363635 0.9690961538461539 0.020511363636363633 0.02546153846153848
0 0.5367116477272728 0.9246634615384615 0.013338068181818243 0.0199038461538462
0 0.535859375 0.9119423076923078 0.015042613636363682 0.022230769230769235
0 0.5194531250000001 0.905 0.01845170454545456 0.024076923076923152
0 0.5189417613636365 0.8827884615384615 0.01947443181818179 0.02315384615384619
0 0.9089701704545454 0.027355769230769232 0.018110795454545445 0.024519230769230772
0 0.5333451704545455 0.607625 0.016349431818181805 0.020673076923076922
0 0.5373366477272727 0.5948365384615385 0.017088068181818225 0.01967307692307696
0 0.5509659090909091 0.6049230769230769 0.01380681818181822 0.022153846153846118
0 0.5541477272727273 0.8999134615384616 0.019488636363636402 0.025903846153846097
0 0.5629545454545455 0.6019711538461539 0.02034090909090908 0.027057692307692293
0 0.5903125 0.6446153846153846 0.013352272727272695 0.020692307692307677
0 0.6631036931818182 0.6583173076923078 0.010781250000000004 0.014288461538461552
0 0.6529829545454545 0.6600673076923077 0.011193181818181812 0.01486538461538465
0 0.6606321022727273 0.644326923076923 0.013139204545454546 0.0154615384615385
0 0.6552485795454546 0.6297403846153847 0.013139204545454546 0.01544230769230775
0 0.5598082386363636 0.4867019230769231 0.02262784090909092 0.0318653846153846
0 0.7093323863636364 0.6262211538461538 0.01786931818181816 0.024596153846153775
0 0.6996519886363637 0.6080865384615385 0.018764204545454556 0.026211538461538453
0 0.6555184659090909 0.5956730769230769 0.019758522727272722 0.02561538461538471
