0 0.370625 0.12848076923076923 0.013721590909090945 0.02111538461538461
0 0.9449857954545454 0.8140480769230768 0.020965909090909087 0.02367307692307693
0 0.837265625 0.2794326923076923 0.02044034090909091 0.028403846153846172
0 0.94203125 0.5158557692307693 0.01775568181818182 0.02513461538461537
0 0.34776988636363637 0.9837211538461538 0.018551136363636367 0.026942307692307675
0 0.21908380681818163 0.5874038461538462 0.02044034090909089 0.02803846153846151
0 0.0934943181818183 0.8824711538461538 0.01883522727272726 0.02594230769230771
0 0.7322443181818181 0.3957596153846154 0.021789772727272692 0.0309423076923077
0 0.32974431818181815 0.17671153846153848 0.019630681818181808 0.027307692307692286
0 0.8971022727272727 0.05752884615384615 0.027698863636363636 0.03167307692307692
0 0.030873579545454555 0.3310192307692308 0.019502840909090935 0.03230769230769233
0 0.313075284090909 0.4148365384615384 0.02231534090909088 0.03167307692307692
0 0.7503977272727272 0.8283076923076924 0.01829545454545454 0.02876923076923073
0 0.2660085227272727 0.9316538461538463 0.02017045454545461 0.032038461538461585
0 0.4514985795454546 0.13338461538461538 0.025809659090909112 0.03423076923076924
0 0.24691761363636355 0.6667788461538462 0.018011363636363565 0.02367307692307693
0 0.8177556818181818 0.11158653846153846 0.02017045454545455 0.027673076923076925
0 0.20819602272727267 0.601423076923077 0.02124999999999989 0.032038461538461474
0 0.9709375 0.7769134615384615 0.020710227272727273 0.022942307692307706
0 0.5347301136363637 0.6179903846153847 0.02124999999999997 0.0342115384615385
0 0.8578338068181818 0.32276923076923075 0.017485795454545438 0.02403846153846154
0 0.5153693181818182 0.6143461538461539 0.019630681818181808 0.03130769230769236
0 0.9533238636363637 0.10734615384615384 0.023125000000000003 0.030230769230769228
0 0.8230042613636364 0.09193269230769231 0.01936079545454543 0.023288461538461536
0 0.1639985795454545 0.5016923076923077 0.01680397727272733 0.024115384615384546
0 0.6468821022727274 0.07022115384615385 0.0228551136363636 0.033134615384615394
0 0.3882457386363636 0.07404807692307692 0.02151988636363633 0.03167307692307693
0 0.2702556818181818 0.33105769230769233 0.02065340909090904 0.02726923076923078
0 0.18651988636363626 0.6449230769230769 0.02247159090909098 0.03488461538461536
0 0.35193892045454545 0.14503846153846153 0.013991477272727305 0.02511538461538462
0 0.10208806818181804 0.805076923076923 0.021477272727272734 0.033115384615384665
0 0.38583096590909094 0.4212884615384615 0.01734375000000005 0.020115384615384632
0 0.25915482954545443 0.2708365384615385 0.017201704545454565 0.026211538461538453
0 0.1986221590909092 0.15648076923076923 0.018153409090909053 0.023653846153846147
0 0.3202059659090909 0.8568365384615385 0.02044034090909089 0.02948076923076931
0 0.2787855113636364 0.6556730769230769 0.02098011363636361 0.024769230769230762
0 0.6700639204545454 0.2147692307692308 0.0175994318181818 0.019692307692307683
0 0.821122159090909 0.13672115384615385 0.022045454545454538 0.02913461538461538
0 0.6685227272727272 0.6316442307692308 0.023125000000000003 0.028749999999999977
0 0.7446164772727273 0.4052307692307692 0.019630681818181808 0.02511538461538462
0 0.5598792613636363 0.4361346153846154 0.022059659090909133 0.028038461538461564
0 0.4711363636363637 0.34092307692307694 0.02258522727272724 0.03350000000000003
0 0.5531534090909092 0.41592307692307695 0.01829545454545454 0.02984615384615381
0 0.5965838068181819 0.43776923076923074 0.024474431818181843 0.03130769230769231
0 0.6624715909090909 0.6117980769230769 0.018551136363636367 0.029134615384615342
0 0.6558877840909091 0.42356730769230766 0.022599431818181814 0.029865384615384617
0 0.6125852272727272 0.46034615384615385 0.02312499999999996 0.03276923076923075
0 0.5411860795454546 0.5375288461538461 0.02285511363636368 0.029865384615384565
0 0.61796875 0.4840096153846154 0.015056818181818215 0.026942307692307675
0 0.5741335227272728 0.4182884615384615 0.02312499999999996 0.030230769230769228
0 0.060788352272727386 0.8814038461538461 0.020724431818181864 0.025769230769230725
0 0.29357954545454545 0.10735576923076924 0.02258522727272724 0.03275
0 0.8025710227272727 0.11632692307692306 0.01775568181818182 0.029846153846153852
0 0.157109375 0.5995192307692307 0.01916193181818183 0.029076923076923087
0 0.9125568181818182 0.7687788461538462 0.022045454545454538 0.029134615384615342
0 0.31804687499999995 0.308701923076923 0.020980113636363693 0.029134615384615394
0 0.7678764204545454 0.8405 0.019360795454545447 0.020384615384615428
0 0.9482102272727273 0.4907403846153846 0.015056818181818178 0.021480769230769206
0 0.5320454545454545 0.554826923076923 0.018551136363636367 0.027307692307692286
0 0.7915411931818181 0.04915384615384616 0.023678977272727296 0.030961538461538457
0 0.9901065340909091 0.10461538461538461 0.019786931818181818 0.0335
0 0.10275568181818184 0.661923076923077 0.01883522727272726 0.03488461538461536
0 0.19130681818181827 0.6693076923076923 0.021477272727272734 0.02638461538461533
0 0.9702698863636363 0.50475 0.01775568181818182 0.029115384615384644
0 0.9743678977272727 0.14689423076923075 0.01612215909090909 0.022557692307692317
0 0.9908664772727273 0.14807692307692308 0.018267045454545452 0.02976923076923075
0 0.08970170454545467 0.6778076923076922 0.017187500000000033 0.02549999999999998
0 0.06566051136363638 0.019721153846153843 0.01916193181818183 0.021403846153846152
0 0.03608664772727266 0.3524038461538462 0.018480113636363624 0.025038461538461503
0 0.3772159090909091 0.4652596153846154 0.02258522727272724 0.027673076923076897
0 0.688671875 0.21426923076923077 0.01748579545454546 0.022576923076923095
0 0.17131392045454552 0.6585673076923076 0.01850852272727269 0.02817307692307688
0 0.9620596590909091 0.4845384615384615 0.019630681818181814 0.028038461538461564
0 0.2345454545454545 0.6565865384615385 0.02125000000000005 0.030942307692307755
0 0.9541335227272727 0.46178846153846154 0.022045454545454538 0.03130769230769231
0 0.016917613636363793 0.8294519230769231 0.024744318181818124 0.0300576923076923
0 0.26278409090909094 0.07640384615384616 0.018011363636363728 0.023307692307692304
0 0.303125 0.31288461538461537 0.017471590909090926 0.02657692307692312
0 0.2603693181818181 0.7820096153846153 0.021789772727272772 0.02840384615384612
0 0.344140625 0.9651442307692307 0.019360795454545447 0.029134615384615342
0 0.525859375 0.637826923076923 0.020156249999999997 0.027307692307692286
0 0.24624999999999986 0.09643269230769232 0.015056818181818215 0.02548076923076923
0 0.2501491477272727 0.9311057692307692 0.016946022727272816 0.02513461538461537
0 0.04493607954545453 0.8838461538461538 0.016491477272727293 0.024923076923076885
0 0.95359375 0.5065673076923076 0.015056818181818178 0.01674999999999996
0 0.1433948863636364 0.5033365384615385 0.022812500000000083 0.027288461538461536
0 0.8500284090909092 0.24121153846153848 0.01909090909090909 0.02550000000000001
0 0.9749715909090909 0.7539711538461539 0.025539772727272723 0.026596153846153926
0 0.22440340909090917 0.22721153846153846 0.015227272727272766 0.0203846153846154
0 0.01977982954545443 0.3895 0.014786931818181774 0.022769230769230774
0 0.2639914772727271 0.6675000000000001 0.016136363636363657 0.02584615384615384
0 0.32154829545454544 0.9887596153846153 0.02312499999999996 0.022480769230769228
0 0.38971590909090914 0.9562307692307692 0.02071022727272725 0.024384615384615397
0 0.9721519886363637 0.46525 0.019360795454545457 0.028038461538461564
0 0.9777982954545454 0.8087596153846154 0.021505681818181816 0.02840384615384612
0 0.26372869318181813 0.09825961538461538 0.020980113636363693 0.026211538461538453
0 0.32397017045454546 0.8801346153846153 0.02044034090909089 0.027307692307692286
0 0.33566761363636366 0.09697115384615385 0.021789772727272772 0.02221153846153847
0 0.29774857954545453 0.4031826923076923 0.02069602272727272 0.03313461538461542
0 0.8762571022727272 0.06044230769230769 0.01990056818181819 0.028769230769230766
0 0.844659090909091 0.31821153846153843 0.019630681818181808 0.02584615384615384
0 0.04549715909090901 0.042701923076923075 0.019829545454545506 0.022750000000000003
0 0.1693394886363635 0.6013076923076923 0.016519886363636358 0.03176923076923074
0 0.646953125 0.36533653846153846 0.01691761363636363 0.022211538461538484
0 0.8294602272727273 0.3100288461538462 0.01883522727272726 0.027673076923076897
0 0.9825497159090909 0.12321153846153844 0.021690340909090913 0.030769230769230757
0 0.8468039772727273 0.296 0.02017045454545455 0.02511538461538462
0 0.6661576704545454 0.18920192307692307 0.024872159090909077 0.03732692307692307
0 0.11705255681818183 0.5181730769230769 0.020099431818181787 0.02403846153846154
0 0.6847940340909091 0.19728846153846155 0.013707386363636331 0.022923076923076928
0 0.25808238636363645 0.31398076923076923 0.01775568181818182 0.026576923076923064
0 0.21182528409090906 0.6292788461538462 0.02044034090909105 0.028019230769230755
0 0.20160511363636358 0.6844326923076922 0.020965909090909077 0.026211538461538564
0 0.36416903409090906 0.9799038461538461 0.016946022727272657 0.027307692307692286
0 0.5114701704545455 0.6948173076923077 0.023139204545454574 0.029134615384615342
0 0.07846590909090911 0.8697211538461538 0.023778409090909104 0.03355769230769239
0 0.3776207386363637 0.09079807692307693 0.01910511363636362 0.03313461538461538
0 0.1350852272727271 0.5294423076923077 0.0215056818181818 0.026846153846153915
0 0.272059659090909 0.7984038461538461 0.023664772727272684 0.03350000000000003
0 0.610028409090909 0.8278942307692307 0.027159090909090914 0.03167307692307698
0 0.08474431818181827 0.6549903846153846 0.02048295454545449 0.029980769230769182
0 0.9640838068181818 0.12646153846153843 0.022059659090909088 0.029846153846153838
0 0.1521519886363637 0.6688557692307693 0.021150568181818163 0.029980769230769293
0 0.9849289772727273 0.7861923076923076 0.020170454545454547 0.024769230769230762
0 0.9574928977272728 0.5260576923076922 0.01856534090909091 0.02584615384615384
0 0.11514204545454543 0.8187211538461538 0.02312500000000012 0.026403846153846187
0 0.031186079545454493 0.37609615384615386 0.020298295454545565 0.024615384615384636
0 0.08855113636363621 0.8406346153846154 0.021477272727272734 0.029076923076923087
0 0.1516548295454545 0.4887980769230769 0.019502840909090935 0.02951923076923081
0 0.6817045454545454 0.058019230769230774 0.02204545454545456 0.03130769230769231
0 0.05120738636363631 0.061586538461538456 0.021846590909090902 0.020480769230769236
0 0.25673295454545453 0.6882596153846153 0.02204545454545452 0.0294807692307692
0 0.11200994318181823 0.674673076923077 0.020156250000000077 0.024615384615384636
0 0.38757102272727273 0.9824423076923077 0.021789772727272692 0.030230769230769283
0 0.3578551136363637 0.9527692307692308 0.02204545454545452 0.030576923076923033
0 0.8537926136363636 0.3426153846153846 0.01963068181818183 0.02584615384615384
0 0.22406250000000005 0.14776923076923076 0.022869318181818053 0.03130769230769231
0 0.24289062500000003 0.32271153846153844 0.016946022727272816 0.02511538461538462
0 0.8392755681818181 0.08884615384615385 0.02017045454545455 0.0273076923076923
0 0.9859943181818182 0.4572307692307692 0.020170454545454547 0.026576923076923064
0 0.6315482954545455 0.4834615384615385 0.013721590909090945 0.02584615384615384
0 0.7649147727272727 0.81975 0.016136363636363657 0.024769230769230762
0 0.24826704545454537 0.259 0.01963068181818189 0.028038461538461536
