0 0.5349857954545454 0.18233653846153847 0.03846590909090915 0.053326923076923084
0 0.3270667613636363 0.7711634615384615 0.036633522727272674 0.039673076923076915
0 0.5194176136363635 0.47106730769230765 0.03664772727272729 0.04217307692307688
0 0.5542258522727272 0.8265576923076923 0.03481534090909089 0.032230769230769216
0 0.6787997159090908 0.9839615384615384 0.0238210227272727 0.03207692307692309
0 0.6183380681818182 0.520048076923077 0.045795454545454556 0.04586538461538466
0 0.9444318181818182 0.3044807692307692 0.03480113636363636 0.05457692307692312
0 0.8184801136363636 0.48223076923076924 0.050369318181818196 0.057038461538461475
0 0.3934730113636363 0.2778269230769231 0.037542613636363645 0.05084615384615384
0 0.9916051136363636 0.13397115384615382 0.01556818181818182 0.038442307692307685
0 0.010490056818181825 0.7983461538461538 0.02098011363636361 0.06750000000000005
0 0.9854971590909091 0.9814807692307692 0.02900568181818182 0.03703846153846152
0 0.6980326704545454 0.6920000000000001 0.03481534090909089 0.05084615384615384
0 0.3041690340909091 0.8164326923076923 0.02748579545454549 0.023557692307692307
0 0.23867897727272724 0.47891346153846154 0.06869318181818175 0.07440384615384615
0 0.13118607954545458 0.9845865384615385 0.03660511363636361 0.030826923076923026
0 0.9845809659090909 0.6136730769230769 0.030838068181818182 0.07688461538461543
0 0.452549715909091 0.8957980769230769 0.027485795454545405 0.03844230769230771
0 0.09497159090909091 0.9391153846153847 0.05764204545454535 0.030576923076923144
0 0.4507244318181818 0.676923076923077 0.05312499999999997 0.07192307692307688
0 0.5565198863636363 0.28216346153846156 0.03022727272727277 0.017365384615384616
0 0.7291761363636364 0.17757692307692308 0.047642045454545486 0.05703846153846153
0 0.38889204545454537 0.6105769230769231 0.041221590909090965 0.07811538461538463
0 0.31745028409090914 0.8561057692307692 0.03205965909090908 0.04340384615384614
0 0.99328125 0.42146153846153844 0.013437500000000002 0.029769230769230805
0 0.9845809659090909 0.20548076923076922 0.030838068181818182 0.04092307692307692
0 0.6581889204545455 0.5312115384615385 0.03572443181818183 0.06819230769230765
0 0.48507102272727276 0.4673461538461538 0.043039772727272746 0.052076923076923104
0 0.29958806818181816 0.870375 0.04579545454545448 0.04463461538461534
0 0.26157670454545456 0.029384615384615387 0.03022727272727277 0.02603846153846154
0 0.983203125 0.1664230769230769 0.03359375 0.03969230769230769
0 0.9490056818181818 0.11102884615384616 0.04946022727272728 0.07936538461538462
0 0.25653409090909096 0.08395192307692308 0.0989204545454546 0.0880576923076923
0 0.01941761363636374 0.8268269230769231 0.017130681818181902 0.03796153846153848
0 0.5482670454545455 0.17241346153846154 0.044886363636363585 0.060750000000000005
0 0.9937357954545455 0.45246153846153847 0.012528409090909092 0.032230769230769216
0 0.7781818181818182 0.14326923076923076 0.03389204545454547 0.05207692307692309
0 0.9888565340909091 0.8197307692307693 0.02106534090909091 0.07315384615384608
0 0.491484375 0.4233173076923077 0.06686079545454544 0.06821153846153852
0 0.3765269886363637 0.4225 0.03296874999999997 0.05084615384615384
0 0.5826207386363635 0.2573557692307692 0.031150568181818192 0.03967307692307689
0 0.9554190340909091 0.943125 0.03296875 0.054557692307692314
0 0.9694673295454546 0.09676923076923077 0.06106534090909091 0.08061538461538462
0 0.33210227272727266 0.838125 0.03755681818181818 0.039673076923076915
0 0.5075142045454545 0.270375 0.027471590909090873 0.04340384615384614
0 0.9508380681818182 0.4150480769230769 0.045795454545454535 0.04836538461538463
0 0.6531463068181818 0.47850961538461534 0.04029829545454546 0.03721153846153845
0 0.688877840909091 0.11619230769230769 0.07144886363636366 0.09053846153846153
0 0.5363636363636364 0.6407403846153846 0.03389204545454539 0.04340384615384625
0 0.8299360795454546 0.28525961538461536 0.03663352272727274 0.04836538461538463
0 0.9430539772727272 0.4931826923076923 0.048551136363636366 0.07067307692307687
0 0.88671875 0.9425 0.04213068181818181 0.06323076923076922
0 0.5661363636363637 0.8470192307692308 0.02198863636363639 0.05084615384615384
0 0.5171306818181818 0.7085384615384616 0.03755681818181818 0.05580769230769227
0 0.9851846590909091 0.4772692307692308 0.019232954545454543 0.039692307692307666
0 0.953125 0.44543269230769234 0.04855113636363637 0.04959615384615389
0 0.4781960227272727 0.21581730769230767 0.03846590909090907 0.07067307692307692
0 0.6316193181818182 0.4909038461538462 0.04122159090909092 0.04961538461538464
0 0.3288991477272728 0.41628846153846155 0.03481534090909089 0.05084615384615384
0 0.4273650568181818 0.6452980769230768 0.05771306818181818 0.07317307692307695
0 0.8157386363636363 0.49090384615384614 0.026562499999999985 0.0371923076923077
0 0.09419034090909084 0.9090673076923077 0.04985795454545458 0.04005769230769228
0 0.9691619318181818 0.9784615384615386 0.027471590909090907 0.04092307692307698
0 0.7653551136363637 0.9511826923076924 0.05221590909090908 0.06075000000000006
0 0.8116122159090909 0.10875961538461539 0.05129261363636366 0.06325
0 0.9545028409090909 0.14947115384615384 0.05130681818181819 0.04463461538461537
0 0.584453125 0.31253846153846154 0.043963068181818166 0.06323076923076922
0 0.8780184659090909 0.6196634615384616 0.03572443181818183 0.04836538461538468
0 0.9439701704545455 0.7515288461538461 0.013735795454545457 0.04340384615384614
0 0.2153124999999999 0.3927307692307692 0.042130681818181775 0.07069230769230768
0 0.5102627840909091 0.6831153846153847 0.04029829545454546 0.03969230769230778
0 0.84046875 0.26107692307692304 0.04488636363636365 0.04215384615384616
0 0.5075142045454546 0.6533557692307692 0.03480113636363636 0.03471153846153838
0 0.0357812500000001 0.7835865384615385 0.03738636363636371 0.05271153846153851
0 0.4914772727272727 0.9288557692307692 0.04855113636363629 0.06821153846153852
0 0.11443892045454551 0.9755 0.023366477272727174 0.04850000000000005
0 0.9114488636363636 0.15814423076923076 0.042130681818181824 0.06448076923076923
0 0.7616903409090909 0.902201923076923 0.050369318181818196 0.04959615384615389
0 0.452549715909091 0.2492980769230769 0.029303977272727346 0.06325000000000003
0 0.6737571022727273 0.5901153846153846 0.04305397727272728 0.07192307692307688
0 0.9687002840909091 0.48160576923076925 0.01924715909090909 0.03598076923076925
0 0.1627343750000001 0.9254134615384616 0.04518465909090918 0.05590384615384614
0 0.4246164772727272 0.9032307692307693 0.03755681818181818 0.05330769230769236
0 0.2098224431818182 0.499375 0.04762784090909087 0.05828846153846149
0 0.02759232954545443 0.05036538461538462 0.02725852272727264 0.03373076923076923
0 0.05563920454545468 0.581125 0.02102272727272737 0.0527115384615384
0 0.3462997159090909 0.36297115384615386 0.04029829545454546 0.05082692307692309
0 0.6760511363636363 0.17013461538461538 0.04213068181818181 0.02480769230769232
0 0.9645809659090909 0.8290384615384616 0.03848011363636363 0.09176923076923071
0 0.34309659090909084 0.7998942307692308 0.03755681818181818 0.058288461538461546
0 0.13741477272727276 0.8679423076923076 0.024147727272727272 0.06326923076923073
0 0.04434659090909099 0.43612500000000004 0.048295454545454544 0.07698076923076923
0 0.35271306818181813 0.39583653846153843 0.03846590909090915 0.03721153846153845
0 0.08095170454545453 0.9670673076923076 0.048295454545454544 0.06536538461538463
0 0.5152911931818182 0.43572115384615384 0.03572443181818179 0.033480769230769224
0 0.42461647727272733 0.2821634615384615 0.03022727272727269 0.04217307692307694
0 0.3760724431818182 0.6545961538461538 0.04671874999999998 0.07688461538461543
0 0.04005681818181828 0.8347307692307692 0.04127840909090918 0.05588461538461539
0 0.14520596590909074 0.9544134615384615 0.04595170454545458 0.04640384615384614
0 0.6549857954545455 0.4307596153846154 0.04213068181818185 0.060750000000000005
0 0.9723650568181819 0.7515288461538462 0.04487215909090909 0.03844230769230771
0 0.2652414772727273 0.009423076923076923 0.03755681818181818 0.018846153846153846
0 0.16662642045454557 0.16425 0.0327130681818183 0.048499999999999995
0 0.27394176136363635 0.3642115384615384 0.040298295454545545 0.033499999999999974
0 0.48232244318181816 0.8809134615384615 0.04120738636363635 0.06324999999999997
0 0.03889204545454561 0.5721538461538461 0.034261363636363645 0.0685384615384615
0 0.4113352272727273 0.8889711538461538 0.03113636363636366 0.06201923076923077
0 0.16389914772727276 0.8721634615384615 0.038167613636363645 0.06117307692307693
0 0.5881178977272727 0.27161538461538465 0.031150568181818192 0.060769230769230756
0 0.45026278409090914 0.9329903846153845 0.03387784090909094 0.053326923076923
0 0.9215269886363636 0.7502980769230768 0.0458096590909091 0.04340384615384614
0 0.9687002840909091 0.23813461538461542 0.04487215909090909 0.05084615384615387
0 0.7122301136363636 0.32059615384615386 0.03389204545454547 0.047115384615384615
0 0.07276988636363635 0.6222500000000001 0.03505681818181827 0.04219230769230769
0 0.284012784090909 0.32825 0.04762784090909095 0.06573076923076925
0 0.5917826704545455 0.8482596153846155 0.036633522727272674 0.03348076923076928
0 0.8390909090909091 0.9065384615384615 0.038465909090909085 0.0458846153846153
0 0.9425923295454546 0.22759615384615384 0.04762784090909091 0.04215384615384616
0 0.03733664772727263 0.6417499999999999 0.03271306818181814 0.032692307692307694
0 0.8216903409090909 0.9555192307692307 0.03480113636363636 0.06200000000000002
0 0.13546875000000003 0.9143461538461539 0.02803977272727274 0.04007692307692303
0 0.03616477272727281 0.4081826923076923 0.05375000000000005 0.056942307692307716
0 0.4145383522727273 0.5826634615384616 0.06870738636363637 0.08432692307692312
0 0.9581676136363636 0.6136730769230769 0.03480113636363637 0.07192307692307688
0 0.41728693181818177 0.031249999999999993 0.043039772727272746 0.06199999999999999
0 0.8459588068181818 0.31316346153846153 0.04853693181818182 0.04463461538461534
0 0.9801491477272727 0.4995865384615384 0.03848011363636364 0.05951923076923075
0 0.7136008522727273 0.1385096153846154 0.04762784090909087 0.053326923076923084
0 0.031072443181818232 0.018221153846153845 0.038224431818181935 0.03644230769230769
0 0.036946022727272765 0.6122307692307692 0.03505681818181827 0.032692307692307694
0 0.29134232954545447 0.7835673076923076 0.03848011363636368 0.054557692307692314
0 0.7484090909090909 0.14161538461538462 0.03480113636363636 0.044653846153846155
0 0.4305681818181818 0.8492884615384615 0.0293181818181818 0.057038461538461475
0 0.9183238636363636 0.20217307692307693 0.026562499999999992 0.045884615384615385
0 0.31515625 0.8027788461538461 0.025653409090909095 0.03348076923076917
0 0.2895099431818182 0.8288269230769231 0.04580965909090901 0.05330769230769236
0 0.7085724431818181 0.21725961538461538 0.028394886363636376 0.04217307692307691
0 0.9815269886363637 0.4437884615384615 0.01740056818181818 0.02976923076923075
0 0.6833806818181818 0.5256346153846153 0.045795454545454556 0.08680769230769228
0 0.9951136363636364 0.38157692307692304 0.009772727272727273 0.05084615384615384
0 0.04395596590909079 0.7946634615384616 0.030383522727272707 0.05167307692307693
0 0.7951207386363637 0.973423076923077 0.036633522727272716 0.05315384615384613
0 0.22539062499999996 0.4361442307692308 0.03848011363636368 0.033480769230769224
0 0.8775568181818182 0.904673076923077 0.05678977272727273 0.06200000000000002
0 0.8958806818181818 0.9852788461538462 0.032982954545454544 0.027288461538461643
0 0.12885653409090914 0.8431634615384617 0.028821022727272674 0.07486538461538463
0 0.4708735795454545 0.8083653846153847 0.06228693181818185 0.06946153846153846
0 0.061867897727272636 0.6465 0.03194602272727274 0.04638461538461539
0 0.6325355113636364 0.6136730769230769 0.03938920454545453 0.10665384615384611
0 0.42141335227272725 0.23566346153846154 0.03663352272727276 0.053326923076923056
0 0.2601988636363636 0.4522596153846154 0.047642045454545486 0.04836538461538463
0 0.9769460227272727 0.39645192307692306 0.03389204545454545 0.07067307692307692
0 0.885809659090909 0.5843269230769231 0.053125000000000006 0.04215384615384619
0 0.9160298295454545 0.10358653846153845 0.031150568181818182 0.05209615384615384
0 0.48552556818181813 0.2759615384615385 0.03846590909090915 0.057038461538461586
0 0.35500710227272725 0.44109615384615386 0.03572443181818179 0.060769230769230756
0 0.009318181818181781 0.8653076923076922 0.018636363636363642 0.0685384615384615
0 0.556512784090909 0.25300961538461536 0.021065340909090888 0.04340384615384614
0 0.9421377840909091 0.969076923076923 0.030213068181818178 0.06184615384615389
0 0.5061363636363637 0.8153942307692308 0.043039772727272746 0.06944230769230772
0 0.921065340909091 0.979625 0.030227272727272717 0.040749999999999995
0 0.9540482954545455 0.7899711538461538 0.05403409090909091 0.04586538461538455
0 0.9279403409090909 0.7104038461538461 0.04397727272727272 0.05207692307692305
0 0.013600852272727337 0.3342019230769231 0.02720170454545451 0.08963461538461541
0 0.5272017045454545 0.5584903846153847 0.09434659090909094 0.08555769230769232
0 0.9302272727272727 0.7843942307692308 0.03389204545454545 0.03471153846153848
0 0.7163494318181818 0.30696153846153845 0.032982954545454544 0.039692307692307666
0 0.6279616477272727 0.5659326923076923 0.03938920454545449 0.058288461538461546
0 0.4937713068181818 0.24744230769230766 0.025639204545454562 0.04711538461538459
0 0.2318039772727274 0.5080673076923077 0.036647727272727366 0.048365384615384574
0 0.2272230113636362 0.021951923076923077 0.04214488636363631 0.043403846153846154
0 0.6875 0.1943173076923077 0.04122159090909088 0.053326923076923056
0 0.3247727272727272 0.5839134615384616 0.04122159090909088 0.06448076923076917
0 0.09068892045454546 0.8616153846153847 0.056860795454545414 0.09280769230769229
0 0.4763707386363637 0.8294519230769231 0.032968750000000054 0.049596153846153776
0 0.8661150568181818 0.2802980769230769 0.039389204545454554 0.06821153846153846
0 0.9380184659090909 0.18377884615384615 0.034815340909090914 0.054557692307692314
0 0.10821022727272733 0.8705865384615384 0.026477272727272707 0.05167307692307693
0 0.9590838068181818 0.1924615384615385 0.02930397727272727 0.04961538461538461
0 0.6733025568181819 0.45618269230769226 0.031150568181818192 0.06448076923076923
0 0.5473579545454546 0.3026153846153846 0.019232954545454574 0.04588461538461536
0 0.7378764204545454 0.0905673076923077 0.052201704545454544 0.07067307692307692
0 0.452549715909091 0.8598269230769231 0.020156249999999997 0.03596153846153844
0 0.5638423295454545 0.31378846153846157 0.02291193181818181 0.04092307692307692
0 0.1845383522727272 0.7661826923076922 0.02492897727272737 0.03478846153846149
0 0.9827485795454546 0.9375384615384615 0.03450284090909091 0.05580769230769227
0 0.12339488636363638 0.9022211538461538 0.014801136363636468 0.039019230769230806
0 0.007762784090909025 0.05774038461538462 0.015525568181818111 0.04640384615384616
0 0.3939275568181819 0.04302884615384615 0.03663352272727276 0.08555769230769229
0 0.6943678977272727 0.9709423076923077 0.03296875000000001 0.058115384615384666
0 0.008600852272727333 0.02373076923076923 0.017201704545454565 0.04746153846153846
0 0.07666193181818182 0.5790096153846154 0.03193181818181821 0.04640384615384614
0 0.3843181818181818 0.33238461538461533 0.03022727272727269 0.060769230769230756
0 0.02409801136363643 0.8668942307692307 0.03271306818181814 0.03375000000000002
0 0.29729403409090915 0.029394230769230773 0.04671874999999998 0.058288461538461546
0 0.3124076704545454 0.37909615384615386 0.03848011363636368 0.07315384615384614
