0 0.9928977272727273 0.040865384615384616 0.014204545454545454 0.025961538461538463
0 0.125 0.7832596153846153 0.017045454545454544 0.027019230769230792
0 0.9247159090909091 0.6576923076923077 0.019886363636363636 0.026923076923076925
0 0.8451704545454546 0.675 0.019886363636363636 0.023076923076923078
0 0.7665056818181818 0.7799423076923078 0.0175568181818182 0.025615384615384602
0 0.7996164772727272 0.7743365384615384 0.018920454545454535 0.023557692307692307
0 0.9500426136363637 0.7968653846153846 0.018409090909090906 0.026538461538461452
0 0.09764204545454547 0.7887884615384615 0.017784090909090885 0.02757692307692303
0 0.039147727272727195 0.7990384615384616 0.01948863636363624 0.021153846153846155
0 0.08605823863636364 0.7168076923076924 0.021548295454545396 0.027923076923076887
0 0.028877840909090846 0.6335576923076923 0.015539772727272643 0.029384615384615332
0 0.04424715909090904 0.6300288461538461 0.017471590909090843 0.02690384615384617
0 0.7880539772727273 0.9911826923076923 0.020482954545454526 0.017634615384615415
0 0.7998366477272727 0.9797884615384616 0.018110795454545456 0.021192307692307656
0 0.6377130681818182 0.9913461538461539 0.017414772727272754 0.01730769230769231
0 0.6114843750000001 0.9812692307692308 0.015667613636363598 0.020230769230769195
0 0.5632102272727273 0.4475192307692307 0.02130681818181818 0.02196153846153844
0 0.6883380681818182 0.9413076923076923 0.01872159090909092 0.025076923076923115
0 0.4524147727272727 0.9336538461538462 0.018465909090909092 0.01730769230769231
0 0.47869318181818177 0.9605769230769231 0.017045454545454544 0.021153846153846155
0 0.5249928977272728 0.9721442307692307 0.01936079545454553 0.025057692307692257
0 0.40625 0.9317211538461538 0.019886363636363636 0.024980769230769247
0 0.3538778409090909 0.7596153846153846 0.019517045454545467 0.026923076923076925
0 0.3529829545454546 0.7128461538461539 0.02130681818181818 0.029538461538461565
0 0.36221590909090906 0.6766730769230769 0.019886363636363636 0.023576923076923058
0 0.765625 0.9307692307692308 0.017045454545454544 0.026923076923076925
0 0.8811860795454545 0.9442307692307692 0.023735795454545447 0.03076923076923077
0 0.1745312499999998 0.8722115384615384 0.013664772727272734 0.01746153846153843
0 0.5305397727272727 0.8278846153846153 0.018465909090909092 0.025
0 0.6164772727272727 0.8519230769230769 0.019886363636363636 0.023076923076923078
0 0.5866477272727273 0.8451923076923077 0.019886363636363636 0.021153846153846155
0 0.6151704545454546 0.8141634615384615 0.02295454545454549 0.02936538461538458
0 0.5646306818181819 0.8009615384615385 0.018465909090909092 0.025
0 0.5582386363636364 0.7576923076923077 0.017045454545454544 0.023076923076923078
0 0.6036931818181819 0.7595769230769231 0.017045454545454544 0.02315384615384619
0 0.5774147727272727 0.724625 0.024147727272727272 0.031519230769230744
0 0.6235795454545454 0.5610288461538462 0.019886363636363636 0.024096153846153795
0 0.6150568181818181 0.5480769230769231 0.019886363636363636 0.023076923076923078
0 0.1694957386363637 0.8809326923076923 0.013536931818181941 0.02075000000000004
0 0.6889204545454546 0.5548076923076923 0.019886363636363636 0.028846153846153848
0 0.7372159090909092 0.5990384615384615 0.019886363636363636 0.028846153846153848
0 0.7933238636363636 0.5490384615384616 0.018465909090909092 0.025
0 0.3345170454545454 0.5557692307692308 0.02130681818181818 0.026923076923076925
0 0.31818181818181823 0.5673076923076923 0.019886363636363636 0.023076923076923078
0 0.33948863636363635 0.6 0.019886363636363636 0.026923076923076925
0 0.38849431818181823 0.6230769230769231 0.018465909090909092 0.026923076923076925
0 0.3842329545454546 0.5201923076923077 0.018465909090909092 0.028846153846153848
0 0.4296875 0.49038461538461536 0.02130681818181818 0.026923076923076925
0 0.1060937500000001 0.33076923076923076 0.016164772727272722 0.023076923076923078
0 0.16548295454545459 0.9075384615384615 0.018465909090909092 0.0238461538461538
0 0.12049005681818192 0.3180480769230769 0.02322443181818185 0.02928846153846152
0 0.07315340909090906 0.49615384615384617 0.018465909090909092 0.023076923076923078
0 0.03409090909090906 0.5298076923076923 0.019886363636363636 0.025
0 0.011363636363636354 0.44519230769230766 0.022727272727272728 0.028846153846153848
0 0.20099431818181823 0.5163461538461539 0.018465909090909092 0.025
0 0.22372159090909094 0.5182692307692308 0.018465909090909092 0.025
0 0.29474431818181823 0.42788461538461536 0.018465909090909092 0.025
0 0.24786931818181823 0.36730769230769234 0.02130681818181818 0.026923076923076925
0 0.2258522727272727 0.3278846153846154 0.019886363636363636 0.025
0 0.12144886363636365 0.25384615384615383 0.02130681818181818 0.026923076923076925
0 0.03310369318181827 0.9612788461538462 0.021860795454545435 0.027442307692307658
0 0.01846590909090906 0.027884615384615386 0.019886363636363636 0.032692307692307694
0 0.09090909090909094 0.011538461538461539 0.019886363636363636 0.023076923076923078
0 0.12642045454545459 0.03461538461538462 0.022727272727272728 0.03076923076923077
0 0.3188920454545454 0.07884615384615384 0.02130681818181818 0.026923076923076925
0 0.2961647727272727 0.02403846153846154 0.02130681818181818 0.028846153846153848
0 0.4779829545454546 0.011538461538461539 0.02130681818181818 0.023076923076923078
0 0.6242897727272727 0.06057692307692308 0.018465909090909092 0.021153846153846155
0 0.6981534090909092 0.020192307692307693 0.02130681818181818 0.028846153846153848
0 0.6917613636363636 0.11538461538461539 0.019886363636363636 0.026923076923076925
0 0.41218750000000004 0.3738942307692308 0.020397727272727293 0.027634615384615393
0 0.0078125 0.9623846153846154 0.015625 0.02523076923076924
0 0.3998579545454546 0.33557692307692305 0.02130681818181818 0.025
0 0.41690340909090906 0.3144230769230769 0.02130681818181818 0.028846153846153848
0 0.4344886363636363 0.28076923076923077 0.01670454545454544 0.023076923076923078
0 0.4290838068181818 0.2573173076923077 0.01967329545454549 0.02682692307692308
0 0.4914630681818182 0.26196153846153847 0.01423295454545452 0.02392307692307692
0 0.4094318181818182 0.21059615384615385 0.018494318181818157 0.023076923076923078
0 0.48022017045454546 0.22209615384615386 0.01967329545454549 0.028884615384615377
0 0.526796875 0.21728846153846157 0.017428977272727245 0.023115384615384607
0 0.5866477272727273 0.25769230769230766 0.019886363636363636 0.026923076923076925
0 0.6413352272727273 0.31153846153846154 0.02130681818181818 0.026923076923076925
0 0.13104403409090903 0.9795769230769231 0.01916193181818183 0.02546153846153848
0 0.7336647727272727 0.3855769230769231 0.015625 0.021153846153846155
0 0.7890625 0.32403846153846155 0.018465909090909092 0.025
0 0.7244318181818181 0.23846153846153847 0.019886363636363636 0.026923076923076925
0 0.8508522727272727 0.04519230769230769 0.022727272727272728 0.032692307692307694
0 0.9048295454545454 0.05174038461538462 0.019886363636363636 0.031134615384615386
0 0.8536931818181819 0.10480769230769231 0.019886363636363636 0.028846153846153848
0 0.8270951704545455 0.11904807692307692 0.01782670454545454 0.027288461538461536
0 0.7961647727272727 0.13454807692307694 0.015625 0.02321153846153846
0 0.8012713068181818 0.20366346153846154 0.014474431818181815 0.02344230769230769
0 0.8490411931818181 0.16634615384615384 0.01782670454545454 0.025
0 0.022727272727272707 0.9001153846153847 0.019886363636363636 0.023307692307692317
0 0.8942116477272728 0.1605769230769231 0.018394886363636367 0.028846153846153848
0 0.9538352272727273 0.16254807692307693 0.015625 0.021057692307692312
0 0.9608025568181818 0.24519230769230768 0.018735795454545453 0.025
0 0.9332386363636364 0.2385096153846154 0.019886363636363636 0.030673076923076928
0 0.9921875 0.4210576923076923 0.015625 0.03057692307692309
0 0.9857954545454546 0.4439326923076923 0.017045454545454544 0.027519230769230775
0 0.9488636363636364 0.4461538461538462 0.019886363636363636 0.023076923076923078
0 0.9794034090909091 0.48527884615384614 0.018465909090909092 0.025596153846153852
0 0.9580965909090909 0.49752884615384624 0.02130681818181818 0.029673076923076937
0 0.9171235795454545 0.6259615384615385 0.021747159090909095 0.028846153846153848
