0 0.645575284090909 0.16558653846153845 0.02376420454545453 0.03409615384615385
0 0.8529829545454546 0.23942307692307693 0.024147727272727272 0.03653846153846154
0 0.33098721590909086 0.3568557692307692 0.010610795454545493 0.0193269230769231
0 0.34681107954545454 0.35004807692307693 0.012258522727272802 0.020557692307692305
0 0.019055397727272716 0.5053173076923076 0.026718750000000083 0.03686538461538465
0 0.0573721590909092 0.52525 0.027159090909090914 0.03815384615384621
0 0.027776988636363686 0.5216057692307693 0.021264204545454423 0.027403846153846154
0 0.04737215909090897 0.339125 0.023323863636363577 0.03351923076923078
0 0.037776988636363695 0.5273269230769232 0.0171732954545455 0.03538461538461545
0 0.05328124999999995 0.5486730769230769 0.03894886363636374 0.03711538461538453
0 0.3153480113636363 0.5647115384615384 0.036946022727272716 0.03253846153846157
0 0.31298295454545455 0.5905192307692309 0.040227272727272716 0.023653846153846175
0 0.7514204545454546 0.03173076923076923 0.03409090909090909 0.04038461538461539
0 0.5270880681818182 0.884 0.020142045454545465 0.03873076923076921
0 0.6330752840909091 0.8003173076923077 0.02407670454545457 0.027403846153846154
0 0.6228267045454545 0.7664903846153847 0.03946022727272731 0.06451923076923079
0 0.5972088068181818 0.7640769230769231 0.02049715909090902 0.03815384615384621
0 0.587215909090909 0.7479326923076923 0.02664772727272726 0.04405769230769225
0 0.23730823863636374 0.016836538461538462 0.026576704545454435 0.033673076923076924
0 0.19370738636363616 0.011336538461538462 0.033210227272727266 0.022403846153846156
0 0.2632244318181818 0.046538461538461535 0.024687499999999994 0.03661538461538461
0 0.44663352272727275 0.9339423076923077 0.030369318181818174 0.07411538461538465
0 0.24011363636363636 0.04618269230769231 0.02363636363636362 0.043019230769230775
0 0.98296875 0.9345192307692307 0.030937499999999996 0.04011538461538464
0 0.2079545454545454 0.05008653846153847 0.027045454545454494 0.041596153846153845
0 0.23105823863636354 0.06662499999999999 0.02862215909090906 0.041249999999999995
0 0.18669744318181813 0.11145192307692307 0.04688920454545469 0.05421153846153846
0 0.8281676136363636 0.1696826923076923 0.036619318181818204 0.04867307692307693
0 0.8502201704545455 0.1643076923076923 0.02734375 0.041499999999999995
0 0.8601491477272727 0.18759615384615383 0.02691761363636364 0.04926923076923078
0 0.83765625 0.20641346153846155 0.02911931818181818 0.0373269230769231
0 0.9593323863636364 0.5767980769230769 0.03073863636363637 0.04163461538461534
0 0.9211576704545454 0.5717692307692308 0.055355113636363626 0.06138461538461531
0 0.7345241477272728 0.9747692307692307 0.028963068181818204 0.038115384615384496
0 0.5833877840909092 0.6580192307692307 0.0447017045454545 0.06800000000000003
0 0.5192613636363637 0.9911442307692307 0.026988636363636364 0.01755769230769241
0 0.7401562500000001 0.9529423076923076 0.04124999999999999 0.04092307692307698
0 0.17613636363636365 0.8096153846153846 0.03977272727272727 0.04230769230769231
0 0.4360795454545454 0.03942307692307692 0.03125 0.04038461538461539
0 0.18323863636363635 0.17884615384615385 0.022727272727272728 0.026923076923076925
0 0.33238636363636365 0.2403846153846154 0.02556818181818182 0.04230769230769231
0 0.7907244318181819 0.3025576923076923 0.029829545454545456 0.04038461538461539
0 0.82109375 0.75 0.026988636363636343 0.038461538461538464
0 0.589140625 0.04368269230769231 0.02509943181818176 0.03582692307692308
0 0.8212073863636363 0.6972115384615385 0.026988636363636364 0.038461538461538464
0 0.7907102272727273 0.7942307692307692 0.03409090909090909 0.05384615384615385
0 0.7495170454545454 0.9149615384615384 0.04150568181818182 0.05792307692307682
0 0.004389204545454439 0.7839903846153846 0.008778409090909019 0.03528846153846158
0 0.10913352272727261 0.8384999999999999 0.03451704545454555 0.04984615384615387
0 0.07372869318181818 0.8978173076923077 0.03546875000000004 0.06598076923076923
0 0.9885653409090909 0.9235576923076924 0.022869318181818185 0.03503846153846159
0 0.46490056818181813 0.9085865384615384 0.03190340909090906 0.04951923076923077
0 0.5075994318181818 0.6100576923076924 0.01278409090909091 0.021153846153846155
0 0.5515980113636363 0.4303653846153846 0.03441761363636366 0.057692307692307696
0 0.6127201704545455 0.043875 0.022599431818181855 0.04294230769230769
0 0.5584517045454545 0.3952692307692308 0.026335227272727302 0.0377692307692308
0 0.8144886363636363 0.4472403846153846 0.03832386363636364 0.0693269230769231
0 0.95125 0.5299807692307693 0.02582386363636363 0.036653846153846155
0 0.776328125 0.5265 0.030411931818181814 0.041538461538461476
0 0.9766051136363636 0.4902211538461539 0.027073863636363635 0.039480769230769236
0 0.9552556818181818 0.439 0.03835227272727273 0.04230769230769231
0 0.9957741477272727 0.44800961538461537 0.00828125 0.033865384615384644
0 0.9052201704545455 0.5423557692307692 0.03470170454545454 0.06155769230769229
0 0.7502272727272727 0.5197596153846153 0.03417613636363637 0.03825000000000008
0 0.7831960227272727 0.4733173076923077 0.025823863636363645 0.07578846153846153
0 0.9944460227272727 0.12908653846153847 0.011107954545454546 0.04659615384615384
0 0.5576136363636364 0.5968653846153846 0.027159090909090914 0.041269230769230836
0 0.5640625 0.6960673076923077 0.03349431818181816 0.04678846153846151
0 0.5373579545454545 0.698701923076923 0.026562499999999985 0.05559615384615379
0 0.5435298295454545 0.7262884615384616 0.031491477272727296 0.04473076923076921
0 0.5211434659090909 0.6930480769230769 0.02748579545454549 0.040134615384615394
0 0.5002982954545455 0.6951442307692308 0.0376704545454546 0.06855769230769237
0 0.2492897727272727 0.4673076923076923 0.02130681818181818 0.026923076923076925
0 0.5591477272727272 0.520028846153846 0.05227272727272729 0.06382692307692307
0 0.3922798295454545 0.23625961538461537 0.051718750000000036 0.051673076923076905
0 0.3713494318181818 0.22359615384615386 0.0320170454545454 0.048346153846153844
0 0.06676136363636365 0.7692307692307693 0.028409090909090908 0.038461538461538464
0 0.6344673295454546 0.21520192307692307 0.016178977272727255 0.024249999999999997
0 0.6466051136363635 0.2195096153846154 0.013977272727272732 0.022903846153846146
0 0.6705184659090909 0.18560576923076924 0.028536931818181822 0.04032692307692307
0 0.7068821022727272 0.1345769230769231 0.020639204545454547 0.07584615384615385
0 0.6470170454545454 0.06346153846153846 0.029829545454545456 0.038461538461538464
0 0.012464488636363624 0.3995192307692308 0.024928977272727207 0.04057692307692312
0 0.3636860795454545 0.5586442307692308 0.034588068181818137 0.05224999999999992
0 0.07173295454545459 0.6596153846153846 0.024147727272727272 0.026923076923076925
0 0.23193181818181818 0.5349807692307692 0.026988636363636364 0.04038461538461539
0 0.6241051136363636 0.8308461538461538 0.02562499999999995 0.04126923076923073
0 0.05173295454545468 0.9442980769230769 0.027954545454545385 0.0365961538461539
0 0.33316051136363634 0.533298076923077 0.05095170454545455 0.04198076923076931
0 0.5334090909090909 0.3731826923076923 0.019545454545454533 0.0303653846153846
0 0.5591903409090908 0.3562692307692307 0.02241477272727277 0.03730769230769232
0 0.056512784090909096 0.36875 0.03012784090909096 0.044192307692307725
0 0.7651136363636364 0.5725384615384616 0.028409090909090908 0.038461538461538464
0 0.5713636363636363 0.3387019230769231 0.02369318181818183 0.03425
0 0.57328125 0.3172307692307692 0.030113636363636346 0.046846153846153815
0 0.27194602272727275 0.030144230769230767 0.025113636363636373 0.03690384615384615
0 0.27140624999999996 0.016807692307692305 0.04269886363636372 0.03296153846153846
0 0.29836647727272725 0.017817307692307695 0.03088068181818183 0.03563461538461539
0 0.1797940340909091 0.8744230769230769 0.010980113636363663 0.014615384615384659
0 0.7401349431818183 0.14417307692307693 0.04842329545454546 0.09434615384615386
0 0.5806676136363635 0.5581057692307693 0.023153409090909106 0.03882692307692307
0 0.542528409090909 0.3439038461538461 0.027840909090909124 0.04884615384615386
0 0.5212713068181818 0.3341634615384615 0.023849431818181846 0.05078846153846153
0 0.06297585227272728 0.3459230769230769 0.01578125000000002 0.035461538461538454
0 0.5147656249999999 0.3712115384615385 0.030951704545454574 0.051730769230769184
0 0.28053267045454544 0.5319423076923078 0.02947443181818182 0.042500000000000045
0 0.2838920454545455 0.5599230769230769 0.03619318181818185 0.04726923076923074
0 0.6263139204545454 0.027105769230769232 0.034332386363636384 0.054211538461538464
0 0.3486647727272728 0.32835576923076926 0.02332386363636366 0.0294807692307692
0 0.17131392045454552 0.9015865384615386 0.028451704545454506 0.04959615384615389
0 0.35840198863636363 0.3392788461538462 0.015639204545454533 0.02774999999999996
0 0.14696022727272728 0.021865384615384613 0.03528409090909095 0.043730769230769226
0 0.11244318181818191 0.030826923076923078 0.03463068181818181 0.061653846153846156
0 0.08002130681818187 0.024778846153846158 0.030213068181818157 0.047480769230769236
0 0.024723011363636305 0.15314423076923078 0.02438920454545449 0.04855769230769231
0 0.011988636363636451 0.16722115384615388 0.01829545454545454 0.03301923076923077
0 0.011455965909091037 0.19296153846153846 0.022230113636363603 0.03203846153846153
0 0.03441761363636364 0.19052884615384616 0.02869318181818188 0.03690384615384615
0 0.024318181818181794 0.21714423076923076 0.03485795454545449 0.045865384615384634
0 0.11403409090909089 0.8906153846153846 0.02798295454545461 0.04176923076923082
0 0.7265625 0.20865384615384616 0.05823863636363636 0.04423076923076923
0 0.12748579545454541 0.9362596153846154 0.04411931818181811 0.06605769230769225
0 0.4086363636363637 0.29101923076923075 0.048948863636363686 0.05857692307692309
0 0.07856534090909084 0.9836538461538461 0.037159090909090864 0.032692307692307694
0 0.10068892045454547 0.11917307692307692 0.029985795454545473 0.048923076923076916
0 0.06276988636363645 0.11900000000000001 0.04997159090909084 0.06523076923076923
0 0.07976562499999995 0.3138365384615385 0.039446022727272705 0.04440384615384616
0 0.10632102272727262 0.8964326923076923 0.054886363636363615 0.07478846153846151
0 0.032748579545454626 0.3608461538461538 0.024332386363636358 0.039884615384615345
0 0.08284090909090902 0.36951923076923077 0.025113636363636293 0.07042307692307694
0 0.33912642045454544 0.3536346153846154 0.009332386363636353 0.021307692307692333
