0 0.7309659090909091 0.29499038461538457 0.02465909090909093 0.03167307692307692
0 0.35286221590909084 0.21269230769230768 0.024644886363636317 0.028846153846153848
0 0.6256818181818182 0.636923076923077 0.018806818181818195 0.031115384615384628
0 0.6106392045454545 0.6154230769230769 0.02130681818181818 0.028846153846153848
0 0.6273579545454546 0.5823365384615384 0.021306818181818142 0.029403846153846083
0 0.62359375 0.6026923076923076 0.02130681818181818 0.027153846153846164
0 0.6018678977272728 0.5967596153846154 0.022968750000000024 0.0277115384615384
0 0.5745028409090909 0.561125 0.022556818181818174 0.03336538461538455
0 0.5855752840909091 0.539625 0.02296874999999994 0.02771153846153851
0 0.5529829545454545 0.5105000000000001 0.02465909090909093 0.028269230769230748
0 0.5970667613636365 0.573 0.025071022727272775 0.02430769230769228
0 0.6037428977272727 0.5498076923076922 0.025071022727272775 0.031115384615384628
0 0.35348721590909093 0.1855384615384615 0.02171875000000003 0.025461538461538452
0 0.631534090909091 0.682451923076923 0.018806818181818154 0.02713461538461541
0 0.6212997159090909 0.6649134615384615 0.023394886363636323 0.02828846153846161
0 0.5866193181818182 0.6982884615384616 0.018380681818181813 0.023769230769230796
0 0.5943465909090908 0.6787692307692307 0.022982954545454556 0.028846153846153848
0 0.6070951704545454 0.720346153846154 0.023394886363636323 0.028269230769230748
0 0.6029119318181819 0.6977211538461539 0.01588068181818183 0.029403846153846083
0 0.6194176136363636 0.6971634615384615 0.018806818181818195 0.026019230769230826
0 0.6655823863636363 0.6898076923076922 0.0175568181818182 0.030538461538461528
0 0.9024715909090909 0.36456730769230766 0.02423295454545454 0.03621153846153848
0 0.8905681818181819 0.3442019230769231 0.01963068181818183 0.029403846153846138
0 0.25571732954545456 0.27914423076923073 0.01921874999999996 0.02601923076923077
0 0.9166832386363637 0.34533653846153844 0.02171875 0.02601923076923077
0 0.9175142045454545 0.31818269230769225 0.020880681818181823 0.029403846153846138
0 0.8957883522727272 0.30517307692307694 0.020894886363636355 0.028269230769230748
0 0.9636860795454546 0.29951923076923076 0.022144886363636363 0.030538461538461528
0 0.9651491477272727 0.3283653846153846 0.020894886363636365 0.028269230769230748
0 0.9494815340909091 0.31648076923076923 0.022144886363636363 0.030538461538461528
0 0.9359019886363636 0.330625 0.02339488636363636 0.028288461538461554
0 0.7915482954545454 0.32326923076923075 0.020482954545454568 0.030538461538461528
0 0.7744176136363636 0.3122403846153846 0.020482954545454568 0.03225000000000002
0 0.7879971590909091 0.27434615384615385 0.0208806818181818 0.02546153846153848
0 0.2108096590909092 0.23502884615384617 0.022982954545454473 0.031673076923076894
0 0.5872443181818181 0.2794326923076923 0.019630681818181808 0.03225000000000002
0 0.5452556818181818 0.2180673076923077 0.02005681818181819 0.028288461538461526
0 0.563643465909091 0.23673076923076922 0.01921874999999996 0.027153846153846136
0 0.5774289772727272 0.22682692307692306 0.0208806818181818 0.025461538461538452
0 0.5362713068181817 0.19063461538461537 0.014616477272727302 0.025461538461538452
0 0.5523650568181818 0.19034615384615386 0.01921874999999996 0.027153846153846164
0 0.5619673295454546 0.20702884615384615 0.020894886363636414 0.027711538461538454
0 0.5703267045454545 0.26445192307692306 0.01588068181818183 0.0339423076923077
0 0.5818110795454545 0.2520096153846154 0.014616477272727302 0.03167307692307692
0 0.5993607954545455 0.25087499999999996 0.02130681818181818 0.0339423076923077
0 0.22271306818181813 0.2556826923076923 0.018380681818181734 0.026596153846153842
0 0.6674644886363637 0.22570192307692308 0.026321022727272728 0.027711538461538454
0 0.6774928977272727 0.24605769230769228 0.027997159090909104 0.02884615384615382
0 0.6685085227272727 0.2701057692307692 0.022556818181818174 0.029403846153846138
0 0.7414133522727273 0.48306730769230766 0.023821022727272743 0.0277115384615384
0 0.7464275568181818 0.4556346153846154 0.01796875000000001 0.029423076923076944
0 0.7627201704545454 0.5353846153846153 0.020468749999999994 0.027153846153846164
0 0.77671875 0.5775288461538461 0.02005681818181819 0.026596153846153926
0 0.7746306818181818 0.5506538461538462 0.021732954545454562 0.030538461538461528
0 0.9894673295454546 0.02432692307692308 0.02106534090909091 0.0345
0 0.6093892045454545 0.04893269230769231 0.02380681818181817 0.033942307692307695
0 0.1966051136363638 0.2503076923076923 0.022982954545454473 0.030538461538461528
0 0.89390625 0.110875 0.022982954545454556 0.031096153846153836
0 0.8801207386363636 0.09927884615384615 0.020468749999999994 0.02601923076923077
0 0.6302769886363637 0.1317980769230769 0.022968750000000024 0.027711538461538454
0 0.5993607954545455 0.11766346153846154 0.017954545454545435 0.022057692307692306
0 0.6114772727272728 0.1318076923076923 0.017130681818181823 0.025461538461538452
0 0.5964346590909091 0.1357596153846154 0.015454545454545448 0.019788461538461522
0 0.5910085227272728 0.14990384615384614 0.017130681818181823 0.024307692307692308
0 0.5866193181818182 0.17903846153846154 0.021732954545454562 0.029423076923076916
0 0.940703125 0.36767307692307694 0.020468750000000004 0.028846153846153848
0 0.9271235795454545 0.36003846153846153 0.015866477272727275 0.027153846153846164
0 0.2713920454545454 0.2191923076923077 0.021306818181818264 0.028269230769230776
0 0.9517755681818182 0.3515576923076923 0.01670454545454545 0.022615384615384596
0 0.9024786931818182 0.27858653846153847 0.020894886363636376 0.024903846153846186
0 0.7708735795454545 0.18808653846153847 0.019218750000000003 0.02490384615384616
0 0.7842329545454545 0.19147115384615385 0.01588068181818183 0.020365384615384622
0 0.884090909090909 0.27802884615384615 0.01755681818181818 0.02601923076923077
0 0.9081107954545454 0.23078846153846155 0.017130681818181823 0.028846153846153848
0 0.922528409090909 0.22372115384615388 0.018380681818181813 0.028288461538461526
0 0.9340198863636364 0.20900961538461538 0.02130681818181818 0.028288461538461554
0 0.9634730113636364 0.2330576923076923 0.02004261363636364 0.023192307692307696
0 0.9499005681818182 0.22060576923076924 0.017130681818181816 0.027711538461538454
0 0.25968749999999996 0.3982211538461538 0.02465909090909093 0.031096153846153822
0 0.9622230113636364 0.2084423076923077 0.019218750000000003 0.02488461538461538
0 0.6041619318181818 0.19063461538461537 0.022556818181818174 0.02657692307692309
0 0.624424715909091 0.17309615384615382 0.02214488636363633 0.0311153846153846
0 0.6181676136363636 0.1533076923076923 0.017130681818181823 0.023192307692307696
0 0.6384232954545455 0.1510384615384615 0.0208806818181818 0.02657692307692309
0 0.6390553977272727 0.18751923076923074 0.01796875000000001 0.029423076923076916
0 0.6547230113636364 0.18355769230769228 0.020894886363636376 0.028269230769230776
0 0.6540909090909091 0.15697115384615384 0.019630681818181808 0.02601923076923077
0 0.6804190340909091 0.12190384615384615 0.02214488636363637 0.030538461538461528
0 0.6768607954545454 0.09674038461538462 0.020880681818181843 0.027711538461538454
0 0.24068181818181822 0.38435576923076925 0.02005681818181819 0.02601923076923077
0 0.6852201704545454 0.14905769230769228 0.021718749999999988 0.028269230769230776
0 0.6672514204545454 0.07212500000000001 0.020894886363636376 0.026019230769230777
0 0.6463636363636364 0.05487499999999999 0.01670454545454544 0.02998076923076923
0 0.6630752840909091 0.051480769230769226 0.017542613636363627 0.02319230769230769
0 0.6540909090909091 0.028855769230769233 0.022982954545454556 0.02659615384615385
0 0.38273437499999996 0.07269230769230768 0.02171874999999995 0.02942307692307693
0 0.3733309659090909 0.05402884615384615 0.016292613636363674 0.02490384615384615
0 0.3570383522727273 0.060250000000000005 0.017968750000000047 0.030538461538461542
0 0.3390696022727272 0.061384615384615385 0.018792613636363663 0.028269230769230776
0 0.20182528409090916 0.061384615384615385 0.022571022727272707 0.035076923076923075
0 0.2914417613636364 0.5724423076923076 0.024644886363636397 0.034499999999999996
0 0.2335795454545455 0.043278846153846154 0.021732954545454642 0.03394230769230769
0 0.2170738636363635 0.050346153846153846 0.017130681818181902 0.03111538461538462
0 0.21978693181818187 0.09617307692307692 0.022556818181818174 0.028846153846153848
0 0.22354403409090906 0.06958653846153846 0.029247159090908973 0.025442307692307688
0 0.26136363636363635 0.17225 0.022982954545454556 0.030538461538461556
0 0.25885653409090914 0.14396153846153847 0.02214488636363625 0.029423076923076944
0 0.21059659090909089 0.13463461538461538 0.02005681818181819 0.027730769230769232
0 0.20454545454545459 0.1103076923076923 0.03551136363636364 0.028846153846153848
0 0.1527343750000001 0.12161538461538461 0.024644886363636397 0.028846153846153834
0 0.13142755681818175 0.10720192307692308 0.028821022727272674 0.029403846153846152
0 0.6490767045454545 0.2426730769230769 0.02380681818181821 0.032230769230769216
0 0.24548295454545443 0.6205192307692307 0.02465909090909093 0.026576923076923064
0 0.16631392045454552 0.14339423076923077 0.027571022727272684 0.0339423076923077
0 0.40403409090909104 0.03649038461538462 0.024232954545454547 0.03732692307692308
0 0.10823153409090902 0.04186538461538462 0.02339488636363624 0.03338461538461538
0 0.059978693181818254 0.07551923076923076 0.02632102272727269 0.03507692307692308
0 0.07731534090909098 0.061663461538461535 0.02423295454545463 0.02998076923076923
0 0.1002982954545455 0.07722115384615384 0.025909090909090923 0.03732692307692308
0 0.07689630681818183 0.035653846153846154 0.01921874999999996 0.023192307692307693
0 0.09193892045454533 0.030846153846153846 0.01754261363636367 0.027153846153846157
0 0.09862926136363626 0.012307692307692308 0.020894886363636254 0.024615384615384615
0 0.11450284090909091 0.008913461538461539 0.02088068181818188 0.017826923076923077
0 0.25258522727272714 0.595346153846154 0.022982954545454473 0.029423076923076944
0 0.03407670454545453 0.01160576923076923 0.027159090909090914 0.022634615384615385
0 0.007741477272727337 0.02008653846153846 0.015482954545454513 0.03394230769230769
0 0.05433948863636362 0.034519230769230774 0.023394886363636402 0.0345
0 0.03512073863636367 0.04017307692307692 0.02171874999999995 0.027730769230769232
0 0.017784090909090833 0.05318269230769231 0.019630681818181728 0.02771153846153846
0 0.03345170454545443 0.0693076923076923 0.021732954545454642 0.030538461538461528
0 0.009431818181818152 0.07354807692307694 0.018806818181818195 0.033365384615384616
0 0.16107244318181813 0.8715769230769231 0.023678977272727376 0.03207692307692309
0 0.08727272727272739 0.920826923076923 0.019034090909090876 0.029769230769230805
0 0.16742187500000005 0.7848365384615384 0.021150568181818163 0.02805769230769237
0 0.36350852272727263 0.623625 0.024232954545454547 0.036211538461538434
0 0.12279829545454557 0.793423076923077 0.019886363636363636 0.024615384615384636
0 0.09784090909090903 0.8197596153846154 0.01903409090909104 0.025750000000000082
0 0.1090553977272729 0.804298076923077 0.021150568181818163 0.02348076923076919
0 0.13865767045454547 0.780826923076923 0.020298295454545402 0.029192307692307705
0 0.18814630681818167 0.9700673076923076 0.01944602272727264 0.02405769230769229
0 0.17333806818181818 0.9520288461538462 0.018607954545454577 0.02690384615384617
0 0.16848011363636362 0.9268365384615386 0.021562500000000092 0.02463461538461539
0 0.017911931818181848 0.7819711538461539 0.02241477272727269 0.02463461538461528
0 0.14860085227272724 0.8990673076923077 0.01734375000000005 0.02748076923076927
0 0.11666193181818185 0.8667115384615385 0.018607954545454417 0.026923076923076925
0 0.3599573863636364 0.6626538461538461 0.02130681818181818 0.027153846153846164
0 0.12872159090909097 0.8475288461538462 0.019886363636363636 0.02748076923076927
0 0.15282670454545455 0.8025769230769232 0.01818181818181812 0.024615384615384636
0 0.0948863636363636 0.8959134615384615 0.02241477272727285 0.02805769230769237
0 0.1060937500000001 0.918826923076923 0.020312500000000098 0.030346153846153905
0 0.11730113636363637 0.8907596153846155 0.02241477272727269 0.02463461538461539
0 0.1452201704545455 0.8260576923076922 0.024105113636363674 0.024615384615384636
0 0.16911221590909098 0.8123173076923076 0.020298295454545565 0.029211538461538455
0 0.22303267045454545 0.7814038461538462 0.01734375000000005 0.025769230769230725
0 0.18920454545454557 0.7845480769230769 0.019034090909090876 0.0229038461538462
0 0.2355113636363636 0.8034423076923076 0.018607954545454577 0.02750000000000002
0 0.35056107954545446 0.6417211538461538 0.027571022727272763 0.029403846153846083
0 0.16720880681818173 0.8967788461538463 0.02157670454545446 0.032057692307692336
0 0.0917116477272728 0.8715865384615386 0.02200284090909076 0.0229038461538462
0 0.13506392045454552 0.9594711538461539 0.024105113636363674 0.02805769230769237
0 0.19089488636363638 0.9397211538461538 0.02241477272727269 0.03436538461538451
0 0.2037926136363637 0.9205384615384615 0.019460227272727337 0.022346153846153856
0 0.15050426136363626 0.9334230769230769 0.021150568181818163 0.029769230769230805
0 0.2799218749999999 0.9904711538461538 0.020298295454545482 0.019057692307692355
0 0.22747869318181813 0.9586250000000001 0.016917613636363592 0.0229038461538462
0 0.2183877840909091 0.9809423076923077 0.019872159090909104 0.025192307692307625
0 0.19892755681818197 0.98725 0.01734374999999989 0.025192307692307625
0 0.3399076704545455 0.6663365384615385 0.021321022727272713 0.029980769230769293
0 0.21056107954545455 0.9013557692307692 0.022826704545454456 0.02863461538461536
0 0.104609375 0.878451923076923 0.01734375000000005 0.02748076923076927
0 0.09911221590909103 0.8443846153846154 0.02748579545454549 0.03149999999999999
0 0.990390625 0.869326923076923 0.01921875 0.03419230769230764
0 0.9689985795454545 0.8893173076923077 0.020127840909090908 0.02667307692307693
0 0.954659090909091 0.8991826923076924 0.020539772727272722 0.028980769230769216
0 0.9390269886363637 0.913375 0.02098011363636364 0.030711538461538405
0 0.9105610795454545 0.9081634615384615 0.02311079545454545 0.02609615384615383
0 0.9135582386363637 0.9301923076923077 0.020553977272727283 0.023769230769230796
0 0.9257599431818182 0.9440961538461538 0.023536931818181818 0.03303846153846155
0 0.3656036931818182 0.6982884615384616 0.022571022727272707 0.029423076923076944
0 0.9552982954545455 0.9919038461538461 0.02269886363636364 0.016192307692307725
0 0.8426988636363637 0.8826538461538462 0.020113636363636358 0.02607692307692308
0 0.8227911931818181 0.8733749999999999 0.02311079545454543 0.028403846153846227
0 0.8386363636363636 0.8632403846153845 0.01883522727272728 0.02086538461538466
0 0.8420525568181818 0.8377307692307693 0.02055397727272729 0.03130769230769226
0 0.8260014204545454 0.8070096153846154 0.018423295454545432 0.02667307692307693
0 0.804375 0.815125 0.023125000000000003 0.030134615384615416
0 0.8007386363636364 0.9681538461538461 0.0175568181818182 0.027807692307692377
0 0.7866122159090909 0.9646730769230769 0.014133522727272712 0.024346153846153785
0 0.7707670454545454 0.9632307692307692 0.0175568181818182 0.024923076923076992
0 0.2874786931818182 0.7110192307692308 0.025071022727272695 0.032230769230769216
0 0.7776207386363636 0.9823557692307692 0.02098011363636365 0.019134615384615253
0 0.7938920454545454 0.9945096153846154 0.02269886363636362 0.0109807692307693
0 0.8185085227272727 0.9612019230769231 0.01883522727272728 0.02667307692307693
0 0.8197940340909091 0.9936442307692307 0.018849431818181814 0.012711538461538488
0 0.8349928977272727 0.9893173076923077 0.02183238636363635 0.02028846153846156
0 0.8538281249999999 0.9771442307692307 0.01927556818181817 0.02840384615384612
0 0.8371306818181818 0.9658365384615385 0.02355113636363636 0.02667307692307693
0 0.8279332386363636 0.9385961538461538 0.020553977272727272 0.03361538461538465
0 0.8703125 0.9235192307692308 0.01798295454545454 0.02665384615384618
0 0.8219389204545455 0.8994711538461538 0.02140624999999999 0.02725000000000003
0 0.30920454545454534 0.7163942307692307 0.018380681818181813 0.031673076923076866
0 0.8572585227272727 0.8632403846153845 0.02440340909090908 0.02667307692307693
0 0.8619673295454545 0.889028846153846 0.01927556818181817 0.02609615384615383
0 0.9471661931818182 0.8658461538461538 0.021832386363636366 0.029576923076923067
0 0.9435298295454545 0.8380288461538461 0.02140625 0.02725000000000003
0 0.9677201704545455 0.8064326923076923 0.019275568181818185 0.028980769230769216
0 0.9484517045454546 0.8160000000000001 0.020113636363636358 0.02607692307692308
0 0.9191193181818182 0.8197596153846154 0.023977272727272722 0.030134615384615416
0 0.7872585227272727 0.6670192307692309 0.023977272727272722 0.03303846153846155
0 0.7429403409090909 0.6531153846153847 0.020965909090909077 0.028384615384615366
0 0.7018394886363637 0.6890576923076923 0.01927556818181817 0.03188461538461546
0 0.3186008522727273 0.6985673076923077 0.024644886363636397 0.032249999999999966
0 0.7512855113636363 0.7162884615384616 0.019701704545454553 0.03303846153846155
0 0.7932457386363636 0.7215096153846154 0.02140624999999999 0.02840384615384612
0 0.7956036931818182 0.6928173076923076 0.02012784090909089 0.028980769230769216
0 0.8071590909090909 0.6760192307692308 0.02355113636363638 0.03246153846153856
0 0.905205965909091 0.6997788461538461 0.02183238636363637 0.02782692307692313
0 0.987840909090909 0.6479038461538461 0.019261363636363635 0.024923076923076885
0 0.9664346590909091 0.6710865384615385 0.020113636363636365 0.028403846153846227
0 0.9921022727272727 0.6916634615384615 0.015795454545454543 0.02086538461538455
0 0.9882670454545455 0.6734038461538461 0.019261363636363635 0.024923076923076885
0 0.9812002840909091 0.9930865384615384 0.026548295454545453 0.01274999999999999
0 0.6070880681818182 0.2330576923076923 0.022556818181818174 0.031115384615384628
0 0.21540482954545448 0.6799038461538461 0.018792613636363663 0.032230769230769216
0 0.9219034090909091 0.9898750000000001 0.02269886363636363 0.02024999999999995
0 0.9253338068181818 0.9727884615384615 0.02268465909090909 0.0220384615384615
0 0.8142258522727273 0.835125 0.01626420454545453 0.029557692307692316
0 0.8108025568181818 0.9348173076923078 0.01455965909090909 0.02840384615384612
0 0.8157244318181818 0.915701923076923 0.02184659090909088 0.02028846153846156
0 0.7116832386363636 0.6725288461538462 0.02098011363636365 0.02782692307692302
0 0.6742258522727274 0.6623942307692308 0.02225852272727275 0.02724999999999992
0 0.6810724431818183 0.6476057692307692 0.02311079545454547 0.030134615384615305
0 0.6900639204545455 0.6177596153846154 0.02569602272727273 0.02840384615384612
0 0.7211079545454546 0.6163076923076923 0.01670454545454544 0.023192307692307696
0 0.19681107954545463 0.6895192307692308 0.02171875000000011 0.032230769230769216
0 0.710830965909091 0.6009423076923077 0.02183238636363637 0.023769230769230796
0 0.8054545454545454 0.8571442307692309 0.01755681818181816 0.021442307692307757
0 0.7998863636363637 0.8780192307692307 0.02355113636363634 0.030730769230769266
0 0.7759090909090909 0.820346153846154 0.01840909090909092 0.024346153846153896
0 0.7992400568181818 0.8423653846153846 0.01626420454545453 0.024346153846153896
0 0.7872585227272728 0.8301923076923077 0.0188352272727273 0.024346153846153785
0 0.760703125 0.7455673076923078 0.02140624999999999 0.03594230769230769
0 0.8407457386363636 0.6927980769230769 0.022116477272727284 0.028750000000000088
0 0.7586150568181818 0.7881442307692308 0.022542613636363642 0.02348076923076919
0 0.8472443181818181 0.8045769230769231 0.023835227272727275 0.03169230769230773
0 0.17675426136363626 0.6940480769230769 0.020894886363636254 0.026596153846153815
0 0.7976207386363636 0.7523461538461539 0.019928977272727275 0.03169230769230762
0 0.8127911931818181 0.7623269230769231 0.019928977272727275 0.027000000000000038
0 0.8895028409090909 0.8594423076923077 0.015596590909090914 0.02288461538461545
0 0.8996946022727272 0.8474134615384615 0.01603693181818183 0.021134615384615293
0 0.8990411931818182 0.8242403846153846 0.019076704545454556 0.02405769230769229
0 0.8858167613636364 0.8151346153846154 0.019502840909090914 0.02111538461538465
0 0.18127130681818182 0.9896346153846154 0.017542613636363506 0.020730769230769178
0 0.1413352272727273 0.9133461538461538 0.01579545454545439 0.023769230769230796
0 0.1248934659090909 0.9145288461538462 0.02413352272727274 0.03444230769230763
0 0.11835937500000004 0.9420096153846155 0.022002840909090923 0.026326923076923074
0 0.16004261363636374 0.7115865384615384 0.02005681818181819 0.02771153846153851
0 0.2451065340909092 0.93175 0.021491477272727266 0.022576923076923095
0 0.17884943181818191 0.8361249999999999 0.01974431818181815 0.02971153846153844
0 0.19158380681818177 0.7642500000000001 0.01535511363636356 0.018999999999999993
0 0.2758167613636363 0.8203750000000001 0.01711647727272729 0.023173076923076946
0 0.26924005681818197 0.7995865384615384 0.017997159090909032 0.024365384615384646
0 0.2867897727272727 0.8812692307692308 0.011846590909090874 0.018999999999999993
0 0.24861505681818175 0.9124519230769231 0.01535511363636356 0.01721153846153844
0 0.183018465909091 0.9166153846153846 0.020184659090909142 0.025538461538461486
0 0.18433948863636362 0.8099807692307692 0.011406249999999962 0.023769230769230796
0 0.3363636363636364 0.8533461538461539 0.01974431818181815 0.024961538461538497
0 0.14144886363636366 0.7135576923076923 0.02130681818181818 0.027153846153846164
0 0.3512855113636364 0.8682019230769231 0.026775568181818213 0.026134615384615336
0 0.35370028409090903 0.8001826923076923 0.019303977272727316 0.027903846153846244
0 0.3451420454545455 0.7882980769230769 0.020624999999999973 0.020788461538461544
0 0.009928977272727235 0.805826923076923 0.01974431818181831 0.033269230769230794
0 0.024417613636363744 0.7995865384615384 0.012727272727272617 0.020788461538461544
0 0.11041193181818187 0.7770192307692307 0.01974431818181815 0.025538461538461486
0 0.1009801136363635 0.63 0.021931818181818098 0.03207692307692309
0 0.17007812499999986 0.6531634615384615 0.021491477272727266 0.026134615384615336
0 0.1766619318181818 0.629403846153846 0.020624999999999973 0.028499999999999987
0 0.16240056818181803 0.6795961538461538 0.014034090909090902 0.029115384615384588
0 0.13685369318181817 0.7384519230769231 0.022144886363636408 0.030557692307692282
0 0.16130681818181813 0.8346346153846154 0.014488636363636266 0.019615384615384594
0 0.15318892045454546 0.8471057692307692 0.021065340909090968 0.023173076923076835
0 0.14222301136363635 0.861375 0.021065340909090804 0.03148076923076924
0 0.0031036931818181346 0.755923076923077 0.00620738636363637 0.03207692307692309
0 0.013444602272727368 0.7485 0.02061079545454544 0.026730769230769297
0 0.028146306818181865 0.622875 0.020184659090908982 0.026134615384615336
0 0.1191832386363636 0.6237692307692307 0.016235795454545385 0.026730769230769186
0 0.12861505681818175 0.6136730769230769 0.018423295454545494 0.025538461538461486
0 0.13344460227272714 0.41586538461538464 0.01842329545454533 0.026730769230769186
0 0.14946022727272734 0.41824038461538465 0.0179829545454545 0.027903846153846192
0 0.15712357954545453 0.7441057692307692 0.020894886363636414 0.03167307692307698
0 0.14002840909090897 0.39448076923076925 0.0175568181818182 0.02315384615384614
0 0.1527485795454545 0.39922115384615386 0.013167613636363611 0.020788461538461544
0 0.2056178977272729 0.3710096153846154 0.021491477272727266 0.027326923076923092
0 0.21724431818181822 0.38526923076923075 0.014914772727272728 0.022576923076923095
0 0.22602272727272732 0.40338461538461534 0.016676136363636376 0.029115384615384644
0 0.20693892045454543 0.4042788461538461 0.022372159090909092 0.03090384615384614
0 0.19837357954545454 0.4669423076923077 0.019303977272727316 0.02434615384615384
0 0.1775426136363637 0.4767403846153846 0.0215056818181818 0.027326923076923037
0 0.2699005681818182 0.4856634615384615 0.016676136363636376 0.026134615384615336
0 0.24028409090909086 0.4137788461538462 0.018863636363636326 0.02374999999999999
0 0.21519886363636365 0.7296826923076923 0.018380681818181897 0.031096153846153766
0 0.29950994318181823 0.4642788461538462 0.016235795454545465 0.028519230769230793
0 0.16459517045454541 0.43427884615384615 0.017542613636363506 0.02436538461538459
0 0.2411576704545454 0.5245673076923076 0.02061079545454544 0.027903846153846137
0 0.25739346590909085 0.5385288461538461 0.018877840909091018 0.027326923076923037
0 0.25563920454545463 0.5619903846153846 0.018863636363636326 0.024365384615384646
0 0.21724431818181822 0.5296153846153846 0.018437499999999864 0.033269230769230794
0 0.20407670454545468 0.5379326923076924 0.015795454545454553 0.02971153846153844
0 0.21724431818181822 0.5640673076923077 0.024573863636363734 0.035634615384615334
0 0.03669744318181822 0.5979326923076922 0.02589488636363639 0.027326923076923037
0 0.005980113636363638 0.5438653846153845 0.011846590909090954 0.029692307692307688
0 0.20120028409090907 0.7364711538461539 0.018792613636363663 0.029980769230769182
0 0.004886363636363744 0.5168461538461538 0.008778409090909019 0.023153846153846084
0 0.007301136363636385 0.4714038461538461 0.014488636363636427 0.020192307692307693
0 0.011221590909090917 0.45476923076923076 0.022443181818181755 0.018999999999999993
0 0.0625852272727272 0.6204999999999999 0.01974431818181815 0.022576923076922984
0 0.04503551136363626 0.6231730769230769 0.014474431818181734 0.02315384615384619
0 0.056441761363636433 0.607423076923077 0.02413352272727274 0.022576923076923095
0 0.2468678977272728 0.3389326923076923 0.01535511363636372 0.02494230769230769
0 0.3212286931818181 0.6498942307692308 0.021065340909090888 0.03148076923076924
0 0.3078480113636364 0.11321153846153846 0.018877840909090938 0.023769230769230768
0 0.29995028409090907 0.04015384615384616 0.023252840909090914 0.03326923076923077
0 0.1809303977272727 0.7384519230769231 0.023394886363636402 0.03167307692307698
0 0.28919744318181817 0.017875000000000002 0.019303977272727237 0.030288461538461542
0 0.42171164772727276 0.010576923076923078 0.019303977272727316 0.021153846153846155
0 0.38265625000000003 0.004932692307692307 0.01931818181818185 0.009865384615384614
0 0.925859375 0.2977403846153846 0.02268465909090909 0.03840384615384615
0 0.7068110795454545 0.1524519230769231 0.025383522727272734 0.026634615384615402
0 0.6769886363636364 0.17800961538461538 0.022840909090909068 0.05024999999999999
0 0.69015625 0.20227884615384617 0.015539772727272723 0.019749999999999993
0 0.7030042613636364 0.2104326923076923 0.02600852272727273 0.0300576923076923
0 0.9976136363636363 0.6583076923076923 0.004772727272727272 0.017807692307692292
0 0.951796875 0.9380865384615384 0.021065340909090912 0.02851923076923085
0 0.6298579545454546 0.20816346153846155 0.02380681818181817 0.032249999999999994
0 0.06729403409090906 0.6674615384615386 0.027571022727272843 0.031115384615384628
0 0.9603480113636363 0.9731346153846154 0.018877840909090914 0.023769230769230796
0 0.9956392045454545 0.9758076923076923 0.008721590909090908 0.025538461538461486
0 0.0033593750000000533 0.8965096153846154 0.006718750000000026 0.027326923076923148
0 0.28400568181818187 0.6496923076923078 0.021051136363636435 0.038615384615384586
0 0.6685724431818182 0.9395769230769232 0.01711647727272725 0.017230769230769192
0 0.604296875 0.9018557692307693 0.021065340909090888 0.027326923076923037
0 0.613515625 0.9146153846153846 0.021065340909090888 0.025538461538461597
0 0.6211931818181817 0.9232307692307692 0.017102272727272674 0.022576923076923095
0 0.30397017045454544 0.6571153846153845 0.02061079545454544 0.04276923076923079
0 0.20063920454545459 0.9559038461538462 0.01579545454545439 0.020192307692307693
0 0.09424005681818182 0.6734038461538461 0.025497159090909157 0.036192307692307676
0 0.210078125 0.9624423076923078 0.021491477272727266 0.029692307692307688
0 0.15523437499999992 0.9547115384615386 0.022372159090909092 0.033269230769230794
0 0.16313210227272734 0.9731346153846154 0.030269886363636287 0.028500000000000095
0 0.16488636363636355 0.9895384615384615 0.0179829545454545 0.020923076923076916
0 0.2271875000000001 0.9900673076923078 0.014488636363636266 0.019596153846153732
0 0.21183238636363633 0.9960673076923076 0.016221590909091012 0.007865384615384677
0 0.2331107954545455 0.9107596153846155 0.014914772727272728 0.027326923076923037
0 0.22257812499999996 0.9092788461538462 0.011406250000000123 0.020788461538461544
0 0.12101562499999996 0.7711730769230769 0.008338068181818188 0.013076923076923099
0 0.10170454545454544 0.7616634615384615 0.01096590909090913 0.019019230769230743
0 0.06561789772727267 0.6391826923076923 0.02339488636363624 0.025442307692307726
0 0.11552556818181803 0.7480096153846154 0.02369318181818175 0.03563461538461544
0 0.17892755681818173 0.6719615384615385 0.023252840909090914 0.021384615384615394
0 0.8756676136363637 0.8638365384615384 0.017102272727272716 0.026134615384615447
0 0.7942826704545455 0.8962115384615384 0.020184659090909104 0.0291153846153847
0 0.7815624999999999 0.8537403846153846 0.02369318181818183 0.027326923076923148
0 0.8271875 0.8391826923076923 0.01053977272727273 0.023173076923076835
0 0.6532173295454546 0.966 0.015355113636363639 0.022576923076923095
0 0.6429119318181818 0.954721153846154 0.014914772727272728 0.028519230769230738
0 0.6676988636363637 0.9582884615384616 0.016221590909090932 0.021384615384615394
0 0.6554119318181819 0.9434326923076923 0.01798295454545454 0.028519230769230738
0 0.037002840909090895 0.6892403846153846 0.02465909090909093 0.027134615384615302
0 0.686122159090909 0.9695673076923076 0.020624999999999973 0.038019230769230625
0 0.7093110795454546 0.6334903846153846 0.016093750000000018 0.04401923076923074
0 0.7620951704545454 0.8065961538461538 0.02012784090909089 0.02053846153846155
0 0.7497088068181819 0.8105769230769231 0.011463068181818213 0.020961538461538417
0 0.6738636363636363 0.7110288461538462 0.023210227272727278 0.026403846153846187
0 0.6627201704545455 0.7213076923076923 0.019502840909090893 0.02430769230769228
0 0.6017329545454546 0.5207499999999999 0.026931818181818234 0.03226923076923083
0 0.6168963068181817 0.5251442307692309 0.023849431818181846 0.0318653846153846
0 0.4834588068181819 0.44884615384615384 0.01927556818181817 0.021538461538461517
0 0.548125 0.5234615384615384 0.019034090909090876 0.020615384615384667
0 0.04619318181818177 0.7067692307692307 0.020482954545454648 0.027153846153846164
0 0.29816761363636357 0.15241346153846153 0.015653409090909145 0.021750000000000005
0 0.14357954545454554 0.1707403846153846 0.015227272727272766 0.027480769230769243
0 0.12813920454545458 0.17044230769230767 0.023267045454545447 0.03149999999999999
0 0.3355965909090909 0.1338076923076923 0.018607954545454577 0.025769230769230766
0 0.35061079545454554 0.10460576923076922 0.0181818181818182 0.0280576923076923
0 0.3100071022727273 0.010413461538461538 0.016491477272727293 0.018326923076923074
0 0.36372159090909095 0.008067307692307693 0.019034090909090876 0.016134615384615386
0 0.2907599431818183 0.08141346153846155 0.019446022727272725 0.022903846153846146
0 0.2801917613636363 0.09801923076923076 0.023678977272727296 0.036653846153846155
0 0.2220383522727274 0.006346153846153846 0.020724431818181864 0.012692307692307692
0 0.057478693181818086 0.721201923076923 0.020468749999999956 0.02771153846153851
0 0.12391335227272726 0.1458269230769231 0.0207244318181817 0.023461538461538468
0 0.6800781250000001 0.020721153846153844 0.010582386363636348 0.018326923076923074
0 0.7086292613636364 0.1713076923076923 0.01353693181818178 0.016038461538461547
0 0.7894105113636364 0.0077788461538461535 0.019446022727272725 0.015557692307692307
0 0.7680539772727273 0.010644230769230769 0.019034090909090917 0.021288461538461537
0 0.7798934659090909 0.020423076923076926 0.024105113636363636 0.029192307692307694
0 0.7720667613636364 0.03559615384615384 0.020298295454545482 0.025192307692307687
0 0.48912642045454546 0.42325 0.020298295454545482 0.03549999999999996
0 0.7417400568181818 0.5079423076923076 0.01717329545454546 0.021653846153846135
0 0.7189488636363637 0.1295673076923077 0.01659090909090906 0.03125
0 0.0754403409090908 0.7245961538461538 0.017954545454545435 0.028846153846153848
0 0.7014772727272727 0.13397115384615382 0.01835227272727275 0.01925000000000001
0 0.7220525568181818 0.16209615384615383 0.01990056818181821 0.028269230769230776
0 0.7121022727272728 0.1041826923076923 0.01889204545454547 0.02963461538461539
0 0.7896946022727273 0.12775 0.01990056818181817 0.02692307692307694
0 0.7623366477272727 0.14929807692307692 0.02188920454545454 0.029634615384615377
0 0.7822372159090909 0.14761538461538462 0.01691761363636363 0.022230769230769235
0 0.7964133522727272 0.14391346153846155 0.011434659090909067 0.021557692307692295
0 0.8103338068181818 0.14290384615384616 0.016406250000000015 0.024923076923076937
0 0.8292400568181818 0.1095673076923077 0.016406249999999997 0.024249999999999997
0 0.527578125 0.32134615384615384 0.024872159090909077 0.03030769230769229
0 0.09026988636363631 0.7112980769230769 0.021732954545454642 0.035057692307692345
0 0.772784090909091 0.16613461538461538 0.02187500000000001 0.020192307692307693
0 0.9085724431818182 0.07286538461538461 0.02188920454545454 0.0356923076923077
0 0.9496022727272727 0.08768269230769231 0.020397727272727265 0.022211538461538456
0 0.7509019886363636 0.19239423076923076 0.020894886363636376 0.025596153846153852
0 0.7379687500000001 0.1957596153846154 0.017897727272727305 0.021557692307692323
0 0.7499076704545455 0.2129326923076923 0.01492897727272726 0.020865384615384633
0 0.7837286931818181 0.23515384615384616 0.02188920454545454 0.020884615384615383
0 0.78 0.2546826923076923 0.020397727272727293 0.020865384615384633
0 0.8730042613636364 0.2287596153846154 0.01740056818181818 0.026942307692307675
0 0.8677840909090909 0.2536730769230769 0.017897727272727263 0.022884615384615423
0 0.0762784090909091 0.7896442307692307 0.022982954545454473 0.029980769230769293
0 0.7657812500000001 0.23582692307692307 0.016818181818181822 0.02626923076923079
0 0.8215269886363636 0.19172115384615385 0.022883522727272707 0.026942307692307703
0 0.8210298295454546 0.2179903846153846 0.022883522727272745 0.025596153846153852
0 0.936171875 0.18128846153846156 0.01740056818181818 0.027615384615384615
0 0.8884232954545455 0.13280769230769232 0.020397727272727272 0.0276153846153846
0 0.7397088068181819 0.1573846153846154 0.01541193181818181 0.021538461538461545
0 0.7394602272727273 0.17589423076923077 0.017897727272727263 0.018173076923076927
0 0.8038707386363637 0.20283653846153846 0.022372159090909092 0.03028846153846154
0 0.6966832386363637 0.11158653846153846 0.015923295454545426 0.028288461538461526
0 0.8396803977272727 0.08196153846153847 0.019389204545454532 0.028269230769230762
0 0.08358664772727276 0.7653173076923078 0.022571022727272707 0.02544230769230762
0 0.8550994318181818 0.04930769230769231 0.013437499999999991 0.02357692307692307
0 0.8690269886363636 0.05300961538461538 0.02038352272727272 0.024249999999999994
0 0.88046875 0.060413461538461534 0.016420454545454547 0.026942307692307696
0 0.7945667613636364 0.544423076923077 0.01637784090909087 0.02453846153846152
0 0.47666193181818184 0.414951923076923 0.01812499999999999 0.02374999999999999
0 0.6038778409090909 0.16035576923076922 0.01872159090909092 0.034057692307692296
0 0.7577201704545454 0.04750961538461538 0.01637784090909091 0.022173076923076917
0 0.751278409090909 0.08315384615384616 0.021051136363636355 0.026923076923076925
0 0.7322727272727272 0.07523076923076923 0.020482954545454526 0.023769230769230768
0 0.7559588068181818 0.021375000000000005 0.021065340909090926 0.03167307692307693
0 0.5991548295454545 0.3351442307692307 0.020894886363636414 0.03167307692307692
0 0.09465909090909086 0.7452307692307691 0.022982954545454636 0.030538461538461528
0 0.7767258522727273 0.057019230769230766 0.020468749999999994 0.026923076923076925
0 0.7413423295454545 0.05266346153846154 0.01754261363636367 0.024557692307692315
0 0.805390625 0.058596153846153846 0.020468749999999994 0.026923076923076925
0 0.7018536931818182 0.18807692307692306 0.012286931818181827 0.021384615384615394
0 0.717940340909091 0.1916346153846154 0.02221590909090907 0.033269230769230766
0 0.7381178977272727 0.027721153846153843 0.01813920454545456 0.02217307692307692
0 0.7223295454545455 0.036423076923076926 0.01696022727272727 0.025346153846153848
0 0.7059517045454546 0.04078846153846154 0.01812499999999999 0.030884615384615382
0 0.6933735795454545 0.030490384615384617 0.01637784090909091 0.02613461538461538
0 0.6392684659090909 0.010692307692307694 0.025156250000000012 0.019807692307692307
0 0.13246448863636362 0.7624903846153847 0.01921874999999996 0.02205769230769236
0 0.4944247159090909 0.011076923076923076 0.021150568181818163 0.022153846153846152
0 0.5120525568181818 0.0066442307692307695 0.02214488636363633 0.013288461538461539
0 0.6879900568181818 0.2676153846153846 0.020894886363636334 0.02488461538461538
0 0.993359375 0.2319807692307692 0.01328125 0.027153846153846164
0 0.9944034090909091 0.20709615384615385 0.011193181818181817 0.030538461538461528
0 0.9806676136363637 0.20398076923076922 0.01713068181818182 0.01865384615384616
0 0.9923153409090909 0.18163461538461537 0.015369318181818182 0.022615384615384624
0 0.9896448863636363 0.161 0.01502840909090909 0.023192307692307696
0 0.898359375 0.047009615384615386 0.020468750000000015 0.02828846153846154
0 0.917578125 0.04814423076923077 0.017968749999999988 0.02601923076923077
0 0.42806818181818185 0.8691153846153847 0.022982954545454556 0.032807692307692315
0 0.9259303977272727 0.06850961538461539 0.01711647727272728 0.02490384615384616
0 0.8538565340909091 0.016182692307692308 0.020894886363636355 0.02771153846153846
0 0.9781534090909091 0.22292307692307692 0.019630681818181814 0.027153846153846164
0 0.9714701704545454 0.3841346153846154 0.014616477272727274 0.022615384615384596
0 0.8766264204545454 0.31540384615384615 0.02214488636363637 0.034499999999999996
0 0.6102272727272728 0.3710769230769231 0.02130681818181818 0.028846153846153848
0 0.5502698863636364 0.3781346153846154 0.022556818181818174 0.030538461538461528
0 0.5490127840909091 0.29809615384615384 0.025071022727272695 0.02546153846153848
0 0.5212357954545455 0.28706730769230765 0.02130681818181818 0.029403846153846138
0 0.47088778409090903 0.257375 0.022571022727272707 0.032249999999999994
0 0.3054332386363636 0.879576923076923 0.023394886363636323 0.03338461538461541
0 0.528125 0.4680769230769231 0.021732954545454562 0.030538461538461528
0 0.5719957386363637 0.4593076923076923 0.020894886363636414 0.029961538461538432
0 0.5527769886363636 0.45648076923076925 0.01921875000000004 0.034499999999999996
0 0.45229403409090907 0.584875 0.02382102272727278 0.035634615384615334
0 0.47276988636363637 0.5916730769230768 0.02130681818181818 0.031115384615384628
0 0.49762784090909096 0.31902884615384614 0.021732954545454562 0.029980769230769238
0 0.4729758522727273 0.4785384615384615 0.023394886363636323 0.02773076923076926
0 0.4884303977272727 0.4669423076923077 0.01921875000000004 0.023769230769230796
0 0.48133522727272726 0.5048365384615384 0.01670454545454544 0.026019230769230718
0 0.4965838068181818 0.5102115384615384 0.022968750000000024 0.032230769230769216
0 0.3259161931818182 0.8724999999999999 0.023394886363636402 0.035076923076923096
0 0.5087002840909092 0.48844230769230773 0.020468749999999956 0.02942307692307689
0 0.49365767045454545 0.48617307692307693 0.013792613636363608 0.030538461538461528
0 0.4957528409090909 0.5715865384615385 0.02130681818181818 0.035057692307692234
0 0.5137144886363636 0.5653653846153847 0.01964488636363634 0.03169230769230773
0 0.5323082386363636 0.5653653846153847 0.020894886363636414 0.032807692307692315
0 0.5375213068181818 0.5331250000000001 0.016292613636363595 0.027134615384615302
0 0.508487215909091 0.4202788461538462 0.01921875000000004 0.029980769230769238
0 0.5147585227272726 0.6340865384615385 0.021732954545454562 0.03563461538461544
0 0.5272869318181819 0.6428557692307691 0.02005681818181819 0.03055769230769239
0 0.01129261363636369 0.12530769230769231 0.02258522727272724 0.0328076923076923
0 0.20036221590909087 0.5800673076923076 0.021321022727272713 0.029403846153846083
0 0.04285511363636374 0.12133653846153845 0.022982954545454473 0.02828846153846154
0 0.0441051136363636 0.14623076923076922 0.02130681818181818 0.023769230769230768
0 0.12975142045454546 0.2401153846153846 0.024644886363636397 0.03280769230769229
0 0.07836647727272716 0.2737788461538462 0.018806818181818195 0.027711538461538454
0 0.09716619318181818 0.2740576923076923 0.020468749999999956 0.02942307692307689
0 0.06165482954545454 0.2259807692307692 0.018792613636363663 0.030538461538461556
0 0.05413352272727279 0.20476923076923076 0.019630681818181728 0.02657692307692309
0 0.03909801136363644 0.2163653846153846 0.022144886363636408 0.033923076923076924
0 0.053714488636363744 0.16489423076923077 0.02296874999999994 0.03278846153846153
0 0.11011363636363636 0.15867307692307694 0.019630681818181728 0.032807692307692315
0 0.17111505681818173 0.5458557692307693 0.020468749999999956 0.02771153846153851
0 0.11826704545454547 0.12642307692307692 0.021732954545454482 0.0328076923076923
0 0.15941761363636364 0.16489423076923077 0.022130681818181716 0.029403846153846166
0 0.1592116477272728 0.1926153846153846 0.02171874999999995 0.027153846153846164
0 0.13706676136363638 0.2149519230769231 0.017542613636363506 0.024326923076923062
0 0.15399147727272744 0.2180576923076923 0.017130681818181902 0.032807692307692315
0 0.13811079545454552 0.1926153846153846 0.019630681818181728 0.021500000000000012
0 0.12515624999999997 0.26840384615384616 0.02130681818181818 0.029423076923076944
0 0.1378977272727272 0.2814134615384615 0.022556818181818174 0.03621153846153848
0 0.09862926136363626 0.3724807692307692 0.020042613636363657 0.030538461538461528
0 0.11450994318181817 0.37729807692307693 0.01921874999999996 0.027711538461538454
0 0.1711221590909091 0.5150192307692307 0.02130681818181818 0.029423076923076837
0 0.01736505681818168 0.34306730769230764 0.024644886363636397 0.0339423076923077
0 0.02301136363636369 0.3719230769230769 0.02005681818181819 0.02488461538461538
0 0.025305397727272805 0.3953942307692308 0.020468749999999956 0.025442307692307674
0 0.008579545454545423 0.4016153846153846 0.017159090909090968 0.03338461538461541
0 0.007954545454545436 0.3722019230769231 0.015909090909090973 0.03563461538461539
0 0.004609375000000027 0.3306346153846154 0.009218750000000013 0.032807692307692315
0 0.00398437500000004 0.27802884615384615 0.00796875000000002 0.03167307692307692
0 0.004190340909090984 0.1527403846153846 0.008380681818181785 0.03563461538461539
0 0.07481534090909081 0.2472019230769231 0.028409090909090908 0.029980769230769238
0 0.08170454545454542 0.22315384615384615 0.02130681818181818 0.023769230769230768
0 0.11429687499999985 0.44545192307692305 0.02296874999999994 0.03167307692307692
0 0.23065340909090926 0.5085192307692307 0.02005681818181819 0.031115384615384628
0 0.3123295454545455 0.44318269230769225 0.02130681818181818 0.028288461538461554
0 0.08317471590909098 0.20421153846153844 0.02339488636363624 0.026576923076923064
0 0.09403409090909098 0.2372884615384615 0.02005681818181819 0.027153846153846136
0 0.09842329545454542 0.13265384615384615 0.018806818181818195 0.037346153846153834
0 0.2724289772727272 0.14368269230769232 0.018380681818181734 0.03563461538461539
0 0.26678977272727267 0.24436538461538462 0.01963068181818189 0.029961538461538484
0 0.2809943181818182 0.2358846153846154 0.017130681818181902 0.026576923076923064
0 0.28622159090909094 0.16037500000000002 0.018380681818181897 0.028288461538461526
0 0.14604403409090916 0.3046057692307692 0.017968749999999967 0.024903846153846186
0 0.1857386363636363 0.5365192307692308 0.020482954545454648 0.027153846153846164
0 0.14688210227272724 0.3716346153846154 0.019644886363636423 0.02773076923076926
0 0.13811079545454552 0.3498557692307693 0.020482954545454648 0.028288461538461554
0 0.134765625 0.3275192307692308 0.02632102272727269 0.031115384615384628
0 0.1589985795454545 0.39000961538461537 0.020468749999999956 0.02601923076923077
0 0.3328053977272727 0.5110576923076923 0.01964488636363634 0.02488461538461549
0 0.31755681818181813 0.4658076923076923 0.021732954545454482 0.027153846153846164
0 0.2906107954545454 0.49126923076923074 0.02130681818181818 0.02715384615384611
0 0.19242187499999985 0.49126923076923074 0.022144886363636408 0.02715384615384611
0 0.31296164772727275 0.507951923076923 0.023394886363636402 0.031096153846153878
0 0.32214488636363636 0.48617307692307693 0.024232954545454547 0.023769230769230796
0 0.36225852272727266 0.2551057692307692 0.022556818181818258 0.02998076923076921
0 0.19179687499999998 0.5565961538461539 0.020894886363636414 0.02546153846153848
0 0.24423295454545457 0.29216346153846157 0.017130681818181902 0.022634615384615406
0 0.2615696022727273 0.3014903846153846 0.020042613636363657 0.027711538461538454
0 0.32695312500000007 0.156125 0.020468749999999956 0.032249999999999994
0 0.30836647727272726 0.14028846153846156 0.02005681818181819 0.028846153846153848
0 0.2891477272727272 0.13265384615384615 0.018380681818181813 0.024884615384615394
0 0.7643892045454546 0.45620192307692314 0.018806818181818195 0.028288461538461554
0 0.7746306818181818 0.42480769230769233 0.022556818181818174 0.026576923076923064
0 0.7700284090909091 0.4420576923076923 0.02005681818181819 0.015846153846153864
0 0.9678622159090909 0.12841346153846156 0.01964488636363636 0.026596153846153842
0 0.9340198863636364 0.08316346153846155 0.018806818181818185 0.024326923076923076
0 0.1980610795454545 0.5169999999999999 0.020894886363636254 0.028846153846153848
0 0.9356889204545454 0.10634615384615384 0.01796875 0.023192307692307682
0 0.9463494318181819 0.1286923076923077 0.02005681818181818 0.027153846153846164
0 0.9555397727272728 0.10691346153846154 0.022556818181818185 0.0254423076923077
0 0.8306107954545454 0.235875 0.018380681818181813 0.027711538461538482
0 0.8930681818181818 0.25709615384615386 0.02130681818181818 0.027153846153846164
0 0.8045028409090909 0.2514423076923077 0.018806818181818195 0.019230769230769232
0 0.7742116477272727 0.21269230769230768 0.021718749999999988 0.028846153846153848
0 0.8475355113636364 0.2531346153846154 0.01964488636363636 0.02488461538461538
0 0.9181392045454546 0.09474999999999999 0.018806818181818185 0.02715384615384615
0 0.8732315340909091 0.02631730769230769 0.02171875000000001 0.029403846153846152
0 0.21247869318181822 0.49578846153846157 0.02296874999999994 0.028269230769230803
0 0.9404971590909091 0.15415384615384614 0.02173295454545454 0.030538461538461528
0 0.9091619318181818 0.12643269230769233 0.024232954545454547 0.028288461538461526
0 0.9948082386363636 0.29554807692307694 0.010014204545454545 0.03167307692307692
0 0.7324289772727273 0.21693269230769233 0.02005681818181819 0.028288461538461526
0 0.8067968750000001 0.23304807692307694 0.019218750000000003 0.024326923076923086
0 0.7928053977272727 0.22372115384615388 0.01796875000000001 0.022634615384615378
0 0.5425426136363636 0.3238365384615384 0.02380681818181817 0.027134615384615358
0 0.5176846590909092 0.3139423076923077 0.018380681818181813 0.02546153846153848
0 0.7691690340909091 0.269375 0.015809659090909086 0.022634615384615406
0 0.88734375 0.3239230769230769 0.017017045454545462 0.020192307692307693
0 0.03220170454545468 0.853 0.022556818181818174 0.028846153846153848
0 0.4894886363636364 0.9883942307692306 0.02156250000000001 0.022903846153846094
0 0.5603338068181818 0.8950576923076923 0.01862215909090903 0.030923076923077
0 0.6140482954545454 0.9649134615384616 0.022840909090909068 0.029788461538461555
0 0.6036860795454546 0.9445865384615385 0.020724431818181864 0.02805769230769237
0 0.6423863636363636 0.927701923076923 0.02198863636363635 0.028634615384615467
0 0.6273650568181819 0.9471634615384615 0.024105113636363636 0.029788461538461555
0 0.5996661931818181 0.9926826923076922 0.019446022727272725 0.014326923076922946
0 0.627578125 0.9896153846153847 0.03129261363636364 0.02076923076923079
0 0.6468252840909091 0.984951923076923 0.019019886363636385 0.02405769230769218
0 0.59015625 0.9554615384615385 0.01903409090909096 0.025769230769230836
0 0.01214488636363631 0.8428076923076923 0.02423295454545463 0.02546153846153848
0 0.5770454545454546 0.9371442307692309 0.02241477272727269 0.02463461538461539
0 0.571115056818182 0.9594711538461539 0.02157670454545454 0.02690384615384617
0 0.5848579545454546 0.9798076923076923 0.02622159090909096 0.025192307692307625
0 0.7565767045454546 0.9775096153846153 0.02198863636363639 0.029788461538461448
0 0.7020170454545455 0.9861057692307692 0.019460227272727258 0.02748076923076916
0 0.6218678977272727 0.8919038461538461 0.020724431818181784 0.029192307692307705
0 0.3932670454545455 0.853548076923077 0.02198863636363639 0.033788461538461524
0 0.3752982954545454 0.771375 0.023267045454545447 0.026326923076923074
0 0.35436079545454546 0.7696634615384615 0.022840909090909068 0.028634615384615467
0 0.022556818181818206 0.9915384615384614 0.02241477272727269 0.016615384615384587
0 0.02279829545454537 0.8224423076923078 0.02048295454545449 0.028846153846153848
0 0.005887784090909065 0.9932596153846154 0.01177556818181813 0.013173076923076748
0 0.010120738636363646 0.9752211538461538 0.020241477272727272 0.02748076923076916
0 0.02933238636363633 0.9737884615384615 0.021562500000000092 0.025769230769230836
0 0.04434659090909099 0.9577596153846153 0.01775568181818182 0.02805769230769226
0 0.029751420454545374 0.9445865384615385 0.01819602272727281 0.030365384615384544
0 0.2253622159090909 0.9342788461538462 0.022002840909090923 0.02690384615384617
0 0.30339488636363643 0.946875 0.02156250000000001 0.029211538461538566
0 0.32010653409090917 0.9222596153846153 0.020298295454545482 0.02690384615384617
0 0.32433238636363637 0.9371442307692309 0.022840909090909068 0.02463461538461539
0 0.34759943181818187 0.9274038461538462 0.018607954545454497 0.025769230769230725
0 0.32236505681818184 0.8023653846153846 0.020468749999999956 0.029423076923076944
0 0.3450568181818182 0.9024999999999999 0.02113636363636363 0.026346153846153825
0 0.29536221590909095 0.9933365384615386 0.01734375000000005 0.013326923076922981
0 0.2828835227272727 0.9654903846153846 0.020312500000000015 0.02863461538461536
0 0.2583522727272727 0.9514615384615385 0.018607954545454417 0.026923076923076925
0 0.24249289772727256 0.9560384615384615 0.019019886363636343 0.024615384615384636
0 0.2431321022727272 0.9896153846153847 0.020298295454545402 0.02076923076923079
0 0.30339488636363643 0.8180480769230769 0.02156250000000001 0.033788461538461524
0 0.2915482954545454 0.8369423076923077 0.02241477272727269 0.030346153846153905
0 0.3332102272727273 0.8289230769230769 0.022840909090909068 0.025769230769230836
0 0.3374431818181818 0.8077403846153846 0.019460227272727337 0.02348076923076919
0 0.28810369318181817 0.8049134615384615 0.020468749999999956 0.032249999999999966
0 0.009623579545454564 0.615701923076923 0.019247159090909027 0.029403846153846194
0 0.011306818181818223 0.5899711538461538 0.02005681818181819 0.024326923076923142
0 0.3350994318181818 0.2370096153846154 0.021732954545454562 0.032249999999999994
0 0.004815340909090859 0.5814903846153846 0.00963068181818178 0.0277115384615384
0 0.016115056818181817 0.5631057692307693 0.019644886363636423 0.029403846153846083
0 0.015909090909090984 0.4881634615384615 0.02005681818181819 0.029980769230769182
0 0.17049005681818197 0.601 0.01754261363636367 0.023769230769230796
0 0.18637073863636355 0.6134423076923077 0.020894886363636254 0.028269230769230748
0 0.17111505681818173 0.5747019230769231 0.022144886363636408 0.026596153846153815
0 0.18302556818181825 0.5877019230769231 0.018380681818181897 0.024326923076923142
0 0.585362215909091 0.7237403846153847 0.02171875000000003 0.026019230769230826
0 0.6022869318181818 0.7474999999999999 0.02130681818181818 0.027153846153846164
0 0.6179545454545454 0.7342115384615385 0.01670454545454544 0.02546153846153848
0 0.3169247159090909 0.22427884615384616 0.02632102272727269 0.0339423076923077
0 0.718643465909091 0.8363076923076923 0.020894886363636376 0.036192307692307676
0 0.7063139204545454 0.8199038461538461 0.02214488636363637 0.027153846153846164
0 0.7094460227272728 0.7941730769230769 0.024232954545454547 0.028846153846153848
0 0.6597372159090908 0.7508942307692308 0.020894886363636376 0.03055769230769239
0 0.6708025568181819 0.7359038461538462 0.01964488636363634 0.02430769230769228
0 0.6499147727272727 0.686125 0.017954545454545476 0.02771153846153851
0 0.6505468750000001 0.62475 0.019218750000000003 0.027153846153846164
0 0.73953125 0.93275 0.021732954545454562 0.028846153846153848
0 0.7706605113636364 0.9265192307692308 0.023821022727272743 0.028846153846153848
0 0.7930113636363636 0.9367115384615385 0.023409090909090935 0.031115384615384628
0 0.306065340909091 0.20222115384615386 0.02130681818181818 0.02601923076923077
0 0.7846519886363637 0.9109711538461539 0.020894886363636376 0.0282884615384615
0 0.77671875 0.886923076923077 0.01670454545454544 0.031115384615384628
0 0.7629332386363636 0.8665673076923077 0.020894886363636376 0.024326923076923034
0 0.759375 0.891173076923077 0.019630681818181808 0.030538461538461528
0 0.7664772727272727 0.8411153846153846 0.019630681818181808 0.028846153846153848
0 0.759375 0.8213173076923077 0.015454545454545448 0.02205769230769225
0 0.7240696022727273 0.7435384615384615 0.019218750000000003 0.030538461538461528
0 0.7397372159090909 0.735625 0.02214488636363637 0.03394230769230776
0 0.682919034090909 0.688673076923077 0.01964488636363634 0.029423076923076944
0 0.6398863636363636 0.6431346153846154 0.019630681818181808 0.028846153846153848
