0 0.7254403409090908 0.5156153846153846 0.014431818181818178 0.02699999999999993
0 0.05409090909090919 0.3951057692307692 0.02451704545454544 0.02575000000000003
0 0.4441548295454545 0.6031538461538462 0.019616477272727275 0.03242307692307695
0 0.4329474431818181 0.6229807692307692 0.02268465909090905 0.0238076923076923
0 0.4310440340909091 0.6435 0.019872159090909104 0.019999999999999955
0 0.4152414772727273 0.6498846153846154 0.03312499999999999 0.03138461538461548
0 0.3881107954545455 0.6574807692307693 0.02369318181818183 0.03276923076923081
0 0.33511363636363634 0.6850673076923077 0.0267613636363636 0.03344230769230767
0 0.3445454545454546 0.7221538461538461 0.02573863636363637 0.03103846153846151
0 0.35715198863636366 0.7104230769230768 0.022428977272727222 0.029653846153846183
0 0.41040482954545454 0.6798942307692308 0.019360795454545447 0.02863461538461536
0 0.4148579545454546 0.7223269230769231 0.02369318181818175 0.02311538461538458
0 0.00968749999999996 0.3726057692307692 0.01937499999999998 0.027903846153846137
0 0.4074715909090909 0.7024903846153846 0.017585227272727266 0.025519230769230735
0 0.42772727272727273 0.7052403846153846 0.02446022727272731 0.028980769230769216
0 0.4293821022727272 0.6805865384615384 0.020127840909090932 0.025865384615384592
0 0.43779119318181825 0.6721346153846154 0.02268465909090905 0.028961538461538466
0 0.4442826704545454 0.6497115384615385 0.020383522727272677 0.028961538461538466
0 0.4618607954545454 0.64075 0.022926136363636426 0.03103846153846151
0 0.4664559659090909 0.6647211538461538 0.019872159090909104 0.026557692307692313
0 0.48759943181818177 0.6607500000000001 0.023948863636363657 0.02757692307692303
0 0.5002130681818182 0.6528173076923077 0.02318181818181817 0.020019230769230817
0 0.4963920454545455 0.6338461538461538 0.02369318181818183 0.024153846153846158
0 0.011463068181818081 0.4126346153846154 0.0226988636363635 0.03288461538461537
0 0.29677556818181816 0.5667596153846155 0.022926136363636343 0.030019230769230687
0 0.32416193181818187 0.5612403846153846 0.024204545454545482 0.025173076923076874
0 0.32734375000000004 0.5391634615384615 0.02139204545454546 0.023788461538461547
0 0.31626420454545456 0.505875 0.022670454545454518 0.029673076923076882
0 0.3227556818181818 0.5222596153846154 0.01579545454545447 0.024480769230769264
0 0.3384303977272727 0.5227884615384616 0.02166193181818182 0.03173076923076923
0 0.45639204545454537 0.44333653846153853 0.015028409090909068 0.027942307692307693
0 0.4521377840909091 0.5095384615384616 0.019360795454545447 0.025384615384615363
0 0.42676136363636374 0.462625 0.01997159090909091 0.02482692307692307
0 0.46324573863636365 0.46594230769230766 0.024048295454545385 0.025384615384615363
0 0.027507102272727235 0.42084615384615387 0.02268465909090913 0.03257692307692307
0 0.47047585227272737 0.4455192307692308 0.014474431818181815 0.03200000000000003
0 0.47348011363636366 0.48197115384615385 0.0234375 0.029326923076923077
0 0.449794034090909 0.48663461538461533 0.025269886363636394 0.025384615384615363
0 0.44693181818181815 0.47628846153846155 0.017528409090909056 0.023461538461538495
0 0.44041193181818183 0.5175384615384615 0.02363636363636362 0.033115384615384665
0 0.4341974431818181 0.5456826923076923 0.02140624999999999 0.027057692307692293
0 0.4798508522727273 0.5506442307692309 0.021803977272727305 0.0342115384615385
0 0.5003622159090909 0.5468269230769232 0.020639204545454506 0.03415384615384614
0 0.507372159090909 0.5185384615384615 0.023948863636363657 0.03138461538461537
0 0.48622869318181816 0.44472115384615385 0.019872159090909104 0.027942307692307693
0 0.02784801136363635 0.44907692307692304 0.024758522727272816 0.027615384615384587
0 0.49769176136363635 0.4900865384615385 0.018849431818181793 0.02621153846153851
0 0.4830397727272727 0.4733461538461538 0.017585227272727266 0.03346153846153847
0 0.4965411931818182 0.4600769230769231 0.020127840909090852 0.03519230769230766
0 0.5127201704545454 0.49059615384615385 0.017826704545454562 0.035538461538461574
0 0.5150071022727273 0.4597307692307692 0.019360795454545447 0.029653846153846183
0 0.5090269886363636 0.432298076923077 0.022173295454545473 0.027942307692307693
0 0.5271164772727273 0.4236826923076923 0.02318181818181817 0.030019230769230795
0 0.5710582386363636 0.4930096153846154 0.018849431818181873 0.030019230769230795
0 0.5868607954545455 0.49524999999999997 0.016818181818181784 0.01930769230769235
0 0.5848224431818183 0.4811153846153846 0.02140624999999999 0.013807692307692321
0 0.051100852272727315 0.45993269230769235 0.026349431818181755 0.031326923076923065
0 0.583671875 0.4690384615384615 0.02268465909090905 0.022076923076923056
0 0.5808735795454545 0.4448942307692308 0.021150568181818163 0.030365384615384655
0 0.5924644886363637 0.43765384615384617 0.01936079545454553 0.024153846153846158
0 0.5970525568181818 0.4604134615384615 0.018338068181818136 0.02690384615384617
0 0.6124644886363635 0.5240576923076923 0.023196022727272704 0.03138461538461537
0 0.31132812499999996 0.3750865384615385 0.02424715909090908 0.03255769230769227
0 0.3237713068181818 0.39895192307692307 0.026292613636363624 0.03724999999999996
0 0.33650568181818175 0.4148173076923077 0.02119318181818184 0.0297884615384615
0 0.34730113636363635 0.4323461538461538 0.02446022727272731 0.03173076923076923
0 0.3252911931818182 0.3479038461538462 0.019559659090909065 0.029538461538461565
0 0.051335227272727435 0.435125 0.02542613636363633 0.030096153846153856
0 0.3370099431818182 0.3672115384615384 0.01813920454545452 0.02511538461538462
0 0.343125 0.3610096153846154 0.023039772727272766 0.02428846153846153
0 0.35301136363636365 0.3807403846153846 0.019573863636363677 0.03228846153846152
0 0.3555610795454546 0.29092307692307695 0.018536931818181755 0.03476923076923074
0 0.3557670454545455 0.31589423076923073 0.018551136363636367 0.030634615384615344
0 0.3269247159090909 0.30374999999999996 0.02200284090909084 0.03338461538461535
0 0.34149147727272733 0.29933653846153846 0.016505681818181826 0.03228846153846158
0 0.4089559659090909 0.35742307692307695 0.020582386363636296 0.026500000000000003
0 0.3367116477272727 0.3230576923076923 0.024048295454545465 0.030076923076923105
0 0.3416051136363637 0.3456923076923077 0.017528409090909136 0.022346153846153856
0 0.06519176136363636 0.4180576923076923 0.02612215909090907 0.024499999999999963
0 0.35301136363636365 0.34278846153846154 0.01670454545454544 0.033115384615384665
0 0.3736008522727272 0.3031923076923077 0.018338068181818216 0.03007692307692305
0 0.37217329545454547 0.3394903846153846 0.02446022727272731 0.03255769230769232
0 0.38664062499999996 0.3163076923076923 0.02365056818181815 0.03365384615384615
0 0.39306107954545455 0.36942307692307697 0.02424715909090908 0.03226923076923077
0 0.40162642045454544 0.3852980769230769 0.020582386363636376 0.03090384615384614
0 0.4196590909090909 0.3796346153846154 0.018750000000000065 0.026230769230769203
0 0.4228196022727272 0.35673076923076924 0.018536931818181834 0.027307692307692286
0 0.40610795454545456 0.34031730769230767 0.022613636363636388 0.020980769230769223
0 0.41049005681818185 0.3211346153846154 0.021207386363636373 0.02623076923076926
0 0.07172585227272732 0.45264423076923077 0.02268465909090913 0.029788461538461555
0 0.3990767045454545 0.2855384615384615 0.027301136363636402 0.034499999999999996
0 0.45288352272727284 0.3334134615384615 0.025284090909090926 0.030365384615384655
0 0.43862215909090907 0.29271153846153847 0.017528409090909056 0.02346153846153844
0 0.4526775568181818 0.2695384615384615 0.01916193181818183 0.03173076923076923
0 0.46990056818181813 0.2642884615384615 0.01894886363636368 0.03119230769230769
0 0.48213068181818175 0.2445673076923077 0.02017045454545453 0.035865384615384625
0 0.50078125 0.2464423076923077 0.018749999999999985 0.031461538461538485
0 0.50078125 0.21898076923076923 0.02241477272727269 0.029538461538461538
0 0.5212642045454545 0.19884615384615387 0.029545454545454562 0.028423076923076926
0 0.5215696022727272 0.22174038461538462 0.020781249999999994 0.023442307692307714
0 0.08639914772727275 0.47715384615384615 0.019474431818181707 0.029153846153846148
0 0.541953125 0.2262980769230769 0.02487215909090916 0.03863461538461539
0 0.5525568181818181 0.2145673076923077 0.022017045454545456 0.028980769230769216
0 0.23571732954545443 0.26096153846153847 0.021548295454545396 0.03288461538461537
0 0.21829545454545463 0.27616346153846155 0.0210795454545455 0.026057692307692275
0 0.224034090909091 0.29833653846153846 0.017414772727272713 0.029480769230769255
0 0.2551917613636363 0.27103846153846156 0.020156250000000077 0.02511538461538462
0 0.2680255681818182 0.2823557692307692 0.026136363636363603 0.03101923076923076
0 0.286015625 0.3158653846153846 0.022230113636363683 0.03288461538461543
0 0.27558948863636357 0.33276923076923076 0.026576704545454598 0.033192307692307674
0 0.5650852272727273 0.2053269230769231 0.020994318181818142 0.02538461538461539
0 0.19215198863636362 0.9196442307692309 0.02387784090909083 0.034480769230769245
0 0.06393465909090912 0.48119230769230764 0.02451704545454544 0.03288461538461537
0 0.5721164772727272 0.2206346153846154 0.01386363636363635 0.02511538461538462
0 0.5594815340909092 0.22876923076923078 0.01589488636363644 0.022076923076923084
0 0.5506178977272727 0.2445096153846154 0.021803977272727305 0.022634615384615378
0 0.5285014204545455 0.24477884615384615 0.024872159090909077 0.02924999999999996
0 0.49007812500000003 0.30314423076923075 0.023849431818181846 0.033403846153846166
0 0.50546875 0.28313461538461543 0.02446022727272723 0.03146153846153843
0 0.5723224431818181 0.24477884615384615 0.022428977272727302 0.02924999999999996
0 0.5180042613636364 0.2994230769230769 0.018963068181818213 0.026500000000000003
0 0.5261576704545454 0.28037500000000004 0.0181392045454546 0.026480769230769252
0 0.5711008522727272 0.28920192307692305 0.021207386363636373 0.02594230769230771
0 0.039069602272727266 0.4746730769230769 0.022457386363636287 0.031038461538461567
0 0.5631534090909092 0.3202596153846154 0.030568181818181873 0.037250000000000005
0 0.5331889204545455 0.3321153846153846 0.02649147727272724 0.028423076923076926
0 0.5798650568181818 0.3141826923076923 0.02975852272727271 0.034480769230769245
0 0.598309659090909 0.3250865384615385 0.025056818181818163 0.034211538461538446
0 0.6137002840909092 0.2689326923076923 0.020781249999999994 0.03228846153846158
0 0.619815340909091 0.29721153846153847 0.02568181818181816 0.025923076923076903
0 0.6301065340909091 0.27899999999999997 0.027514204545454512 0.03200000000000003
0 0.6445525568181818 0.4545 0.019019886363636385 0.028230769230769243
0 0.6257670454545454 0.45537500000000003 0.019886363636363636 0.029365384615384633
0 0.6182670454545454 0.44070192307692313 0.023153409090909106 0.029134615384615394
0 0.020056818181818148 0.5132980769230768 0.023835227272727234 0.03009615384615391
0 0.6299431818181818 0.3824423076923077 0.022613636363636388 0.03338461538461541
0 0.6435511363636364 0.39658653846153846 0.017215909090909098 0.026211538461538453
0 0.633203125 0.4127980769230769 0.02751420454545459 0.0306346153846154
0 0.6188352272727273 0.36878846153846156 0.022017045454545456 0.027038461538461542
0 0.7058522727272727 0.4027019230769231 0.02017045454545457 0.025749999999999974
0 0.6835511363636364 0.3698942307692308 0.0234375 0.030365384615384655
0 0.6836505681818181 0.388375 0.021193181818181802 0.021519230769230766
0 0.6828338068181818 0.40727884615384613 0.022002840909090923 0.019596153846153843
0 0.6497372159090908 0.38503846153846155 0.019616477272727275 0.028615384615384605
0 0.6608238636363637 0.33726923076923077 0.02139204545454546 0.020692307692307677
0 0.03392045454545456 0.4979423076923077 0.024971590909090804 0.03226923076923077
0 0.6581463068181819 0.3300192307692308 0.020639204545454547 0.02553846153846154
0 0.669609375 0.31708653846153845 0.020639204545454547 0.019673076923076904
0 0.6799289772727273 0.33070192307692303 0.01835227272727271 0.027596153846153836
0 0.11874289772727276 0.66625 0.016917613636363592 0.031192307692307745
0 0.12924715909090911 0.6670769230769231 0.018750000000000065 0.03173076923076923
0 0.11232954545454532 0.649423076923077 0.017130681818181902 0.0267692307692308
0 0.0911292613636363 0.6531442307692308 0.027315340909090935 0.028134615384615376
0 0.10488636363636372 0.6710769230769231 0.020994318181818142 0.027038461538461542
0 0.1073366477272728 0.6945288461538461 0.02302556818181807 0.032019230769230834
0 0.06932528409090921 0.6430673076923077 0.021605113636363527 0.021250000000000022
0 0.014552556818181683 0.5377980769230769 0.02291193181818181 0.030711538461538405
0 0.08878551136363633 0.6796346153846154 0.015696022727272663 0.02980769230769231
0 0.06921875 0.6590769230769231 0.028323863636363713 0.025653846153846107
0 0.07156249999999997 0.6843173076923077 0.020795454545454686 0.0259423076923076
0 0.04262073863636362 0.6434807692307692 0.022002840909090923 0.027038461538461542
0 0.04068892045454542 0.6168557692307692 0.018963068181818213 0.031173076923076883
0 0.037833806818181825 0.5950576923076923 0.021406249999999908 0.02676923076923069
0 0.0054758522727272885 0.6031153846153846 0.010951704545454598 0.03149999999999999
0 0.020198863636363695 0.6008557692307692 0.02119318181818176 0.024557692307692273
0 0.026115056818181825 0.6251346153846153 0.01467329545454535 0.029538461538461565
0 0.011740056818181799 0.627201923076923 0.01813920454545452 0.03255769230769232
0 0.03781250000000003 0.5333076923076923 0.018096590909090923 0.029769230769230805
0 0.003643465909091037 0.6345384615384616 0.007286931818181811 0.03311538461538456
0 0.13426136363636365 0.7035288461538461 0.022017045454545456 0.028134615384615376
0 0.14026988636363635 0.722298076923077 0.017727272727272755 0.02759615384615378
0 0.12416903409090907 0.7204999999999999 0.016519886363636358 0.031192307692307634
0 0.09634943181818167 0.7191153846153847 0.02363636363636362 0.034499999999999996
0 0.10857954545454551 0.7286442307692307 0.01835227272727267 0.021519230769230766
0 0.1129616477272729 0.7414711538461538 0.013650568181818201 0.02124999999999991
0 0.1426207386363636 0.7417499999999999 0.018338068181818136 0.022346153846153856
0 0.15678267045454541 0.7344326923076923 0.018963068181818053 0.028134615384615484
0 0.16615767045454544 0.7472692307692307 0.022627840909091 0.03173076923076923
0 0.05592329545454544 0.5238461538461539 0.02451704545454544 0.02946153846153845
0 0.1425142045454546 0.7638269230769232 0.020596590909090908 0.02511538461538462
0 0.12590909090909086 0.7641057692307693 0.016306818181818207 0.0229038461538462
0 0.12529119318181803 0.744778846153846 0.021605113636363527 0.027326923076923037
0 0.10144176136363636 0.7516826923076924 0.019559659090909065 0.03282692307692317
0 0.11234375000000008 0.7634038461538462 0.015284090909090896 0.023730769230769184
0 0.13018465909090926 0.7827211538461538 0.01792613636363637 0.02428846153846153
0 0.1428196022727274 0.7868557692307692 0.019985795454545527 0.023173076923076946
0 0.1182599431818182 0.8038365384615385 0.022230113636363766 0.035596153846153826
0 0.13375000000000015 0.8384615384615385 0.01894886363636368 0.022615384615384596
0 0.1328338068181819 0.8169423076923077 0.020781249999999994 0.02373076923076929
0 0.07757102272727256 0.4949903846153846 0.022926136363636343 0.039403846153846116
0 0.15341619318181832 0.8108653846153846 0.020781249999999994 0.03365384615384615
0 0.1700284090909091 0.8007980769230769 0.02221590909090907 0.033403846153846166
0 0.15127840909090906 0.8351538461538461 0.023039772727272766 0.032000000000000084
0 0.17166193181818168 0.8238365384615385 0.01894886363636368 0.027057692307692293
0 0.1883806818181818 0.8111442307692307 0.020994318181818142 0.025403846153846114
0 0.18480823863636364 0.8350192307692308 0.018338068181818136 0.02511538461538462
0 0.1776704545454545 0.8547403846153847 0.019971590909090994 0.03090384615384614
0 0.16432528409090896 0.8598461538461538 0.017741477272727124 0.027307692307692394
0 0.11979403409090916 0.851701923076923 0.024048295454545385 0.03255769230769232
0 0.11306107954545463 0.8733653846153846 0.019559659090909065 0.039461538461538534
0 0.09533380681818182 0.48475961538461537 0.018110795454545456 0.025749999999999974
0 0.10022727272727261 0.8762596153846154 0.011818181818181889 0.02759615384615378
0 0.1210085227272728 0.8907596153846153 0.02323863636363638 0.018480769230769255
0 0.0857457386363637 0.7359519230769231 0.02160511363636369 0.028980769230769216
0 0.08524147727272724 0.7571923076923077 0.017727272727272755 0.020692307692307677
0 0.07240056818181817 0.753201923076923 0.017329545454545518 0.03090384615384614
0 0.07188920454545455 0.7084999999999999 0.022017045454545456 0.028692307692307722
0 0.00965198863636374 0.6751057692307693 0.019303977272727316 0.032019230769230723
0 0.003948863636363598 0.6988365384615385 0.007897727272727195 0.0342115384615385
0 0.025724431818181848 0.6762115384615385 0.014460227272727362 0.02373076923076929
0 0.029602272727272783 0.6963557692307693 0.025880681818181858 0.032019230769230834
0 0.11526278409090907 0.5091153846153846 0.022230113636363603 0.0285384615384616
0 0.09206676136363645 0.7738942307692308 0.021605113636363527 0.02759615384615389
0 0.05018465909090897 0.7461634615384616 0.019772727272727216 0.0306346153846154
0 0.06424715909090917 0.735125 0.02017045454545461 0.0306346153846154
0 0.05049005681818175 0.7112596153846155 0.024872159090909077 0.024826923076923125
0 0.0505894886363637 0.7260096153846154 0.018963068181818053 0.015173076923077006
0 0.04055397727272725 0.7673365384615385 0.02139204545454554 0.03586538461538457
0 0.03387784090909074 0.7393942307692308 0.01937499999999998 0.03255769230769232
0 0.026129261363636358 0.7247692307692307 0.025071022727272695 0.027038461538461542
0 0.015688920454545507 0.7441538461538462 0.02140625000000007 0.031461538461538485
0 0.02291903409090912 0.7707884615384616 0.024048295454545544 0.031192307692307745
0 0.06348011363636374 0.35383653846153845 0.027727272727272864 0.03255769230769232
0 0.11296874999999995 0.48599038461538463 0.020852272727272657 0.03009615384615391
0 0.047990056818181914 0.7825192307692307 0.018338068181818136 0.022615384615384707
0 0.0032599431818183255 0.7967211538461538 0.00632102272727263 0.037250000000000005
0 0.0515553977272728 0.7947980769230769 0.011207386363636345 0.016826923076923076
0 0.03933238636363645 0.7994807692307693 0.015284090909091058 0.024000000000000035
0 0.023330965909090895 0.8029326923076923 0.018338068181818136 0.026480769230769304
0 0.0037357954545454986 0.827625 0.007386363636363701 0.026211538461538453
0 0.03316761363636356 0.8226346153846154 0.01835227272727267 0.029307692307692326
0 0.010234375000000018 0.8407403846153846 0.019872159090909104 0.030365384615384544
0 0.04851562499999995 0.8332403846153845 0.017201704545454565 0.021557692307692267
0 0.007663352272727297 0.8607403846153847 0.015326704545454494 0.024480769230769157
0 0.09384232954545457 0.5106538461538461 0.02200284090909076 0.027307692307692286
0 0.05545454545454542 0.8131442307692308 0.025227272727272713 0.02725000000000003
0 0.07545454545454544 0.7800288461538462 0.02241477272727269 0.025865384615384592
0 0.10430397727272733 0.907826923076923 0.02568181818181824 0.028153846153846127
0 0.12610795454545454 0.9354230769230769 0.022017045454545456 0.03530769230769233
0 0.14465198863636364 0.9406634615384615 0.01916193181818183 0.032019230769230834
0 0.06200994318181818 0.9657788461538462 0.026292613636363624 0.0342115384615385
0 0.05283380681818173 0.9879903846153846 0.024247159090909163 0.02344230769230769
0 0.21599431818181813 0.9246538461538462 0.026505681818181772 0.033115384615384665
0 0.2302556818181819 0.9627403846153846 0.011420454545454494 0.01709615384615382
0 0.2262855113636365 0.9427307692307693 0.02140625000000007 0.02842307692307698
0 0.13921874999999995 0.4977788461538462 0.02750000000000002 0.04375000000000005
0 0.21710937500000005 0.9663269230769231 0.025071022727272695 0.02980769230769231
0 0.24238636363636357 0.9497692307692308 0.01894886363636352 0.02426923076923078
0 0.23219460227272737 0.9955769230769231 0.018536931818181755 0.00884615384615389
0 0.24514204545454554 0.9730865384615385 0.02241477272727269 0.03174999999999998
0 0.19530539772727273 0.9940673076923077 0.01691761363636375 0.011865384615384536
0 0.21334517045454537 0.9935096153846154 0.02038352272727276 0.012403846153846241
0 0.22893465909090915 0.982326923076923 0.01937499999999998 0.02415384615384627
0 0.2583664772727272 0.9890576923076925 0.024204545454545402 0.02173076923076925
0 0.2281321022727273 0.9090769230769231 0.021974431818181858 0.033192307692307785
0 0.2670241477272728 0.9771634615384616 0.024701704545454607 0.028980769230769216
0 0.09899147727272739 0.5294326923076922 0.020852272727272657 0.022019230769230746
0 0.26778409090909083 0.9490384615384615 0.02573863636363629 0.03207692307692298
0 0.2816761363636364 0.930423076923077 0.02446022727272723 0.03207692307692309
0 0.24803977272727273 0.9117884615384615 0.021903409090909196 0.03346153846153842
0 0.26574573863636364 0.9167980769230769 0.020639204545454506 0.031057692307692265
0 0.3260440340909091 0.7877115384615385 0.02140624999999999 0.029192307692307705
0 0.3593323863636364 0.7682596153846154 0.019062500000000024 0.03317307692307692
0 0.3584517045454546 0.8096538461538462 0.022301136363636346 0.03176923076923074
0 0.3347301136363636 0.855576923076923 0.020539772727272698 0.025307692307692357
0 0.33927556818181825 0.829951923076923 0.02119318181818184 0.029288461538461572
0 0.3709872159090909 0.853951923076923 0.02492897727272729 0.027057692307692293
0 0.11664062500000005 0.5348653846153846 0.019928977272727234 0.023576923076923058
0 0.35118607954545455 0.8462596153846154 0.021264204545454583 0.03748076923076925
0 0.32268465909090915 0.8282692307692308 0.02144886363636367 0.03126923076923075
0 0.3354261363636364 0.8812596153846154 0.022727272727272728 0.030519230769230778
0 0.31856534090909083 0.8698461538461539 0.02235795454545456 0.034999999999999976
0 0.3072869318181818 0.8905673076923077 0.022926136363636343 0.027288461538461536
0 0.32772727272727276 0.9027307692307691 0.017954545454545515 0.025807692307692337
0 0.3763068181818181 0.8755480769230769 0.023835227272727313 0.027557692307692276
0 0.3716335227272727 0.9027307692307691 0.02071022727272733 0.03226923076923083
0 0.35155539772727273 0.9079326923076924 0.026036931818181876 0.03525000000000008
0 0.3143465909090909 0.9110384615384616 0.018693181818181772 0.029038461538461582
0 0.1300426136363636 0.5213653846153846 0.024744318181818124 0.027615384615384642
0 0.31251420454545453 0.9830096153846154 0.02713068181818185 0.027557692307692387
0 0.3279119318181819 0.9548461538461538 0.019431818181818192 0.033269230769230794
0 0.9170170454545454 0.8743942307692307 0.024062499999999997 0.03101923076923076
0 0.30967329545454547 0.9553461538461538 0.02071022727272725 0.03126923076923086
0 0.34569602272727273 0.9488942307692307 0.022727272727272728 0.029788461538461555
0 0.3719105113636364 0.9831442307692307 0.02492897727272729 0.02382692307692294
0 0.36980113636363643 0.9584423076923076 0.02548295454545454 0.03003846153846155
0 0.37878551136363636 0.9400769230769231 0.020355113636363612 0.02357692307692317
0 0.39848721590909086 0.9529807692307692 0.02200284090909084 0.03299999999999994
0 0.39381392045454544 0.9331346153846154 0.019616477272727275 0.029538461538461565
0 0.0774573863636363 0.5297403846153846 0.02542613636363633 0.03444230769230774
0 0.40398437499999995 0.9202211538461538 0.02529829545454546 0.03351923076923078
0 0.3820809659090909 0.9150096153846154 0.020724431818181784 0.02805769230769237
0 0.39244318181818183 0.8958942307692308 0.027869318181818106 0.02605769230769233
0 0.41535511363636357 0.9323846153846155 0.0146590909090909 0.028538461538461492
0 0.42892045454545447 0.9359807692307693 0.022727272727272728 0.03473076923076923
0 0.4372585227272727 0.9143846153846155 0.017414772727272713 0.025807692307692337
0 0.4149857954545454 0.8939230769230769 0.018693181818181855 0.024076923076923152
0 0.42387784090909086 0.9102884615384615 0.018522727272727302 0.018615384615384627
0 0.4518394886363637 0.9250576923076923 0.021264204545454503 0.027307692307692286
0 0.47172585227272734 0.9795384615384616 0.020724431818181784 0.02607692307692308
0 0.16338778409090926 0.5599807692307692 0.02177556818181824 0.037230769230769255
0 0.4590767045454546 0.9656346153846154 0.022187500000000006 0.028038461538461616
0 0.4654900568181818 0.8863461538461538 0.02291193181818181 0.027307692307692286
0 0.46595170454545454 0.8605288461538462 0.021988636363636307 0.0282884615384615
0 0.42012073863636357 0.8727019230769231 0.02748579545454549 0.029288461538461572
0 0.39840198863636367 0.8760480769230768 0.01595170454545449 0.019596153846153843
0 0.4324076704545454 0.8910576923076924 0.021264204545454503 0.027307692307692286
0 0.43414062499999995 0.8642596153846153 0.02328124999999998 0.025326923076923108
0 0.4223224431818182 0.8467596153846154 0.022002840909090923 0.02855769230769235
0 0.4105823863636363 0.8386923076923077 0.019062500000000024 0.027307692307692394
0 0.40234375 0.858423076923077 0.01906249999999994 0.02557692307692299
0 0.14941051136363626 0.5475769230769231 0.019928977272727397 0.03103846153846151
0 0.39161931818181817 0.8395576923076923 0.02144886363636367 0.029038461538461582
0 0.39170454545454547 0.7231634615384614 0.02713068181818185 0.03598076923076919
0 0.39729403409090913 0.8152403846153845 0.03171875000000006 0.03351923076923078
0 0.3863920454545454 0.7989903846153846 0.0267613636363636 0.03375000000000002
0 0.3783238636363637 0.7706923076923077 0.020909090909090867 0.04565384615384617
0 0.3824502840909091 0.7561730769230769 0.02438920454545449 0.03003846153846155
0 0.4200284090909091 0.7996057692307692 0.02034090909090908 0.034480769230769245
0 0.43789772727272724 0.8041923076923077 0.01980113636363636 0.03076923076923077
0 0.43615767045454545 0.7209326923076923 0.02291193181818181 0.030519230769230778
0 0.4376278409090909 0.7499711538461539 0.030625000000000003 0.03598076923076919
0 0.14825994318181823 0.5764230769230769 0.023139204545454494 0.0285384615384616
0 0.4850142045454545 0.6966057692307692 0.023096590909090896 0.032019230769230723
0 0.47447443181818183 0.6895384615384615 0.031704545454545444 0.02580769230769223
0 0.5103125 0.6720384615384615 0.025284090909090926 0.03003846153846155
0 0.5025213068181817 0.6932596153846154 0.0240198863636364 0.027788461538461626
0 0.49069602272727275 0.7131153846153846 0.024204545454545482 0.02430769230769228
0 0.46787642045454547 0.7611346153846155 0.02328124999999998 0.03003846153846155
0 0.4906036931818182 0.7411634615384615 0.019985795454545444 0.033250000000000036
0 0.5080184659090909 0.7407884615384616 0.01813920454545452 0.034999999999999976
0 0.5251633522727273 0.7370673076923077 0.020894886363636334 0.03548076923076921
0 0.5140696022727272 0.7124903846153846 0.02546875000000001 0.03101923076923076
0 0.07631392045454544 0.3392596153846154 0.01947443181818187 0.02636538461538463
0 0.04789772727272734 0.5471057692307693 0.02451704545454544 0.026365384615384686
0 0.5232386363636363 0.6907692307692308 0.024005681818181787 0.03126923076923075
0 0.5441335227272728 0.6877980769230768 0.02363636363636362 0.029788461538461448
0 0.6338636363636363 0.6871730769230769 0.0198011363636364 0.029038461538461582
0 0.6047230113636364 0.700076923076923 0.026036931818181796 0.02903846153846147
0 0.5883167613636364 0.7066634615384616 0.022173295454545473 0.02878846153846148
0 0.6009659090909092 0.7249038461538463 0.024744318181818204 0.02803846153846151
0 0.6324928977272727 0.7369423076923076 0.024389204545454568 0.03126923076923075
0 0.6383593750000001 0.762875 0.027684659090909062 0.03798076923076923
0 0.6802414772727272 0.7598942307692307 0.023465909090909107 0.024557692307692273
0 0.675390625 0.7775192307692308 0.021803977272727263 0.02407692307692304
0 0.1324502840909091 0.5635576923076924 0.023139204545454494 0.033192307692307674
0 0.6771306818181818 0.7344615384615385 0.025653409090909095 0.03176923076923074
0 0.7037144886363637 0.7528173076923077 0.02455965909090908 0.029788461538461448
0 0.7153480113636363 0.742153846153846 0.02365056818181819 0.03523076923076922
0 0.25803977272727263 0.7545673076923077 0.0234375 0.030365384615384544
0 0.2599573863636363 0.7904423076923076 0.02113636363636363 0.028269230769230748
0 0.2677272727272727 0.7726826923076924 0.021392045454545375 0.02863461538461536
0 0.2891335227272728 0.7590480769230769 0.023948863636363657 0.02759615384615389
0 0.3095099431818181 0.7857884615384616 0.01680397727272725 0.028615384615384605
0 0.3354261363636364 0.7679615384615385 0.025227272727272713 0.032153846153846095
0 0.31180397727272724 0.7626826923076924 0.0234375 0.026557692307692313
0 0.08960227272727261 0.5523846153846154 0.020852272727272657 0.027615384615384642
0 0.30008522727272724 0.6081538461538462 0.022926136363636343 0.03138461538461537
0 0.3147301136363637 0.619875 0.03133522727272728 0.029326923076923077
0 0.30072443181818187 0.6409134615384615 0.016562500000000036 0.02794230769230775
0 0.314737215909091 0.6485096153846154 0.019616477272727275 0.030019230769230687
0 0.33333096590909084 0.6448846153846154 0.020127840909090932 0.03726923076923076
0 0.34174005681818187 0.6500576923076923 0.020127840909090932 0.03657692307692315
0 0.3503977272727272 0.6333269230769232 0.015539772727272723 0.030692307692307654
0 0.35689630681818185 0.6483365384615385 0.012230113636363655 0.030365384615384544
0 0.35511363636363635 0.6084999999999999 0.017329545454545518 0.02173076923076925
0 0.33944602272727276 0.6198750000000001 0.018607954545454497 0.01967307692307685
0 0.0852485795454545 0.5716153846153846 0.01856534090909082 0.023884615384615414
0 0.3404616477272727 0.6007307692307692 0.021150568181818163 0.022076923076923112
0 0.3518039772727273 0.587625 0.023948863636363657 0.02759615384615389
0 0.363515625 0.6291923076923077 0.019872159090909104 0.030000000000000044
0 0.36530539772727266 0.6583365384615385 0.02140624999999999 0.02759615384615378
0 0.7393678977272726 0.7557980769230769 0.02546874999999997 0.032749999999999946
0 0.734140625 0.7826057692307693 0.020894886363636376 0.024826923076923125
0 0.7198437499999999 0.7752884615384615 0.018693181818181814 0.024076923076923152
0 0.6772230113636364 0.7924038461538462 0.01813920454545456 0.029038461538461582
0 0.6914772727272727 0.7972115384615385 0.015113636363636385 0.028846153846153848
0 0.6816690340909091 0.8391634615384616 0.018963068181818175 0.02674999999999994
0 0.10301136363636365 0.6283846153846153 0.01786931818181808 0.027615384615384642
0 0.6852911931818182 0.8154903846153846 0.02842329545454544 0.022096153846153863
0 0.7180113636363636 0.7989807692307693 0.018693181818181814 0.025807692307692337
0 0.7305681818181817 0.8015961538461539 0.022556818181818174 0.018115384615384644
0 0.7031605113636363 0.8407403846153846 0.01796875000000001 0.024557692307692273
0 0.7216761363636364 0.8236826923076923 0.019431818181818192 0.02605769230769222
0 0.6932670454545455 0.8337307692307692 0.019431818181818192 0.027538461538461526
0 0.7146874999999999 0.8287403846153846 0.018551136363636325 0.026365384615384686
0 0.7401207386363637 0.8200576923076922 0.02268465909090909 0.03257692307692307
0 0.6934943181818182 0.8636346153846155 0.02428977272727276 0.03288461538461532
0 0.6773366477272726 0.7035576923076924 0.024531249999999973 0.03288461538461532
0 0.0623295454545455 0.5883750000000001 0.02130681818181818 0.03444230769230774
0 0.6357528409090909 0.6650961538461538 0.020625000000000015 0.028538461538461492
0 0.7015127840909091 0.6660192307692308 0.025667613636363627 0.026692307692307682
0 0.6965838068181818 0.6905288461538461 0.027258522727272725 0.029788461538461555
0 0.7346235795454545 0.692076923076923 0.024531250000000015 0.027307692307692394
0 0.7240838068181819 0.6734615384615384 0.021321022727272713 0.0285384615384616
0 0.7216761363636364 0.5982307692307692 0.02017045454545453 0.027615384615384642
0 0.7130823863636364 0.5807019230769231 0.023153409090909068 0.02605769230769233
0 0.7366903409090909 0.602423076923077 0.020852272727272737 0.029153846153846093
0 0.7519247159090909 0.5892403846153845 0.028423295454545482 0.03009615384615391
0 0.7544460227272727 0.6154519230769231 0.02428977272727272 0.02667307692307693
0 0.028877840909090846 0.5759615384615384 0.023607954545454553 0.03134615384615376
0 0.6985227272727272 0.5951923076923077 0.028863636363636355 0.030384615384615298
0 0.7822869318181819 0.5876826923076923 0.025426136363636373 0.03132692307692311
0 0.7953480113636364 0.6097211538461539 0.02086647727272727 0.030096153846153804
0 0.7767897727272728 0.6121923076923077 0.020852272727272695 0.02761538461538453
0 0.7790838068181818 0.6362403846153847 0.02268465909090909 0.027288461538461536
0 0.7953480113636364 0.649576923076923 0.02359374999999998 0.028538461538461492
0 0.817919034090909 0.6300384615384615 0.02336647727272728 0.03784615384615386
0 0.7990127840909091 0.6305000000000001 0.021321022727272713 0.03196153846153847
0 0.7793039772727273 0.6863365384615384 0.024062499999999997 0.03628846153846155
0 0.7906463068181818 0.673 0.025667613636363627 0.028230769230769243
0 0.08868607954545449 0.5964326923076922 0.025440340909090864 0.026980769230769287
0 0.8087500000000001 0.6657115384615384 0.020625000000000015 0.025423076923076868
0 0.8137926136363636 0.6891346153846154 0.023835227272727254 0.028846153846153848
0 0.807265625 0.7172115384615384 0.022684659090909068 0.03288461538461543
0 0.7681889204545455 0.74575 0.022457386363636367 0.03411538461538463
0 0.7560440340909091 0.7795673076923076 0.022457386363636367 0.03475000000000009
0 0.7779332386363637 0.7676249999999999 0.022230113636363645 0.03132692307692311
0 0.7596022727272727 0.8048461538461538 0.02130681818181818 0.02511538461538462
0 0.7707102272727273 0.7942980769230769 0.023835227272727275 0.025750000000000082
0 0.7892755681818182 0.785298076923077 0.01926136363636364 0.025749999999999974
0 0.7889275568181818 0.805 0.019019886363636343 0.028538461538461492
0 0.05935369318181816 0.6145865384615384 0.019928977272727234 0.029788461538461555
0 0.7782741477272728 0.8102788461538462 0.008252840909090913 0.019250000000000093
0 0.7691051136363636 0.8149326923076923 0.013749999999999969 0.017365384615384564
0 0.7891619318181818 0.8352499999999999 0.023153409090909106 0.03442307692307688
0 0.8027911931818182 0.843 0.016036931818181808 0.028230769230769243
0 0.9884303977272727 0.9400769230769231 0.02291193181818182 0.02630769230769232
0 0.9818323863636363 0.9184807692307693 0.025852272727272727 0.027307692307692286
0 0.9894957386363636 0.9806442307692308 0.021008522727272726 0.02805769230769237
0 0.9966761363636364 0.9569423076923077 0.006420454545454545 0.02780769230769227
0 0.9880255681818182 0.9964038461538464 0.023948863636363636 0.00696153846153847
0 0.7368678977272727 0.8710096153846153 0.022372159090909092 0.027557692307692276
0 0.07161221590909084 0.6232692307692308 0.018792613636363663 0.027923076923077
0 0.7572159090909091 0.8651826923076923 0.023096590909090938 0.027788461538461515
0 0.7525213068181819 0.894 0.021321022727272713 0.03196153846153847
0 0.6873295454545454 0.9354134615384615 0.023835227272727275 0.03040384615384616
0 0.7126491477272727 0.9205288461538462 0.02268465909090909 0.025442307692307726
0 0.7103551136363637 0.9465865384615385 0.024971590909090888 0.03101923076923076
0 0.7173508522727272 0.9625673076923076 0.023366477272727296 0.03009615384615391
0 0.7092116477272727 0.9876923076923078 0.023139204545454574 0.02450000000000002
0 0.6993607954545455 0.9802403846153845 0.011221590909090917 0.019557692307692227
0 0.7345312500000001 0.9377403846153847 0.020625000000000015 0.02948076923076931
0 0.7314417613636364 0.9768269230769232 0.01947443181818179 0.033807692307692275
0 0.06199573863636365 0.3263846153846154 0.02291193181818181 0.028538461538461492
0 0.09006392045454537 0.6187788461538462 0.02268465909090913 0.02513461538461537
0 0.7455326704545455 0.9721730769230769 0.020156249999999997 0.028846153846153848
0 0.7415198863636363 0.9893942307692308 0.030937500000000003 0.0210961538461539
0 0.74828125 0.9524711538461538 0.025198863636363648 0.02605769230769233
0 0.8963068181818181 0.9692307692307692 0.027954545454545465 0.03288461538461532
0 0.8973366477272727 0.9889326923076923 0.03964488636363637 0.021403846153846037
0 0.748622159090909 0.9243942307692308 0.018096590909090923 0.035673076923076835
0 0.7717684659090909 0.8977211538461538 0.01856534090909094 0.023903846153846057
0 0.8307741477272728 0.9313846153846154 0.023821022727272722 0.029153846153846093
0 0.8459019886363637 0.9172692307692308 0.03941761363636364 0.033192307692307674
0 0.8014914772727273 0.8810673076923077 0.02786931818181819 0.026557692307692313
0 0.1466335227272727 0.6737211538461539 0.020340909090909 0.0306346153846154
0 0.8572230113636363 0.9787211538461539 0.022002840909090923 0.023326923076923068
0 0.8938707386363636 0.7754326923076924 0.019928977272727275 0.029173076923076954
0 0.8409943181818182 0.9741346153846154 0.016676136363636376 0.025076923076923226
0 0.8521306818181819 0.9882115384615384 0.01622159090909091 0.023576923076923058
0 0.8442045454545455 0.9920961538461538 0.017414772727272734 0.015192307692307758
0 0.8685866477272728 0.9908846153846154 0.018877840909090896 0.018230769230769266
0 0.8475994318181819 0.942923076923077 0.023096590909090917 0.025576923076923098
0 0.8464985795454545 0.9015961538461539 0.021633522727272734 0.02630769230769232
0 0.7940696022727273 0.8624519230769231 0.026576704545454556 0.02382692307692316
0 0.8590553977272728 0.890375 0.02492897727272727 0.031519230769230744
0 0.16811079545454544 0.665 0.023778409090909104 0.027153846153846164
0 0.850859375 0.8420769230769231 0.022542613636363642 0.024576923076923024
0 0.817919034090909 0.8647115384615384 0.022286931818181813 0.03311538461538456
0 0.8150213068181817 0.8368653846153845 0.020894886363636376 0.028538461538461492
0 0.8345454545454545 0.8771923076923077 0.021448863636363627 0.027307692307692286
0 0.839403409090909 0.8547307692307693 0.023835227272727275 0.024576923076923135
0 0.8640838068181818 0.8530865384615385 0.026349431818181814 0.03394230769230776
0 0.8369247159090909 0.8323942307692308 0.024389204545454547 0.024057692307692398
0 0.8558025568181818 0.8181153846153846 0.02291193181818181 0.025807692307692337
0 0.8380255681818182 0.8126634615384616 0.01889204545454547 0.019365384615384604
0 0.8745028409090909 0.7133942307692307 0.021079545454545438 0.03101923076923076
0 0.08590909090909093 0.6365000000000001 0.018039772727272793 0.0244230769230769
0 0.8335298295454545 0.7969038461538461 0.01686079545454544 0.023076923076923078
0 0.8316548295454546 0.7740384615384616 0.024758522727272737 0.02511538461538451
0 0.8287926136363637 0.7501538461538463 0.02863636363636365 0.028230769230769243
0 0.8490696022727273 0.7476730769230769 0.02061079545454546 0.027615384615384642
0 0.8323437499999999 0.6994326923076923 0.025198863636363648 0.029173076923076954
0 0.8483877840909091 0.715875 0.022457386363636367 0.04032692307692313
0 0.8641974431818182 0.6984903846153847 0.03254261363636363 0.02605769230769233
0 0.8327982954545454 0.6746153846153845 0.02017045454545455 0.022961538461538457
0 0.8522798295454546 0.7931153846153846 0.02336647727272728 0.028538461538461492
0 0.858125 0.7752788461538461 0.024062499999999997 0.04063461538461537
0 0.30253551136363643 0.45396153846153847 0.02038352272727276 0.02173076923076925
0 0.8883664772727273 0.8568749999999999 0.021761363636363627 0.02698076923076918
0 0.890205965909091 0.8838653846153847 0.026349431818181814 0.028846153846153848
0 0.8706107954545454 0.872375 0.023835227272727275 0.030711538461538512
0 0.9761292613636363 0.8514423076923077 0.02177556818181818 0.030384615384615298
0 0.9886221590909091 0.8663365384615385 0.021988636363636363 0.029788461538461555
0 0.9899573863636364 0.8331442307692308 0.020085227272727272 0.029788461538461555
0 0.9929332386363636 0.813278846153846 0.014133522727272725 0.03101923076923087
0 0.8774857954545454 0.8261538461538462 0.02017045454545453 0.028230769230769243
0 0.8993678977272728 0.8258461538461539 0.024531250000000004 0.029461538461538556
0 0.88171875 0.8095576923076924 0.01718749999999999 0.022346153846153745
0 0.28431107954545454 0.4605192307692308 0.021150568181818243 0.03346153846153842
0 0.8923792613636363 0.8027403846153847 0.02291193181818181 0.03101923076923076
0 0.9064701704545455 0.7693846153846153 0.023139204545454536 0.027615384615384642
0 0.9033735795454545 0.747201923076923 0.022457386363636377 0.027288461538461536
0 0.8772585227272727 0.7351057692307692 0.027045454545454553 0.022326923076923102
0 0.940390625 0.7769807692307692 0.026349431818181824 0.0428076923076924
0 0.8943252840909091 0.7237788461538461 0.02177556818181818 0.03132692307692301
0 0.8876775568181818 0.7003653846153846 0.015355113636363639 0.0285384615384616
0 0.8825213068181819 0.6794134615384616 0.01879261363636362 0.030096153846153804
0 0.9946519886363636 0.5858846153846153 0.010696022727272728 0.015500000000000005
0 0.8828693181818181 0.6511923076923077 0.01948863636363636 0.027615384615384642
0 0.2616335227272727 0.5219134615384615 0.025227272727272796 0.03690384615384615
0 0.8908948863636363 0.6642211538461538 0.01718749999999999 0.02513461538461537
0 0.9036079545454545 0.6538269230769231 0.02107954545454546 0.023576923076923058
0 0.866143465909091 0.6781826923076922 0.019928977272727275 0.026980769230769287
0 0.9659303977272727 0.7261153846153846 0.026576704545454546 0.027923076923076887
0 0.8340553977272727 0.6493269230769231 0.022230113636363645 0.03007692307692316
0 0.8635014204545455 0.6515 0.02291193181818181 0.02946153846153845
0 0.9924786931818181 0.6743076923076923 0.015042613636363637 0.037230769230769255
0 0.9856463068181818 0.6980384615384616 0.02291193181818182 0.028230769230769243
0 0.9070454545454545 0.6305576923076923 0.02659090909090909 0.02607692307692308
0 0.9868607954545454 0.6220288461538462 0.026278409090909092 0.026365384615384575
0 0.29832386363636365 0.4777692307692308 0.024204545454545482 0.029307692307692326
0 0.9941193181818182 0.6032596153846154 0.011448863636363637 0.021711538461538393
0 0.9958380681818182 0.5664903846153846 0.008011363636363636 0.03444230769230763
0 0.9900710227272728 0.6457596153846155 0.019857954545454547 0.029788461538461555
0 0.9848366477272728 0.5765769230769231 0.022684659090909092 0.0285384615384616
0 0.9818607954545454 0.6007692307692307 0.01900568181818182 0.022961538461538457
0 0.9018892045454545 0.6100865384615385 0.013522727272727268 0.020480769230769188
0 0.8794318181818181 0.6147403846153845 0.02451704545454546 0.03040384615384616
0 0.8463210227272727 0.6293173076923076 0.023835227272727275 0.027903846153846137
0 0.8495241477272727 0.6041923076923077 0.02291193181818181 0.024807692307692263
0 0.826612215909091 0.5934807692307693 0.022457386363636367 0.02450000000000002
0 0.2801136363636364 0.5191538461538462 0.02446022727272723 0.030692307692307654
0 0.8116051136363637 0.5846538461538461 0.021761363636363627 0.03288461538461532
0 0.824659090909091 0.5661826923076922 0.0277272727272727 0.03132692307692311
0 0.8119460227272728 0.5480384615384616 0.02519886363636363 0.03350000000000003
0 0.8341761363636364 0.5461730769230769 0.021534090909090906 0.024192307692307662
0 0.8464346590909091 0.5627692307692307 0.024062499999999997 0.02946153846153845
0 0.8607528409090909 0.5489711538461538 0.021534090909090906 0.02667307692307693
0 0.8598366477272728 0.5739423076923078 0.018792613636363642 0.027000000000000038
0 0.8929545454545454 0.572701923076923 0.02130681818181818 0.02513461538461537
0 0.8764488636363637 0.5717692307692309 0.017642045454545455 0.03134615384615387
0 0.8916903409090909 0.5540865384615384 0.022926136363636343 0.021403846153846145
0 0.2915696022727272 0.5007115384615385 0.02038352272727276 0.03173076923076923
0 0.8922656250000001 0.53625 0.02589488636363635 0.027307692307692286
0 0.9327059659090909 0.553 0.02612215909090909 0.024807692307692263
0 0.9110511363636363 0.541826923076923 0.016732954545454558 0.023576923076923058
0 0.9252627840909091 0.46830769230769226 0.025440340909090916 0.03038461538461535
0 0.9219389204545454 0.5351634615384615 0.02291193181818182 0.026980769230769287
0 0.9170099431818182 0.5979903846153847 0.030468750000000003 0.03040384615384616
0 0.9274431818181819 0.5736346153846155 0.01786931818181818 0.033192307692307674
0 0.9107102272727272 0.5730096153846155 0.02017045454545454 0.022634615384615458
0 0.9634161931818181 0.5947307692307692 0.022457386363636356 0.0226538461538461
0 0.9477130681818182 0.5757980769230768 0.0240625 0.026980769230769287
0 0.10701704545454538 0.38222115384615385 0.021761363636363707 0.029788461538461555
0 0.28431107954545454 0.550375 0.02268465909090905 0.033096153846153914
0 0.9563139204545454 0.5557980769230769 0.023366477272727268 0.03101923076923076
0 0.9724644886363636 0.5688173076923076 0.017656250000000002 0.02544230769230762
0 0.9556178977272727 0.5252403846153846 0.022457386363636363 0.030096153846153804
0 0.9796803977272728 0.5322115384615385 0.03299715909090909 0.03784615384615375
0 0.9902201704545455 0.5125192307692308 0.019247159090909093 0.028846153846153848
0 0.8880255681818182 0.4836634615384615 0.023835227272727275 0.03255769230769238
0 0.9517329545454546 0.46768269230769227 0.02428977272727273 0.03040384615384616
0 0.99328125 0.4403942307692308 0.013437500000000002 0.03536538461538459
0 0.7306036931818182 0.5677307692307693 0.022457386363636367 0.023269230769230705
0 0.7336931818181818 0.5436923076923077 0.024971590909090926 0.0291538461538462
0 0.29514204545454537 0.5346826923076924 0.022926136363636426 0.03413461538461538
0 0.6819034090909091 0.5238461538461539 0.018096590909090923 0.03350000000000003
0 0.6866051136363636 0.535471153846154 0.01926136363636364 0.02513461538461537
0 0.6679261363636364 0.5140673076923077 0.017642045454545476 0.02513461538461548
0 0.6969105113636364 0.5162307692307693 0.015582386363636402 0.033192307692307674
0 0.6860298295454546 0.4985576923076923 0.02177556818181816 0.01892307692307693
0 0.8094247159090908 0.43340384615384614 0.026122159090909113 0.02946153846153845
0 0.8160724431818182 0.4863076923076923 0.01879261363636362 0.03226923076923072
0 0.8146946022727273 0.4596153846153846 0.019247159090909068 0.028538461538461492
0 0.6687357954545454 0.48863461538461533 0.02428977272727272 0.027615384615384587
0 0.6840838068181818 0.47978846153846155 0.024758522727272737 0.024192307692307718
0 0.20724431818181832 0.6047019230769232 0.01937499999999998 0.025865384615384592
0 0.7103196022727273 0.5114326923076924 0.01947443181818179 0.031634615384615365
0 0.7047088068181818 0.4870769230769231 0.020156249999999997 0.02946153846153845
0 0.8259232954545455 0.42580769230769233 0.023835227272727275 0.03165384615384617
0 0.8375 0.4445769230769231 0.020852272727272716 0.03134615384615387
0 0.8545667613636364 0.4391442307692308 0.022002840909090902 0.03225000000000002
0 0.8307386363636364 0.4676923076923077 0.02198863636363637 0.023576923076923113
0 0.7850284090909091 0.45512500000000006 0.020397727272727293 0.031326923076923065
0 0.8003764204545455 0.4545096153846154 0.018110795454545456 0.026365384615384575
0 0.7970525568181819 0.4791634615384615 0.024758522727272737 0.02605769230769233
0 0.8345241477272727 0.49049038461538463 0.019019886363636364 0.02451923076923077
0 0.28403409090909093 0.7357692307692308 0.023948863636363657 0.03138461538461537
0 0.7955681818181819 0.5010384615384615 0.024062499999999997 0.030076923076923105
0 0.8252414772727272 0.5092596153846154 0.021079545454545438 0.029788461538461555
0 0.8055326704545455 0.5101923076923076 0.021093750000000033 0.031653846153846116
0 0.778153409090909 0.5306634615384616 0.01718749999999999 0.025442307692307726
0 0.7822727272727272 0.5080192307692308 0.015340909090909106 0.023576923076923058
0 0.7584446022727273 0.5325192307692307 0.02589488636363635 0.028538461538461492
0 0.7268181818181818 0.4901826923076923 0.025426136363636373 0.024519230769230713
0 0.7153622159090909 0.4636538461538462 0.02268465909090909 0.036
0 0.7490482954545454 0.46613461538461537 0.024971590909090926 0.029153846153846148
0 0.7395383522727272 0.4501634615384615 0.025667613636363627 0.029480769230769255
0 0.22188920454545458 0.6081538461538462 0.014517045454545493 0.03138461538461537
0 0.68671875 0.4479807692307692 0.025426136363636373 0.03319230769230773
0 0.7582173295454545 0.43217307692307694 0.026349431818181834 0.027615384615384587
0 0.7441193181818182 0.4225480769230769 0.025653409090909053 0.04063461538461537
0 0.7668110795454546 0.28698076923076926 0.01879261363636362 0.023884615384615362
0 0.7685227272727273 0.40920192307692305 0.024062499999999997 0.025749999999999974
0 0.7104332386363637 0.4223942307692307 0.02291193181818181 0.03163461538461542
0 0.08806818181818177 0.7953846153846155 0.020624999999999973 0.031038461538461622
0 0.037393465909090984 0.8642980769230769 0.018338068181818136 0.02428846153846153
0 0.05084517045454551 0.8568461538461538 0.01711647727272737 0.030346153846153794
0 0.018849431818181772 0.8768557692307692 0.022017045454545456 0.03228846153846158
0 0.2369247159090908 0.6021057692307693 0.01808238636363639 0.026903846153846063
0 0.06643465909090907 0.8288461538461539 0.02119318181818192 0.02511538461538451
0 0.06593039772727272 0.855326923076923 0.016917613636363592 0.028961538461538466
0 0.10709517045454542 0.8238749999999999 0.025071022727272695 0.03394230769230776
0 0.0310795454545455 0.8840192307692307 0.022215909090909234 0.03007692307692305
0 0.0812144886363636 0.849673076923077 0.017315340909090825 0.030923076923076893
0 0.0917116477272728 0.8593269230769232 0.02322443181818185 0.028153846153846238
0 0.1318678977272728 0.8740961538461538 0.023849431818181766 0.026500000000000058
0 0.14389204545454537 0.8587788461538461 0.02465909090909093 0.02674999999999994
0 0.06205965909090916 0.87775 0.020795454545454527 0.030923076923077
0 0.08875710227272715 0.8842403846153847 0.02038352272727276 0.02951923076923081
0 0.2462215909090908 0.5641730769230769 0.021903409090909032 0.028269230769230855
0 0.04575284090909093 0.8907788461538463 0.025994318181818278 0.02924999999999996
0 0.04109375000000004 0.9121346153846154 0.024204545454545565 0.0297307692307693
0 0.10857244318181813 0.9530769230769232 0.021605113636363527 0.030346153846153905
0 0.10338068181818183 0.9334903846153847 0.024261363636363695 0.02594230769230771
0 0.723955965909091 0.4186730769230769 0.013281249999999993 0.026692307692307682
0 0.7366761363636364 0.4098365384615385 0.013522727272727247 0.030096153846153856
0 0.724296875 0.39680769230769225 0.019928977272727275 0.023269230769230757
0 0.7546590909090909 0.3977307692307692 0.025198863636363648 0.027615384615384642
0 0.7052769886363637 0.37880769230769235 0.01856534090909094 0.024499999999999963
0 0.7143323863636364 0.3836153846153846 0.01696022727272731 0.022961538461538457
0 0.2606178977272726 0.5574423076923077 0.022173295454545473 0.03138461538461537
0 0.7906392045454546 0.33583653846153844 0.021534090909090906 0.021711538461538445
0 0.9958025568181819 0.12209615384615385 0.008394886363636363 0.01984615384615386
0 0.69359375 0.34639423076923076 0.02269886363636362 0.03040384615384616
0 0.695887784090909 0.31816346153846153 0.022230113636363603 0.029788461538461555
0 0.7889204545454545 0.35446153846153844 0.025426136363636373 0.028538461538461544
0 0.6791548295454546 0.28636538461538463 0.02359375000000002 0.033192307692307674
0 0.7881178977272727 0.3122596153846154 0.026576704545454556 0.02605769230769233
0 0.7681818181818182 0.30373076923076925 0.02519886363636361 0.028846153846153848
0 0.732315340909091 0.27983653846153844 0.020852272727272695 0.02636538461538463
0 0.7481321022727272 0.28512499999999996 0.0185653409090909 0.03505769230769229
0 0.2522088068181819 0.589875 0.018082386363636228 0.02725000000000003
0 0.7127272727272727 0.2888461538461538 0.022926136363636385 0.028846153846153848
0 0.7245312500000001 0.2717788461538461 0.02130681818181818 0.031942307692307666
0 0.7098650568181819 0.26014423076923077 0.021321022727272713 0.03101923076923079
0 0.7626846590909091 0.2654134615384615 0.020625000000000015 0.026057692307692275
0 0.7802130681818181 0.26076923076923075 0.017642045454545438 0.0335
0 0.7723082386363636 0.24246153846153845 0.025667613636363665 0.02976923076923075
0 0.7723011363636363 0.22074038461538462 0.01696022727272727 0.016134615384615386
0 0.8063352272727273 0.29721153846153847 0.021761363636363627 0.036923076923076954
0 0.7912073863636364 0.27983653846153844 0.02451704545454544 0.030096153846153856
0 0.8066761363636363 0.22291346153846153 0.023380681818181828 0.04344230769230767
0 0.22966619318181813 0.6272980769230769 0.019872159090908944 0.02690384615384617
0 0.7939630681818182 0.20151923076923076 0.02130681818181818 0.0328846153846154
0 0.8484943181818182 0.26325 0.02451704545454546 0.03288461538461537
0 0.9083096590909091 0.3027980769230769 0.02451704545454546 0.026980769230769232
0 0.8884801136363636 0.3074519230769231 0.02519886363636363 0.0294807692307692
0 0.8961576704545454 0.28171153846153846 0.027258522727272735 0.033192307692307674
0 0.907734375 0.23284615384615387 0.02521306818181818 0.03473076923076926
0 0.9327059659090909 0.2652596153846154 0.026576704545454535 0.03071153846153846
0 0.957684659090909 0.2635576923076923 0.024289772727272733 0.026692307692307682
0 0.939012784090909 0.24711538461538463 0.019019886363636364 0.027307692307692286
0 0.9572230113636364 0.2449423076923077 0.01879261363636363 0.02173076923076925
0 0.09670454545454554 0.4030096153846154 0.016732954545454506 0.0217115384615385
0 0.24698863636363633 0.6317788461538462 0.017329545454545518 0.026211538461538453
0 0.99328125 0.10192307692307692 0.013437500000000002 0.02419230769230769
0 0.9371803977272727 0.21934615384615386 0.019019886363636364 0.03257692307692307
0 0.9567684659090909 0.1841346153846154 0.024758522727272726 0.03165384615384617
0 0.9512642045454546 0.2102019230769231 0.024744318181818183 0.029788461538461528
0 0.9374076704545454 0.18677884615384616 0.027258522727272725 0.029480769230769255
0 0.9165553977272727 0.176375 0.02177556818181818 0.026057692307692303
0 0.9244602272727273 0.14924038461538464 0.02519886363636363 0.03628846153846155
0 0.9394744318181818 0.15947115384615385 0.024062499999999997 0.026980769230769232
0 0.902578125 0.15001923076923074 0.022684659090909078 0.0335
0 0.9110511363636363 0.1258173076923077 0.019943181818181818 0.027288461538461536
0 0.23985795454545444 0.647125 0.022926136363636343 0.02794230769230764
0 0.8928338068181818 0.12410576923076923 0.019247159090909086 0.03194230769230771
0 0.8731321022727273 0.15172115384615384 0.024758522727272737 0.02451923076923077
0 0.8754190340909092 0.1264423076923077 0.02521306818181818 0.02792307692307693
0 0.8163068181818182 0.13621153846153847 0.02107954545454546 0.026999999999999986
0 0.822265625 0.11262499999999999 0.022457386363636367 0.026365384615384617
0 0.8517045454545454 0.10533653846153845 0.021761363636363648 0.03040384615384616
0 0.8620170454545455 0.09028846153846154 0.02130681818181818 0.03196153846153846
0 0.9825497159090909 0.11790384615384616 0.01856534090909091 0.02638461538461538
0 0.9833522727272728 0.13806730769230768 0.016960227272727276 0.017057692307692315
0 0.9835795454545455 0.1534230769230769 0.014659090909090906 0.01738461538461537
0 0.2801136363636364 0.6205673076923077 0.02343749999999992 0.040365384615384636
0 0.9943110795454545 0.14427884615384617 0.011377840909090909 0.026365384615384603
0 0.9611221590909091 0.11946153846153847 0.025653409090909088 0.03692307692307691
0 0.8812642045454545 0.047788461538461544 0.02681818181818181 0.03257692307692308
0 0.895703125 0.019096153846153846 0.023139204545454536 0.03784615384615385
0 0.6799573863636363 0.5849615384615384 0.02428977272727276 0.03288461538461543
0 0.6705610795454545 0.5976826923076922 0.02521306818181818 0.02605769230769233
0 0.6478835227272728 0.5897596153846154 0.020625000000000015 0.030096153846153804
0 0.5949431818181818 0.631173076923077 0.02107954545454542 0.028538461538461492
0 0.6221022727272727 0.6042692307692308 0.020397727272727293 0.02761538461538453
0 0.6061789772727273 0.6156730769230769 0.020624999999999973 0.027307692307692286
0 0.26584517045454537 0.5869326923076924 0.019872159090909104 0.028980769230769216
0 0.6068607954545455 0.6473076923076924 0.023835227272727313 0.029769230769230694
0 0.6269105113636364 0.6421923076923077 0.021321022727272754 0.03196153846153847
0 0.6253125 0.6245480769230769 0.020852272727272737 0.025211538461538487
0 0.12856534090909089 0.24994230769230769 0.020909090909090947 0.023269230769230785
0 0.15333806818181828 0.20301923076923076 0.017187500000000033 0.02638461538461541
0 0.1140980113636364 0.24122115384615386 0.020042613636363657 0.021326923076923056
0 0.20504261363636367 0.2685576923076923 0.017471590909090843 0.023269230769230757
0 0.08100852272727266 0.36732692307692305 0.01696022727272735 0.027307692307692342
0 0.09762073863636367 0.3319615384615385 0.026349431818181755 0.03411538461538463
0 0.008977272727272778 0.1768076923076923 0.017414772727272713 0.02388461538461539
0 0.19272017045454537 0.6554038461538462 0.024957386363636435 0.029307692307692326
0 0.15095170454545448 0.006451923076923077 0.03329545454545462 0.011634615384615384
0 0.12363636363636354 0.007134615384615384 0.024914772727272674 0.013961538461538461
0 0.19495738636363635 0.06200961538461538 0.024914772727272674 0.03217307692307692
0 0.0978480113636363 0.3645480769230769 0.023139204545454494 0.04032692307692307
0 0.11790482954545467 0.34561538461538466 0.02291193181818181 0.03226923076923077
0 0.11950994318181818 0.36577884615384615 0.023366477272727337 0.02421153846153847
0 0.2090482954545454 0.1679230769230769 0.011732954545454533 0.0314230769230769
0 0.12443181818181825 0.39214423076923083 0.018096590909090923 0.03598076923076925
0 0.14402698863636365 0.3797403846153846 0.02521306818181818 0.04155769230769234
0 0.09762073863636356 0.42084615384615387 0.02177556818181824 0.027615384615384642
0 0.20342329545454552 0.626423076923077 0.017840909090909175 0.03207692307692309
0 0.11366477272727271 0.43388461538461537 0.024062500000000077 0.03257692307692307
0 0.13348721590909096 0.41557692307692307 0.02703124999999996 0.028230769230769243
0 0.11217329545454546 0.4057980769230769 0.01696022727272735 0.027288461538461588
0 0.12672585227272715 0.4627307692307692 0.022230113636363603 0.02946153846153845
0 0.13210937499999997 0.4402403846153846 0.02061079545454544 0.025442307692307674
0 0.1510085227272726 0.43324999999999997 0.020852272727272657 0.03257692307692307
0 0.1624715909090909 0.4462884615384615 0.030028409090909234 0.0363076923076923
0 0.14849431818181813 0.46475000000000005 0.026363636363636447 0.0372307692307692
0 0.7301491477272727 0.46831730769230767 0.015752840909090914 0.021711538461538445
0 0.1669389204545454 0.41371153846153846 0.025667613636363548 0.027615384615384642
0 0.2876278409090909 0.5896923076923076 0.025227272727272713 0.03173076923076923
0 0.18618607954545463 0.4081346153846154 0.02291193181818181 0.03257692307692307
0 0.16647727272727275 0.3873365384615385 0.021534090909090864 0.02636538461538463
0 0.1621306818181819 0.3557019230769231 0.02428977272727276 0.03132692307692311
0 0.18217329545454541 0.3794230769230769 0.02451704545454544 0.027923076923076943
0 0.18309659090909103 0.35523076923076924 0.020397727272727293 0.022346153846153856
0 0.21506392045454537 0.3595769230769231 0.02521306818181818 0.03165384615384617
0 0.1987926136363637 0.3662403846153846 0.0210795454545455 0.02513461538461537
0 0.2403835227272727 0.36842307692307696 0.019943181818181766 0.028846153846153848
0 0.15318892045454546 0.3411153846153846 0.021548295454545396 0.033192307692307674
0 0.17335937499999998 0.34018269230769227 0.018792613636363663 0.02636538461538463
0 0.2604900568181818 0.6916153846153846 0.0183380681818183 0.030692307692307654
0 0.22124999999999995 0.34328846153846154 0.02017045454545461 0.026999999999999986
0 0.2022230113636364 0.33739423076923075 0.019247159090909027 0.03628846153846155
0 0.1882528409090909 0.3338269230769231 0.018323863636363603 0.027307692307692286
0 0.24232954545454544 0.3418942307692308 0.02198863636363639 0.02482692307692307
0 0.13760653409090906 0.3063653846153846 0.022457386363636287 0.028230769230769243
0 0.18160511363636367 0.2900865384615385 0.02659090909090913 0.02667307692307693
0 0.18652698863636374 0.30172115384615383 0.022684659090908967 0.031326923076923065
0 0.6664985795454546 0.639028846153846 0.018906250000000003 0.0294807692307692
0 0.6256889204545455 0.6979711538461538 0.019758522727272763 0.021711538461538393
0 0.25012073863636364 0.3139711538461538 0.021548295454545396 0.031019230769230816
0 0.2087713068181819 0.6947307692307693 0.021917613636363728 0.030000000000000044
0 0.23350852272727274 0.32467307692307695 0.019943181818181766 0.03257692307692307
0 0.23934659090909094 0.2995480769230769 0.016505681818181663 0.026980769230769232
0 0.20566761363636354 0.29520192307692306 0.0210795454545455 0.030096153846153856
0 0.6155752840909091 0.39900961538461543 0.019559659090909065 0.03724999999999996
0 0.965078125 0.22527884615384614 0.03981534090909091 0.03178846153846154
0 0.0618749999999999 0.25519230769230766 0.023153409090909186 0.03319230769230773
0 0.7669957386363636 0.35625 0.030355113636363642 0.053499999999999985
0 0.7548224431818181 0.36575 0.023196022727272746 0.04303846153846153
0 0.7351988636363637 0.38146153846153846 0.024062499999999997 0.027923076923076943
0 0.7399218750000001 0.35391346153846154 0.01862215909090911 0.030250000000000034
0 0.20341619318181803 0.671625 0.027514204545454553 0.02724999999999992
0 0.727890625 0.3322019230769231 0.015752840909090914 0.05275000000000001
0 0.7174360795454545 0.3643846153846154 0.02921875000000003 0.027923076923076943
0 0.5408309659090909 0.42550961538461535 0.015127840909090877 0.0291730769230769
0 0.7115625 0.33763461538461537 0.02090909090909091 0.018615384615384627
0 0.7138636363636364 0.34674038461538464 0.02034090909090908 0.021326923076923084
0 0.7132883522727274 0.3104903846153846 0.019758522727272763 0.01859615384615382
0 0.7135724431818182 0.31941346153846156 0.015184659090909087 0.02017307692307694
0 0.7744460227272727 0.32809615384615387 0.02130681818181818 0.033499999999999974
0 0.5491903409090909 0.43497115384615387 0.016278409090909142 0.03940384615384617
0 0.5280610795454546 0.4459519230769231 0.019928977272727234 0.02513461538461537
0 0.07654119318181818 0.3926153846153846 0.029559659090909015 0.0369230769230769
0 0.2206178977272728 0.7052403846153846 0.019105113636363538 0.02690384615384617
0 0.5413494318181818 0.45757692307692305 0.013522727272727247 0.028538461538461544
0 0.4306747159090909 0.44067307692307695 0.01947443181818187 0.02450000000000002
0 0.4413352272727272 0.44517307692307695 0.017414772727272713 0.02046153846153849
0 0.44534090909090907 0.4564519230769231 0.018323863636363683 0.02598076923076927
0 0.6621164772727273 0.3647692307692308 0.024062499999999997 0.03257692307692307
0 0.6642755681818182 0.3950288461538462 0.02090909090909091 0.03490384615384617
0 0.7450426136363637 0.5103846153846153 0.027215909090909086 0.03296153846153854
0 0.7666690340909091 0.5134903846153845 0.019474431818181828 0.026750000000000048
0 0.11676136363636369 0.2694615384615385 0.027954545454545385 0.03753846153846151
0 0.7424644886363636 0.48344230769230767 0.026065340909090903 0.02403846153846154
0 0.23348721590909094 0.7200769230769231 0.021917613636363728 0.03173076923076923
0 0.920830965909091 0.6926249999999999 0.018053977272727274 0.03336538461538455
0 0.13749999999999996 0.28125 0.024062499999999917 0.028230769230769243
0 0.12431818181818177 0.29690384615384613 0.02198863636363639 0.028538461538461544
0 0.9066548295454545 0.7189903846153847 0.024644886363636365 0.048865384615384554
0 0.2559659090909091 0.14613461538461536 0.023607954545454553 0.04715384615384616
0 0.9432173295454546 0.6532115384615383 0.02771306818181818 0.02511538461538462
0 0.2671875 0.1833653846153846 0.024062499999999997 0.03226923076923077
0 0.2370596590909091 0.18197115384615384 0.02338068181818187 0.029480769230769255
0 0.3542684659090909 0.195 0.022230113636363683 0.036307692307692326
0 0.9211221590909091 0.7498173076923076 0.016619318181818186 0.025596153846153852
0 0.2724715909090908 0.689451923076923 0.01284090909090912 0.02759615384615389
0 0.3421235795454546 0.2057019230769231 0.03186079545454546 0.03536538461538462
0 0.32768465909090905 0.2204326923076923 0.02542613636363633 0.03071153846153846
0 0.9265625 0.7381923076923077 0.020625000000000004 0.027153846153846164
0 0.9059375000000001 0.6738173076923076 0.02863636363636363 0.02713461538461541
0 0.9020738636363637 0.6877788461538461 0.02090909090909091 0.020942307692307666
0 0.32401988636363643 0.24572115384615387 0.02681818181818181 0.02667307692307693
0 0.28529829545454544 0.2240096153846154 0.0277272727272727 0.04032692307692307
0 0.275674715909091 0.2556538461538462 0.025894886363636307 0.031653846153846144
0 0.49610085227272727 0.9661057692307692 0.02220170454545454 0.029557692307692316
0 0.9772585227272728 0.6770192307692308 0.020056818181818183 0.02288461538461534
0 0.27867897727272717 0.6734423076923078 0.019573863636363677 0.023192307692307696
0 0.4883238636363636 0.9798653846153845 0.01809659090909084 0.031653846153846116
0 0.46369318181818187 0.9889711538461539 0.03323863636363633 0.02132692307692292
0 0.9835582386363636 0.6651826923076922 0.015468750000000002 0.0217115384615385
0 0.8490767045454546 0.6748846153846154 0.02090909090909091 0.044192307692307725
0 0.1102769886363636 0.7852884615384615 0.02291193181818181 0.028307692307692253
0 0.23554687500000004 0.6940576923076923 0.015042613636363682 0.027153846153846164
0 0.2497230113636365 0.7086923076923076 0.022343749999999864 0.037999999999999985
0 0.2222301136363637 0.6807692307692308 0.024062499999999917 0.024807692307692263
0 0.6306960227272727 0.711153846153846 0.02750000000000002 0.02173076923076925
0 0.8805894886363637 0.753798076923077 0.03808238636363637 0.029096153846153838
0 0.2853053977272727 0.6941442307692308 0.015298295454545429 0.024826923076923125
0 0.22151278409090902 0.6553749999999999 0.019758522727272684 0.03140384615384612
0 0.26046875 0.6053461538461538 0.01690340909090922 0.0244230769230769
0 0.8771519886363637 0.7910192307692308 0.033508522727272734 0.04692307692307688
0 0.2614630681818181 0.6280384615384615 0.024630681818181864 0.024807692307692263
0 0.26209517045454545 0.648125 0.018792613636363663 0.019865384615384583
0 0.2811434659090909 0.6492884615384615 0.02376420454545465 0.02946153846153845
0 0.18796875000000002 0.6242403846153847 0.02130681818181818 0.044365384615384605
0 0.7317613636363637 0.6372788461538461 0.02428977272727272 0.0306346153846154
0 0.7210653409090909 0.651625 0.02778409090909091 0.029865384615384672
0 0.6685085227272727 0.6671442307692307 0.028068181818181805 0.04382692307692312
0 0.29580965909090906 0.6760673076923077 0.016306818181818207 0.025673076923076965
0 0.680390625 0.6591923076923076 0.02205965909090909 0.03800000000000009
0 0.6521803977272727 0.6694711538461539 0.02291193181818181 0.05313461538461538
0 0.6587642045454545 0.692923076923077 0.021193181818181802 0.03257692307692307
0 0.1360937499999999 0.6389326923076923 0.017187500000000033 0.025211538461538487
0 0.5944744318181818 0.6791153846153846 0.022784090909090858 0.024807692307692263
0 0.12635653409090897 0.637 0.012599431818181824 0.02830769230769236
0 0.6132244318181819 0.681875 0.02232954545454541 0.03298076923076919
0 0.7004403409090909 0.7892884615384615 0.021477272727272692 0.046153846153846156
0 0.8167045454545454 0.8912115384615383 0.021477272727272713 0.0244230769230769
0 0.11475852272727272 0.6218653846153847 0.021477272727272734 0.034499999999999996
0 0.2798295454545454 0.710076923076923 0.020624999999999973 0.02346153846153844
0 0.7947514204545454 0.9858846153846154 0.0254119318181818 0.027423076923076904
0 0.13282670454545453 0.540701923076923 0.01786931818181808 0.02109615384615379
0 0.10842329545454532 0.5532307692307692 0.03116477272727264 0.02984615384615381
0 0.10186789772727256 0.5662211538461539 0.015752840909090956 0.02948076923076931
0 0.1504758522727272 0.6002692307692308 0.020156249999999917 0.03411538461538463
0 0.8188494318181818 0.9887403846153846 0.03607954545454544 0.021711538461538393
0 0.16628551136363645 0.5875480769230769 0.014673295454545513 0.02667307692307693
0 0.8219602272727273 0.9459903846153845 0.030426136363636388 0.03490384615384622
0 0.8115767045454545 0.920298076923077 0.018977272727272745 0.02713461538461541
0 0.17843039772727276 0.5704807692307692 0.018792613636363663 0.03226923076923083
0 0.2692542613636363 0.7269807692307692 0.024957386363636355 0.034499999999999996
0 0.8248295454545455 0.9719230769230769 0.016818181818181822 0.022769230769230722
0 0.7591264204545455 0.98825 0.01862215909090907 0.023269230769230924
0 0.7670028409090909 0.9845673076923077 0.02119318181818184 0.029865384615384672
0 0.8198508522727272 0.9116730769230769 0.020923295454545462 0.02288461538461534
0 0.2129119318181818 0.644125 0.020340909090909 0.029096153846153838
0 0.45214488636363626 0.2254615384615385 0.025653409090909095 0.0335
0 0.7707244318181818 0.9192307692307692 0.026931818181818154 0.03103846153846151
0 0.5258380681818182 0.4983557692307692 0.018096590909090923 0.03586538461538468
0 0.5310014204545455 0.47523076923076923 0.025071022727272695 0.036346153846153854
0 0.5462144886363636 0.4999519230769231 0.028281250000000036 0.03732692307692307
0 0.188359375 0.7280096153846154 0.028281249999999956 0.03863461538461545
0 0.5514133522727274 0.30465384615384616 0.025667613636363627 0.03165384615384617
0 0.18862926136363645 0.5815 0.023139204545454654 0.03134615384615376
0 0.4790696022727272 0.14675961538461538 0.019019886363636343 0.02625000000000001
0 0.46871448863636367 0.13596153846153847 0.02075284090909085 0.026692307692307696
0 0.20466619318181822 0.584451923076923 0.02177556818181824 0.02605769230769233
0 0.4802130681818182 0.11942307692307691 0.017187500000000033 0.02834615384615385
0 0.4614275568181818 0.056855769230769224 0.022230113636363683 0.026980769230769225
0 0.21704545454545443 0.578701923076923 0.017187500000000033 0.03132692307692311
0 0.20111505681818187 0.5610288461538462 0.02703124999999996 0.03132692307692311
0 0.1880539772727272 0.5479999999999999 0.024744318181818284 0.03196153846153847
0 0.2284943181818181 0.7540576923076924 0.023948863636363657 0.03138461538461537
0 0.49187499999999995 0.12404807692307691 0.018153409090909133 0.02482692307692307
0 0.22700994318181822 0.5559038461538461 0.023821022727272864 0.029769230769230805
0 0.4977414772727272 0.13193269230769228 0.02017045454545453 0.015519230769230783
0 0.4974005681818181 0.14759615384615385 0.021761363636363627 0.027615384615384642
0 0.23335937500000015 0.578903846153846 0.017571022727272734 0.025038461538461614
0 0.48445312500000004 0.1648076923076923 0.02291193181818181 0.027615384615384615
0 0.44618607954545453 0.17195192307692306 0.02291193181818181 0.034442307692307716
0 0.4751704545454545 0.19025 0.023607954545454553 0.02638461538461541
0 0.4814772727272727 0.21243269230769232 0.017414772727272713 0.027288461538461536
0 0.1681178977272727 0.5462884615384616 0.017428977272727245 0.023576923076923058
0 0.05282670454545457 0.3698173076923077 0.021988636363636228 0.025442307692307674
0 0.2909090909090909 0.7828557692307693 0.021903409090909112 0.024826923076923125
0 0.4639488636363637 0.21103846153846156 0.020397727272727293 0.031961538461538444
0 0.4791832386363637 0.03404807692307692 0.01649147727272721 0.03475
0 0.21784090909090914 0.5414807692307693 0.023835227272727234 0.02699999999999993
0 0.472080965909091 0.03870192307692308 0.020156249999999997 0.03475
0 0.4052840909090909 0.011403846153846155 0.02130681818181818 0.02234615384615385
0 0.24556818181818185 0.5042500000000001 0.025198863636363648 0.03134615384615387
0 0.2105113636363637 0.5203846153846154 0.03528409090909095 0.03442307692307699
0 0.16376420454545448 0.5224038461538462 0.02659090909090913 0.024807692307692374
0 0.42785511363636364 0.012221153846153847 0.021534090909090944 0.024442307692307694
0 0.15814630681818187 0.5011442307692309 0.015809659090909086 0.026365384615384575
0 0.3714204545454546 0.6096923076923078 0.016306818181818207 0.03242307692307695
0 0.1643394886363635 0.48145192307692314 0.029559659090909175 0.029788461538461555
0 0.17350142045454542 0.5062692307692308 0.02038352272727276 0.025423076923076975
0 0.1847301136363636 0.47586538461538463 0.021761363636363707 0.04096153846153849
0 0.2050142045454546 0.49603846153846154 0.023835227272727234 0.037230769230769255
0 0.3817968749999999 0.00926923076923077 0.017883522727272692 0.01853846153846154
0 0.1847301136363636 0.44096153846153846 0.01948863636363624 0.03319230769230773
0 0.19870738636363638 0.4659423076923077 0.024971590909090804 0.02480769230769232
0 0.21039062500000005 0.47710576923076925 0.022230113636363766 0.027288461538461536
0 0.369424715909091 0.00725 0.020156249999999997 0.0145
0 0.22666193181818173 0.4937115384615385 0.023607954545454553 0.03257692307692307
0 0.3795738636363637 0.6341826923076923 0.02446022727272723 0.02690384615384617
0 0.2714630681818182 0.49478846153846157 0.021534090909090944 0.026692307692307737
0 0.26963068181818184 0.4738461538461538 0.017414772727272633 0.015192307692307703
0 0.2562215909090909 0.48191346153846154 0.02130681818181818 0.0294807692307692
0 0.3115625000000001 0.4375576923076923 0.02107954545454542 0.028230769230769243
0 0.3587926136363637 0.02090384615384615 0.01803977272727271 0.029076923076923077
0 0.23949573863636364 0.47896153846153844 0.01535511363636356 0.027923076923076887
0 0.2240269886363635 0.4651634615384615 0.019701704545454553 0.030096153846153856
0 0.24511363636363626 0.4603557692307692 0.023380681818181707 0.026057692307692275
0 0.2647017045454544 0.4553942307692308 0.020397727272727293 0.02421153846153847
0 0.20122869318181813 0.4418942307692308 0.01947443181818187 0.026365384615384575
0 0.3833948863636363 0.6112500000000001 0.024971590909090888 0.030692307692307654
0 0.2254048295454545 0.4383269230769231 0.021093750000000033 0.027923076923076943
0 0.21119318181818192 0.4260769230769231 0.023835227272727397 0.03442307692307688
0 0.21028409090909084 0.40063461538461537 0.01786931818181824 0.018307692307692327
0 0.21371448863636355 0.38125 0.023366477272727174 0.024192307692307662
0 0.23387784090909103 0.4180096153846154 0.02428977272727276 0.02513461538461537
0 0.23022017045454557 0.39892307692307694 0.02291193181818181 0.03784615384615386
0 0.2993607954545454 0.007326923076923077 0.021761363636363707 0.014346153846153845
0 0.34189630681818184 0.01701923076923077 0.019190340909090896 0.028307692307692308
0 0.24740056818181833 0.4091634615384615 0.016505681818181826 0.016134615384615414
0 0.26435369318181823 0.4138269230769231 0.019247159090909027 0.028538461538461544
0 0.4147301136363637 0.5971153846153846 0.023948863636363574 0.035538461538461574
0 0.33201704545454547 0.03622115384615385 0.024062499999999997 0.03025
0 0.27715909090909097 0.439875 0.01690340909090914 0.030249999999999982
0 0.29205965909090914 0.4329038461538462 0.01803977272727271 0.03334615384615385
0 0.3530681818181818 0.005586538461538462 0.017471590909090843 0.010865384615384615
0 0.33316051136363634 0.010625 0.02291193181818181 0.020942307692307694
0 0.3039417613636364 0.4154423076923077 0.022343749999999944 0.023269230769230813
0 0.28417613636363637 0.41428846153846155 0.02119318181818176 0.02403846153846154
0 0.3153977272727272 0.015278846153846155 0.020625000000000056 0.03025
0 0.29950284090909096 0.39587500000000003 0.0220454545454546 0.021326923076923084
0 0.046555397727272685 0.08467307692307692 0.022002840909090923 0.02823076923076923
0 0.39625710227272737 0.6057307692307693 0.020127840909090932 0.030692307692307654
0 0.28017045454545453 0.37550961538461536 0.03093749999999996 0.027134615384615358
0 0.029254261363636402 0.08870192307692308 0.019928977272727234 0.03505769230769232
0 0.27931107954545453 0.39508653846153846 0.029786931818181858 0.022096153846153863
0 0.25983664772727266 0.3859807692307692 0.02291193181818181 0.027923076923076943
0 0.2589701704545455 0.36212500000000003 0.02291193181818181 0.025980769230769214
0 0.26355823863636374 0.34704807692307693 0.022230113636363603 0.026365384615384575
0 0.04265624999999995 0.05721153846153846 0.024744318181818124 0.03226923076923077
0 0.21647017045454542 0.3181923076923077 0.019701704545454553 0.02511538461538462
0 0.020198863636363695 0.02556730769230769 0.024744318181818124 0.031634615384615386
0 0.02455965909090907 0.042326923076923074 0.02428977272727276 0.022961538461538464
0 0.38237215909090905 0.585903846153846 0.023948863636363657 0.024846153846153875
0 0.0033664772727273196 0.006490384615384615 0.006647727272727363 0.01271153846153846
0 0.2526775568181818 0.2528942307692308 0.02612215909090907 0.024826923076923097
0 0.021576704545454573 0.06884615384615383 0.02428977272727276 0.03134615384615386
0 0.2664204545454545 0.23318269230769229 0.024744318181818124 0.030711538461538488
0 0.223515625 0.22008653846153844 0.02291193181818181 0.030250000000000006
0 0.21993607954545458 0.25014423076923076 0.01862215909090911 0.03063461538461537
0 0.2037500000000001 0.24935576923076927 0.018323863636363603 0.029865384615384617
0 0.006115056818181919 0.0809423076923077 0.011690340909090774 0.03196153846153846
0 0.003821022727272805 0.0576826923076923 0.007102272727272727 0.01582692307692308
0 0.20948153409090897 0.22434615384615383 0.02177556818181824 0.03103846153846154
0 0.3975355113636364 0.6381538461538462 0.017571022727272734 0.024499999999999907
0 0.17911931818181803 0.2681730769230769 0.02119318181818176 0.02403846153846154
0 0.19630681818181828 0.1985576923076923 0.028068181818181805 0.029846153846153866
0 0.010696022727272658 0.09288461538461538 0.018551136363636287 0.029153846153846162
0 0.1978835227272726 0.17877884615384615 0.017471590909091006 0.016673076923076926
0 0.004396306818181817 0.10886538461538461 0.008252840909090831 0.02511538461538462
0 0.04002840909090921 0.12267307692307693 0.024062499999999917 0.031653846153846144
0 0.19630681818181828 0.16210576923076925 0.014318181818181876 0.019788461538461522
0 0.009552556818181679 0.1294903846153846 0.019019886363636343 0.04032692307692306
0 0.01997159090909084 0.10808653846153846 0.02428977272727276 0.021096153846153844
0 0.026392045454545543 0.13539423076923077 0.02198863636363639 0.03413461538461538
0 0.4086150568181818 0.6248846153846154 0.025980113636363666 0.021384615384615394
0 0.011612215909090895 0.15649038461538461 0.02177556818181824 0.03040384615384616
0 0.15864346590909084 0.24605769230769228 0.019190340909091056 0.024038461538461512
0 0.013210227272727249 0.19945192307692308 0.02451704545454544 0.03071153846153846
0 0.11725142045454551 0.18459615384615385 0.01546874999999998 0.02907692307692306
0 0.17596590909090903 0.24683653846153844 0.01775568181818182 0.025596153846153824
0 0.12713068181818177 0.1737403846153846 0.024914772727272674 0.026749999999999993
0 0.19042613636363626 0.24548076923076925 0.01690340909090906 0.0267692307692308
0 0.18828835227272733 0.2222115384615385 0.02291193181818181 0.023653846153846147
0 0.15033380681818187 0.1754903846153846 0.022059659090909053 0.022480769230769228
0 0.16894886363636374 0.22609615384615384 0.02548295454545446 0.023653846153846147
0 0.42607244318181814 0.6050480769230769 0.021150568181818163 0.026557692307692202
0 0.14201704545454552 0.18478846153846154 0.020909090909090947 0.014730769230769224
0 0.17338778409090916 0.204375 0.022343749999999864 0.022096153846153835
0 0.1328551136363636 0.2326826923076923 0.017471590909090843 0.01978846153846155
0 0.11739346590909083 0.22201923076923075 0.015184659090909169 0.022500000000000006
0 0.10192471590909091 0.18634615384615386 0.020326704545454467 0.0341153846153846
0 0.17982954545454533 0.18014423076923075 0.021477272727272734 0.03178846153846154
0 0.1630752840909092 0.19235576923076925 0.02291193181818181 0.028326923076923083
