0 0.023778409090909114 0.8882596153846154 0.04755681818181821 0.07924999999999999
0 0.40930397727272727 0.44025961538461544 0.07528409090909091 0.15078846153846148
0 0.7671448863636363 0.3690288461538461 0.0334943181818182 0.04401923076923074
0 0.6248579545454545 0.9389711538461538 0.1100852272727273 0.12113461538461537
0 0.5131889204545454 0.97625 0.04950284090909086 0.047115384615384615
0 0.3952627840909091 0.7511826923076923 0.037116477272727266 0.052711538461538456
0 0.4240411931818181 0.7639903846153846 0.03279829545454542 0.06478846153846153
0 0.42207386363636357 0.8054615384615385 0.06085227272727269 0.07400000000000001
0 0.47219460227272725 0.7933076923076923 0.06765624999999999 0.08657692307692309
0 0.5116761363636364 0.7782403846153846 0.021789772727272692 0.03144230769230768
0 0.31594460227272725 0.709701923076923 0.05808238636363634 0.08309615384615386
0 0.3957741477272727 0.7733461538461539 0.023309659090909044 0.032115384615384594
0 0.33764204545454546 0.6632307692307693 0.021619318181818222 0.03173076923076923
0 0.33921164772727275 0.6890384615384615 0.052798295454545396 0.05249999999999997
0 0.6716051136363637 0.9642788461538462 0.01835227272727275 0.02401923076923077
0 0.007585227272727146 0.827923076923077 0.015170454545454475 0.07276923076923078
0 0.5854119318181819 0.9782403846153847 0.042017045454545515 0.04328846153846154
0 0.030816761363636314 0.8180673076923077 0.06163352272727271 0.08217307692307693
0 0.5548366477272728 0.9768653846153846 0.03583806818181821 0.046269230769230764
0 0.36189630681818175 0.6656923076923077 0.02294034090909096 0.038423076923076956
0 0.8592045454545454 0.8310192307692308 0.03835227272727273 0.04430769230769232
0 0.8666903409090909 0.675125 0.04230113636363637 0.07790384615384614
0 0.1451917613636362 0.5686442307692308 0.050866477272727355 0.08417307692307695
0 0.8851065340909091 0.7633653846153846 0.030781250000000003 0.12503846153846154
0 0.9202130681818181 0.7156346153846154 0.07107954545454545 0.06934615384615385
0 0.903515625 0.6550673076923077 0.07913352272727273 0.05959615384615386
0 0.7605113636363636 0.9836538461538461 0.05553977272727272 0.032692307692307694
0 0.9908238636363637 0.8689326923076923 0.018352272727272727 0.07986538461538462
0 0.39243607954545456 0.26447115384615383 0.046406250000000024 0.06213461538461539
0 0.4124147727272728 0.29675961538461537 0.03840909090909094 0.05201923076923068
0 0.43523437499999995 0.27494230769230776 0.03146306818181823 0.04119230769230772
0 0.3764204545454546 0.6508365384615384 0.023267045454545447 0.04444230769230772
0 0.43574573863636357 0.3442211538461538 0.04538352272727271 0.07155769230769238
0 0.0788991477272728 0.6710865384615385 0.07964488636363644 0.12905769230769235
0 0.2798792613636364 0.9651538461538461 0.08654829545454538 0.06969230769230769
0 0.22023437499999998 0.9719134615384616 0.04549715909090905 0.05617307692307692
0 0.43291193181818177 0.22572115384615388 0.07116477272727267 0.08517307692307685
0 0.27550426136363637 0.7979423076923077 0.015980113636363556 0.022346153846153828
0 0.023757102272727315 0.9847692307692307 0.04751420454545461 0.03046153846153846
0 0.4688778409090909 0.28610576923076914 0.03531249999999994 0.09982692307692312
0 0.8143394886363636 0.8708173076923077 0.04779829545454546 0.08236538461538463
0 0.8437428977272727 0.9603269230769231 0.05495738636363636 0.07934615384615384
0 0.15237215909090907 0.2828076923076923 0.0687215909090909 0.08911538461538468
0 0.17991477272727263 0.2636250000000001 0.04511363636363635 0.06317307692307686
0 0.010930397727272667 0.6563076923076923 0.021860795454545435 0.064
0 0.44129261363636363 0.30618269230769235 0.023977272727272722 0.03524999999999997
0 0.8668750000000001 0.8921057692307692 0.05113636363636364 0.09725
0 0.6960085227272728 0.3913461538461539 0.07838068181818182 0.13842307692307695
0 0.7386079545454546 0.39101923076923073 0.04673295454545456 0.10480769230769231
0 0.033501420454545516 0.5156730769230771 0.06640625 0.11703846153846151
0 0.15917613636363626 0.4889326923076923 0.07156249999999999 0.06821153846153846
0 0.32160511363636357 0.13793269230769234 0.0807670454545454 0.10428846153846147
0 0.32227982954545453 0.18525000000000003 0.09705965909090906 0.11623076923076922
0 0.8574928977272727 0.2043076923076923 0.04788352272727274 0.10761538461538468
0 0.8365411931818182 0.16426923076923083 0.042855113636363636 0.08265384615384619
0 0.9164701704545455 0.7795288461538461 0.04345170454545454 0.06544230769230769
0 0.8173721590909091 0.10553846153846158 0.04238636363636364 0.05346153846153837
0 0.06700994318181808 0.9448365384615385 0.0745596590909091 0.11032692307692307
0 0.0760227272727273 0.8598557692307692 0.07593750000000005 0.08686538461538461
0 0.1680965909090908 0.9361442307692308 0.09917613636363644 0.12771153846153846
0 0.7999005681818182 0.9332788461538462 0.03323863636363637 0.05848076923076923
0 0.09874289772727274 0.9457692307692308 0.047855113636363716 0.10846153846153846
0 0.01833096590909089 0.9361442307692308 0.03666193181818174 0.0901346153846154
0 0.03137073863636364 0.7298653846153846 0.06268465909090909 0.13600000000000004
0 0.12661221590909089 0.3418653846153846 0.01825284090909078 0.03784615384615386
0 0.007080965909090908 0.6037788461538461 0.014161931818181856 0.04174999999999996
0 0.7089417613636364 0.39275961538461546 0.030525568181818195 0.04355769230769226
0 0.15482244318181815 0.4380288461538461 0.0547301136363636 0.058788461538461526
0 0.1758877840909091 0.5309134615384615 0.07836647727272722 0.08313461538461542
0 0.17717329545454552 0.6342115384615385 0.08144886363636368 0.14296153846153847
0 0.13388494318181832 0.6653461538461538 0.05805397727272728 0.12453846153846157
0 0.0357386363636365 0.3608173076923077 0.07090909090909085 0.20278846153846164
0 0.13252130681818175 0.29666346153846146 0.012769886363636377 0.019403846153846105
0 0.3077556818181818 0.06546153846153846 0.019573863636363677 0.02403846153846154
0 0.7903977272727273 0.15945192307692302 0.08991477272727275 0.1447884615384616
0 0.900390625 0.1587980769230769 0.09151988636363638 0.1521730769230769
0 0.8457954545454546 0.08836538461538457 0.08318181818181819 0.08607692307692306
0 0.9304261363636364 0.754201923076923 0.02991477272727272 0.04986538461538463
0 0.46717329545454545 0.9818365384615385 0.06264204545454549 0.03594230769230769
0 0.7761931818181818 0.6507788461538462 0.037414772727272734 0.08298076923076919
0 0.8633806818181818 0.7688269230769231 0.026477272727272728 0.10869230769230769
0 0.8485582386363637 0.7119423076923077 0.03538352272727272 0.07596153846153846
0 0.8223721590909091 0.6632499999999999 0.059573863636363654 0.07596153846153846
0 0.4581676136363636 0.45090384615384616 0.04460227272727269 0.10507692307692316
0 0.34301136363636364 0.35187500000000005 0.10974431818181817 0.10721153846153846
0 0.3912713068181819 0.38966346153846154 0.022428977272727302 0.034403846153846125
0 0.3532528409090909 0.3930576923076923 0.0476420454545454 0.04523076923076919
0 0.4586860795454545 0.5282115384615385 0.05285511363636361 0.09215384615384618
0 0.6794957386363636 0.9793076923076923 0.05981534090909089 0.04138461538461538
0 0.44556107954545443 0.6716153846153846 0.07961647727272729 0.10611538461538463
0 0.31602982954545455 0.5643846153846154 0.04166193181818179 0.04580769230769229
0 0.48051846590909086 0.7340192307692308 0.01836647727272728 0.06953846153846151
0 0.4819957386363636 0.4441057692307693 0.033196022727272734 0.12959615384615383
0 0.4984303977272727 0.4192403846153846 0.04930397727272724 0.11213461538461539
0 0.41843039772727275 0.7024711538461539 0.11447443181818186 0.10024999999999999
0 0.3500994318181818 0.6735096153846154 0.02144886363636359 0.034403846153846125
0 0.32097301136363643 0.4828461538461538 0.034644886363636426 0.07092307692307696
0 0.33974431818181816 0.4325769230769231 0.07136363636363638 0.0737307692307693
0 0.3548011363636363 0.5386923076923077 0.04661931818181817 0.05026923076923074
0 0.8059090909090909 0.9779711538461539 0.04116477272727271 0.044057692307692305
0 0.32974431818181815 0.5283557692307692 0.03980113636363634 0.05305769230769231
0 0.2943678977272728 0.5343557692307692 0.05404829545454539 0.0991346153846154
0 0.532919034090909 0.5032211538461538 0.10217329545454547 0.23475000000000004
0 0.34159801136363643 0.5925865384615384 0.07177556818181814 0.061980769230769214
0 0.3869815340909091 0.6305576923076923 0.02268465909090913 0.0675769230769231
0 0.6643181818181818 0.49716346153846147 0.09627840909090905 0.09817307692307695
0 0.9782954545454545 0.47316346153846156 0.043409090909090904 0.11998076923076921
0 0.645184659090909 0.3970769230769231 0.0781534090909091 0.1238076923076923
0 0.6895170454545454 0.4047788461538462 0.015511363636363618 0.02255769230769234
0 0.7029616477272727 0.41638461538461535 0.012372159090909102 0.022115384615384617
