0 0.24635653409090896 0.8033461538461539 0.016917613636363592 0.023692307692307707
0 0.3657670454545454 0.9447115384615384 0.09687500000000006 0.07926923076923077
0 0.6116903409090909 0.8095192307692307 0.02707386363636364 0.041499999999999995
0 0.8673224431818182 0.44353846153846155 0.06958806818181819 0.18553846153846157
0 0.1469531249999999 0.3538365384615385 0.07930397727272732 0.07632692307692307
0 0.529296875 0.44399038461538465 0.02274147727272726 0.03475000000000009
0 0.9098011363636364 0.15003846153846145 0.033153409090909094 0.06349999999999996
0 0.6435724431818182 0.606798076923077 0.09671875000000005 0.08521153846153846
0 0.520546875 0.7958365384615385 0.02157670454545454 0.027634615384615365
0 0.7062997159090909 0.4746346153846154 0.1471164772727273 0.05330769230769236
0 0.8364417613636363 0.7992115384615385 0.02274147727272728 0.048192307692307694
0 0.12379261363636374 0.8604038461538461 0.05806818181818181 0.13526923076923078
0 0.8211008522727272 0.1757884615384615 0.043735795454545465 0.06180769230769239
0 0.12702414772727266 0.44291346153846156 0.10262784090909091 0.1277115384615384
0 0.831796875 0.4094903846153847 0.06467329545454546 0.11744230769230779
0 0.9315269886363636 0.36212500000000003 0.13370738636363635 0.13317307692307692
0 0.8012571022727273 0.46160576923076924 0.06416193181818182 0.10909615384615383
0 0.9183167613636364 0.524625 0.13359374999999998 0.2051346153846153
0 0.6491690340909091 0.6705673076923077 0.07492897727272728 0.05494230769230768
0 0.9953480113636364 0.19790384615384604 0.009275568181818182 0.08300000000000005
0 0.0763849431818181 0.8580865384615385 0.06319602272727275 0.13990384615384616
0 0.719765625 0.4045096153846154 0.12018465909090911 0.13886538461538458
0 0.09960227272727273 0.38442307692307687 0.06744318181818185 0.08303846153846155
0 0.6758096590909091 0.5417692307692308 0.13673295454545456 0.13496153846153847
0 0.3312357954545454 0.963 0.10525568181818185 0.07361538461538462
0 0.9212073863636363 0.04318269230769234 0.1509943181818182 0.08636538461538466
0 0.8465340909090909 0.23244230769230767 0.04136363636363635 0.043769230769230755
0 0.42585227272727266 0.9718076923076923 0.09102272727272726 0.05638461538461539
0 0.698828125 0.6884326923076923 0.06166193181818181 0.11782692307692309
0 0.40235085227272727 0.9163942307692308 0.07248579545454542 0.07359615384615384
0 0.7909232954545454 0.5161346153846154 0.0865625 0.08530769230769233
0 0.8707599431818182 0.5983942307692307 0.09674715909090911 0.1639423076923077
