0 0.8994673295454545 0.7988461538461539 0.18117897727272728 0.3090769230769231
0 0.8376775568181818 0.45477884615384623 0.042855113636363656 0.060326923076923084
0 0.12447443181818185 0.10184615384615392 0.07869318181818195 0.1095384615384615
0 0.13281960227272727 0.018278846153846118 0.07393465909090903 0.03655769230769229
0 0.03495028409090917 0.9025865384615385 0.06990056818181824 0.10244230769230771
0 0.030113636363636398 0.8585 0.06022727272727269 0.09126923076923077
0 0.37109375 0.5290384615384616 0.05531250000000008 0.10696153846153841
0 0.3167329545454546 0.624423076923077 0.06130681818181822 0.16988461538461538
0 0.7024289772727272 0.1179134615384615 0.118125 0.10625
0 0.21443181818181822 0.8240096153846154 0.08855113636363642 0.10490384615384618
0 0.21240056818181818 0.8784615384615384 0.09335227272727277 0.09988461538461539
0 0.5900284090909091 0.580125 0.11093750000000004 0.09698076923076925
0 0.1472798295454545 0.8777115384615385 0.10035511363636361 0.062423076923076914
0 0.8540696022727272 0.5937788461538461 0.05248579545454544 0.07609615384615388
0 0.9017329545454545 0.2855384615384615 0.07852272727272726 0.10042307692307686
0 0.748828125 0.3007115384615384 0.11853693181818184 0.11696153846153845
0 0.6895667613636364 0.36177884615384615 0.08061079545454546 0.12863461538461535
0 0.8395312500000001 0.41537500000000005 0.09357954545454544 0.09290384615384616
0 0.8376065340909091 0.48034615384615376 0.05038352272727273 0.10850000000000003
0 0.8090553977272728 0.4937596153846153 0.0411221590909091 0.07240384615384617
0 0.9663352272727272 0.04202884615384617 0.06718750000000001 0.08405769230769226
0 0.6184303977272727 0.9855480769230769 0.04634943181818181 0.02890384615384615
0 0.5812357954545455 0.521 0.09906250000000001 0.12061538461538461
0 0.06627130681818183 0.49685576923076924 0.13197443181818178 0.16201923076923078
0 0.0891974431818181 0.4733846153846153 0.1275142045454545 0.16049999999999995
0 0.23174005681818177 0.17145192307692303 0.06086647727272731 0.09978846153846162
0 0.24988636363636374 0.20568269230769243 0.04610795454545444 0.0645961538461538
0 0.48241477272727273 0.7387403846153846 0.07113636363636369 0.0994423076923077
0 0.26666903409090914 0.17421153846153847 0.04569602272727275 0.08376923076923078
0 0.5310866477272727 0.7166250000000001 0.06828124999999999 0.09398076923076921
0 0.9771377840909091 0.07738461538461539 0.04558238636363637 0.11449999999999994
0 0.9664914772727273 0.7350480769230769 0.06571022727272727 0.3198653846153846
0 0.5316761363636363 0.30748076923076917 0.04147727272727271 0.06980769230769233
0 0.5121235795454545 0.24157692307692313 0.04910511363636363 0.0464230769230769
0 0.6895667613636363 0.48557692307692313 0.03541193181818179 0.04961538461538458
