0 0.1764062500000001 0.08264423076923078 0.10380681818181824 0.16525
0 0.6990624999999999 0.36686538461538454 0.06335227272727272 0.10626923076923075
0 0.3717116477272727 0.1691538461538462 0.07987215909090911 0.10250000000000002
0 0.12115056818181813 0.23950961538461535 0.01707386363636361 0.02467307692307689
0 0.7089630681818182 0.8069999999999999 0.1773011363636364 0.12969230769230772
0 0.9260795454545454 0.9032211538461539 0.03392045454545454 0.04763461538461539
0 0.0611718750000001 0.41092307692307695 0.12234374999999999 0.21665384615384609
0 0.48979403409090916 0.27810576923076924 0.02086647727272727 0.02582692307692309
0 0.06534090909090906 0.1694134615384616 0.05264204545454538 0.10909615384615377
0 0.6931178977272727 0.8638269230769231 0.025071022727272737 0.030192307692307685
0 0.3628764204545455 0.4879038461538462 0.02606534090909086 0.0267692307692308
0 0.6963139204545454 0.0342403846153847 0.0533664772727273 0.06771153846153842
0 0.5416690340909092 0.9618846153846153 0.10447443181818183 0.07623076923076923
0 0.03399147727272733 0.5177019230769231 0.06798295454545457 0.09698076923076919
0 0.13390625 0.44254807692307696 0.035653409090909124 0.04875000000000004
0 0.23757812499999997 0.031423076923077 0.07169034090909095 0.06284615384615386
0 0.021846590909090913 0.1521730769230769 0.043522727272727414 0.07957692307692307
0 0.20379971590909096 0.052057692307692305 0.052855113636363686 0.1041153846153846
0 0.06543323863636374 0.9622788461538462 0.04785511363636355 0.07544230769230768
0 0.027492897727272703 0.21798076923076926 0.05367897727272722 0.0780384615384615
0 0.09215198863636365 0.9769230769230769 0.027116477272727157 0.039961538461538465
0 0.6359801136363636 0.02043269230769229 0.05542613636363634 0.040865384615384616
0 0.5174076704545454 0.6513653846153846 0.02038352272727276 0.03226923076923077
0 0.7339488636363636 0.9804038461538461 0.07071022727272727 0.038730769230769235
0 0.596278409090909 0.8600480769230769 0.12750000000000003 0.18675
0 0.9099360795454545 0.510125 0.03180397727272726 0.04582692307692304
0 0.5157386363636363 0.7651634615384615 0.016335227272727272 0.02936538461538461
0 0.40477982954545455 0.19562500000000005 0.06862215909090909 0.08109615384615387
