0 0.3251846590909091 0.791076923076923 0.0527556818181818 0.13007692307692312
0 0.8019957386363636 0.5236826923076923 0.058877840909090914 0.07651923076923076
0 0.33461647727272725 0.5750961538461539 0.015596590909090935 0.023307692307692317
0 0.8640482954545454 0.8101826923076922 0.0584659090909091 0.14971153846153845
0 0.5500497159090909 0.9033653846153846 0.07316761363636362 0.09699999999999999
0 0.1498366477272728 0.47169230769230763 0.017002840909090947 0.026730769230769297
0 0.8571022727272728 0.34870192307692316 0.06693181818181816 0.08901923076923081
0 0.8564133522727273 0.9367211538461538 0.09901988636363636 0.10098076923076922
0 0.2215625 0.8993942307692308 0.08278409090909088 0.1541730769230769
0 0.6239417613636364 0.8801923076923077 0.04302556818181817 0.04392307692307692
0 0.9350071022727273 0.42336538461538453 0.04123579545454546 0.04626923076923077
0 0.7298295454545455 0.27395192307692307 0.016903409090909097 0.033211538461538424
0 0.3473508522727272 0.5663653846153847 0.017855113636363627 0.027307692307692342
0 0.4171519886363636 0.03672115384615393 0.11629261363636365 0.07221153846153837
0 0.02249289772727281 0.584076923076923 0.044985795454545396 0.14146153846153847
0 0.09907670454545459 0.03421153846153835 0.07167613636363641 0.06730769230769242
0 0.17007812499999997 0.21831730769230762 0.13453125000000005 0.134326923076923
0 0.7387357954545455 0.5481826923076923 0.06480113636363637 0.07621153846153846
0 0.007542613636363549 0.045894230769230826 0.014772727272727241 0.08921153846153855
0 0.8414701704545455 0.7106634615384615 0.029446022727272734 0.036326923076923104
0 0.2652840909090909 0.7448076923076923 0.10178977272727276 0.1265
0 0.6349147727272728 0.13493269230769234 0.03312499999999999 0.0764423076923077
0 0.9123650568181818 0.832625 0.05779829545454546 0.1361346153846154
0 0.36693892045454546 0.02046153846153842 0.05944602272727276 0.04038461538461539
0 0.7282599431818182 0.18844230769230774 0.0407244318181818 0.05023076923076924
0 0.5565838068181819 0.3940673076923077 0.022457386363636367 0.030519230769230778
0 0.6126704545454545 0.14406730769230758 0.05772727272727271 0.09586538461538455
0 0.7731960227272727 0.9015865384615385 0.06914772727272724 0.08682692307692308
0 0.3648934659090909 0.7766153846153846 0.05228693181818182 0.0625384615384615
0 0.7288139204545454 0.13798076923076918 0.042457386363636385 0.06769230769230777
0 0.37708806818181817 0.5315384615384615 0.08588068181818179 0.1196153846153846
0 0.6656676136363636 0.7347980769230769 0.0618465909090909 0.08909615384615384
0 0.7159446022727272 0.773423076923077 0.053650568181818195 0.08269230769230769
0 0.6588920454545455 0.11434615384615388 0.02403409090909089 0.03169230769230762
0 0.6156463068181818 0.708201923076923 0.07464488636363638 0.11778846153846156
0 0.7197585227272727 0.8531538461538462 0.05781249999999998 0.08092307692307693
0 0.8661150568181818 0.7068365384615385 0.09183238636363637 0.12432692307692308
0 0.7899928977272728 0.6462980769230768 0.0879119318181818 0.06171153846153847
0 0.8598224431818182 0.4460384615384615 0.06526988636363637 0.08003846153846154
0 0.5738139204545455 0.20991346153846147 0.04578124999999995 0.06521153846153852
0 0.16323153409090907 0.9883076923076923 0.04674715909090905 0.023384615384615386
0 0.8362357954545454 0.8249519230769231 0.05170454545454546 0.14263461538461542
0 0.11938210227272716 0.4708365384615385 0.025553977272727287 0.04001923076923077
