0 0.0885795454545455 0.9622307692307692 0.10082386363636366 0.07553846153846154
0 0.6431178977272727 0.04427884615384614 0.10342329545454541 0.08855769230769232
0 0.9521377840909091 0.5739326923076923 0.046463068181818175 0.07986538461538462
0 0.9844247159090909 0.5628076923076922 0.031150568181818182 0.11061538461538463
0 0.3187286931818182 0.0068750000000000755 0.031633522727272705 0.01236538461538452
0 0.49769176136363635 0.26530769230769236 0.06677556818181817 0.09626923076923077
0 0.02450284090909094 0.49406730769230767 0.049005681818181816 0.08398076923076926
0 0.7835156249999999 0.6974134615384615 0.07356534090909092 0.10775
0 0.7557883522727272 0.7851346153846154 0.07700284090909092 0.08584615384615388
0 0.28068181818181814 0.8038653846153846 0.056221590909090964 0.1273846153846154
0 0.7170809659090909 0.9117115384615384 0.1073721590909091 0.17565384615384616
0 0.09798295454545458 0.12204807692307695 0.07329545454545458 0.09344230769230764
0 0.6718892045454545 0.05687500000000001 0.12227272727272726 0.11374999999999996
0 0.4051136363636364 0.8389903846153847 0.04446022727272729 0.06798076923076925
0 0.39220170454545455 0.034134615384615374 0.13076704545454546 0.06826923076923076
0 0.7978053977272728 0.9052884615384615 0.0804971590909091 0.1068076923076923
0 0.8701704545454545 0.8650384615384615 0.06928977272727273 0.07203846153846152
0 0.48183238636363646 0.2945096153846154 0.06815340909090904 0.07732692307692304
0 0.19041193181818172 0.01985576923076926 0.07874999999999992 0.039711538461538416
0 0.34681107954545454 0.8894038461538462 0.0650142045454546 0.13965384615384613
0 0.41611505681818184 0.950701923076923 0.08822443181818183 0.09848076923076923
0 0.5550355113636364 0.05485576923076918 0.12501420454545453 0.10971153846153849
0 0.7769105113636363 0.8276826923076923 0.05617897727272729 0.12182692307692308
0 0.43487215909090904 0.06748076923076929 0.1326136363636363 0.13496153846153847
0 0.1059374999999999 0.7877884615384616 0.016988636363636254 0.022038461538461528
0 0.8938849431818182 0.9155769230769231 0.04907670454545455 0.08711538461538461
0 0.29703124999999997 0.9709038461538462 0.08585227272727272 0.057923076923076924
0 0.5519673295454546 0.9649903846153847 0.06887784090909092 0.06921153846153846
0 0.10062500000000008 0.7676634615384615 0.00920454545454548 0.020134615384615383
0 0.10982244318181822 0.7612788461538462 0.013451704545454423 0.01948076923076922
0 0.5862926136363636 0.9467692307692308 0.09017045454545457 0.10646153846153845
0 0.09685369318181813 0.7186346153846154 0.09461647727272729 0.12584615384615383
0 0.11631392045454547 0.6657596153846154 0.07975852272727285 0.0833653846153846
0 0.5637855113636363 0.4570096153846154 0.08100852272727277 0.12763461538461546
0 0.2659943181818182 0.02175961538461535 0.0667897727272727 0.04351923076923076
0 0.929034090909091 0.5790673076923076 0.061335227272727263 0.06467307692307692
0 0.11908380681818187 0.37059615384615385 0.12214488636363638 0.16103846153846155
0 0.08996448863636364 0.4643846153846154 0.10901988636363637 0.11173076923076922
0 0.03370738636363635 0.3828846153846154 0.06741477272727278 0.14630769230769228
0 0.8416193181818181 0.2798076923076923 0.08380681818181818 0.09807692307692308
