0 0.15197443181818182 0.11444230769230768 0.0719034090909091 0.0898461538461539
0 0.9495454545454546 0.8160673076923077 0.10090909090909092 0.1526346153846154
0 0.853984375 0.15969230769230758 0.032457386363636355 0.05776923076923081
0 0.31279119318181814 0.2913076923076924 0.023423295454545467 0.028730769230769226
0 0.09857244318181813 0.2896923076923077 0.09555397727272724 0.19023076923076926
0 0.8649857954545455 0.17425961538461543 0.027045454545454536 0.03874999999999996
0 0.38587357954545454 0.6289230769230769 0.016235795454545465 0.023615384615384618
0 0.07590909090909104 0.1534423076923076 0.09053977272727258 0.09626923076923077
0 0.10312499999999991 0.9278461538461539 0.09531250000000004 0.14430769230769233
0 0.49569602272727276 0.8451538461538461 0.04201704545454543 0.05565384615384615
0 0.5941761363636364 0.08416346153846155 0.035710227272727255 0.04578846153846154
0 0.8309090909090909 0.6791538461538462 0.11457386363636365 0.1029230769230769
0 0.44995738636363636 0.8360096153846154 0.05338068181818179 0.09855769230769232
0 0.014836647727272667 0.9229711538461538 0.029673295454545435 0.12517307692307691
0 0.9876917613636363 0.22189423076923076 0.02461647727272727 0.033211538461538424
0 0.2788707386363636 0.5171826923076923 0.07862215909090912 0.15063461538461542
0 0.9722514204545455 0.41211538461538466 0.05549715909090909 0.0910384615384616
0 0.4852982954545454 0.7894038461538462 0.05855113636363632 0.07146153846153845
0 0.9855681818181818 0.24570192307692307 0.028863636363636366 0.03655769230769229
0 0.8204971590909091 0.7861057692307692 0.1305965909090909 0.13951923076923076
0 0.863984375 0.054076923076923133 0.07083806818181819 0.10815384615384617
0 0.8166761363636363 0.03414423076923079 0.09448863636363636 0.06828846153846152
0 0.2435866477272728 0.532125 0.06919034090909087 0.12136538461538464
0 0.4124573863636364 0.1815192307692307 0.048068181818181864 0.057576923076923074
0 0.31199573863636365 0.31291346153846156 0.01401988636363637 0.016673076923076954
0 0.4214275568181818 0.22835576923076928 0.0627982954545455 0.09328846153846151
0 0.9861505681818182 0.4818365384615385 0.027698863636363636 0.08413461538461539
0 0.9806605113636364 0.8549038461538462 0.03848011363636364 0.12615384615384614
0 0.9158167613636363 0.9174615384615384 0.1045028409090909 0.11796153846153846
