0 0.018316761363636358 0.93925 0.03654829545454548 0.05138461538461539
0 0.6617116477272726 0.4372307692307693 0.01626420454545453 0.02315384615384619
0 0.9579119318181818 0.7197884615384615 0.018295454545454545 0.020153846153846133
0 0.6140482954545454 0.3640961538461538 0.06417613636363638 0.09423076923076923
0 0.7592471590909091 0.5995384615384616 0.17136363636363636 0.20792307692307693
0 0.5992258522727273 0.8109711538461539 0.03220170454545457 0.05021153846153846
0 0.5529971590909091 0.3071250000000001 0.07315340909090909 0.1027115384615385
0 0.6678124999999999 0.8679423076923076 0.045624999999999964 0.029730769230769245
0 0.7256321022727272 0.9438653846153846 0.0699289772727273 0.07496153846153847
0 0.7142897727272728 0.8245096153846154 0.06099431818181822 0.06374999999999999
0 0.19461647727272724 0.5239903846153846 0.08991477272727266 0.14167307692307696
0 0.587215909090909 0.8325096153846154 0.01991477272727278 0.054711538461538436
0 0.6139630681818182 0.7963076923076923 0.03514204545454547 0.047307692307692294
0 0.8949644886363637 0.6431538461538462 0.057826704545454535 0.06838461538461539
0 0.7455255681818183 0.9610576923076923 0.06732954545454546 0.07788461538461539
0 0.5519886363636364 0.9802019230769231 0.021676136363636352 0.03667307692307692
0 0.6598508522727273 0.27583653846153844 0.06129261363636369 0.11759615384615381
0 0.4774786931818181 0.9808942307692308 0.08026988636363636 0.038057692307692306
0 0.042826704545454564 0.9509711538461538 0.05153409090909087 0.09805769230769232
0 0.42269886363636366 0.9768076923076923 0.05096590909090908 0.046384615384615385
0 0.7823650568181818 0.9780673076923077 0.07612215909090908 0.04386538461538461
0 0.622421875 0.5567884615384615 0.10904829545454543 0.09261538461538467
0 0.5878835227272727 0.4274807692307693 0.0101704545454545 0.009615384615384616
0 0.7207599431818181 0.8814903846153846 0.0885653409090909 0.07663461538461537
0 0.6433380681818182 0.5259423076923078 0.12548295454545455 0.09330769230769227
0 0.4582599431818182 0.9293076923076923 0.0997301136363637 0.09261538461538463
0 0.9243678977272727 0.7870096153846153 0.11419034090909091 0.05878846153846155
0 0.9170525568181818 0.7282115384615384 0.06001420454545454 0.1010769230769231
0 0.8478053977272727 0.7908365384615385 0.08026988636363637 0.11967307692307691
0 0.09868607954545461 0.02208653846153852 0.07992897727272724 0.044173076923076975
0 0.6192968750000001 0.28729807692307685 0.0391051136363636 0.07498076923076925
0 0.37799715909090914 0.968326923076923 0.055710227272727314 0.06334615384615384
0 0.6565482954545454 0.7234423076923077 0.05639204545454544 0.07565384615384613
0 0.01011363636363638 0.9767788461538461 0.020142045454545544 0.04567307692307692
0 0.8390838068181818 0.3895384615384615 0.018792613636363642 0.022692307692307605
0 0.7836292613636364 0.4465096153846154 0.10160511363636364 0.11875
0 0.6163991477272728 0.8650192307692308 0.07748579545454543 0.08799999999999998
0 0.29993607954545454 0.5085288461538462 0.10819602272727268 0.11348076923076922
0 0.8715980113636363 0.3956153846153847 0.04419034090909091 0.06234615384615388
0 0.9713139204545455 0.5150576923076923 0.05737215909090909 0.07334615384615388
0 0.8109801136363637 0.36879807692307687 0.0872159090909091 0.10225000000000004
0 0.578828125 0.24201923076923082 0.11259943181818179 0.07153846153846152
0 0.546484375 0.4018076923076923 0.0804403409090909 0.13388461538461538
0 0.11510653409090921 0.6276153846153847 0.053849431818181775 0.06830769230769233
0 0.4282883522727272 0.2025865384615385 0.022173295454545473 0.03944230769230778
0 0.5666335227272727 0.4740192307692308 0.04622159090909094 0.06784615384615379
0 0.712421875 0.3361249999999999 0.14748579545454546 0.2015192307692308
0 0.883622159090909 0.9193365384615384 0.12142045454545455 0.14925
0 0.4399715909090909 0.8628269230769231 0.024204545454545402 0.03119230769230769
0 0.6761931818181819 0.3036826923076923 0.05130681818181819 0.0848269230769231
0 0.41517045454545454 0.8933173076923077 0.09346590909090911 0.10913461538461537
0 0.9703551136363636 0.7303653846153846 0.05928977272727273 0.08423076923076925
0 0.49136363636363634 0.2809903846153846 0.16119318181818185 0.08436538461538462
0 0.7716051136363636 0.8323365384615384 0.05485795454545455 0.07013461538461538
0 0.5900923295454545 0.05452884615384623 0.0921164772727273 0.10905769230769227
0 0.9666619318181818 0.4131538461538462 0.06667613636363635 0.17399999999999993
0 0.5316690340909092 0.21301923076923068 0.054190340909090876 0.07450000000000001
0 0.9481534090909091 0.7082211538461538 0.018295454545454545 0.01882692307692306
0 0.8467045454545454 0.37303846153846154 0.026931818181818192 0.04515384615384619
0 0.5829758522727273 0.4367692307692308 0.011860795454545407 0.017192307692307687
0 0.6471519886363637 0.7799519230769231 0.07078124999999998 0.07771153846153846
0 0.6678906250000001 0.43183653846153847 0.16916193181818187 0.19898076923076924
0 0.2548295454545454 0.7596826923076923 0.1141477272727272 0.14171153846153844
0 0.4494602272727273 0.08716346153846155 0.07264204545454543 0.10798076923076919
0 0.21411931818181817 0.773673076923077 0.05772727272727271 0.10496153846153843
0 0.09340198863636362 0.36150000000000004 0.049758522727272686 0.06561538461538463
0 0.832734375 0.48731730769230763 0.08433238636363637 0.11736538461538462
0 0.09274857954545468 0.4106346153846153 0.058792613636363615 0.07465384615384614
0 0.8420028409090909 0.9590192307692308 0.08539772727272726 0.08092307692307692
0 0.7989985795454546 0.9148365384615385 0.1067471590909091 0.10405769230769231
0 0.5978764204545455 0.29027884615384614 0.02708806818181817 0.07036538461538468
0 0.9538920454545454 0.6499230769230768 0.0922159090909091 0.12815384615384617
