0 0.7588778409090909 0.22551923076923075 0.02767045454545457 0.03773076923076924
0 0.06153409090909079 0.5642019230769231 0.05204545454545453 0.06709615384615387
0 0.8713778409090909 0.013740384615384627 0.02428977272727272 0.02748076923076927
0 0.9487713068181818 0.018269230769230815 0.028593750000000005 0.03653846153846154
0 0.38093039772727266 0.9645865384615384 0.029048295454545438 0.037250000000000005
0 0.01980113636363645 0.7604134615384616 0.02573863636363637 0.033019230769230745
0 0.02627840909090906 0.7192115384615385 0.024147727272727272 0.030807692307692328
0 0.7911008522727273 0.9844519230769231 0.02873579545454548 0.03109615384615385
0 0.8188565340909091 0.9831538461538462 0.031008522727272725 0.03369230769230769
0 0.4035440340909091 0.9508173076923077 0.023366477272727258 0.03371153846153847
0 0.01846590909090906 0.6538461538461539 0.022727272727272728 0.03076923076923077
0 0.8568394886363636 0.9900192307692308 0.02899147727272727 0.019961538461538465
0 0.7939630681818182 0.6566923076923077 0.02556818181818182 0.03653846153846154
0 0.6484375 0.7961538461538462 0.04403409090909091 0.06153846153846154
0 0.9355681818181818 0.8748173076923077 0.03744318181818182 0.0440576923076923
0 0.27257102272727274 0.6107884615384616 0.028409090909090908 0.04038461538461539
0 0.06522727272727269 0.489375 0.02911931818181818 0.033250000000000036
0 0.043892045454545614 0.4317115384615384 0.02329545454545451 0.029076923076923087
0 0.8522727272727273 0.7211538461538461 0.022727272727272728 0.03076923076923077
0 0.0329687500000001 0.4407692307692308 0.01963068181818189 0.026576923076923064
0 0.4602272727272727 0.9835961538461538 0.02556818181818182 0.03280769230769231
0 0.5994318181818181 0.9836442307692308 0.02556818181818182 0.032711538461538466
0 0.7066193181818181 0.22126923076923077 0.024147727272727272 0.030923076923077
0 0.5909090909090908 0.452875 0.028409090909090908 0.04040384615384614
0 0.6655397727272727 0.7577307692307692 0.024147727272727272 0.03500000000000003
0 0.5284090909090908 0.9663461538461539 0.02556818181818182 0.04038461538461539
0 0.09766335227272727 0.46490384615384617 0.028196022727272597 0.03303846153846144
0 0.12228693181818173 0.40495192307692307 0.025823863636363565 0.03298076923076919
0 0.0060582386363635665 0.9428076923076923 0.012088068181818169 0.037307692307692306
0 0.029119318181818232 0.9769230769230769 0.026988636363636364 0.038461538461538464
0 0.3039772727272727 0.9865384615384616 0.02556818181818182 0.026923076923076925
0 0.28693181818181823 0.9394230769230769 0.04261363636363636 0.05961538461538462
0 0.31818181818181823 0.9432692307692307 0.022727272727272728 0.032692307692307694
0 0.31818181818181823 0.9057692307692308 0.028409090909090908 0.03461538461538462
0 0.9404119318181818 0.6865384615384615 0.028664772727272726 0.03461538461538462
0 0.26349431818181823 0.7567307692307692 0.024147727272727272 0.032692307692307694
0 0.2826704545454546 0.7901538461538462 0.02556818181818182 0.03507692307692307
0 0.32627130681818184 0.816375 0.025383522727272734 0.037057692307692326
0 0.6306960227272727 0.9451923076923077 0.028437500000000015 0.03653846153846154
0 0.3155681818181818 0.7875769230769231 0.024062499999999997 0.034538461538461525
0 0.5475426136363637 0.8692307692307693 0.024147727272727272 0.03461538461538462
0 0.46448863636363635 0.7480769230769231 0.02556818181818182 0.03076923076923077
0 0.3407386363636363 0.7848846153846154 0.02701704545454543 0.038769230769230764
0 0.36344460227272724 0.7635961538461539 0.031633522727272705 0.04357692307692307
0 0.42755681818181823 0.8663461538461539 0.022727272727272728 0.032692307692307694
0 0.8416193181818181 0.4883846153846154 0.032670454545454544 0.04246153846153843
0 0.4531036931818182 0.8795096153846154 0.025610795454545417 0.033288461538461545
0 0.36636363636363634 0.32490384615384627 0.026505681818181855 0.036153846153846175
0 0.38490767045454544 0.3379519230769231 0.027741477272727313 0.04148076923076922
0 0.2728977272727273 0.3526538461538461 0.028778409090909077 0.038461538461538464
0 0.26176846590909086 0.37775000000000003 0.02311079545454551 0.030000000000000044
0 0.1783522727272726 0.4430673076923076 0.027357954545454696 0.037326923076923126
0 0.1898153409090909 0.46707692307692306 0.024602272727272636 0.0356923076923077
0 0.21448863636363635 0.45192307692307687 0.02556818181818182 0.03461538461538462
0 0.21453835227272722 0.4956634615384615 0.029133522727272713 0.036903846153846204
0 0.3515625 0.6923076923076923 0.024147727272727272 0.03461538461538462
0 0.5809659090909092 0.3932692307692308 0.028409090909090908 0.03653846153846154
0 0.23187500000000005 0.5280096153846154 0.03196022727272727 0.04432692307692304
0 0.796875 0.7367788461538461 0.02556818181818182 0.04278846153846154
0 0.2080397727272728 0.54325 0.027102272727272784 0.03788461538461542
0 0.22798295454545459 0.6172884615384615 0.024318181818181663 0.034653846153846174
0 0.2428977272727273 0.648076923076923 0.02556818181818182 0.03461538461538462
0 0.3293323863636364 0.47760576923076925 0.032414772727272716 0.04232692307692306
0 0.725859375 0.4125 0.025582386363636352 0.032692307692307694
0 0.3492897727272727 0.5045961538461539 0.025823863636363645 0.037423076923076885
0 0.3942684659090909 0.6794423076923077 0.02484375000000001 0.031153846153846133
0 0.38052556818181815 0.6540769230769231 0.022926136363636343 0.03088461538461539
0 0.140625 0.6913461538461538 0.028409090909090908 0.04038461538461539
0 0.3969389204545455 0.6554903846153847 0.013906249999999948 0.020365384615384622
0 0.482421875 0.6069615384615386 0.024730113636363592 0.03338461538461541
0 0.4894602272727273 0.6351538461538462 0.02900568181818184 0.03530769230769233
0 0.3705539772727273 0.261 0.023267045454545447 0.03426923076923075
0 0.3840340909090909 0.29138461538461535 0.02585227272727271 0.044269230769230734
0 0.3980113636363636 0.26623076923076927 0.03176136363636366 0.03696153846153851
0 0.359659090909091 0.2827115384615384 0.02369318181818183 0.03492307692307686
0 0.2849431818181819 0.21792307692307689 0.027414772727272663 0.03815384615384621
0 0.27083096590909084 0.2630096153846153 0.041377840909090906 0.06028846153846158
0 0.2496803977272729 0.2336538461538461 0.025071022727272695 0.03926923076923069
0 0.7749644886363636 0.45089423076923085 0.024474431818181805 0.038403846153846094
0 0.2247159090909091 0.26431730769230766 0.04249999999999994 0.045519230769230694
0 0.22382102272727267 0.2329230769230769 0.028181818181818228 0.037807692307692244
0 0.10639204545454539 0.22479807692307685 0.023153409090909027 0.03198076923076922
0 0.028821022727272716 0.08333653846153855 0.02264204545454537 0.03409615384615377
0 0.6782102272727273 0.2133846153846155 0.024147727272727272 0.03476923076923074
0 0.27671875 0.7124230769230768 0.02894886363636363 0.03669230769230772
0 0.00906960227272724 0.08461538461538465 0.01813920454545452 0.035538461538461574
0 0.009509943181818081 0.3400384615384615 0.018934659090909148 0.04038461538461539
0 0.0016193181818181523 0.21571153846153845 0.003238636363636325 0.03149999999999999
0 0.014161931818181817 0.21853846153846146 0.022755681818181793 0.03653846153846154
0 0.5326704545454546 0.7278846153846155 0.02556818181818182 0.032692307692307694
0 0.665340909090909 0.7178461538461538 0.036931818181818184 0.046153846153846156
0 0.034801136363636354 0.25384615384615383 0.024147727272727272 0.03461538461538462
0 0.18252840909090906 0.06346153846153846 0.024147727272727272 0.03461538461538462
0 0.19957386363636365 0.023076923076923106 0.026988636363636364 0.038461538461538464
0 0.16803977272727266 0.007894230769230792 0.025056818181818163 0.015788461538461498
0 0.46053977272727276 0.003375000000000017 0.013835227272727206 0.006749999999999983
0 0.7936008522727273 0.4934423076923078 0.03120738636363636 0.037346153846153876
0 0.17684659090909094 0.7076923076923076 0.024147727272727272 0.03461538461538462
0 0.4463210227272728 0.014740384615384516 0.020681818181818187 0.0294807692307692
0 0.4517045454545454 0.07499999999999996 0.03409090909090909 0.046153846153846156
0 0.9012784090909091 0.6596153846153846 0.024147727272727272 0.03461538461538462
0 0.7814772727272727 0.2152115384615384 0.02911931818181818 0.03961538461538455
0 0.6207386363636364 0.2336538461538461 0.022727272727272728 0.032692307692307694
0 0.9477272727272728 0.8999807692307692 0.029517045454545452 0.035307692307692304
0 0.808203125 0.43818269230769236 0.023451704545454553 0.030865384615384638
0 0.8742897727272727 0.6269230769230769 0.024147727272727272 0.03076923076923077
0 0.6363636363636364 0.3846153846153846 0.02556818181818182 0.03461538461538462
0 0.09796164772727256 0.20307692307692315 0.02612215909090907 0.03300000000000005
0 0.8693181818181819 0.19038461538461537 0.03125 0.04230769230769231
0 0.5547869318181817 0.7052115384615385 0.028409090909090908 0.038461538461538464
0 0.3731392045454546 0.5991442307692307 0.02556818181818182 0.03317307692307692
0 0.7471661931818181 0.4436634615384615 0.024389204545454568 0.03536538461538459
0 0.6441761363636364 0.510576923076923 0.026988636363636364 0.032692307692307694
0 0.10298295454545459 0.28846153846153844 0.03835227272727273 0.05
0 0.22443181818181823 0.15000000000000002 0.028409090909090908 0.038461538461538464
0 0.7917684659090909 0.45672115384615386 0.018963068181818213 0.03828846153846148
0 0.09227272727272728 0.5278846153846154 0.02556818181818182 0.032692307692307694
0 0.5706392045454546 0.6681923076923078 0.032670454545454544 0.046153846153846156
0 0.7307315340909091 0.46275 0.03666193181818182 0.05930769230769237
0 0.8104616477272727 0.005403846153846037 0.022002840909090923 0.010807692307692317
0 0.1960227272727273 0.21010576923076918 0.03125 0.04517307692307694
0 0.19313210227272715 0.1134615384615385 0.0285085227272728 0.038461538461538464
0 0.8194957386363636 0.5567211538461538 0.023849431818181808 0.033865384615384644
0 0.12286931818181823 0.573076923076923 0.032670454545454544 0.03461538461538462
0 0.39346590909090906 0.47307692307692306 0.02556818181818182 0.03076923076923077
0 0.10511363636363635 0.11538461538461542 0.028409090909090908 0.03461538461538462
0 0.8103053977272727 0.4661346153846153 0.022883522727272728 0.030346153846153794
0 0.14628551136363643 0.08173076923076927 0.034133522727272686 0.04807692307692308
0 0.33380681818181823 0.2201923076923077 0.022727272727272728 0.03653846153846154
0 0.062024147727272716 0.4586442307692308 0.02765625000000004 0.03317307692307692
0 0.8701136363636364 0.9300576923076923 0.026988636363636364 0.03373076923076923
0 0.4069602272727273 0.19999999999999996 0.024147727272727272 0.03461538461538462
0 0.8341051136363636 0.5684038461538461 0.026079545454545452 0.03380769230769233
0 0.4389559659090909 0.1384615384615384 0.025639204545454562 0.03461538461538462
0 0.4850852272727273 0.5498173076923076 0.024147727272727272 0.030942307692307644
0 0.4921875 0.22115384615384615 0.024147727272727272 0.03461538461538462
0 0.13421875000000005 0.7384423076923077 0.02451704545454544 0.034653846153846174
0 0.5745738636363636 0.7740384615384616 0.026988636363636364 0.03653846153846154
0 0.6464772727272727 0.3495480769230769 0.030965909090909068 0.03101923076923076
0 0.46661931818181823 0.4509615384615384 0.026988636363636364 0.03653846153846154
0 0.6698224431818183 0.8341442307692307 0.022343749999999985 0.03701923076923077
0 0.6865056818181818 0.8357788461538461 0.019289772727272746 0.0385576923076923
0 0.4289772727272727 0.5172884615384615 0.028409090909090908 0.038499999999999965
0 0.7454971590909092 0.7460480769230768 0.021221590909090905 0.03532692307692309
0 0.6518252840909091 0.32634615384615384 0.03441761363636366 0.027692307692307648
0 0.8011363636363636 0.9230769230769231 0.02556818181818182 0.03461538461538462
0 0.8018465909090909 0.3538461538461538 0.024147727272727272 0.03461538461538462
0 0.7292542613636364 0.7386826923076923 0.024019886363636358 0.034942307692307696
0 0.04747869318181808 0.5527211538461538 0.013025568181818124 0.018173076923076903
0 0.7387002840909092 0.7150000000000001 0.023309659090909086 0.027884615384615386
0 0.7890625 0.7971153846153847 0.026988636363636364 0.03653846153846154
0 0.7597443181818182 0.7249230769230769 0.023664772727272722 0.03626923076923074
0 0.8118323863636363 0.1182692307692308 0.02139204545454546 0.032692307692307694
0 0.7556818181818181 0.8201153846153846 0.02556818181818182 0.03669230769230769
0 0.7134801136363635 0.8060384615384615 0.03409090909090909 0.046153846153846156
0 0.7997159090909091 0.0788461538461539 0.028409090909090908 0.03461538461538462
0 0.12366477272727261 0.9682788461538462 0.02482954545454532 0.03432692307692308
0 0.004623579545454559 0.4673846153846153 0.009247159090909078 0.031192307692307634
0 0.9089630681818182 0.42300961538461546 0.023522727272727275 0.03132692307692311
0 0.31036931818181823 0.5442307692307693 0.041193181818181816 0.05384615384615385
0 0.9225852272727273 0.2745480769230769 0.027840909090909083 0.039673076923076915
0 0.7457386363636364 0.06538461538461537 0.028409090909090908 0.038461538461538464
0 0.8955397727272727 0.39610576923076923 0.02755681818181817 0.0353653846153847
0 0.9276349431818182 0.3744423076923077 0.03183238636363636 0.040884615384615366
0 0.9608238636363636 0.5306923076923076 0.027215909090909086 0.03861538461538464
0 0.09400568181818192 0.43064423076923075 0.032386363636363734 0.034480769230769134
0 0.11921875000000004 0.9237307692307692 0.027215909090909044 0.03457692307692307
0 0.1385866477272728 0.816875 0.026576704545454435 0.03813461538461538
0 0.13381392045454532 0.9456442307692308 0.022116477272727343 0.03113461538461538
0 0.9318607954545455 0.3467403846153845 0.02872159090909091 0.03713461538461539
0 0.7868465909090909 0.5362115384615385 0.041448863636363645 0.051423076923076884
0 0.1294886363636365 0.8363846153846154 0.02369318181818175 0.03607692307692306
0 0.9660298295454546 0.2286538461538461 0.028650568181818183 0.03884615384615382
0 0.9537428977272727 0.3577499999999999 0.024417613636363633 0.03530769230769223
0 0.9427272727272727 0.27810576923076924 0.02960227272727273 0.04524999999999995
0 0.11526278409090907 0.8254807692307693 0.02080965909090906 0.03265384615384614
0 0.63234375 0.06335576923076924 0.0355113636363636 0.05024999999999999
0 0.16244318181818185 0.9608942307692308 0.033437499999999946 0.04455769230769231
0 0.17946022727272715 0.9339423076923077 0.03602272727272729 0.049346153846153845
0 0.8451278409090909 0.1298076923076923 0.022727272727272728 0.032692307692307694
0 0.8742897727272727 0.11876923076923074 0.024147727272727272 0.035538461538461574
0 0.6418892045454545 0.30000000000000004 0.023039772727272766 0.03076923076923077
0 0.9346590909090909 0.10769230769230764 0.02556818181818182 0.03461538461538462
0 0.10816051136363636 0.705076923076923 0.022883522727272745 0.03211538461538465
0 0.20115767045454547 0.9508269230769231 0.02728693181818187 0.03411538461538461
0 0.224034090909091 0.9600961538461539 0.02198863636363639 0.0305
0 0.7239275568181818 0.7640384615384616 0.027002840909090938 0.034346153846153846
0 0.859375 0.07307692307692304 0.03977272727272727 0.057692307692307696
0 0.7642045454545454 0.2932692307692307 0.03977272727272727 0.04807692307692308
0 0.08343750000000005 0.7120192307692308 0.02798295454545461 0.04065384615384613
0 0.09485795454545454 0.7381057692307692 0.02781250000000006 0.04040384615384614
0 0.012642045454545392 0.8139038461538461 0.025284090909090843 0.039346153846153836
