0 0.6678551136363636 0.6673076923076924 0.020596590909090908 0.033307692307692295
0 0.46421164772727275 0.6577884615384615 0.027116477272727316 0.0360384615384615
0 0.27894176136363635 0.5954038461538462 0.03271306818181814 0.031846153846153795
0 0.2657173295454546 0.6205384615384615 0.04521306818181824 0.024384615384615397
0 0.2515624999999999 0.6337307692307692 0.025000000000000033 0.029846153846153866
0 0.2072656249999999 0.6158076923076923 0.029048295454545358 0.04080769230769231
0 0.25597301136363626 0.6008846153846155 0.026463068181818174 0.03484615384615385
0 0.1999076704545455 0.586951923076923 0.027571022727272843 0.03682692307692309
0 0.2171875000000001 0.5762499999999999 0.02610795454545454 0.01942307692307691
0 0.15708096590909093 0.6113365384615383 0.04484375000000007 0.04378846153846156
0 0.1789559659090908 0.6695673076923077 0.04669034090909092 0.06767307692307692
0 0.16902698863636367 0.754423076923077 0.027571022727272843 0.03930769230769227
0 0.41750710227272725 0.66425 0.020099431818181787 0.032653846153846186
0 0.12068892045454549 0.752673076923077 0.03234374999999998 0.041807692307692296
0 0.9306889204545454 0.396451923076923 0.02862215909090909 0.030596153846153894
0 0.8767045454545455 0.3359326923076923 0.023096590909090917 0.02925000000000007
0 0.8279900568181818 0.4508365384615385 0.021093750000000012 0.030596153846153783
0 0.8566193181818182 0.5076153846153846 0.025113636363636373 0.02719230769230772
0 0.8443181818181819 0.4345192307692308 0.024602272727272737 0.033307692307692295
0 0.8212144886363637 0.4253461538461537 0.019588068181818172 0.029923076923076927
0 0.8352698863636363 0.410048076923077 0.018579545454545453 0.01971153846153846
0 0.8689204545454545 0.42364423076923075 0.020596590909090908 0.027865384615384632
0 0.8503409090909091 0.3995096153846154 0.02460227272727272 0.02855769230769235
0 0.5578764204545454 0.5765384615384616 0.044701704545454586 0.04488461538461539
0 0.8224644886363637 0.39168269230769226 0.027116477272727278 0.02924999999999996
0 0.8920241477272728 0.43282692307692305 0.020582386363636376 0.02311538461538458
0 0.8797230113636363 0.41174038461538465 0.015071022727272726 0.027211538461538527
0 0.8962926136363636 0.36721153846153853 0.02107954545454546 0.02923076923076921
0 0.8239772727272727 0.3512211538461538 0.03616477272727274 0.05167307692307693
0 0.89453125 0.40936538461538463 0.020596590909090908 0.021076923076923146
0 0.630625 0.36142307692307696 0.037159090909090906 0.03126923076923075
0 0.65875 0.3451153846153847 0.02911931818181818 0.02584615384615384
0 0.6605113636363636 0.3152019230769231 0.03264204545454548 0.036711538461538414
0 0.6823508522727273 0.3386538461538462 0.029133522727272713 0.0428461538461539
0 0.527734375 0.5316634615384614 0.03666193181818182 0.08294230769230773
0 0.6622656250000001 0.371625 0.027116477272727278 0.03536538461538459
0 0.6544815340909091 0.4277211538461537 0.026605113636363663 0.030596153846153894
0 0.6584943181818181 0.45831730769230783 0.021590909090909115 0.037403846153846135
0 0.6042613636363636 0.461375 0.026619318181818195 0.03398076923076926
0 0.5801562499999999 0.457298076923077 0.03164772727272724 0.03944230769230767
0 0.6070241477272728 0.43281730769230764 0.02612215909090915 0.032634615384615435
0 0.6067755681818182 0.5089711538461539 0.026619318181818195 0.05032692307692311
0 0.5907031250000001 0.5147403846153846 0.02862215909090914 0.05371153846153848
0 0.6682954545454546 0.41785576923076917 0.03113636363636362 0.05574999999999991
0 0.869921875 0.31451923076923083 0.04771306818181819 0.03534615384615384
0 0.5179474431818182 0.6183557692307693 0.02311079545454543 0.03059615384615384
0 0.8975497159090909 0.33491346153846147 0.022599431818181814 0.032634615384615324
0 0.95078125 0.405625 0.025625000000000005 0.0312884615384615
0 0.917890625 0.3202884615384616 0.024105113636363643 0.036038461538461554
0 0.8679190340909091 0.2801826923076923 0.02660511363636362 0.03874999999999996
0 0.9352130681818182 0.46987499999999993 0.03264204545454546 0.04690384615384613
0 0.9477698863636363 0.3699230769230769 0.024602272727272726 0.03196153846153847
0 0.9322017045454545 0.33797115384615384 0.021590909090909084 0.030596153846153783
0 0.9470099431818182 0.3236923076923077 0.024105113636363636 0.027884615384615386
0 0.971122159090909 0.341375 0.03113636363636364 0.033326923076923046
0 0.9467684659090909 0.3464711538461539 0.016576704545454547 0.019019230769230743
0 0.4360866477272727 0.6639134615384616 0.021093750000000033 0.038750000000000014
0 0.9638423295454546 0.37741346153846156 0.022599431818181814 0.04963461538461539
0 0.9537926136363636 0.42738461538461536 0.03767045454545454 0.0380769230769231
0 0.8983025568181818 0.38795192307692306 0.020099431818181825 0.01767307692307692
0 0.8860014204545454 0.3882788461538461 0.016576704545454547 0.022442307692307723
0 0.8538565340909091 0.26794230769230776 0.027627840909090914 0.04553846153846155
0 0.7958451704545455 0.24856730769230773 0.038167613636363645 0.036711538461538525
0 0.9703693181818182 0.3189326923076924 0.02863636363636364 0.02924999999999996
0 0.9849360795454546 0.36041346153846143 0.025610795454545456 0.037403846153846135
0 0.9908309659090909 0.4042692307692308 0.01833806818181818 0.029923076923076927
0 0.9918394886363636 0.42635576923076934 0.01632102272727273 0.030596153846153894
0 0.5495809659090909 0.5422115384615385 0.024105113636363595 0.03330769230769235
0 0.9826704545454545 0.24277884615384615 0.023096590909090907 0.03467307692307687
0 0.9327059659090909 0.277798076923077 0.022599431818181814 0.029903846153846177
0 0.8649076704545455 0.47871153846153847 0.02461647727272727 0.044192307692307725
0 0.8425568181818182 0.4793942307692307 0.020085227272727272 0.03875000000000006
0 0.8563636363636363 0.4610384615384615 0.020596590909090908 0.033307692307692295
0 0.9322017045454545 0.25366346153846153 0.018579545454545463 0.022442307692307723
0 0.9447514204545454 0.22375 0.019588068181818182 0.025153846153846124
0 0.9163778409090909 0.2516250000000001 0.020085227272727272 0.033326923076923046
0 0.968359375 0.4600192307692308 0.038678977272727275 0.05438461538461544
0 0.9131178977272727 0.4399615384615384 0.04569602272727273 0.059153846153846244
0 0.5812286931818182 0.5602211538461539 0.024105113636363674 0.040788461538461496
0 0.9055823863636363 0.48687500000000006 0.03866477272727273 0.04690384615384613
0 0.99359375 0.48687500000000006 0.0128125 0.04690384615384613
0 0.9176349431818182 0.3794519230769231 0.022599431818181814 0.030596153846153783
0 0.9176349431818182 0.3580288461538462 0.030639204545454535 0.02855769230769235
0 0.9525355113636363 0.2951346153846154 0.02913352272727273 0.04011538461538453
0 0.9610724431818182 0.2781442307692308 0.030127840909090906 0.045557692307692306
0 0.9565553977272727 0.24143269230769226 0.03214488636363636 0.030596153846153894
0 0.9324502840909091 0.23326923076923067 0.02311079545454545 0.033307692307692295
0 0.8202059659090909 0.2795000000000001 0.02461647727272729 0.04419230769230762
0 0.8021306818181818 0.2801826923076923 0.026619318181818154 0.05236538461538465
0 0.5340198863636365 0.5632884615384616 0.02210227272727273 0.04826923076923076
0 0.741612215909091 0.34851923076923086 0.024105113636363636 0.0380769230769231
0 0.5495241477272728 0.33525961538461546 0.022599431818181772 0.030596153846153894
0 0.990078125 0.9614519230769231 0.01984375 0.030596153846153846
0 0.9681107954545455 0.9838942307692308 0.017073863636363637 0.030596153846153842
0 0.9844318181818181 0.9719903846153846 0.023607954545454547 0.05301923076923077
0 0.9357173295454545 0.9740961538461539 0.025610795454545456 0.05180769230769231
0 0.8588778409090909 0.9179326923076923 0.020596590909090908 0.026519230769230767
0 0.8523508522727272 0.9536346153846154 0.02461647727272727 0.046230769230769235
0 0.8912713068181818 0.9298365384615385 0.01606534090909091 0.03536538461538462
0 0.8420525568181818 0.9267692307692308 0.01808238636363637 0.031961538461538465
0 0.5654048295454546 0.5513846153846154 0.021605113636363606 0.034000000000000016
0 0.6815980113636364 0.8941442307692308 0.02359375000000002 0.038750000000000014
0 0.8410511363636364 0.8958365384615384 0.025113636363636352 0.03398076923076923
0 0.8503409090909091 0.8370288461538462 0.03264204545454544 0.038749999999999986
0 0.8644034090909091 0.8924326923076923 0.024602272727272737 0.020403846153846154
0 0.8998082386363636 0.9101153846153847 0.02509943181818182 0.035346153846153854
0 0.8739417613636363 0.9325576923076924 0.020582386363636355 0.033999999999999996
0 0.8759517045454546 0.9138557692307692 0.018579545454545453 0.023788461538461533
0 0.8807244318181818 0.90025 0.018068181818181817 0.02515384615384615
0 0.8352769886363636 0.8628557692307692 0.027627840909090914 0.034673076923076925
0 0.8297514204545454 0.8380480769230769 0.02461647727272729 0.028557692307692298
0 0.6342116477272728 0.7064038461538461 0.025610795454545417 0.03399999999999996
0 0.6163849431818182 0.6105384615384616 0.021093750000000033 0.031269230769230806
0 0.9010582386363637 0.8176538461538462 0.019588068181818182 0.05030769230769233
0 0.883487215909091 0.83125 0.030639204545454556 0.034000000000000016
0 0.9676065340909091 0.7449038461538462 0.021093749999999998 0.027192307692307693
0 0.9354616477272727 0.8812211538461538 0.027116477272727268 0.03194230769230768
0 0.9156321022727273 0.9291538461538461 0.03365056818181818 0.06119230769230769
0 0.7123508522727273 0.9507980769230769 0.020838068181818204 0.03578846153846154
0 0.6561718750000001 0.9177692307692308 0.0254119318181818 0.03303846153846154
0 0.6737144886363637 0.9273942307692308 0.026946022727272725 0.044057692307692305
0 0.6330397727272727 0.9067596153846154 0.024914772727272758 0.03578846153846154
0 0.6582102272727273 0.8881634615384615 0.0244034090909091 0.037173076923076906
0 0.7030042613636364 0.49460576923076927 0.03666193181818182 0.04963461538461533
0 0.678544034090909 0.8565 0.033565340909090906 0.046807692307692314
0 0.6040696022727272 0.9222307692307692 0.036093750000000036 0.032346153846153844
0 0.6282102272727272 0.9432307692307692 0.025426136363636373 0.03165384615384616
0 0.6940482954545455 0.9329134615384616 0.028977272727272737 0.028903846153846148
0 0.6960866477272727 0.9587211538461539 0.016775568181818187 0.02821153846153846
0 0.70828125 0.9222307692307692 0.038125000000000006 0.03373076923076923
0 0.7151491477272727 0.9721346153846154 0.03254261363636363 0.034423076923076924
0 0.6800710227272727 0.9559615384615384 0.015255681818181792 0.018576923076923078
0 0.6442258522727273 0.9573365384615384 0.024900568181818225 0.04475
0 0.7751349431818182 0.9401346153846154 0.03049715909090909 0.04611538461538461
0 0.66484375 0.5585192307692308 0.021590909090909115 0.02923076923076921
0 0.7860653409090909 0.9724807692307692 0.040170454545454544 0.05161538461538462
0 0.7471803977272726 0.9418557692307692 0.02745738636363638 0.04128846153846154
0 0.7537855113636364 0.9308365384615385 0.02134943181818182 0.03578846153846155
0 0.8150497159090909 0.9397884615384615 0.050326704545454536 0.0591923076923077
0 0.6681178977272727 0.9700769230769231 0.025923295454545456 0.05919230769230769
0 0.8737642045454546 0.8695865384615384 0.04167613636363637 0.04817307692307693
0 0.9670525568181818 0.7711634615384615 0.021860795454545456 0.03167307692307692
0 0.97875 0.8554711538461539 0.028977272727272727 0.04748076923076923
0 0.9543465909090909 0.9819423076923077 0.018806818181818178 0.03611538461538462
0 0.9500213068181819 0.9501153846153846 0.028480113636363637 0.037153846153846155
0 0.6239133522727274 0.465375 0.01808238636363639 0.03332692307692316
0 0.49222301136363633 0.9033076923076924 0.04015625000000005 0.05092307692307693
0 0.5128124999999999 0.9871057692307692 0.04982954545454543 0.025788461538461538
0 0.5852556818181818 0.9810865384615385 0.03914772727272728 0.03578846153846154
0 0.7987784090909091 0.8947019230769231 0.061505681818181814 0.05575
0 0.7522585227272727 0.7618653846153846 0.03761363636363639 0.07226923076923077
0 0.7649715909090908 0.7680673076923077 0.03863636363636362 0.08740384615384619
0 0.8150497159090909 0.7790769230769231 0.026946022727272725 0.021346153846153862
0 0.1349147727272727 0.8883076923076924 0.028181818181818228 0.07134615384615384
0 0.16524857954545458 0.874625 0.03615056818181808 0.037326923076923084
0 0.22068892045454547 0.874625 0.030639204545454456 0.04228846153846153
0 0.5347727272727273 0.45007692307692304 0.03465909090909096 0.05846153846153853
0 0.26235085227272714 0.8621826923076923 0.03308238636363639 0.04728846153846153
0 0.2399928977272726 0.9302019230769231 0.026349431818181914 0.03732692307692308
0 0.21180397727272726 0.9015865384615385 0.022670454545454598 0.029865384615384617
0 0.07824573863636364 0.9596442307692308 0.03859374999999994 0.04809615384615385
0 0.07120028409090906 0.9073942307692308 0.042883522727272805 0.03151923076923077
0 0.028615056818181772 0.9355961538461539 0.026349431818181755 0.03815384615384615
0 0.12205255681818172 0.9843846153846154 0.04044034090909079 0.03123076923076923
0 0.16922585227272724 0.9496923076923077 0.033082386363636314 0.05973076923076922
0 0.09387073863636364 0.8762788461538461 0.06862215909090917 0.03401923076923078
0 0.04270596590909104 0.8455961538461538 0.027571022727272684 0.03234615384615386
0 0.466221590909091 0.5340480769230769 0.04218749999999998 0.07682692307692306
0 0.017286931818181972 0.9467884615384615 0.029403409090908994 0.05226923076923077
0 0.054659090909090935 0.9725096153846153 0.017159090909090804 0.03732692307692308
0 0.11316761363636374 0.9480288461538462 0.04105113636363633 0.04809615384615385
0 0.14441051136363636 0.9214903846153846 0.03001420454545454 0.05309615384615385
0 0.12940340909090908 0.9584038461538461 0.0269602272727273 0.032346153846153844
0 0.14407670454545463 0.9709903846153846 0.018238636363636408 0.03998076923076923
0 0.2193750000000001 0.9247211538461538 0.019232954545454654 0.020980769230769237
0 0.2131676136363635 0.9327019230769231 0.02914772727272741 0.041980769230769224
0 0.2866619318181819 0.9473942307692308 0.09551136363636357 0.07136538461538461
0 0.3328693181818182 0.9822403846153847 0.026676136363636405 0.033596153846153845
0 0.4300568181818182 0.5629423076923077 0.020085227272727255 0.031269230769230806
0 0.4206321022727273 0.9058269230769231 0.03225852272727278 0.058769230769230775
0 0.46311789772727263 0.8562884615384616 0.027911931818181867 0.04534615384615384
0 0.4004758522727273 0.8134711538461539 0.022940340909090876 0.03190384615384616
0 0.03578835227272714 0.8134615384615385 0.02916193181818194 0.04365384615384613
0 0.16541193181818192 0.8323557692307693 0.06139204545454533 0.06298076923076923
0 0.424815340909091 0.9121538461538462 0.04181818181818182 0.0668076923076923
0 0.4590909090909091 0.8846153846153846 0.04181818181818182 0.05457692307692307
0 0.44703835227272737 0.940451923076923 0.05387784090909092 0.06425
0 0.4860298295454545 0.9924134615384615 0.024105113636363595 0.015173076923076923
0 0.45419034090909094 0.948875 0.04784090909090902 0.06171153846153847
0 0.6485227272727272 0.5925192307692309 0.06127840909090907 0.04146153846153841
0 0.5681534090909091 0.9926634615384615 0.023352272727272725 0.014673076923076922
0 0.5525142045454545 0.9834903846153846 0.022982954545454556 0.03301923076923077
0 0.5598650568181818 0.9606057692307692 0.03691761363636365 0.04844230769230769
0 0.6058167613636364 0.9534615384615385 0.03691761363636365 0.04234615384615385
0 0.6909517045454545 0.981701923076923 0.03616477272727274 0.03659615384615385
0 0.6237144886363637 0.9873173076923077 0.022968750000000024 0.025365384615384616
0 0.6073295454545455 0.9865480769230769 0.012045454545454571 0.026903846153846153
0 0.6274857954545454 0.9728365384615385 0.01769886363636369 0.02601923076923077
0 0.6423650568181818 0.9875673076923077 0.02109374999999999 0.024865384615384616
0 0.46382102272727266 0.8241923076923077 0.02883522727272729 0.032538461538461544
0 0.6547940340909091 0.6394326923076923 0.022599431818181814 0.038750000000000014
0 0.4320525568181818 0.7613076923076922 0.029360795454545476 0.033961538461538425
0 0.4179048295454546 0.8260000000000001 0.022428977272727302 0.03180769230769232
0 0.44325994318181816 0.8057596153846154 0.0218892045454545 0.030365384615384627
0 0.4371164772727273 0.8310576923076923 0.018153409090909133 0.028923076923076937
0 0.45421164772727274 0.7743173076923077 0.017088068181818142 0.025288461538461548
0 0.46781960227272734 0.769625 0.019758522727272763 0.03324999999999999
0 0.4696946022727272 0.7945576923076922 0.02455965909090912 0.028192307692307687
0 0.3031178977272727 0.7804615384615384 0.026690340909090938 0.0346923076923077
0 0.29697443181818184 0.7999807692307692 0.03576704545454546 0.044807692307692305
0 0.27428977272727273 0.8079326923076923 0.014943181818181793 0.02455769230769233
0 0.6954758522727273 0.5503653846153846 0.035667613636363615 0.05234615384615384
0 0.755049715909091 0.7208269230769231 0.07848011363636363 0.06288461538461541
0 0.9181534090909091 0.5943461538461539 0.04803977272727273 0.06288461538461536
0 0.9720809659090909 0.5874807692307693 0.04805397727272727 0.059269230769230755
0 0.7606534090909091 0.6680673076923076 0.06727272727272729 0.07155769230769232
0 0.8508806818181818 0.723 0.0330965909090909 0.032538461538461516
0 0.8297940340909091 0.7193942307692307 0.019758522727272722 0.026749999999999993
0 0.8986647727272727 0.7143269230769231 0.03150568181818183 0.028192307692307687
0 0.9034730113636363 0.6908365384615385 0.033622159090909105 0.037596153846153814
0 0.9900426136363636 0.7566153846153846 0.019914772727272725 0.0346923076923077
0 0.9929758522727272 0.8213076923076923 0.014048295454545456 0.03830769230769231
0 0.6854261363636365 0.6625480769230769 0.01556818181818183 0.034673076923076925
0 0.675390625 0.644875 0.019588068181818172 0.026519230769230753
0 0.9865696022727273 0.7743173076923078 0.026860795454545453 0.03398076923076923
0 0.9864914772727272 0.8003461538461538 0.02454545454545454 0.02384615384615383
0 0.9149502840909091 0.9845576923076923 0.028821022727272726 0.030884615384615382
0 0.9026704545454546 0.9737115384615385 0.02883522727272728 0.05257692307692308
0 0.9921803977272727 0.8668461538461538 0.015639204545454546 0.028192307692307687
0 0.9937784090909091 0.9000865384615384 0.012443181818181819 0.032519230769230766
0 0.9368394886363636 0.9286346153846154 0.02455965909090909 0.034692307692307696
0 0.9296306818181819 0.8971923076923077 0.03897727272727272 0.028192307692307687
0 0.9616690340909091 0.9149038461538461 0.02723011363636364 0.0346923076923077
0 0.8180468750000001 0.8021442307692308 0.04217329545454545 0.03325000000000001
0 0.7037642045454545 0.6010192307692308 0.03113636363636362 0.0625384615384615
0 0.8185866477272727 0.5694134615384616 0.04964488636363637 0.06505769230769227
0 0.9021377840909091 0.5538653846153846 0.04484375000000001 0.0758846153846154
0 0.6277201704545454 0.5527788461538461 0.04910511363636363 0.06505769230769233
0 0.4894460227272728 0.5975961538461538 0.04377840909090908 0.08673076923076928
0 0.5035866477272727 0.5213461538461539 0.04004261363636363 0.07011538461538463
0 0.5556463068181818 0.49459615384615385 0.04805397727272725 0.0657692307692308
0 0.4966477272727272 0.4161730769230768 0.030426136363636388 0.03180769230769235
0 0.73609375 0.5975961538461538 0.056590909090909094 0.06361538461538459
0 0.5637997159090908 0.16787499999999989 0.03345170454545456 0.04267307692307692
0 0.5557599431818181 0.12431730769230764 0.02509943181818176 0.04094230769230773
0 0.6806605113636364 0.627201923076923 0.03313920454545452 0.03059615384615384
0 0.5406392045454546 0.0790288461538462 0.038607954545454556 0.05140384615384608
0 0.444453125 0.0790288461538462 0.02765624999999996 0.037442307692307636
0 0.39362215909090914 0.11518269230769229 0.02252840909090911 0.03309615384615381
0 0.45860795454545455 0.05506730769230772 0.03795454545454549 0.027865384615384632
0 0.48563210227272724 0.04113461538461538 0.030241477272727222 0.03834615384615384
0 0.4698650568181818 0.08076923076923082 0.02316761363636364 0.02699999999999993
0 0.3894460227272728 0.14218269230769232 0.02573863636363637 0.026134615384615447
0 0.37399857954545446 0.18007692307692302 0.0283096590909091 0.04965384615384614
0 0.14623579545454557 0.16700000000000004 0.03346590909090918 0.04965384615384614
0 0.18933948863636374 0.1299807692307693 0.02830965909090902 0.05399999999999997
0 0.7321377840909091 0.5486634615384616 0.034644886363636385 0.048942307692307674
0 0.060014204545454586 0.08076923076923082 0.02573863636363621 0.028730769230769337
0 0.08929687500000005 0.040701923076923 0.031519886363636444 0.03398076923076926
0 0.12564630681818167 0.13476923076923086 0.03217329545454542 0.05138461538461533
0 0.0709588068181819 0.1443557692307692 0.03731534090909088 0.033980769230769155
0 0.04651278409090909 0.10298076923076926 0.024446022727272778 0.033115384615384665
0 0.0703125 0.17963461538461534 0.032159090909091054 0.05399999999999997
0 0.06966619318181833 0.10253846153846158 0.02830965909090902 0.032230769230769216
0 0.07996448863636374 0.07379807692307694 0.02316761363636372 0.033980769230769155
0 0.0661292613636365 0.05246153846153845 0.021235795454545358 0.03484615384615375
0 0.0963707386363637 0.07423076923076932 0.017372159090909115 0.029615384615384682
0 0.6409872159090909 0.4623173076923076 0.021093750000000033 0.0353653846153847
0 0.34536931818181815 0.05637499999999995 0.03022727272727269 0.03571153846153856
0 0.1861292613636365 0.04549038461538457 0.03603693181818182 0.06271153846153837
0 0.28456676136363634 0.22013461538461543 0.02958806818181824 0.037461538461538386
0 0.27748579545454544 0.05594230769230779 0.021875000000000047 0.03134615384615387
0 0.313203125 0.23233653846153846 0.030241477272727222 0.03921153846153844
0 0.28038352272727274 0.26150961538461537 0.036676136363636355 0.055750000000000015
0 0.15556818181818177 0.2122980769230769 0.03795454545454549 0.05486538461538467
0 0.3498721590909091 0.025019230769230738 0.02767045454545457 0.030499999999999916
0 0.31899147727272725 0.08555769230769228 0.02894886363636363 0.048769230769230794
0 0.3395809659090909 0.08643269230769235 0.021235795454545518 0.03136538461538462
0 0.5967968749999999 0.4850961538461539 0.01808238636363639 0.02242307692307686
0 0.4129261363636364 0.09426923076923077 0.03409090909090909 0.04530769230769231
0 0.3260653409090909 0.021528846153845982 0.025085227272727228 0.04094230769230773
0 0.22441051136363643 0.024048076923076867 0.03410511363636362 0.04809615384615383
0 0.14269886363636364 0.11387500000000006 0.03409090909090909 0.06532692307692302
0 0.08671874999999996 0.1299807692307693 0.03667613636363643 0.07665384615384607
0 0.22022727272727272 0.06465384615384617 0.037329545454545414 0.047038461538461605
0 0.10987926136363635 0.08555769230769228 0.030241477272727222 0.05226923076923078
0 0.0661292613636365 0.012730769230769212 0.02509943181818176 0.02546153846153848
0 0.14237215909090917 0.06857692307692309 0.060482954545454444 0.039192307692307686
0 0.17422585227272724 0.16656730769230776 0.04052556818181814 0.05401923076923083
0 0.6408522727272727 0.33334615384615396 0.02210227272727273 0.034000000000000016
0 0.42901278409090904 0.22624038461538454 0.02509943181818184 0.03398076923076926
0 0.3141690340909091 0.2545480769230769 0.03217329545454542 0.048788461538461544
0 0.2134730113636365 0.2885192307692307 0.06240056818181811 0.04007692307692303
0 0.29132812500000005 0.3360000000000001 0.05211647727272727 0.04442307692307686
0 0.41678267045454553 0.2632596153846154 0.03410511363636362 0.04528846153846156
0 0.4859588068181818 0.2758846153846155 0.0283096590909091 0.04269230769230767
0 0.4688991477272727 0.24757692307692314 0.03151988636363636 0.027884615384615386
0 0.441875 0.19704807692307702 0.02767045454545457 0.03832692307692309
0 0.2675142045454545 0.08425961538461535 0.02894886363636363 0.03571153846153856
0 0.2472514204545455 0.09905769230769224 0.02703125000000012 0.06707692307692306
0 0.5800852272727273 0.27283653846153844 0.031136363636363577 0.04894230769230778
0 0.25142755681818196 0.030153846153846198 0.03924715909090908 0.06030769230769233
0 0.3067684659090909 0.02849999999999986 0.022514204545454497 0.05488461538461542
0 0.28649857954545466 0.030682692307692272 0.02316761363636364 0.027865384615384632
0 0.2984019886363636 0.06116346153846153 0.03796875000000002 0.026134615384615447
0 0.2938920454545454 0.08250961538461532 0.02380681818181817 0.030480769230769166
0 0.29003551136363637 0.10733653846153857 0.02765625000000004 0.03136538461538462
0 0.2681605113636363 0.11299999999999999 0.01995738636363638 0.02699999999999993
0 0.2819957386363636 0.013163461538461596 0.02958806818181816 0.026326923076923074
0 0.5602627840909091 0.024586538461538465 0.05598011363636359 0.048788461538461544
0 0.5206960227272728 0.015336538461538485 0.020596590909090908 0.0306730769230769
0 0.6185085227272727 0.3143076923076923 0.029630681818181837 0.03942307692307692
0 0.5132954545454546 0.06856730769230768 0.02380681818181817 0.0479038461538462
0 0.5013920454545455 0.08860576923076924 0.01673295454545459 0.02524999999999999
0 0.5856747159090909 0.16830769230769227 0.024446022727272778 0.03484615384615385
0 0.561875 0.21577884615384624 0.021874999999999967 0.03398076923076926
0 0.5798863636363636 0.20663461538461547 0.021874999999999967 0.03134615384615387
0 0.6133451704545454 0.17135576923076923 0.038593750000000024 0.04267307692307692
0 0.6323224431818182 0.2249326923076923 0.021235795454545438 0.048788461538461544
0 0.6181676136363636 0.23233653846153846 0.019943181818181766 0.06359615384615394
0 0.659346590909091 0.11561538461538468 0.02508522727272727 0.0339615384615384
0 0.5702414772727273 0.0637884615384614 0.016732954545454506 0.024384615384615397
0 0.5645241477272727 0.32008653846153845 0.024105113636363674 0.03467307692307687
0 0.4322230113636363 0.013596153846153758 0.030241477272727302 0.027192307692307665
0 0.4209730113636364 0.12170192307692307 0.041178977272727284 0.07751923076923077
0 0.4508877840909091 0.12693269230769233 0.022514204545454577 0.030480769230769273
0 0.35919744318181823 0.1805 0.02316761363636356 0.03657692307692304
0 0.3637073863636364 0.1443557692307692 0.02573863636363637 0.040942307692307625
0 0.5380681818181818 0.27893269230769224 0.039886363636363616 0.06098076923076919
0 0.5116832386363637 0.3094230769230769 0.019303977272727237 0.03134615384615387
0 0.4737286931818182 0.31290384615384625 0.02316761363636364 0.029615384615384682
0 0.49431818181818177 0.3098557692307692 0.021874999999999967 0.028750000000000088
0 0.4209730113636364 0.330326923076923 0.03217329545454542 0.048769230769230794
0 0.7135582386363637 0.6846442307692308 0.04169034090909094 0.03671153846153847
0 0.49522017045454547 0.37685576923076924 0.024105113636363674 0.032634615384615324
0 0.4618181818181818 0.3329423076923077 0.03281250000000003 0.054000000000000076
0 0.48401988636363635 0.3673557692307692 0.05147727272727274 0.04617307692307691
0 0.5293821022727272 0.32335576923076914 0.049531250000000006 0.043557692307692374
0 0.4869105113636363 0.011951923076923165 0.017372159090909035 0.023519230769230695
0 0.4669673295454545 0.015336538461538485 0.021235795454545518 0.0306730769230769
0 0.4528196022727272 0.014471153846153828 0.012230113636363575 0.028942307692307715
0 0.43223011363636354 0.04330769230769227 0.03281249999999995 0.032230769230769216
0 0.1642542613636363 0.016644230769230717 0.032173295454545586 0.033288461538461545
0 0.458934659090909 0.03590384615384612 0.02573863636363637 0.022653846153846212
0 0.5010724431818181 0.031124999999999958 0.03924715909090908 0.03571153846153856
0 0.4613210227272727 0.281 0.026619318181818195 0.04623076923076916
0 0.5030042613636363 0.010115384615384637 0.021235795454545438 0.020230769230769195
0 0.31641335227272727 0.011076923076923095 0.017372159090909115 0.02003846153846168
0 0.3347514204545454 0.004548076923076905 0.018025568181818177 0.00871153846153841
0 0.15331676136363626 0.030682692307692272 0.02830965909090902 0.0348269230769231
0 0.13915482954545455 0.041567307692307764 0.05791193181818179 0.028749999999999977
0 0.16264204545454541 0.11125000000000007 0.04181818181818189 0.06184615384615389
0 0.1848366477272727 0.09644230769230766 0.019303977272727157 0.037461538461538386
0 0.49818181818181817 0.22753846153846158 0.06562499999999999 0.0714230769230769
0 0.5251988636363636 0.1108269230769231 0.03602272727272729 0.041807692307692323
0 0.4721235795454546 0.1295480769230769 0.021235795454545518 0.030480769230769273
0 0.38649147727272737 0.32144230769230764 0.029630681818181757 0.04011538461538453
0 0.006846590909090788 0.008028846153846025 0.013693181818181799 0.013942307692307693
0 0.04586647727272719 0.02720192307692304 0.023153409090909186 0.027865384615384632
0 0.020127840909091033 0.012730769230769212 0.021874999999999967 0.02546153846153848
0 0.06742187499999985 0.03547115384615385 0.012230113636363655 0.021788461538461618
0 0.042649147727272685 0.050278846153846146 0.02830965909090918 0.03398076923076926
0 0.04200284090909079 0.07118269230769225 0.02446022727272715 0.04094230769230773
0 0.4190411931818182 0.2035865384615385 0.019303977272727316 0.02524999999999999
0 0.4109943181818182 0.17571153846153842 0.0546875 0.07230769230769235
0 0.4875568181818182 0.1465384615384615 0.02767045454545457 0.040076923076923135
0 0.46311079545454537 0.14827884615384623 0.019943181818181846 0.027865384615384632
0 0.4442400568181818 0.253798076923077 0.030639204545454535 0.040788461538461496
0 0.5174786931818183 0.3673557692307692 0.020582386363636376 0.028749999999999977
0 0.5145880681818182 0.4021923076923076 0.02767045454545457 0.032230769230769216
0 0.3318607954545455 0.47144230769230766 0.03795454545454549 0.04530769230769231
0 0.2655823863636364 0.4322403846153846 0.03281250000000003 0.03309615384615381
0 0.24949573863636365 0.4618557692307692 0.030241477272727222 0.03136538461538462
0 0.41710227272727274 0.29374999999999996 0.02573863636363637 0.040076923076923135
0 0.40392045454545455 0.282423076923077 0.02380681818181817 0.041807692307692323
0 0.3846164772727273 0.28765384615384626 0.016079545454545444 0.024384615384615397
0 0.2755610795454545 0.3878173076923076 0.038593750000000024 0.07490384615384613
0 0.7014914772727272 0.1591634615384615 0.020596590909090908 0.05140384615384619
0 0.4424786931818182 0.30207692307692313 0.032144886363636355 0.0380769230769231
0 0.7040625 0.04766346153846157 0.038607954545454556 0.05313461538461538
0 0.6863778409090909 0.13651923076923078 0.02380681818181817 0.0374615384615385
0 0.7178977272727272 0.14566346153846155 0.02508522727272727 0.05224999999999992
0 0.8060511363636363 0.12388461538461537 0.02380681818181817 0.03484615384615385
0 0.8739275568181818 0.07161538461538464 0.02316761363636364 0.047038461538461605
0 0.7931747159090909 0.04853846153846153 0.04697443181818181 0.05661538461538461
0 0.8314630681818181 0.1169134615384616 0.03088068181818183 0.055750000000000015
0 0.8793892045454546 0.0450576923076923 0.018664772727272728 0.04442307692307697
0 0.891299715909091 0.09645192307692307 0.02316761363636364 0.028749999999999977
0 0.8958025568181818 0.06116346153846142 0.02316761363636364 0.03136538461538462
0 0.5035014204545455 0.27521153846153845 0.029616477272727225 0.04284615384615379
0 0.9154261363636363 0.04635576923076923 0.02767045454545455 0.03832692307692309
0 0.9125284090909092 0.1064615384615385 0.02701704545454546 0.03134615384615387
0 0.9215340909090909 0.02850000000000008 0.02573863636363636 0.032230769230769105
0 0.8986931818181818 0.028067307692307697 0.02252840909090909 0.03832692307692309
0 0.8166619318181818 0.012288461538461526 0.034744318181818196 0.024576923076923024
0 0.7536079545454546 0.02840384615384617 0.03988636363636366 0.056807692307692344
0 0.8861434659090909 0.015442307692307589 0.02444602272727274 0.027000000000000038
0 0.8475426136363636 0.07379807692307694 0.03088068181818183 0.03744230769230775
0 0.8581605113636364 0.037644230769230846 0.028963068181818184 0.03832692307692309
0 0.8707102272727273 0.010980769230769294 0.02187500000000001 0.02196153846153849
0 0.5527201704545455 0.19600961538461537 0.027627840909090894 0.03944230769230767
0 0.82953125 0.04636538461538464 0.038607954545454536 0.05399999999999997
0 0.8459303977272727 0.00933653846153848 0.03024147727272728 0.01828846153846152
0 0.9099502840909091 0.004884615384615265 0.02444602272727273 0.009769230769230848
0 0.9289346590909091 0.005759615384615446 0.019943181818181818 0.011519230769230787
0 0.9553125 0.022403846153846163 0.0444034090909091 0.04269230769230778
0 0.9373011363636363 0.05246153846153845 0.02380681818181819 0.027884615384615386
0 0.8510866477272727 0.11952884615384607 0.02509943181818182 0.06098076923076919
0 0.8620170454545455 0.2014134615384615 0.040539772727272716 0.04005769230769228
0 0.8961221590909091 0.1765865384615385 0.02767045454545455 0.03921153846153844
0 0.903203125 0.19619230769230767 0.03024147727272728 0.03484615384615385
0 0.8398011363636364 0.779048076923077 0.02434659090909091 0.041634615384615395
0 0.8668465909090909 0.22275 0.06176136363636364 0.0374615384615385
0 0.8736008522727272 0.13476923076923086 0.03796874999999999 0.05138461538461533
0 0.9492045454545455 0.18747115384615387 0.023153409090909086 0.03832692307692309
0 0.9701065340909091 0.19966346153846148 0.03024147727272727 0.05051923076923073
0 0.9903622159090909 0.22057692307692311 0.019275568181818182 0.03134615384615387
0 0.9331178977272727 0.20401923076923079 0.027031250000000003 0.024384615384615397
0 0.9247514204545455 0.1870384615384615 0.02316761363636364 0.030500000000000027
0 0.9344105113636364 0.1530673076923077 0.02830965909090909 0.037442307692307636
0 0.8710298295454546 0.16787499999999989 0.04183238636363637 0.04094230769230773
0 0.7925355113636363 0.15045192307692312 0.0263778409090909 0.03398076923076926
0 0.703359375 0.7605480769230769 0.030752840909090917 0.041634615384615395
0 0.9334375 0.07162500000000005 0.02894886363636363 0.026134615384615447
0 0.8259872159090909 0.16221153846153846 0.03410511363636362 0.029615384615384682
0 0.9186363636363637 0.09252884615384616 0.04181818181818182 0.027865384615384632
0 0.7854545454545454 0.12431730769230764 0.031534090909090894 0.04094230769230773
0 0.9533806818181818 0.13956730769230763 0.01607954545454545 0.048788461538461544
0 0.9627130681818182 0.02720192307692315 0.034744318181818175 0.04355769230769226
0 0.9701136363636363 0.12040384615384614 0.02252840909090909 0.027884615384615386
0 0.7417045454545454 0.05724999999999991 0.04440340909090908 0.07403846153846154
0 0.8076491477272727 0.08207692307692305 0.050184659090909106 0.06446153846153843
0 0.7497514204545455 0.15001923076923074 0.04117897727272724 0.041807692307692323
0 0.6489133522727273 0.7449423076923076 0.0337357954545455 0.04161538461538459
0 0.744921875 0.18748076923076928 0.03796874999999999 0.047038461538461605
0 0.9713991477272728 0.1487115384615384 0.022514204545454542 0.030500000000000027
0 0.9955113636363636 0.1953173076923077 0.008977272727272728 0.03659615384615379
0 0.9472443181818182 0.5471923076923078 0.04338068181818181 0.07623076923076925
0 0.7731747159090909 0.36205769230769225 0.05473011363636364 0.07765384615384614
0 0.8476846590909091 0.3665288461538462 0.044176136363636355 0.0544423076923077
0 0.6366903409090909 0.41026923076923083 0.03494318181818181 0.05980769230769224
0 0.6192187499999999 0.39419230769230773 0.03034090909090911 0.05088461538461535
0 0.5585653409090909 0.3683076923076922 0.06988636363636362 0.08480769230769224
0 0.9843039772727272 0.7294134615384615 0.03139204545454546 0.054403846153846136
0 0.6545454545454545 0.6832884615384616 0.02210227272727273 0.024461538461538458
0 0.6762428977272728 0.775 0.03458806818181817 0.03700000000000002
0 0.9779545454545454 0.6920865384615384 0.04298295454545454 0.03794230769230767
0 0.59296875 0.5991057692307693 0.03738636363636363 0.05186538461538461
0 0.4401846590909091 0.5896153846153847 0.025227272727272713 0.03288461538461537
0 0.28495028409090906 0.5724807692307692 0.03919034090909095 0.046653846153846136
0 0.2487997159090909 0.4791826923076923 0.08850852272727273 0.05763461538461538
0 0.2815696022727273 0.4983846153846153 0.0635085227272727 0.07226923076923074
0 0.41974431818181823 0.584375 0.02230113636363643 0.032019230769230723
0 0.14722301136363636 0.7463846153846154 0.030781250000000104 0.05
0 0.04975852272727266 0.7398942307692308 0.06019886363636363 0.027788461538461515
0 0.017357954545454635 0.6329423076923077 0.034715909090909165 0.05276923076923076
0 0.7082670454545454 0.7885961538461539 0.02690340909090909 0.032961538461538466
0 0.0412073863636363 0.593125 0.029403409090909157 0.05463461538461538
0 0.04531249999999998 0.671375 0.06224431818181809 0.04628846153846153
0 0.06685369318181822 0.5996057692307692 0.05882102272727268 0.06390384615384613
0 0.12773437499999996 0.7037884615384615 0.04376420454545463 0.03703846153846152
0 0.09968750000000004 0.6857307692307693 0.019147727272727136 0.02315384615384614
0 0.06104403409090908 0.7690673076923077 0.03626420454545451 0.041673076923076896
0 0.15269886363636365 0.8014807692307693 0.06224431818181809 0.0676153846153846
0 0.08635653409090904 0.8575 0.0745596590909091 0.03888461538461537
0 0.08942471590909085 0.8315769230769231 0.07660511363636356 0.03334615384615385
0 0.08703835227272727 0.8070384615384616 0.0745596590909091 0.03611538461538462
0 0.6762428977272728 0.8105576923076923 0.031178977272727296 0.04799999999999999
0 0.0983238636363637 0.7755480769230769 0.04786931818181825 0.041673076923076924
0 0.01051846590909089 0.6167403846153846 0.02103693181818174 0.05001923076923081
0 0.23170454545454544 0.5222788461538461 0.036931818181818184 0.055557692307692336
0 0.19066051136363626 0.5417307692307691 0.06975852272727275 0.06853846153846156
0 0.007095170454545441 0.37458653846153855 0.014190340909090922 0.04351923076923076
0 0.01257102272727273 0.2912403846153846 0.025142045454545518 0.03982692307692315
0 0.11884232954545448 0.4018942307692308 0.03830965909090913 0.042596153846153804
0 0.11713068181818187 0.44264423076923076 0.05130681818181819 0.042596153846153804
0 0.22520596590909103 0.2486442307692307 0.03899147727272718 0.045365384615384564
0 0.1920241477272726 0.23244230769230767 0.03282670454545456 0.05
0 0.7165980113636363 0.8140288461538462 0.025610795454545456 0.027173076923076914
0 0.21494318181818173 0.209298076923077 0.03761363636363623 0.06667307692307696
0 0.37157670454545455 0.5630288461538462 0.02803977272727266 0.027788461538461515
0 0.44989346590909096 0.3620769230769231 0.032826704545454485 0.04815384615384619
0 0.49333096590909087 0.4681153846153846 0.03078124999999994 0.056499999999999995
0 0.5500568181818182 0.9199423076923077 0.061079545454545456 0.05119230769230769
0 0.3343678977272727 0.663375 0.03490056818181817 0.03674999999999997
0 0.7012855113636363 0.7171826923076923 0.0436221590909091 0.05775
0 0.672684659090909 0.7106250000000001 0.015511363636363618 0.0288653846153846
0 0.7720454545454545 0.8051057692307693 0.035880681818181846 0.039365384615384615
0 0.8098508522727272 0.8497307692307692 0.030042613636363624 0.05511538461538461
0 0.8246377840909092 0.762576923076923 0.02049715909090908 0.031807692307692294
0 0.7948295454545454 0.8188846153846154 0.04653409090909089 0.05380769230769231
0 0.5563636363636364 0.8917307692307692 0.04653409090909089 0.05773076923076924
0 0.5238849431818182 0.9009230769230769 0.020355113636363695 0.06561538461538462
0 0.5476349431818182 0.8497403846153846 0.04651988636363636 0.07086538461538462
0 0.49867897727272725 0.8654807692307692 0.05718749999999999 0.057730769230769224
0 0.5015909090909091 0.828076923076923 0.053323863636363586 0.06169230769230769
0 0.7458735795454545 0.9022307692307692 0.05913352272727272 0.06823076923076922
0 0.7080610795454545 0.8740192307692308 0.03586647727272727 0.0748076923076923
0 0.7560511363636364 0.8536634615384615 0.05428977272727273 0.07086538461538461
0 0.7332741477272728 0.8510384615384615 0.053309659090909095 0.07611538461538461
0 0.8701207386363636 0.7773173076923077 0.03288352272727273 0.038173076923076914
0 0.7842329545454546 0.2265673076923077 0.02943181818181818 0.05048076923076923
0 0.9205042613636364 0.7657307692307692 0.04569602272727272 0.06453846153846152
0 0.4267897727272728 0.6031826923076924 0.02696022727272722 0.017288461538461555
0 0.11257102272727271 0.8905865384615385 0.05119318181818177 0.0626346153846154
0 0.9891761363636363 0.03752884615384611 0.021647727272727273 0.06567307692307676
0 0.4914630681818182 0.07893269230769218 0.02883522727272729 0.03998076923076927
0 0.4925142045454546 0.1150961538461539 0.02531249999999999 0.03426923076923075
0 0.4693110795454545 0.1051057692307692 0.023906249999999976 0.02759615384615378
0 0.5150213068181818 0.1250961538461539 0.03515625 0.04853846153846156
0 0.4587713068181819 0.16649999999999998 0.02953125000000003 0.04569230769230768
0 0.8459943181818181 0.6955096153846154 0.021363636363636352 0.027173076923076914
0 0.10184659090909098 0.38828846153846164 0.012556818181818226 0.02426923076923078
0 0.0408664772727273 0.4004326923076924 0.02093750000000001 0.022673076923076962
0 0.4752272727272727 0.1905769230769231 0.04911931818181824 0.05107692307692308
0 0.5086860795454546 0.16745192307692314 0.060497159090909136 0.04528846153846156
0 0.9365838068181818 0.8360673076923077 0.09041193181818181 0.14763461538461536
0 0.6106036931818182 0.6669423076923078 0.09214488636363637 0.11442307692307692
0 0.969169034090909 0.11471153846153836 0.06166193181818181 0.14273076923076916
0 0.6917400568181818 0.284625 0.04401988636363634 0.07055769230769231
0 0.7214985795454545 0.2781923076923076 0.04507102272727275 0.06723076923076919
0 0.4050284090909091 0.4526634615384615 0.1518465909090909 0.22332692307692306
0 0.8812286931818182 0.7492788461538462 0.017514204545454545 0.02486538461538463
0 0.8363849431818182 0.7475384615384615 0.01836647727272728 0.03180769230769232
0 0.7853480113636364 0.7856923076923077 0.0204971590909091 0.03757692307692306
0 0.6128693181818182 0.7410769230769231 0.03113636363636366 0.03807692307692307
0 0.9386647727272728 0.7145865384615384 0.02221590909090909 0.034096153846153825
0 0.9397301136363636 0.668625 0.02178977272727273 0.025442307692307726
0 0.8222869318181818 0.6243942307692307 0.02605113636363637 0.03644230769230767
0 0.8564559659090909 0.6775769230769231 0.0226278409090909 0.03757692307692312
0 0.8771732954545455 0.7275961538461538 0.025624999999999988 0.03007692307692305
0 0.8538991477272727 0.757951923076923 0.020923295454545462 0.04567307692307695
0 0.8940411931818182 0.7333750000000001 0.020071022727272722 0.028903846153846155
0 0.9226491477272727 0.724125 0.031178977272727285 0.028903846153846155
0 0.8803693181818182 0.696375 0.02605113636363637 0.031211538461538443
0 0.8489772727272727 0.6006923076923076 0.026477272727272728 0.041038461538461544
0 0.6535440340909091 0.7104807692307692 0.027116477272727237 0.03399999999999996
0 0.8611505681818181 0.6602403846153846 0.027755681818181808 0.04567307692307692
0 0.7236434659090909 0.6434711538461539 0.05166193181818182 0.05725000000000002
0 0.7330397727272727 0.7909038461538461 0.02690340909090909 0.04915384615384616
0 0.8961718750000001 0.6342211538461539 0.04228693181818182 0.060711538461538504
0 0.9260653409090909 0.6960865384615385 0.01835227272727272 0.0294807692307692
0 0.9450639204545455 0.6897211538461538 0.02220170454545455 0.0306346153846154
0 0.9610795454545454 0.7128557692307692 0.029460227272727277 0.02832692307692311
0 0.96578125 0.6593653846153846 0.04227272727272727 0.03815384615384616
0 0.9683451704545455 0.6229423076923077 0.03032670454545455 0.03584615384615382
0 0.9442116477272727 0.7403173076923077 0.03245738636363637 0.04394230769230771
0 0.5405397727272727 0.6452115384615384 0.028125000000000015 0.04080769230769231
0 0.8810085227272727 0.8146057692307692 0.02477272727272727 0.03178846153846154
0 0.8916903409090909 0.7726923076923077 0.02306818181818183 0.041615384615384644
0 0.8267826704545455 0.6943557692307692 0.02049715909090908 0.0294807692307692
0 0.1085582386363636 0.6103365384615385 0.027940340909090852 0.027865384615384632
0 0.07070312500000009 0.6847403846153846 0.027940340909090852 0.03432692307692312
0 0.1300639204545455 0.6628461538461539 0.02316761363636372 0.04030769230769232
0 0.08539772727272732 0.6563749999999999 0.024261363636363532 0.04628846153846153
0 0.054524147727272765 0.7088846153846153 0.026463068181818174 0.03980769230769229
0 0.09054687500000003 0.7397403846153847 0.038224431818181935 0.03782692307692305
0 0.10838068181818172 0.7170865384615385 0.04227272727272726 0.036326923076923104
0 0.5041335227272727 0.6530384615384615 0.0326420454545454 0.0360384615384615
0 0.14200994318181825 0.6819999999999999 0.02867897727272735 0.03384615384615384
0 0.13134943181818182 0.5983942307692308 0.02573863636363637 0.03482692307692305
0 0.022727272727272707 0.5906826923076923 0.02022727272727274 0.04328846153846152
0 0.10341619318181827 0.5822211538461539 0.03382102272727281 0.03236538461538459
0 0.1069105113636365 0.655875 0.026093750000000006 0.06221153846153845
0 0.0752911931818182 0.7133557692307693 0.020951704545454544 0.026865384615384614
0 0.16829545454545458 0.7141057692307693 0.03860795454545463 0.04528846153846156
0 0.23519886363636366 0.6081057692307692 0.019488636363636402 0.02936538461538458
0 0.2800497159090909 0.6364711538461538 0.032713068181818225 0.026365384615384575
0 0.22067471590909093 0.6016346153846154 0.021321022727272713 0.03434615384615387
