0 0.645859375 0.18827884615384605 0.03660511363636361 0.07063461538461531
0 0.011874999999999969 0.04493269230769237 0.02375000000000004 0.04217307692307694
0 0.3995738636363636 0.7188461538461539 0.024573863636363654 0.03903846153846151
0 0.5599502840909091 0.98 0.022400568181818157 0.02157692307692308
0 0.5553125 0.9573269230769231 0.03681818181818176 0.03073076923076923
0 0.5467542613636363 0.9316923076923077 0.042400568181818137 0.045807692307692306
0 0.36009232954545456 0.04876923076923079 0.034133522727272686 0.05630769230769225
0 0.3977485795454545 0.07214423076923071 0.04794034090909091 0.07682692307692306
0 0.48593039772727276 0.2853461538461538 0.06481534090909098 0.06465384615384616
0 0.479090909090909 0.2604615384615384 0.08511363636363639 0.06523076923076915
0 0.4381178977272727 0.20672115384615386 0.04634943181818181 0.055711538461538514
0 0.37908380681818177 0.025461538461538424 0.02396306818181819 0.03076923076923077
0 0.9768110795454545 0.1617019230769231 0.03444602272727273 0.06028846153846147
0 0.42283380681818183 0.1312788461538461 0.036576704545454544 0.04513461538461544
0 0.3527840909090909 0.1328942307692308 0.04616477272727273 0.05401923076923072
0 0.5437926136363638 0.14012500000000006 0.03397727272727275 0.046557692307692376
0 0.5484303977272728 0.07301923076923078 0.028167613636363612 0.06503846153846153
0 0.5772656249999999 0.06457692307692309 0.029928977272727263 0.04757692307692309
0 0.5307102272727273 0.02752884615384621 0.030539772727272728 0.03890384615384608
0 0.5866264204545455 0.038884615384615406 0.04004261363636363 0.040192307692307756
0 0.5788494318181818 0.013730769230769213 0.04602272727272724 0.02746153846153841
0 0.5474644886363635 0.01737499999999992 0.02845170454545459 0.03474999999999999
0 0.5381889204545454 0.18222115384615378 0.04569602272727275 0.04267307692307692
0 0.044758522727272765 0.7791153846153847 0.03218750000000012 0.03834615384615384
0 0.5707386363636363 0.18227884615384604 0.029886363636363666 0.07721153846153853
0 0.3922585227272727 0.04109615384615384 0.023096590909090896 0.03184615384615385
0 0.589559659090909 0.25257692307692314 0.0341477272727273 0.04876923076923068
0 0.6117613636363637 0.2946153846153847 0.04170454545454547 0.05323076923076924
0 0.638671875 0.2581826923076923 0.036946022727272716 0.04090384615384612
0 0.6230681818181818 0.3582788461538462 0.06068181818181822 0.06513461538461539
0 0.5516761363636364 0.4166346153846153 0.03434659090909092 0.05903846153846152
0 0.5739772727272727 0.3992307692307693 0.03002840909090907 0.05138461538461533
0 0.6756249999999999 0.3085865384615385 0.04249999999999998 0.04978846153846162
0 0.7733522727272727 0.33543269230769235 0.036931818181818184 0.056980769230769224
0 0.8921803977272728 0.1443557692307692 0.025724431818181816 0.04105769230769235
0 0.7923224431818182 0.3174615384615386 0.03708806818181816 0.05161538461538457
0 0.805234375 0.2874326923076924 0.0713494318181818 0.06809615384615389
0 0.8410795454545454 0.26521153846153844 0.05380681818181818 0.05326923076923075
0 0.4799289772727273 0.03741346153846148 0.02911931818181818 0.040173076923076895
0 0.878359375 0.2513653846153846 0.039389204545454554 0.04588461538461541
0 0.8833238636363636 0.2864903846153847 0.04107954545454544 0.044173076923076864
0 0.9162144886363637 0.3732884615384615 0.06274147727272726 0.08153846153846149
0 0.8300639204545455 0.3504519230769231 0.03401988636363639 0.04575000000000004
0 0.9055965909090908 0.31537499999999996 0.03542613636363637 0.04294230769230777
0 0.9458451704545454 0.30699999999999994 0.037684659090909095 0.03884615384615382
0 0.6814204545454545 0.20624038461538463 0.02875000000000001 0.035173076923076856
0 0.88375 0.4280384615384615 0.03784090909090909 0.04111538461538461
0 0.784481534090909 0.4115096153846154 0.02697443181818183 0.04098076923076924
0 0.7612286931818182 0.42253846153846164 0.049190340909090906 0.040769230769230745
0 0.7913991477272727 0.47950000000000004 0.02947443181818182 0.037884615384615364
0 0.8301917613636364 0.49414423076923086 0.03299715909090908 0.0556730769230769
0 0.842265625 0.5309134615384615 0.040269886363636355 0.06532692307692313
0 0.8081818181818181 0.5309134615384615 0.03261363636363637 0.03482692307692305
0 0.8031818181818182 0.502701923076923 0.03505681818181819 0.029365384615384633
0 0.76046875 0.4749326923076924 0.03176136363636366 0.04348076923076915
0 0.7124928977272726 0.4740192307692308 0.0488494318181818 0.0693846153846154
0 0.2507528409090909 0.05585576923076918 0.03838068181818179 0.046057692307692286
0 0.7435014204545455 0.45343269230769223 0.035752840909090894 0.07721153846153853
0 0.7068536931818181 0.4089711538461539 0.04464488636363637 0.06563461538461537
0 0.6685227272727272 0.3862403846153847 0.036193181818181805 0.036249999999999935
0 0.683487215909091 0.44317307692307706 0.032372159090909076 0.029692307692307688
0 0.6568181818181817 0.4413076923076923 0.033380681818181816 0.05492307692307693
0 0.67890625 0.486576923076923 0.04875000000000003 0.05092307692307696
0 0.6312215909090909 0.450326923076923 0.02767045454545457 0.0428461538461539
0 0.6131392045454545 0.450673076923077 0.028863636363636355 0.04230769230769231
0 0.5880255681818183 0.4447596153846154 0.026363636363636367 0.03878846153846157
0 0.5635298295454545 0.4614807692307693 0.045099431818181816 0.04238461538461542
0 0.31551846590909094 0.5835288461538461 0.06890624999999999 0.0794423076923077
0 0.613515625 0.4910961538461539 0.03774147727272726 0.0422692307692308
0 0.6329474431818181 0.570298076923077 0.04015625000000001 0.04217307692307694
0 0.6705752840909092 0.5557788461538462 0.07703124999999994 0.0889038461538462
0 0.5378977272727272 0.5923173076923076 0.05204545454545453 0.08694230769230771
0 0.5768323863636364 0.5874326923076922 0.028437500000000056 0.04259615384615386
0 0.5481605113636363 0.54025 0.03313920454545452 0.04396153846153849
0 0.46550426136363643 0.42553846153846153 0.043082386363636344 0.048807692307692406
0 0.49484375 0.4865384615384616 0.03099431818181817 0.04723076923076918
0 0.5069957386363635 0.47387499999999994 0.018025568181818177 0.03021153846153842
0 0.5196093749999999 0.46225000000000005 0.04279829545454545 0.03188461538461546
0 0.017286931818181972 0.7190288461538461 0.034545454545454615 0.05540384615384616
0 0.5277414772727272 0.48432692307692315 0.0286931818181818 0.03715384615384614
0 0.5367542613636364 0.5051249999999999 0.03416193181818175 0.04213461538461543
0 0.432265625 0.4830961538461538 0.050525568181818255 0.040153846153846144
0 0.5024928977272727 0.01900961538461532 0.027968749999999997 0.038019230769230736
0 0.4587428977272727 0.505576923076923 0.04546874999999999 0.041538461538461476
0 0.43442471590909093 0.5583461538461538 0.03791193181818182 0.05165384615384618
0 0.426747159090909 0.5205865384615385 0.05781249999999998 0.041173076923076916
0 0.4595383522727272 0.5413461538461539 0.024701704545454527 0.03884615384615382
0 0.3215625 0.5161346153846154 0.0409943181818182 0.04769230769230766
0 0.5013068181818181 0.4365 0.02863636363636367 0.04184615384615383
0 0.20080255681818182 0.9004134615384616 0.025866477272727326 0.03828846153846155
0 0.14481534090909098 0.5983461538461539 0.028437499999999973 0.04646153846153846
0 0.15784090909090898 0.5744230769230769 0.029659090909090902 0.041153846153846166
0 0.13661931818181827 0.5172692307692308 0.02914772727272741 0.033192307692307674
0 0.16203124999999996 0.5249807692307693 0.025000000000000033 0.046269230769230826
0 0.18789062499999998 0.5145 0.030213068181818157 0.044269230769230845
0 0.14973011363636357 0.2426250000000001 0.03801136363636362 0.04401923076923074
0 0.12318892045454533 0.25059615384615386 0.03217329545454542 0.04373076923076925
0 0.10025568181818167 0.28664423076923073 0.045568181818181876 0.042480769230769294
0 0.22736505681818187 0.19848076923076918 0.041548295454545456 0.05842307692307691
0 0.2626207386363636 0.17599999999999993 0.05873579545454541 0.07584615384615384
0 0.7110937500000001 0.7809615384615385 0.031761363636363615 0.04223076923076922
0 0.21102982954545457 0.4224903846153846 0.027684659090908944 0.04059615384615387
0 0.3141051136363636 0.12601923076923072 0.03542613636363636 0.044730769230769324
0 0.30624289772727276 0.14959615384615388 0.027571022727272763 0.0375
0 0.32994318181818183 0.15808653846153853 0.03366477272727271 0.05663461538461536
0 0.36277698863636365 0.17954807692307695 0.025610795454545497 0.039711538461538416
0 0.38496448863636357 0.19188461538461532 0.054019886363636326 0.060038461538461485
0 0.3597869318181818 0.2618173076923077 0.04039772727272727 0.07028846153846156
0 0.2916193181818182 0.28363461538461543 0.03818181818181818 0.06688461538461533
0 0.3267897727272727 0.28336538461538463 0.0324147727272728 0.043576923076923124
0 0.25741477272727276 0.2919519230769231 0.05144886363636359 0.05751923076923071
0 0.831328125 0.19353846153846155 0.04384943181818182 0.07396153846153843
0 0.18360085227272727 0.9617403846153846 0.01813920454545452 0.03521153846153847
0 0.22158380681818168 0.27112500000000006 0.03924715909090908 0.03874999999999996
0 0.15056818181818177 0.41436538461538464 0.020909090909090947 0.027769230769230765
0 0.20897017045454547 0.24549038461538453 0.04342329545454537 0.04924999999999992
0 0.2704332386363636 0.2308461538461538 0.04776988636363628 0.07150000000000001
0 0.30551136363636366 0.22744230769230767 0.03184659090909093 0.04149999999999997
0 0.330653409090909 0.22042307692307694 0.06002840909090916 0.09473076923076922
0 0.22587357954545473 0.16926923076923073 0.033565340909090906 0.05688461538461535
0 0.18291903409090926 0.14070192307692309 0.02504261363636363 0.03532692307692309
0 0.0631676136363637 0.11759615384615385 0.030142045454545494 0.05011538461538462
0 0.09712357954545459 0.16747115384615385 0.02958806818181808 0.03774999999999999
0 0.04396306818181828 0.7376923076923076 0.04681818181818171 0.045615384615384585
0 0.12867897727272715 0.12567307692307694 0.04127840909090918 0.08611538461538468
0 0.16480113636363636 0.11572115384615378 0.03767045454545452 0.06305769230769234
0 0.37867897727272737 0.2867692307692308 0.03636363636363631 0.04207692307692307
0 0.19645596590909098 0.11849038461538464 0.028934659090909098 0.04644230769230765
0 0.1857386363636363 0.09487500000000004 0.024971590909090804 0.03801923076923085
0 0.16933948863636372 0.05434615384615382 0.03626420454545451 0.03826923076923072
0 0.18012784090909084 0.018750000000000044 0.03196022727272727 0.0375
0 0.20517755681818173 0.0454230769230769 0.02953125000000011 0.04326923076923077
0 0.2759232954545454 0.03385576923076927 0.024034090909090932 0.04751923076923073
0 0.2896235795454545 0.012538461538461498 0.03600852272727268 0.025076923076923115
0 0.6847869318181818 0.4163461538461538 0.03190340909090906 0.032230769230769216
0 0.2600923295454546 0.02208653846153852 0.03066761363636368 0.044173076923076975
0 0.2347656250000001 0.017028846153846144 0.03677556818181816 0.03405769230769227
0 0.20592329545454546 0.013826923076923237 0.02562499999999995 0.027653846153846143
0 0.07865056818181815 0.3524903846153846 0.04321022727272738 0.04328846153846152
0 0.11359375000000005 0.35977884615384614 0.03184659090909085 0.051211538461538454
0 0.21487926136363633 0.386451923076923 0.02370738636363644 0.029057692307692333
0 0.2427414772727272 0.37185576923076924 0.045397727272727326 0.05282692307692313
0 0.29400568181818176 0.3498461538461539 0.04488636363636367 0.05480769230769231
0 0.3182741477272727 0.32751923076923073 0.06316761363636368 0.07869230769230762
0 0.3898082386363636 0.31355769230769237 0.02492897727272729 0.032653846153846186
0 0.16795454545454547 0.9730384615384615 0.024090909090909142 0.03088461538461539
0 0.40044034090909086 0.3268653846153846 0.0236363636363637 0.03515384615384621
0 0.3792116477272728 0.5789615384615385 0.03359375000000005 0.0378076923076923
0 0.37552556818181815 0.40419230769230763 0.036676136363636355 0.04749999999999998
0 0.39100142045454545 0.414701923076923 0.021917613636363645 0.04567307692307692
0 0.4073650568181818 0.40919230769230763 0.03157670454545449 0.0625
0 0.40173295454545455 0.45405769230769233 0.03676136363636363 0.034999999999999976
0 0.2339488636363637 0.5380192307692309 0.07116477272727276 0.09511538461538457
0 0.21468039772727276 0.3540192307692308 0.0254119318181818 0.037307692307692375
0 0.9764772727272727 0.6368461538461538 0.03321022727272727 0.04826923076923076
0 0.9455965909090909 0.6196730769230769 0.03480113636363636 0.04180769230769227
0 0.8445951704545455 0.23224038461538454 0.029076704545454544 0.04048076923076925
0 0.9312855113636364 0.5955096153846154 0.04444602272727272 0.05309615384615382
0 0.9821519886363637 0.5631634615384615 0.03569602272727273 0.03644230769230767
0 0.9752130681818182 0.5992596153846155 0.04957386363636363 0.06571153846153843
0 0.9904545454545455 0.5865 0.01909090909090909 0.028461538461538427
0 0.8718181818181818 0.5871346153846153 0.03505681818181817 0.04626923076923077
0 0.891796875 0.5547980769230769 0.031008522727272725 0.037403846153846135
0 0.9255965909090909 0.5349807692307692 0.054460227272727264 0.06842307692307695
0 0.9631321022727273 0.51125 0.026036931818181817 0.05999999999999998
0 0.9525071022727273 0.4579423076923077 0.029588068181818184 0.05434615384615383
0 0.9748863636363636 0.39958653846153835 0.032357954545454544 0.04294230769230766
0 0.16933238636363646 0.944 0.026988636363636364 0.03569230769230769
0 0.96796875 0.41927884615384614 0.03457386363636363 0.03594230769230769
0 0.9596448863636363 0.43108653846153855 0.034545454545454546 0.03940384615384617
0 0.9823295454545454 0.4735576923076923 0.03494318181818182 0.13503846153846158
0 0.9888068181818181 0.8495096153846153 0.02224431818181818 0.047865384615384615
0 0.4412357954545455 0.9429038461538461 0.06389204545454548 0.06457692307692307
0 0.9525 0.0513269230769231 0.030142045454545453 0.03938461538461542
0 0.9115625 0.0924615384615386 0.0422159090909091 0.07842307692307698
0 0.92328125 0.10811538461538461 0.024943181818181823 0.03657692307692315
0 0.822109375 0.010173076923076896 0.026775568181818175 0.020346153846153816
0 0.8615767045454545 0.044105769230769254 0.02931818181818182 0.030865384615384527
0 0.2005468749999999 0.9605961538461538 0.026207386363636266 0.043653846153846154
0 0.7756321022727273 0.15695192307692307 0.03492897727272728 0.05798076923076919
0 0.8107386363636364 0.1437115384615385 0.03528409090909091 0.04230769230769231
0 0.8394744318181818 0.13977884615384606 0.023892045454545464 0.032096153846153844
0 0.7618465909090909 0.13010576923076922 0.030198863636363624 0.03736538461538463
0 0.7158380681818182 0.18717307692307694 0.027897727272727293 0.039653846153846165
0 0.7140269886363637 0.15168269230769227 0.026576704545454556 0.03821153846153847
0 0.6623792613636363 0.14503846153846156 0.04240056818181821 0.059846153846153854
0 0.9012713068181818 0.06470192307692302 0.03376420454545455 0.03890384615384619
0 0.6846448863636363 0.10988461538461536 0.06355113636363638 0.0577307692307692
0 0.9821590909090909 0.1218173076923077 0.03568181818181818 0.06390384615384608
0 0.11642755681818173 0.7043173076923077 0.02296874999999994 0.0288653846153846
0 0.9694460227272728 0.0952019230769231 0.025994318181818184 0.06205769230769227
0 0.945965909090909 0.11511538461538462 0.03241477272727273 0.03426923076923075
0 0.9422514204545455 0.08431730769230772 0.03660511363636364 0.040749999999999995
0 0.9285866477272727 0.16311538461538466 0.061974431818181824 0.07896153846153847
0 0.7730752840909091 0.22306730769230765 0.03012784090909092 0.042980769230769274
0 0.7485298295454546 0.22099038461538456 0.022855113636363642 0.030942307692307644
0 0.8069034090909091 0.19534615384615384 0.030369318181818174 0.031923076923076964
0 0.7991335227272727 0.23556730769230771 0.04332386363636364 0.05778846153846145
0 0.9564914772727273 0.20048076923076918 0.03309659090909091 0.049423076923077014
0 0.978515625 0.2196634615384616 0.029247159090909094 0.047711538461538465
0 0.3577911931818182 0.561451923076923 0.03552556818181817 0.04874999999999999
0 0.018458806818181794 0.08402884615384609 0.030894886363636364 0.055750000000000015
0 0.06823863636363636 0.01157692307692304 0.03480113636363636 0.02315384615384619
0 0.008473011363636207 0.01813461538461547 0.016946022727272657 0.03599999999999994
0 0.03314630681818187 0.02941346153846147 0.05859375 0.05882692307692303
0 0.5131321022727273 0.6844326923076923 0.09916193181818182 0.09178846153846157
0 0.5339417613636364 0.7354326923076924 0.07126420454545457 0.06851923076923074
0 0.20806818181818187 0.7464807692307693 0.09485795454545451 0.12746153846153846
0 0.6953977272727272 0.01260576923076917 0.04221590909090909 0.025057692307692364
0 0.7219318181818182 0.012067307692307683 0.022727272727272728 0.024134615384615407
0 0.8463707386363637 0.00988461538461538 0.022286931818181813 0.019769230769230716
0 0.47255681818181816 0.4625961538461538 0.025340909090909136 0.03753846153846151
0 0.27924005681818176 0.6327499999999999 0.06654829545454549 0.14423076923076922
0 0.8636860795454545 0.018230769230769273 0.04007102272727272 0.03646153846153842
0 0.9892755681818182 0.05371153846153842 0.021448863636363637 0.03526923076923083
0 0.9870170454545455 0.01393269230769234 0.025795454545454545 0.027865384615384632
0 0.9777556818181818 0.028788461538461596 0.04443181818181818 0.057576923076923074
0 0.9312286931818181 0.252375 0.0533096590909091 0.05021153846153849
0 0.9242755681818182 0.2150384615384615 0.05329545454545454 0.049576923076923025
0 0.10630681818181809 0.8938365384615384 0.030738636363636343 0.04963461538461539
0 0.0024218749999999067 0.08005769230769233 0.004843749999999955 0.032807692307692315
0 0.0846306818181819 0.8917019230769231 0.025227272727272713 0.04855769230769231
0 0.278721590909091 0.8736346153846154 0.01872159090909092 0.023153846153846167
0 0.38063210227272737 0.5479423076923078 0.027201704545454595 0.02980769230769231
0 0.3969176136363637 0.013413461538461569 0.023465909090909065 0.026826923076923054
0 0.19461647727272724 0.4806826923076922 0.033096590909090846 0.04178846153846157
0 0.9801775568181819 0.3153269230769231 0.026889204545454546 0.030153846153846166
0 0.009367897727272756 0.6923846153846154 0.018735795454545533 0.025307692307692302
0 0.33064630681818175 0.5419711538461538 0.032769886363636355 0.03801923076923079
0 0.11188210227272721 0.6886826923076923 0.05475852272727266 0.05644230769230768
0 0.3831960227272727 0.5176826923076923 0.046676136363636385 0.03432692307692312
0 0.20133522727272724 0.45469230769230773 0.023295454545454675 0.03015384615384606
0 0.02281960227272739 0.77925 0.02606534090909094 0.03823076923076925
0 0.00773437499999996 0.6660384615384616 0.01546874999999998 0.028846153846153848
0 0.6213352272727273 0.7384615384615385 0.03545454545454547 0.04442307692307694
0 0.6620738636363637 0.7378750000000001 0.030369318181818174 0.044557692307692284
0 0.6973863636363636 0.4535 0.03082386363636362 0.030269230769230788
0 0.9612002840909091 0.9872019230769231 0.035781249999999994 0.02555769230769231
0 0.882890625 0.7198557692307692 0.034531249999999986 0.03621153846153848
0 0.8808451704545455 0.6915576923076923 0.03507102272727272 0.03488461538461541
0 0.8458735795454546 0.625375 0.0326846590909091 0.044365384615384605
0 0.8609943181818182 0.6671057692307691 0.029829545454545456 0.051519230769230755
0 0.9799360795454546 0.7222788461538461 0.03873579545454546 0.04948076923076921
0 0.6952627840909091 0.1723269230769231 0.03447443181818179 0.046653846153846136
0 0.97703125 0.8102019230769231 0.045937500000000006 0.052365384615384626
0 0.9631463068181818 0.8530961538461539 0.049843750000000006 0.05542307692307692
0 0.9690767045454546 0.8930576923076923 0.04596590909090909 0.05703846153846153
0 0.9901278409090909 0.9103461538461538 0.019744318181818182 0.045384615384615384
0 0.8862428977272727 0.8845576923076923 0.025184659090909098 0.03976923076923078
0 0.8688565340909091 0.8879903846153846 0.02473011363636363 0.04236538461538463
0 0.9907599431818181 0.9792211538461538 0.018480113636363635 0.04155769230769231
0 0.6481321022727273 0.9855480769230769 0.043423295454545444 0.02890384615384615
0 0.6937357954545454 0.9834807692307692 0.0338352272727273 0.03303846153846154
0 0.739296875 0.9310865384615384 0.02947443181818182 0.037250000000000005
0 0.668075284090909 0.18464423076923075 0.023934659090909083 0.0324038461538462
0 0.634190340909091 0.9067788461538462 0.03832386363636362 0.055134615384615386
0 0.6603764204545455 0.8851538461538462 0.04302556818181821 0.038269230769230764
0 0.65625 0.8558461538461538 0.02900568181818184 0.03896153846153847
0 0.6297727272727274 0.8395192307692307 0.03767045454545452 0.038769230769230764
0 0.6514914772727272 0.7983942307692308 0.05664772727272731 0.049365384615384617
0 0.6786860795454546 0.8247211538461539 0.040923295454545455 0.058596153846153846
0 0.7353835227272727 0.7748269230769231 0.030312500000000006 0.04407692307692311
0 0.46178267045454546 0.8139711538461538 0.03478693181818175 0.04671153846153844
0 0.486903409090909 0.860798076923077 0.04073863636363637 0.03498076923076924
0 0.5108167613636363 0.9091634615384615 0.028394886363636376 0.03413461538461538
0 0.011818181818181728 0.772875 0.02363636363636362 0.06663461538461539
0 0.5302130681818182 0.8989326923076923 0.02434659090909089 0.03448076923076923
0 0.4604829545454545 0.9165384615384615 0.028238636363636358 0.054846153846153836
0 0.36848011363636357 0.8874807692307692 0.038607954545454556 0.04630769230769231
0 0.390049715909091 0.880625 0.023906249999999976 0.047749999999999994
0 0.41658380681818175 0.8881153846153846 0.034872159090909106 0.05030769230769232
0 0.37303267045454547 0.946125 0.022514204545454577 0.03544230769230768
0 0.3968678977272727 0.9405 0.03151988636363636 0.051076923076923075
0 0.2493821022727274 0.8721057692307692 0.025667613636363707 0.034134615384615374
0 0.21115767045454537 0.8501634615384616 0.028536931818181864 0.04109615384615383
0 0.154872159090909 0.7975288461538461 0.04088068181818178 0.05809615384615383
0 0.6969886363636364 0.06973076923076926 0.03076704545454545 0.03669230769230766
0 0.1522585227272728 0.842875 0.027784090909090994 0.04459615384615384
0 0.15870738636363635 0.8785384615384615 0.02906250000000005 0.038269230769230764
0 0.21405539772727267 0.9205096153846154 0.024303977272727293 0.037057692307692305
0 0.2229332386363635 0.9026923076923077 0.024048295454545385 0.03211538461538462
0 0.006910511363636407 0.9309326923076923 0.013678977272727266 0.034865384615384604
0 0.02627840909090906 0.6713846153846155 0.024375000000000115 0.043769230769230755
0 0.055838068181818135 0.7007980769230769 0.040767045454545354 0.04948076923076921
0 0.09281960227272734 0.6280769230769232 0.030582386363636326 0.05811538461538461
0 0.16953125000000002 0.7125384615384616 0.031164772727272805 0.031230769230769194
0 0.2968323863636364 0.6725769230769231 0.025056818181818243 0.039346153846153864
0 0.8779900568181818 0.15375961538461547 0.05455965909090909 0.11336538461538459
0 0.3192400568181818 0.6687596153846154 0.027059659090909027 0.039980769230769216
0 0.3090411931818182 0.6943557692307692 0.02509943181818176 0.033480769230769224
0 0.30984375 0.7422211538461538 0.04974431818181815 0.08613461538461537
0 0.28070312500000005 0.7467980769230769 0.020099431818181867 0.028057692307692315
0 0.3114417613636363 0.8031057692307693 0.030696022727272745 0.040557692307692315
0 0.3304474431818182 0.8527596153846154 0.041491477272727326 0.05751923076923076
0 0.33259943181818175 0.8890576923076923 0.03633522727272725 0.04600000000000002
0 0.28325284090909086 0.9007019230769231 0.03636363636363631 0.045250000000000005
0 0.183018465909091 0.6817019230769231 0.02825284090909089 0.03448076923076919
0 0.3801917613636363 0.7293365384615385 0.027997159090909062 0.03805769230769229
